STATEFP10,COUNTYFP10,COUNTYNS10,GEOID10,NAME10,NAMELSAD10,LSAD10,CLASSFP10,MTFCC10,CSAFP10,CBSAFP10,METDIVFP10,FUNCSTAT10,ALAND10,AWATER10,INTPTLAT10,INTPTLON10,geoid,ssp12020,ssp22020,ssp32020,ssp42020,ssp52020,ssp12025,ssp22025,ssp32025,ssp42025,ssp52025,ssp12030,ssp22030,ssp32030,ssp42030,ssp52030,ssp12035,ssp22035,ssp32035,ssp42035,ssp52035,ssp12040,ssp22040,ssp32040,ssp42040,ssp52040,ssp12045,ssp22045,ssp32045,ssp42045,ssp52045,ssp12050,ssp22050,ssp32050,ssp42050,ssp52050,ssp12055,ssp22055,ssp32055,ssp42055,ssp52055,ssp12060,ssp22060,ssp32060,ssp42060,ssp52060,ssp12065,ssp22065,ssp32065,ssp42065,ssp52065,ssp12070,ssp22070,ssp32070,ssp42070,ssp52070,ssp12075,ssp22075,ssp32075,ssp42075,ssp52075,ssp12080,ssp22080,ssp32080,ssp42080,ssp52080,ssp12085,ssp22085,ssp32085,ssp42085,ssp52085,ssp12090,ssp22090,ssp32090,ssp42090,ssp52090,ssp12095,ssp22095,ssp32095,ssp42095,ssp52095,ssp12100,ssp22100,ssp32100,ssp42100,ssp52100,age,state,county
02,013,01419964,02013,Aleutians East,Aleutians East Borough,04,H1,G4020,,,,A,18083148800.00000000000,20792209033.00000000000,+55.2437223,-161.9507485,02013,303.2595,302.3560,299.8854,302.3524,304.8970,345.8933,344.2284,337.8345,344.2353,350.5285,480.2906,477.0616,461.3072,477.1524,492.7628,600.5090,594.9814,566.3622,594.8372,623.8701,534.9421,529.1160,490.8384,528.5986,567.5211,603.2947,595.8191,541.7450,594.7278,649.6555,738.4938,728.5950,647.5723,726.8578,808.6277,748.2118,737.5721,655.8547,735.7128,817.4064,766.7420,755.6243,668.6276,753.5222,839.7385,676.1128,673.1118,565.8791,650.1099,792.7096,719.3669,724.6994,580.8506,683.7121,879.4837,729.1785,742.2311,560.3862,679.6751,929.2870,698.9805,719.7592,508.2129,632.7998,930.0996,672.9642,692.0315,483.5192,605.1124,907.8608,663.0433,680.8331,469.0980,585.9804,912.4095,639.0355,658.4548,439.4594,550.6835,913.2667,598.7217,620.6827,393.8579,498.6555,899.7856,11.00000000000,02,013
02,016,01419965,02016,Aleutians West,Aleutians West Census Area,05,H5,G4020,,,,S,11370762625.00000000000,25190643524.00000000000,+51.9594469,+178.3388130,02016,669.4233,667.3864,661.9109,667.3804,673.0318,610.5350,607.5990,596.3144,607.6110,618.7173,752.8269,747.6728,722.9607,747.8259,772.3243,875.3154,867.2014,825.4879,866.9951,909.3307,833.1325,824.1679,764.5551,823.3662,883.9438,1030.2297,1017.5600,925.2716,1015.7146,1109.4267,1151.2230,1136.0480,1009.9434,1133.3979,1260.5828,1142.8523,1127.1989,1002.9132,1124.4814,1248.5781,1165.2347,1149.0256,1017.4416,1145.9728,1276.2525,1103.0983,1098.8647,924.4413,1061.4928,1293.4902,1226.6351,1236.7548,992.2416,1167.1250,1499.8268,1255.4753,1279.0213,966.7320,1171.5921,1600.1452,1247.9090,1286.1622,909.3063,1131.2053,1660.6344,1264.3135,1301.4153,910.6080,1138.4665,1705.7337,1284.2409,1320.0145,910.8956,1136.6493,1767.3410,1277.6735,1317.8087,880.9616,1102.6653,1826.0569,1250.5490,1297.7015,824.9375,1043.1155,1879.4598,11.00000000000,02,016
28,107,00695776,28107,Panola,Panola County,06,H1,G4020,,,,A,1774515519.00000000000,51767046.00000000000,+34.3652052,-089.9630654,28107,1993.9191,1988.4275,1972.4139,1988.3837,2004.7494,1990.6614,1981.8461,1945.4416,1981.8327,2017.5565,1812.2368,1801.0372,1741.7826,1801.2660,1859.8499,1925.6430,1909.5140,1817.6691,1908.9426,2001.5742,2000.8295,1981.1206,1837.9848,1979.2641,2124.0564,2095.0586,2071.6597,1885.2803,2068.3569,2256.8008,1736.2695,1715.7099,1527.3394,1712.2405,1901.4733,1620.9286,1601.0769,1426.8936,1597.7034,1771.0182,1686.4414,1665.5879,1477.5259,1661.7082,1847.4336,1559.9160,1556.6901,1312.2428,1504.4938,1829.8233,1292.8775,1305.6773,1049.5639,1232.8279,1581.1693,1220.7700,1245.6421,943.4698,1141.6942,1556.1513,1140.0657,1176.8398,833.8522,1035.7387,1517.2851,1056.6820,1089.3104,763.8603,953.5626,1425.7549,971.8351,1000.3104,691.7683,861.9282,1337.5284,868.7456,897.2068,601.0773,751.2186,1241.6974,781.8296,812.2735,517.4620,653.3286,1175.0775,11.00000000000,28,107
28,101,00695773,28101,Newton,Newton County,06,H1,G4020,,,,A,1497282694.00000000000,3879399.00000000000,+32.4019702,-089.1184115,28101,1322.0467,1318.3953,1307.7724,1318.3667,1329.2261,1410.5697,1404.3633,1378.5879,1404.3510,1429.6389,1267.4038,1259.4982,1218.0438,1259.6666,1300.6614,1301.9893,1291.2702,1229.1625,1290.8711,1353.4478,1315.3196,1302.4227,1208.3280,1301.2045,1396.3665,1361.3068,1346.2472,1225.2224,1344.1285,1466.4441,956.3787,944.9907,841.1823,943.0654,1047.3696,1242.3573,1227.4872,1094.2923,1224.9722,1357.4133,1295.3987,1279.9525,1136.0193,1277.0906,1419.1304,1151.7585,1149.7147,969.4982,1111.2554,1351.1255,983.4499,993.5391,798.9871,938.2143,1202.8015,948.5175,968.2100,733.7031,887.5394,1209.1474,909.3928,939.1092,665.7918,826.6548,1210.3221,860.7661,887.7277,622.8964,777.2526,1161.4447,823.0152,847.5045,586.4913,730.4138,1132.7390,770.3831,795.9702,533.6377,666.5997,1101.1324,752.0498,781.6487,498.3131,628.8297,1130.3383,11.00000000000,28,101
28,027,00695738,28027,Coahoma,Coahoma County,06,H1,G4020,,17260,,A,1430818231.00000000000,79539470.00000000000,+34.2286699,-090.6031650,28027,1247.2539,1243.8727,1233.8833,1243.8428,1254.0362,1203.8850,1198.6942,1176.7502,1198.6764,1220.1903,1129.2974,1122.4605,1085.5634,1122.5866,1159.0474,1170.3555,1160.8320,1104.9985,1160.4657,1216.6829,1118.0428,1107.1463,1027.1653,1106.1133,1186.9776,1048.9796,1037.7305,944.6674,1036.1654,1130.0984,847.3133,837.6182,745.9564,836.0018,927.9729,754.6633,745.6760,664.8080,744.1575,824.5560,760.5558,751.3994,666.8133,749.7010,833.1906,688.8570,687.6808,579.9317,664.6896,808.1080,545.7218,551.3641,443.4389,520.6751,667.4483,507.1336,517.6984,392.3442,474.5765,646.4862,464.0463,479.2355,339.7849,421.8586,617.6072,427.0495,440.4410,309.0620,385.6354,576.2256,398.3148,410.1750,283.8586,353.5088,548.2125,364.8334,376.9534,252.7216,315.6876,521.4679,339.8334,353.2106,225.1797,284.1559,510.7731,11.00000000000,28,027
22,065,00558088,22065,Madison,Madison Parish,15,H1,G4020,,45260,,A,1617283455.00000000000,68538668.00000000000,+32.3658243,-091.2407290,22065,524.7855,523.3502,519.1407,523.3382,527.6374,559.2335,556.7650,546.5420,556.7607,566.7913,492.2480,489.2269,473.1360,489.2866,505.1927,457.6996,454.1412,432.2984,453.9865,475.9232,428.3462,424.4058,393.7671,424.0189,454.9110,552.1537,546.3401,497.4133,545.5368,594.8837,529.0772,523.0206,465.7831,522.0106,579.4422,506.9113,500.9389,446.6768,499.9321,553.8624,492.3229,486.6125,432.0561,485.5579,539.3672,488.8896,488.0875,411.6430,471.7781,573.5313,409.1741,413.4813,332.6183,390.4906,500.4553,407.2991,415.8539,315.2293,381.2390,519.2271,398.1598,411.2533,291.6455,362.0383,529.9232,387.1007,399.2886,280.2353,349.6232,522.3264,378.9770,390.3037,270.1515,336.3999,521.6007,356.2542,368.1233,246.8391,308.3068,509.2077,336.1444,349.4043,222.7849,281.1054,505.2303,11.00000000000,22,065
51,540,01789068,51540,Charlottesville,Charlottesville city,25,C7,G4020,,16820,,F,26517362.00000000000,52974.00000000000,+38.0376579,-078.4853806,51540,2630.9582,2623.6942,2602.5552,2623.6372,2645.2461,2848.3995,2835.9744,2783.9807,2835.9420,2886.9370,3716.4500,3693.4488,3571.9259,3693.9219,3814.0739,5103.5208,5061.3423,4817.9008,5059.7891,5305.1239,5745.4642,5691.0281,5280.0421,5685.7791,6100.7382,2354.2400,2327.4737,2117.7781,2323.6724,2535.8540,2732.7801,2699.8211,2402.8687,2694.2245,2992.7314,3139.7937,3100.1754,2761.7388,3093.4025,3430.4546,3712.3607,3665.3078,3250.2791,3656.5302,4066.6132,3835.8785,3826.1670,3223.6404,3697.3942,4499.1567,4707.0939,4751.9427,3818.1699,4486.2691,5756.4187,4595.3895,4687.2840,3548.5050,4295.5407,5857.6679,4346.8796,4485.3999,3176.4396,3946.9742,5785.0044,4128.4623,4254.3221,2981.6103,3723.5142,5570.2872,3790.8615,3900.3861,2695.6843,3360.1785,5217.2063,3912.5607,4039.3345,2704.5763,3381.4924,5592.1211,3895.8735,4046.3161,2576.2775,3254.0036,5855.3582,11.00000000000,51,540
51,510,01498415,51510,Alexandria,Alexandria city,25,C7,G4020,548,47900,47894,F,38919733.00000000000,1140371.00000000000,+38.8183429,-077.0820263,51510,11206.7476,11175.5527,11085.3795,11175.3213,11267.5718,12627.3368,12571.6420,12340.8329,12571.5416,12798.0041,14916.9686,14823.5710,14335.5983,14825.5945,15308.2040,18927.7378,18769.8220,17867.0217,18764.1624,19674.4857,16738.2632,16574.5850,15377.1786,16559.0999,17769.9283,15481.5792,15309.8994,13933.3088,15285.7260,16677.1420,14814.0281,14640.3066,13034.4357,14611.0894,16223.7578,16161.0816,15963.8042,14227.7298,15930.3018,17657.5521,18081.8231,17860.2128,15845.6414,17819.0244,19808.2029,18486.5884,18448.5313,15551.7184,17829.9906,21685.3051,19950.0585,20150.0177,16199.8381,19026.5164,24399.0127,20012.9412,20423.2689,15471.4844,18719.8458,25511.3940,19650.0282,20286.4086,14376.5285,17855.0538,26151.9603,19420.0828,20022.2817,14042.8915,17528.1525,26203.2657,19498.8185,20072.7196,13884.0885,17296.9231,26836.2672,19467.7953,20108.0211,13473.9052,16837.1780,27825.4736,19231.4092,19982.4702,12732.4377,16073.2537,28904.6385,11.00000000000,51,510
51,530,01498417,51530,Buena Vista,Buena Vista city,25,C7,G4020,,,,F,17362236.00000000000,223855.00000000000,+37.7316634,-079.3563746,51530,404.3712,403.2339,399.9743,403.2261,406.5642,333.5479,332.0781,325.9821,332.0754,338.0564,331.9146,329.8488,318.9934,329.8924,340.6269,274.8608,272.5000,259.3930,272.4225,285.6616,350.9887,347.4311,322.3204,347.1016,372.5393,213.2420,210.8830,191.9250,210.5511,229.7112,229.7097,226.8817,201.8757,226.3982,251.5538,362.5533,358.1843,319.2883,357.4444,396.1280,397.2680,392.4489,348.2331,391.5543,435.2036,335.8297,335.4670,283.1060,324.3081,394.0177,310.0231,313.0561,251.6146,295.5781,379.1476,312.3350,318.6642,241.3274,292.0602,398.1384,318.8470,329.0972,233.1478,289.6261,424.3426,325.4160,335.4311,235.1813,293.6172,439.0728,323.0412,332.4769,229.8943,286.4703,444.5965,327.8983,338.6135,226.8218,283.5050,468.6629,334.7707,347.7819,221.5276,279.7179,503.1535,11.00000000000,51,530
51,600,01789070,51600,Fairfax,Fairfax city,25,C7,G4020,548,47900,47894,F,16159465.00000000000,95054.00000000000,+38.8531833,-077.2990252,51600,1628.7611,1624.2259,1611.1197,1624.1923,1637.6009,1586.0363,1578.8988,1549.8354,1578.8960,1607.4320,1645.9751,1635.6116,1581.7563,1635.8416,1689.1125,1784.7358,1769.5842,1684.4691,1769.0684,1854.9812,1802.1408,1783.7795,1654.8479,1782.0843,1912.7291,1498.3217,1481.0259,1347.4253,1478.5571,1613.8313,1636.3159,1616.8178,1439.1958,1613.5204,1791.9951,1624.2062,1604.0240,1429.2297,1600.5842,1774.5824,1712.1427,1691.1203,1500.3283,1687.2123,1875.6065,2028.9014,2024.5468,1706.4796,1956.6201,2379.9172,1737.0932,1754.6746,1410.8523,1656.8922,2124.5007,1713.0159,1748.3158,1324.5993,1602.5567,2183.6796,1691.6935,1746.6534,1237.9883,1537.3793,2251.4677,1681.4168,1733.7223,1216.1396,1517.8225,2268.7286,1686.2844,1736.0767,1200.9958,1496.0651,2320.8498,1702.4932,1758.6283,1178.5756,1472.6243,2433.3973,1662.9365,1728.0148,1101.2108,1390.0161,2499.3873,11.00000000000,51,600
48,113,01383842,48113,Dallas,Dallas County,06,H1,G4020,206,19100,19124,A,2256602704.00000000000,96696353.00000000000,+32.7669866,-096.7784238,48113,162432.9995,161979.9106,160672.4355,161976.6006,163314.4658,178841.3813,178053.0571,174784.3481,178051.5962,181258.6782,182450.4199,181313.1504,175345.7041,181337.3096,187238.4990,209350.3135,207605.9414,197620.4189,207543.1943,217611.1689,220717.3955,218566.6973,202777.3418,218362.7930,234326.3711,236529.4844,233926.7119,212906.0439,233561.2227,254801.3027,233838.0459,231113.4160,205778.6152,230656.2021,256092.5166,245405.5693,242434.8047,216094.7432,241931.1699,268130.8809,269162.8047,265889.6563,235924.5684,265281.8457,294864.5020,260735.5703,260228.2930,219395.1328,251511.3438,305857.5488,275682.2832,278472.7266,223907.1963,262954.4004,337165.1328,280900.9941,286686.9922,217203.9043,262784.6992,358080.3203,281428.5645,290567.9512,205944.2646,255752.3633,374551.7383,286186.3184,295083.5078,206984.1211,258334.6973,386149.5176,290200.3496,298763.1230,206673.9883,257456.7832,399405.0879,288358.9492,297862.2422,199612.5957,249419.3105,412155.1563,283726.3027,294825.2285,187877.8174,237155.6348,426439.2754,11.00000000000,48,113
48,227,01383899,48227,Howard,Howard County,06,H1,G4020,,13700,,A,2333038341.00000000000,8841951.00000000000,+32.3035834,-101.4385304,48227,3107.9553,3098.4571,3073.0146,3098.4313,3124.7029,3892.4376,3873.2323,3801.0379,3873.3426,3944.4644,4678.9621,4645.9736,4492.1989,4647.0354,4799.6057,5191.8579,5142.8458,4895.4658,5141.6824,5393.0519,5837.2778,5772.7303,5355.0303,5767.0473,6192.1383,6187.3345,6110.5751,5555.9457,6099.3652,6662.7805,6160.6900,6078.1484,5402.2661,6063.6645,6745.7679,6811.7747,6715.6517,5972.3522,6698.8767,7441.7705,7350.4744,7246.2560,6414.4076,7226.5916,8050.5516,7183.3103,7153.5423,6015.9476,6909.6593,8422.5974,7204.7878,7260.6893,5821.8532,6850.8146,8808.8369,7288.4349,7421.4061,5605.6738,6796.7821,9288.9035,7233.2704,7451.2981,5264.2896,6552.1790,9625.2285,7232.3307,7440.8129,5202.5267,6507.6657,9757.0780,7191.5977,7388.0871,5094.1872,6360.2311,9896.5938,7015.0525,7231.6451,4830.2383,6049.4456,10025.6814,6815.6714,7069.2092,4489.8748,5680.8932,10243.1123,11.00000000000,48,227
48,155,01383863,48155,Foard,Foard County,06,H1,G4020,,,,A,1824378528.00000000000,8514811.00000000000,+33.9804040,-099.7774272,48155,82.9508,82.7207,82.0536,82.7189,83.4012,58.9908,58.7185,57.6340,58.7189,59.7846,48.8971,48.5867,46.9863,48.5938,50.1772,71.2906,70.6774,67.2778,70.6573,74.0914,62.4733,61.8747,57.4057,61.8173,66.3319,62.0040,61.3252,55.8167,61.2300,66.7948,47.5139,46.9464,41.7878,46.8504,52.0342,50.4206,49.7995,44.3782,49.6939,55.0891,58.5684,57.8314,51.2885,57.6940,64.1579,54.0881,53.9525,45.4576,52.1371,63.4411,58.3291,58.8858,47.3155,55.5939,71.3322,59.4091,60.5991,45.8784,55.5351,75.7281,58.4051,60.2690,42.6836,53.0353,77.7281,57.1992,58.9464,41.3155,51.5930,77.1758,55.1928,56.7922,39.2560,48.9283,75.9599,53.2464,54.9745,36.8119,46.0226,76.1039,53.3791,55.4432,35.3037,44.5880,80.2271,11.00000000000,48,155
48,153,01383862,48153,Floyd,Floyd County,06,H1,G4020,,,,A,2569637321.00000000000,983740.00000000000,+34.0737305,-101.3032742,48153,270.0355,269.2685,267.0879,269.2636,271.4989,229.2010,228.1752,223.9781,228.1744,232.2946,216.0630,214.7028,207.6334,214.7330,221.7257,239.3185,237.2689,225.8564,237.2009,248.7264,237.8408,235.3726,218.3559,235.1472,252.4063,307.9221,304.3677,276.9113,303.8603,331.6607,292.6753,289.0847,257.2342,288.4716,320.5086,232.1357,229.2333,204.2353,228.7380,253.6268,235.8803,232.8753,206.4908,232.3144,258.3873,118.4365,118.1488,99.5550,114.1757,138.9188,132.5902,133.8131,107.4800,126.3193,162.1412,134.2129,136.8614,103.5758,125.4111,171.0747,117.6031,121.3144,85.8752,106.7383,156.5077,104.6221,107.7752,75.4962,94.3138,141.1571,94.9666,97.6771,67.4726,84.1352,130.6959,72.2780,74.5816,49.8946,62.4193,103.3024,48.3586,50.1852,31.9060,40.3411,72.6787,11.00000000000,48,153
48,043,01383807,48043,Brewster,Brewster County,06,H1,G4020,,,,A,16015795085.00000000000,22064004.00000000000,+29.8089965,-103.2524579,48043,516.3693,514.9225,510.7628,514.9123,519.1705,482.1097,479.9377,471.1021,479.9370,488.6127,521.4040,518.1519,501.0979,518.2212,535.0861,658.4860,652.7981,621.3989,652.6144,684.3410,626.0512,619.7733,574.9849,619.1882,664.5352,495.7580,490.2480,446.1594,489.4715,534.0393,448.4309,443.0502,394.3440,442.1382,491.0904,398.2503,393.2119,350.2729,392.3501,435.1169,378.6149,373.9197,331.6865,373.0459,414.7568,351.1477,350.3195,295.2110,338.5456,411.8809,398.7247,402.6790,323.6985,380.2139,487.6353,377.2575,384.9457,291.5661,352.8229,480.9014,337.6319,348.5153,246.9338,306.7261,449.3453,315.7224,325.4525,228.1987,284.8878,425.9948,290.4361,298.9194,206.6905,257.5562,399.7227,264.3297,272.9603,182.8357,228.5337,377.8042,240.6659,250.0091,159.2369,201.0756,361.7153,11.00000000000,48,043
48,159,01383865,48159,Franklin,Franklin County,06,H1,G4020,,,,A,736568975.00000000000,26876088.00000000000,+33.1758457,-095.2190662,48159,599.1108,597.4117,592.5749,597.4008,602.3580,559.4974,556.9942,546.7492,556.9922,567.0492,561.9560,558.3385,539.9363,558.4262,576.6391,671.5088,665.7434,633.7217,665.5538,697.8975,750.3056,742.7018,689.0229,741.9975,796.3749,672.7589,665.1110,605.1880,664.0249,724.6581,621.9870,614.5765,547.0607,613.3234,681.1630,696.2533,687.4934,612.4675,685.9968,760.7092,729.6552,720.6701,639.3374,718.9992,799.3145,600.5002,599.2764,505.1892,579.1873,704.4072,571.3615,577.1352,464.0390,544.9705,698.7853,579.1947,591.1180,447.8445,541.8317,738.3313,569.6608,588.1582,416.8633,517.6847,758.1583,555.3238,572.5947,401.6490,501.2881,749.2958,537.0899,552.9522,382.5288,476.5082,739.2023,518.2980,535.3982,358.8183,448.3314,740.8113,494.4030,513.7647,327.4219,413.2783,743.0866,11.00000000000,48,159
48,231,01383901,48231,Hunt,Hunt County,06,H1,G4020,206,19100,19124,A,2176414426.00000000000,108014750.00000000000,+33.1234378,-096.0838072,48231,5878.7026,5862.3127,5814.9975,5862.1924,5910.6056,5927.0421,5900.8903,5792.5472,5900.8435,6007.1473,5708.3423,5672.6374,5485.9098,5673.4076,5858.0784,6381.2151,6327.5864,6023.2380,6325.7051,6632.7214,6696.4576,6630.8860,6151.8396,6624.6878,7109.1360,6565.6922,6492.4646,5908.4270,6482.1332,7072.6048,6615.9728,6537.5188,5819.6535,6524.2731,7245.4607,7065.6313,6979.4801,6220.5562,6964.8533,7719.8945,7371.8027,7281.8294,6460.8488,7265.1147,8075.6780,6932.4540,6918.8544,5833.0899,6687.0609,8132.1329,6834.8908,6904.3721,5551.7734,6519.7076,8359.2614,6845.0575,6986.3886,5293.4620,6404.0193,8725.8212,6773.5843,6993.9118,4957.3938,6156.0408,9014.9576,6768.7204,6979.5305,4896.1275,6110.4709,9133.0285,6728.7696,6927.7113,4792.7743,5970.0637,9260.8920,6643.2336,6862.5539,4599.3664,5746.6194,9495.2858,6469.1303,6722.5511,4284.3668,5407.7313,9723.0938,11.00000000000,48,231
48,351,01383961,48351,Newton,Newton County,06,H1,G4020,,,,A,2418212417.00000000000,15672105.00000000000,+30.7867182,-093.7392500,48351,893.9821,891.4761,884.2739,891.4585,898.8317,804.6357,801.0860,786.3780,801.0796,815.5107,684.5612,680.2871,657.8957,680.3786,702.5223,725.2855,719.1727,684.5814,718.9601,753.8606,741.2738,733.8049,680.7729,733.1108,786.8172,837.6991,828.0983,753.4412,826.7311,902.2997,779.2924,769.6542,684.7866,768.0040,853.3937,742.7117,733.1692,652.9605,731.5321,811.4569,712.6905,703.3177,623.3313,701.5624,780.6578,610.4740,608.6985,512.6234,588.1502,715.9779,570.7375,575.8538,462.3915,543.5592,697.9164,528.8980,539.1489,407.8388,493.9777,674.1382,490.2450,505.5492,357.6968,444.7441,652.4099,458.6900,472.3702,330.7461,413.3127,618.8558,429.3495,441.4721,304.8170,380.2129,590.8734,390.0744,402.4368,269.1510,336.7810,557.5038,352.1888,365.5354,232.4447,293.8523,529.3114,11.00000000000,48,351
48,427,01383999,48427,Starr,Starr County,06,H1,G4020,,40100,,A,3168018574.00000000000,15302285.00000000000,+26.5463354,-098.7158034,48427,3436.0018,3426.5610,3398.9772,3426.4844,3454.6681,3553.2541,3537.6608,3472.7531,3537.6271,3601.3012,3145.1155,3125.7330,3022.9080,3126.1239,3227.7781,3409.4061,3380.8604,3218.2459,3379.8480,3543.8516,3633.8214,3597.6982,3337.7359,3594.3140,3857.4042,4492.6800,4442.1502,4042.2820,4435.0006,4839.4201,4330.2558,4278.3069,3807.9843,4269.5016,4742.1963,4030.5301,3981.1198,3547.9607,3972.7215,4403.7338,3851.1448,3803.1357,3373.3243,3794.1958,4218.7381,5057.0528,5045.3148,4251.8223,4875.7979,5931.7480,3902.7239,3940.2087,3166.2286,3720.0105,4772.7841,3762.3313,3837.8584,2905.7375,3517.2063,4795.8173,3853.2176,3976.3923,2816.3610,3499.2119,5128.0530,3813.6130,3930.3000,2754.9586,3440.0891,5145.5181,3748.3380,3857.1658,2666.3772,3323.1610,5158.7257,3541.3986,3656.5065,2448.6467,3061.1615,5061.6541,3333.2486,3462.2364,2204.7070,2784.4081,5009.7699,11.00000000000,48,427
48,271,01383921,48271,Kinney,Kinney County,06,H1,G4020,,,,A,3522525947.00000000000,13125082.00000000000,+29.3470865,-100.4177003,48271,164.9318,164.4562,163.1206,164.4535,165.8246,178.5042,177.7456,174.4976,177.7422,180.9250,138.6788,137.8796,133.3564,137.8904,142.3548,200.2671,198.6844,189.1282,198.6185,208.2244,189.2781,187.4093,173.8686,187.2335,200.9325,204.8913,202.6890,184.5087,202.3823,220.7343,255.3755,252.1625,224.3087,251.6094,279.6523,245.6314,242.3026,215.6219,241.7259,268.3569,274.9138,271.1671,240.1933,270.4629,301.1156,228.7359,227.9026,191.7702,220.1638,268.2259,264.1684,266.3879,213.7596,251.4026,323.0095,249.3137,253.9965,191.9871,232.6649,317.7595,232.7624,239.8808,169.5770,210.9737,309.7433,217.7915,224.1394,156.7873,196.0580,293.8270,208.8527,214.6113,148.0329,184.7752,287.4133,189.6095,195.4866,130.5966,163.5387,270.9852,172.0809,178.4821,113.3594,143.4301,258.6164,11.00000000000,48,271
48,087,01383829,48087,Collingsworth,Collingsworth County,06,H1,G4020,,,,A,2378750619.00000000000,2279238.00000000000,+34.9633577,-100.2721351,48087,165.3446,164.8763,163.5418,164.8733,166.2409,153.5054,152.8350,150.0326,152.8333,155.5820,175.8773,174.7764,169.0231,174.8002,180.4903,202.1535,200.4630,190.8210,200.4028,210.1264,213.9342,211.8968,196.5934,211.7009,227.1560,202.6796,200.4981,182.5125,200.1942,218.3507,222.6720,220.0521,195.9072,219.6109,243.8608,190.2983,188.0601,167.6932,187.6829,207.9243,239.3624,236.5881,210.0651,236.0758,262.2351,206.8984,206.6719,174.4109,199.7964,242.7462,177.3222,179.2123,144.1867,169.2548,216.8842,190.0554,194.0655,147.1254,177.9181,242.2858,195.0394,201.4648,142.8829,177.3597,259.5849,192.8886,198.9732,139.6584,174.2285,260.2713,190.0933,195.7847,135.5244,168.7495,261.6336,187.2359,193.4801,129.7418,162.0441,267.6238,182.7470,189.9578,121.1221,152.8272,274.6717,11.00000000000,48,087
48,451,01384011,48451,Tom Green,Tom Green County,06,H1,G4020,,41660,,A,3941889598.00000000000,48104792.00000000000,+31.4015829,-100.4613549,48451,6163.9794,6146.8619,6097.2851,6146.7328,6197.4399,6294.2899,6266.5544,6151.5175,6266.5025,6379.3691,7027.2921,6983.1439,6753.2343,6984.1145,7211.5169,9922.2125,9837.8481,9364.6578,9834.9898,10312.6589,11262.9445,11150.2359,10344.4773,11139.7190,11955.4426,9573.8171,9465.1885,8612.5548,9449.7714,10312.4375,9107.1713,8995.3767,8004.2342,8976.2827,9973.2511,11445.3107,11299.7916,10065.1272,11274.8776,12504.7760,12852.9533,12689.5241,11252.1323,12659.0260,14079.3842,12677.5528,12645.3362,10653.8946,12219.7155,14869.6534,13068.1356,13191.8983,10598.9348,12454.1286,15981.2166,13505.7101,13775.2587,10428.0267,12623.8010,17215.4446,13666.4824,14101.7530,9986.2471,12408.8962,18187.8914,13817.1135,14238.3864,9978.9152,12461.8937,18642.6090,13881.2069,14282.8533,9871.9763,12304.9051,19104.1803,13989.8596,14443.4736,9671.1201,12091.3557,19995.3647,14085.5591,14629.8143,9315.1358,11765.2775,21170.1107,11.00000000000,48,451
48,083,01383827,48083,Coleman,Coleman County,06,H1,G4020,,,,A,3268424436.00000000000,50472266.00000000000,+31.9142052,-099.3466224,48083,458.0846,456.7833,453.0839,456.7750,460.5671,468.1133,466.0320,457.4670,466.0294,474.4354,378.6633,376.2603,363.8670,376.3154,388.5767,418.0185,414.4133,394.4802,414.2963,434.4352,385.5203,381.7474,354.1684,381.3906,409.2799,392.4888,387.9822,352.9985,387.3401,422.7538,377.9345,373.3168,332.2028,372.5294,413.8780,319.7884,315.8138,281.3979,315.1363,349.3957,315.6398,311.7522,276.5680,311.0293,345.7735,268.8273,268.2138,226.0411,259.2050,315.3277,252.8387,255.3314,205.2373,241.0821,309.2161,238.8557,243.7246,184.6034,223.3868,304.4766,225.7121,233.0039,165.1066,205.0713,300.3957,215.3799,222.0513,155.7310,194.3879,290.6087,202.3891,208.3487,144.1155,179.5379,278.5488,189.9829,196.2405,131.5067,164.3233,271.5448,172.6712,179.4293,114.3455,144.3333,259.5242,11.00000000000,48,083
48,039,01383805,48039,Brazoria,Brazoria County,06,H1,G4020,288,26420,,A,3516429692.00000000000,649792694.00000000000,+29.1678175,-095.4346470,48039,22841.0316,22776.6217,22592.4103,22776.1883,22964.8823,25912.4395,25796.9485,25322.6904,25796.8252,26262.3209,26946.7786,26776.6683,25894.9006,26780.4852,27652.7445,32178.2509,31906.2540,30371.6016,31896.8738,33445.5106,34016.4662,33677.9880,31244.4570,33646.2969,36109.2253,38221.3278,37789.9683,34387.2872,37728.8589,41170.7780,38506.8425,38045.2649,33863.2123,37967.0490,42170.0713,41258.0283,40743.3938,36301.5272,40655.6152,45077.7654,45308.7434,44740.4287,39680.5125,44634.5313,49633.0593,43470.9912,43367.4800,36544.4448,41909.6797,50989.3335,45095.5547,45531.8093,36590.9023,42988.2366,55149.5115,46264.9185,47197.4150,35738.0557,43255.3667,58974.0217,46500.0295,47989.9214,33993.2949,42232.2581,61884.8508,47204.8616,48652.8005,34107.0450,42585.9514,63691.4890,47914.6650,49309.5779,34090.6672,42484.4570,65943.8250,47627.0806,49179.1138,32938.0798,41173.5295,68072.7661,46862.3787,48679.7798,31003.1794,39151.0432,70432.9536,11.00000000000,48,039
48,289,01383930,48289,Leon,Leon County,06,H1,G4020,,,,A,2779447286.00000000000,19343049.00000000000,+31.3004925,-095.9956219,48289,800.6148,798.4127,791.9842,798.3949,804.9639,839.7634,836.0078,820.6316,836.0046,851.0986,876.2033,870.6883,842.0198,870.8105,899.1677,1017.1976,1008.5386,960.0289,1008.2462,1057.2185,1032.2155,1021.9072,948.0621,1020.9441,1095.6947,1133.5063,1120.5421,1019.5368,1118.6971,1220.9263,1016.9259,1004.7376,894.2952,1002.6724,1113.6682,985.4840,973.3374,867.3695,971.2706,1076.7303,1159.8894,1145.1439,1015.4319,1142.3922,1270.5666,1150.9141,1148.2326,967.6369,1109.6506,1349.9800,933.1178,942.0990,757.0593,889.4558,1141.1470,933.7846,952.5559,721.2295,872.9790,1190.2919,928.0845,957.7706,678.3789,842.8417,1235.1426,898.6308,926.1399,649.1948,810.6314,1212.4789,869.6330,894.8916,618.6302,771.0025,1196.8507,829.3355,856.3023,573.4501,716.8853,1185.3543,784.5402,814.9096,518.9350,655.3727,1179.1404,11.00000000000,48,289
48,131,01383851,48131,Duval,Duval County,06,H1,G4020,,,,A,4645094317.00000000000,5478267.00000000000,+27.6811232,-098.4973933,48131,541.1185,539.6114,535.2569,539.6002,544.0553,540.7630,538.3785,528.4945,538.3742,548.0720,512.3546,509.1511,492.3915,509.2201,525.7949,541.0461,536.5364,510.7298,536.3743,562.3945,547.1175,541.8846,502.7472,541.3828,580.9164,579.9254,573.6348,522.1459,572.7559,624.7509,557.9738,551.4714,491.0178,550.3802,611.0763,530.9247,524.2014,466.9519,523.0512,580.0727,563.8134,556.8144,493.9165,555.5118,617.6333,551.3355,550.1548,463.7250,531.6969,646.7215,512.3273,517.2893,415.7167,488.3934,626.5505,496.7331,506.7450,383.7091,464.4203,633.1870,480.9399,496.3453,351.5782,436.7939,640.0615,461.5434,475.6895,333.4609,416.3681,622.7396,439.0544,451.8172,312.3481,389.2718,604.2587,409.5438,422.8639,283.1879,354.0176,585.3538,379.1788,393.8546,250.8044,316.7478,569.8941,11.00000000000,48,131
48,279,01383926,48279,Lamb,Lamb County,06,H1,G4020,,,,A,2631897591.00000000000,3973761.00000000000,+34.0688615,-102.3480182,48279,743.1711,741.0733,735.0786,741.0593,747.2005,606.9329,604.2433,593.1429,604.2393,615.1324,678.4809,674.2068,652.0069,674.3018,696.2611,703.0769,697.1771,663.6439,696.9692,730.7934,694.9768,688.1510,638.4339,687.5069,737.7921,720.8604,712.8712,648.7763,711.7465,776.5301,641.3577,633.9105,564.4439,632.6624,702.3989,601.1289,594.0300,529.6677,592.8327,656.8057,618.7919,611.3842,542.6028,610.0110,677.8930,455.0037,454.4892,383.5287,439.3650,533.8350,389.2590,393.5065,316.6920,371.6728,476.1218,390.7451,399.1039,302.6829,365.9351,498.1424,367.9830,380.2423,269.8123,334.7976,489.7739,334.2354,344.9349,242.2684,302.1001,451.0094,302.7446,311.9810,216.1391,268.9708,416.6942,269.1915,278.3494,186.8509,233.1992,384.7790,233.4098,242.8014,155.0246,195.4185,350.8300,11.00000000000,48,279
48,343,01383957,48343,Morris,Morris County,06,H1,G4020,,,,A,652637107.00000000000,17394113.00000000000,+33.1164660,-094.7312653,48343,673.7518,671.9191,666.5199,671.9033,677.4146,693.0926,690.0992,677.4632,690.0893,702.4784,600.3650,596.7214,577.1042,596.7895,616.1759,661.3599,655.9729,624.4220,655.7662,687.5358,624.9181,618.9722,574.2700,618.4003,663.5437,682.2500,674.9504,614.4319,673.9357,735.0140,580.1584,573.5528,510.8171,572.4534,635.3901,513.3673,507.3925,452.5050,506.3880,560.9206,579.5006,572.7745,508.5534,571.5322,634.8746,526.0030,525.3908,443.3437,507.9025,617.1310,455.8018,460.7896,370.8546,435.2271,557.5158,447.4436,457.0281,346.6257,419.0496,570.4261,442.9008,457.6353,324.7081,402.9333,589.4853,431.3854,445.1281,312.5715,389.8246,582.0954,421.4819,434.2303,300.7160,374.3216,580.1139,399.5765,413.0287,277.1033,345.9737,571.1396,383.3412,398.5855,254.2840,320.7249,576.1754,11.00000000000,48,343
48,423,01383997,48423,Smith,Smith County,06,H1,G4020,540,46340,,A,2386555662.00000000000,73211865.00000000000,+32.3770925,-095.2696296,48423,13170.2958,13133.7582,13027.8496,13133.4809,13241.7945,14071.4555,14009.9880,13753.0887,14009.8345,14261.8111,14271.7582,14183.2594,13716.5591,14185.0962,14646.5535,17051.8712,16910.6052,16097.2344,16905.4389,17725.2500,18657.7578,18477.3448,17142.6556,18460.1611,19809.0730,18494.1428,18291.0529,16647.6848,18262.5549,19922.9308,17317.9048,17116.5212,15240.5546,17082.7514,18966.1035,18768.1843,18541.3252,16527.1857,18502.8774,20506.1964,19846.8610,19606.3699,17397.6596,19561.7299,21742.0928,19466.1567,19429.1276,16381.2550,18778.5311,22835.1056,19304.7805,19502.0813,15682.5330,18415.8854,23610.4550,19547.4189,19952.0083,15118.2644,18289.1934,24918.4327,19561.8067,20199.0039,14318.2727,17779.4987,26034.8726,19591.4529,20202.4839,14172.8873,17687.3037,26434.8066,19443.7612,20019.4703,13850.8885,17252.4334,26760.7651,19130.3765,19762.7497,13246.1146,16549.4203,27343.4266,18722.1860,19456.2988,12400.5392,15651.2619,28139.4618,11.00000000000,48,423
48,239,01383905,48239,Jackson,Jackson County,06,H1,G4020,,,,A,2148225451.00000000000,71061093.00000000000,+28.9598019,-096.5890800,48239,760.8586,758.7264,752.5969,758.7113,764.9861,933.1245,928.9967,911.9343,928.9901,945.7328,993.4832,987.2298,954.7241,987.3684,1019.5213,1234.1208,1223.6075,1164.7533,1223.2534,1282.6715,1219.6935,1207.6006,1120.3447,1206.4660,1294.7601,1390.0443,1374.3326,1250.5697,1372.1056,1497.3038,1359.3770,1343.0388,1195.3691,1340.2677,1488.6921,1365.8254,1348.9835,1202.1114,1346.1175,1492.2871,1593.3511,1573.7367,1396.1359,1570.0893,1745.4673,1544.1233,1541.0151,1299.1105,1489.3671,1811.3186,1483.2057,1497.6696,1203.6874,1414.0400,1813.9020,1538.2973,1569.4103,1188.4703,1438.3660,1960.8850,1566.6546,1616.9559,1145.4635,1422.9984,2085.0012,1579.0971,1627.6432,1141.1383,1424.7248,2130.6175,1596.8281,1643.4271,1136.3178,1415.9997,2197.6859,1587.0894,1638.9228,1097.8069,1372.1797,2268.4143,1562.5743,1623.2824,1033.9610,1305.5820,2348.5159,11.00000000000,48,239
48,325,01383948,48325,Medina,Medina County,06,H1,G4020,,41700,,A,3432656186.00000000000,23769485.00000000000,+29.3536614,-099.1110846,48325,2966.6090,2958.4272,2934.5958,2958.3625,2982.7210,3036.5590,3023.1915,2967.7009,3023.1655,3077.6075,2988.7276,2969.9607,2872.1812,2970.3724,3067.0842,3477.0159,3447.6848,3281.8554,3446.6672,3613.9874,3718.2596,3681.6204,3415.6226,3678.1699,3947.2509,4082.7960,4037.7242,3674.8017,4031.3878,4398.1485,4349.3364,4297.5905,3825.5333,4288.8443,4763.1417,4445.5701,4390.2870,3911.8246,4380.8635,4857.1582,4496.5843,4440.1594,3937.9756,4429.6449,4925.7402,4225.8877,4215.2175,3551.4527,4073.3588,4956.6109,4704.1659,4749.4523,3816.6103,4484.0620,5752.9137,4721.7920,4816.7233,3647.0030,4414.3364,6018.8529,4646.7800,4795.4161,3396.5457,4219.9852,6184.1738,4698.5456,4842.4211,3394.4280,4238.4892,6339.5234,4711.0438,4847.9499,3351.4201,4176.8280,6483.6792,4599.1514,4748.7875,3180.2749,3975.6609,6573.4906,4446.2458,4618.4566,2941.1484,3714.3312,6682.5798,11.00000000000,48,325
48,483,01384027,48483,Wheeler,Wheeler County,06,H1,G4020,,,,A,2368603566.00000000000,2481251.00000000000,+35.3925926,-100.2531067,48483,317.8191,316.9208,314.3565,316.9148,319.5421,413.0274,411.1907,403.6335,411.1885,418.6055,400.7340,398.2546,385.1513,398.3055,411.2609,491.6403,487.5797,464.1280,487.4299,511.0631,443.2285,438.8217,407.1133,438.4090,470.4991,558.3934,552.0773,502.3582,551.1818,601.4792,541.8547,535.3683,476.5269,534.2697,593.4033,585.2902,577.8974,514.8025,576.6333,639.4719,685.2457,676.4278,599.6986,674.7801,750.6193,685.0665,683.2441,575.5659,660.2253,803.5029,640.8712,646.9054,519.7181,610.7157,783.7251,645.4198,658.2598,498.2691,603.2225,822.6980,639.7188,660.0483,467.3721,580.7953,851.3588,633.3442,652.6061,457.3269,571.1627,854.5294,640.8339,659.3311,455.6667,568.0059,881.9519,627.7531,648.0606,433.8792,542.5044,897.2289,607.6728,631.1042,401.7829,507.5127,913.3082,11.00000000000,48,483
48,111,01383841,48111,Dallam,Dallam County,06,H1,G4020,,,,A,3893423598.00000000000,5182951.00000000000,+36.2863696,-102.5940204,48111,432.1565,430.9319,427.4435,430.9240,434.4989,486.6517,484.5294,475.6466,484.5239,493.2360,411.4626,408.8985,395.4409,408.9529,422.2611,518.4931,514.1497,489.4198,513.9959,538.9378,528.1510,523.0354,485.2538,522.5486,560.7360,590.3097,583.9461,531.5570,583.0591,635.9494,580.4668,573.7473,510.8919,572.6223,635.7151,659.8487,651.7497,580.8273,650.3728,720.9463,778.0766,768.8001,682.3484,767.0814,852.3957,824.6295,823.2671,694.3174,795.7551,967.3957,658.7861,665.7158,535.5194,628.6985,805.7515,684.1196,698.4710,529.4437,640.3255,872.1172,728.9948,752.9123,533.8816,662.7900,970.2368,746.5445,769.9887,540.3437,674.1898,1007.3291,760.6435,783.3126,542.1070,675.1051,1046.8979,759.2531,784.4843,525.9524,656.9864,1085.2248,755.9558,785.7130,500.9093,632.1013,1136.2093,11.00000000000,48,111
48,059,01383815,48059,Callahan,Callahan County,06,H1,G4020,,10180,,A,2329363248.00000000000,4898788.00000000000,+32.2931499,-099.3722490,48059,826.2657,823.9630,817.3131,823.9460,830.7498,805.2591,801.7360,787.0317,801.7276,816.1509,892.2064,886.5770,857.3823,886.7031,915.5826,973.0537,964.7485,918.3450,964.4703,1011.3238,1011.1468,1000.9689,928.6298,1000.0225,1073.2777,948.3719,937.6432,853.1996,936.1220,1021.5481,942.3197,931.1390,828.8878,929.2510,1031.9775,896.4593,885.1218,788.4699,883.1827,979.4459,899.2704,887.7850,787.1700,885.6407,985.0727,823.1185,820.8366,691.3856,793.1572,965.3994,826.0378,833.8542,669.9478,787.2180,1010.1728,802.1896,818.1883,619.3663,749.7929,1022.5329,758.9371,783.0938,554.5377,689.0810,1010.0220,735.9036,758.3264,531.4554,663.7061,992.9097,708.1024,728.5787,503.5637,627.6772,974.5336,673.9581,695.7978,465.8808,582.4817,963.2709,628.5164,652.7872,415.6279,524.9645,944.6376,11.00000000000,48,059
48,277,01383925,48277,Lamar,Lamar County,06,H1,G4020,,37580,,A,2349611989.00000000000,67113408.00000000000,+33.6672628,-095.5703477,48277,3103.5687,3094.9715,3070.0209,3094.9056,3120.4192,2790.2919,2778.0512,2727.0828,2778.0244,2828.0234,2499.7176,2484.2154,2402.4720,2484.5372,2565.3627,2730.1251,2707.4701,2577.2453,2706.6454,2837.9140,2996.0283,2966.9102,2752.5859,2964.1452,3180.8070,3008.4629,2975.2132,2707.7683,2970.5371,3240.8235,2586.1512,2556.0190,2275.8276,2550.9626,2832.2765,2499.6656,2469.1598,2200.6445,2463.9795,2731.1280,2595.5183,2564.1200,2275.3189,2558.2929,2843.3779,2614.6474,2609.3891,2199.7784,2521.9353,3067.0876,2170.2988,2192.1902,1762.5677,2070.0035,2654.3079,2124.2725,2167.9562,1642.4465,1987.1800,2707.9212,2063.8294,2130.7961,1510.1766,1875.4651,2746.7341,1984.8719,2046.5348,1435.4810,1791.6479,2678.1720,1890.8499,1946.6021,1346.5494,1677.4527,2602.3888,1780.3575,1838.9952,1232.3638,1539.8944,2544.6853,1668.6248,1733.8697,1104.8778,1394.7021,2507.9333,11.00000000000,48,277
48,099,01383835,48099,Coryell,Coryell County,06,H1,G4020,,28660,,A,2724838887.00000000000,12145955.00000000000,+31.3911774,-097.7980223,48099,3347.2063,3337.9823,3311.0976,3337.9091,3365.3864,3569.2251,3553.4031,3488.1219,3553.3801,3617.4430,3808.6259,3784.7549,3660.1602,3785.2744,3908.5030,4565.8088,4527.0584,4309.3119,4525.7382,4745.5219,4700.1561,4653.1805,4316.9290,4648.7938,4989.1823,4562.7204,4512.1792,4106.5020,4505.0654,4915.0919,5741.8027,5672.7211,5048.9309,5661.0006,6288.0018,5641.9699,5570.8705,4962.8072,5558.7188,6164.2706,5361.3953,5293.8452,4694.8287,5281.2520,5873.0562,4451.0135,4439.8477,3740.7806,4290.4489,5220.6822,4037.3222,4075.7970,3274.8963,3847.9281,4937.3399,4184.4957,4268.2994,3231.4381,3911.6163,5333.9236,4132.7390,4264.6575,3020.3387,3752.8127,5500.0371,4092.2964,4217.3746,2956.0452,3691.3040,5521.5197,4058.9630,4176.7325,2887.2052,3598.4540,5586.2234,3936.3060,4064.2327,2721.6691,3402.4955,5626.0867,3675.8300,3818.0812,2431.3116,3070.5891,5524.6595,11.00000000000,48,099
48,165,01383868,48165,Gaines,Gaines County,06,H1,G4020,,,,A,3891133239.00000000000,1262945.00000000000,+32.7439424,-102.6315615,48165,1113.8145,1110.6735,1101.6906,1110.6524,1119.8539,1239.8711,1234.3390,1211.6435,1234.3336,1256.6106,1486.1854,1476.7590,1428.1186,1476.9746,1525.0963,1858.1795,1842.1907,1753.5827,1841.6683,1931.1792,2025.6355,2005.0761,1860.1562,2003.1737,2149.9907,2208.2263,2182.8817,1986.0611,2179.2709,2378.5068,2340.3096,2312.4786,2058.4820,2307.7753,2562.9732,2724.8061,2691.1538,2398.0985,2685.4252,2977.0926,3195.3027,3155.6065,2799.1163,3148.2174,3500.3123,3294.8564,3287.2827,2770.3528,3176.8539,3864.7704,2825.7872,2853.3523,2293.2670,2694.0242,3455.8276,3033.0515,3094.4347,2343.3659,2836.0652,3866.2697,3180.0386,3282.1946,2325.1840,2888.5078,4232.1974,3276.9995,3377.7814,2368.1956,2956.6879,4421.5381,3388.0830,3486.9813,2411.0379,3004.4425,4662.9601,3454.3721,3567.1961,2389.4375,2986.6192,4937.3069,3447.9668,3581.9195,2281.5223,2880.8826,5182.2203,11.00000000000,48,165
48,259,01383915,48259,Kendall,Kendall County,06,H1,G4020,,41700,,A,1715745632.00000000000,1496809.00000000000,+29.9445241,-098.7110939,48259,2887.7271,2879.7096,2856.4845,2879.6491,2903.4032,3483.4667,3468.0024,3404.2784,3467.9815,3530.5196,3854.5503,3830.4182,3704.3263,3830.9410,3955.6469,4699.9112,4660.4249,4436.2648,4659.0384,4885.1595,5157.0488,5106.4255,4737.5023,5101.6472,5474.7763,5887.0130,5821.9995,5298.6856,5812.8583,6341.7150,6321.8436,6246.8849,5560.9400,6234.2300,6923.3466,6705.2194,6623.0607,5902.4901,6609.0974,7326.0859,7300.9106,7211.3470,6397.8454,7194.6990,7997.9617,7270.3086,7255.4348,6116.2667,7012.2009,8528.3056,8195.5858,8277.3427,6654.2973,7815.7048,10023.1761,8504.6537,8678.5783,6573.9434,7954.5797,10841.2095,8645.3316,8924.8176,6324.3200,7854.9788,11505.9125,8948.0280,9224.9332,6469.4499,8075.5808,12073.4070,9212.8618,9483.4337,6558.9700,8171.7592,12679.6344,9271.2609,9575.6004,6415.7668,8017.7662,13251.4478,9238.3273,9598.6058,6115.4537,7720.5909,13885.0930,11.00000000000,48,259
48,347,01383959,48347,Nacogdoches,Nacogdoches County,06,H1,G4020,,34860,,A,2451520148.00000000000,89745988.00000000000,+31.6205598,-094.6202497,48347,3240.4270,3231.3530,3205.2516,3231.2884,3258.0066,3187.3327,3173.1882,3114.8840,3173.1687,3230.3870,3188.3566,3168.5500,3064.2808,3168.9644,3272.0671,3509.0285,3479.6986,3312.3305,3478.6532,3647.4346,3286.7690,3254.7311,3019.6069,3251.6944,3489.4170,1406.6676,1389.9025,1264.1853,1387.4843,1514.9580,854.2387,842.0520,747.7546,839.8757,935.2801,3169.6635,3129.5381,2787.7658,3122.6741,3463.0819,3552.6870,3508.3438,3111.7922,3500.0854,3891.7857,3467.1121,3459.3869,2915.6272,3343.2425,4066.8806,2896.8748,2925.0342,2350.7844,2761.6729,3542.7489,2843.6999,2901.1334,2196.8652,2658.8634,3624.8864,2747.4917,2835.6223,2008.6910,2495.4514,3656.5249,2598.0685,2677.8303,1877.3094,2343.9411,3505.4683,2473.2585,2545.3067,1759.7716,2193.0201,3403.8912,2595.6557,2680.3003,1795.2166,2244.0144,3709.9410,2874.6109,2986.1827,1901.9426,2401.6955,4320.4721,11.00000000000,48,347
48,331,01383951,48331,Milam,Milam County,06,H1,G4020,,,,A,2633837445.00000000000,12538897.00000000000,+30.7912420,-096.9843946,48331,1342.7208,1338.9982,1328.2019,1338.9698,1350.0105,1306.7641,1301.0074,1277.1252,1300.9965,1324.4279,1271.5904,1263.7138,1222.1332,1263.8764,1304.9889,1343.6613,1332.3174,1268.2346,1331.9248,1396.5869,1326.7717,1313.7812,1218.8676,1312.5531,1408.5366,1545.1205,1527.9841,1390.5939,1525.5711,1664.4415,1332.1884,1316.6045,1172.2226,1313.9857,1458.9663,1387.9937,1371.0885,1222.0197,1368.2189,1516.5202,1386.7542,1369.7335,1215.2069,1366.5695,1519.1529,1248.4377,1245.8848,1050.2708,1204.1176,1464.4579,1179.4605,1191.2017,957.6039,1124.7592,1442.4725,1183.4670,1207.6552,914.7736,1106.9034,1508.6092,1148.3882,1185.5110,840.0766,1043.4002,1528.3685,1124.6017,1159.4131,813.1067,1014.9633,1517.4050,1105.3054,1137.7864,786.9409,980.4246,1521.2302,1053.6939,1088.3110,729.2127,911.2679,1506.0506,1001.0765,1040.1492,662.7360,836.6526,1504.6077,11.00000000000,48,331
48,209,01383890,48209,Hays,Hays County,06,H1,G4020,126,12420,,A,1755954943.00000000000,5037790.00000000000,+30.0612247,-098.0292673,48209,12095.4167,12061.5942,11964.1910,12061.3512,12161.0421,15294.1459,15226.5105,14946.8650,15226.4010,15500.8057,17987.2052,17874.0093,17285.4902,17876.5164,18458.6428,23449.0173,23250.9102,22132.5695,23244.0677,24372.5645,26543.4482,26280.2614,24381.3634,26255.5684,28177.0669,29833.6436,29500.1443,26845.9368,29453.0549,32136.7671,29333.1313,28983.0059,25798.4325,28923.7620,32123.8186,35312.0480,34877.8649,31081.7445,34804.0228,38581.6625,38922.6021,38442.4502,34103.0744,38353.1456,42638.3964,39141.5818,39057.0236,32920.4317,37746.4509,45913.2471,45574.4520,46024.9985,36996.4048,43456.8622,55736.7473,47640.1630,48610.2532,36817.6712,44553.5798,60728.2464,48758.0656,50330.1547,35660.8669,44295.4037,64890.8412,50860.9993,52430.8468,36765.5773,45896.7590,68625.4304,52774.4495,54320.3877,37565.0522,46805.5886,72632.9973,53656.8153,55414.3793,37124.1377,46397.5557,76691.6217,54259.6664,56372.2217,35911.8262,45341.2451,81551.3995,11.00000000000,48,209
48,489,01384030,48489,Willacy,Willacy County,06,H1,G4020,154,39700,,A,1529528675.00000000000,501715776.00000000000,+26.4810918,-097.5842235,48489,949.0016,946.3360,938.6878,946.3175,954.1489,1034.2064,1029.5989,1010.6715,1029.5939,1048.1712,938.1070,932.2508,901.5663,932.3761,962.7210,919.4454,911.5710,867.7252,911.3100,955.5899,858.5753,850.0000,788.5772,849.1989,911.3754,972.6100,961.6010,874.9960,960.0398,1047.6546,1073.3556,1059.9879,943.0236,1057.6941,1175.4083,1159.7066,1144.3672,1018.7340,1141.7211,1267.0233,1113.0450,1098.3809,973.4381,1095.6341,1219.1898,1010.7328,1007.5925,848.3649,973.5242,1185.3618,966.0827,974.6105,782.4542,919.9123,1181.3358,917.9567,935.6374,707.6521,857.2095,1170.0227,856.2817,882.9141,624.5991,776.6845,1139.5168,821.5686,845.9892,592.2635,740.1876,1108.4374,788.0518,810.2447,559.3771,697.7907,1084.5170,733.1706,756.3695,505.8217,632.9558,1047.8626,675.0946,700.6581,445.5269,563.2474,1014.6116,11.00000000000,48,489
34,017,00882278,34017,Hudson,Hudson County,06,H1,G4020,408,35620,35644,A,119634159.00000000000,41755598.00000000000,+40.7313837,-074.0786266,34017,42053.2637,41935.9512,41597.4475,41935.0950,42281.4702,46412.9509,46206.4702,45357.1997,46206.2219,47039.7476,52289.6831,51960.3860,50249.4878,51967.6990,53660.0452,64663.3289,64115.4070,61031.5298,64096.6501,67209.0806,66361.4121,65704.1128,60956.6780,65642.4031,70446.0898,62484.5000,61786.5874,56227.8491,61688.0708,67308.3984,56848.4634,56174.0264,50005.4513,56060.1428,62257.3699,57710.7323,56998.7598,50792.6111,56877.5911,63054.1458,64816.0632,64014.1721,56785.8859,63864.9758,71003.5281,66174.0547,66030.4668,55655.2350,63814.6206,77622.3035,70982.5968,71683.8098,57621.3105,67683.7817,86810.3743,71035.6816,72481.8350,54897.8069,66432.8928,90551.1250,69889.3728,72142.6208,51115.6748,63492.4209,93013.9321,69634.7087,71784.0220,50336.4268,62838.0887,93956.3132,69134.6710,71160.0138,49210.6010,61315.6516,95149.4352,68064.0193,70293.7512,47092.6531,58855.9152,97283.8397,66898.5128,69503.4512,44277.4002,55903.0681,100547.4000,11.00000000000,34,017
34,011,00882275,34011,Cumberland,Cumberland County,06,H1,G4020,428,47220,,A,1252784157.00000000000,502245900.00000000000,+39.3283874,-075.1216435,34011,9037.2858,9012.3466,8939.7414,9012.1500,9086.3660,8594.0911,8556.8685,8400.1319,8556.7525,8710.4411,7788.4295,7741.1337,7486.6379,7742.0202,7993.5258,8375.6139,8308.6807,7909.0549,8305.9754,8707.9349,9299.0365,9209.3848,8544.1794,9200.8306,9873.0282,9899.6400,9788.7755,8907.9250,9773.1116,10663.8226,8807.8156,8702.2976,7745.7687,8684.4209,9645.7264,9036.0636,8923.3321,7950.4857,8904.1030,9872.6363,9736.9426,9614.8997,8527.5945,9592.1604,10666.2576,8914.7155,8893.6197,7494.5068,8594.6956,10456.5544,7464.8775,7536.5770,6056.1594,7115.3968,9129.0722,7345.0194,7492.4728,5672.7417,6866.4803,9362.6456,7110.7545,7337.9501,5197.1411,6457.3298,9463.3349,6748.2766,6954.5650,4874.6310,6087.0728,9105.0964,6399.4003,6584.9454,4551.7660,5673.1907,8807.2834,6010.1216,6205.2110,4155.1462,5194.7822,8590.1350,5639.0720,5857.0382,3729.3978,4710.2550,8475.3358,11.00000000000,34,011
23,019,00581295,23019,Penobscot,Penobscot County,06,H1,G4020,,12620,,A,8799125852.00000000000,413670635.00000000000,+45.3906022,-068.6574869,23019,9843.7623,9816.3168,9737.0881,9816.1154,9897.1826,9191.6416,9150.9720,8982.8962,9150.9079,9315.8358,8408.8657,8355.9716,8080.8486,8357.1407,8629.2719,9738.4372,9655.7657,9191.3340,9652.9512,10121.7346,11348.8124,11235.7293,10423.8356,11225.1508,12046.9098,7383.8065,7301.3237,6644.4406,7289.6798,7953.8448,5918.5855,5847.3504,5204.3338,5835.2631,6481.5985,7789.0980,7691.3198,6852.1878,7674.6213,8510.1897,7655.0426,7558.5826,6703.2922,7540.5999,8385.5944,6606.2281,6590.4879,5553.5927,6368.9457,7748.7783,6392.9314,6454.7927,5187.3051,6094.2094,7818.2243,6027.9623,6149.4432,4656.3650,5635.8205,7683.8584,5596.3997,5775.6732,4091.1151,5082.7135,7447.9995,5219.8891,5379.9501,3771.4504,4709.0669,7042.9673,4711.7689,4848.8824,3352.2621,4177.7072,6484.6919,4432.9675,4577.3671,3065.6616,3832.2194,6335.9785,4227.4122,4391.3017,2796.6673,3531.7101,6353.6886,11.00000000000,23,019
50,009,01461761,50009,Essex,Essex County,06,H1,G4020,,13620,,A,1718710619.00000000000,30291452.00000000000,+44.7240209,-071.7327362,50009,411.4790,410.3332,407.0221,410.3247,413.7122,355.7694,354.1929,347.6863,354.1906,360.5758,297.7318,295.8714,286.1326,295.9114,305.5427,301.0282,298.4975,284.1401,298.4088,312.8922,301.7915,298.8091,277.2193,298.5287,320.3718,309.6039,306.2346,278.7403,305.7633,333.5316,269.4061,266.1663,236.8992,265.6168,295.0340,225.3935,222.6364,198.4189,222.1680,246.2639,216.1415,213.4551,189.3398,212.9551,236.7733,237.1740,236.6389,199.4368,228.6923,278.2006,194.9448,196.9281,158.3505,185.9571,238.4232,180.4536,184.1899,139.5677,168.8398,230.0368,171.6178,177.2147,125.6271,155.9898,228.4073,165.1921,170.3559,119.5238,149.1515,222.8953,158.0060,162.7003,112.5844,140.2188,217.4675,146.3959,151.2558,101.4028,126.6709,209.2481,138.4492,143.8994,91.7394,115.7663,208.0906,11.00000000000,50,009
50,011,01461762,50011,Franklin,Franklin County,06,H1,G4020,,15540,,A,1641291023.00000000000,150933050.00000000000,+44.8589643,-072.9094023,50011,3400.3043,3390.8039,3363.4258,3390.7354,3418.7544,3197.2704,3183.0415,3124.5346,3183.0246,3240.4474,2964.7405,2946.1179,2849.1221,2946.5270,3042.4648,3316.9467,3288.8221,3130.6335,3287.8611,3447.5206,3381.1872,3347.3792,3105.4872,3344.2229,3589.0965,3845.7700,3802.1563,3459.6684,3795.9677,4142.4778,3685.3443,3641.4508,3241.4234,3634.0291,4035.9705,3325.6645,3284.5903,2926.9113,3277.5985,3633.5839,3349.9098,3307.9378,2933.8742,3300.1178,3669.6345,3245.6665,3238.5058,2729.5332,3129.7965,3807.1447,2579.2391,2604.5775,2093.4936,2459.1960,3154.3378,2502.4624,2553.2816,1933.7322,2340.1552,3189.9420,2432.9434,2511.2698,1779.2137,2210.1162,3237.9307,2327.5739,2399.3271,1682.3663,2100.2808,3140.5275,2218.3034,2283.2202,1578.8835,1967.3282,3053.0259,2047.9913,2115.0333,1416.8935,1770.8657,2927.1886,1854.1262,1926.3002,1227.1291,1549.3533,2786.7207,11.00000000000,50,011
56,001,01605066,56001,Albany,Albany County,06,H1,G4020,,29660,,A,11069193896.00000000000,90515065.00000000000,+41.6655141,-105.7218826,56001,1558.2970,1553.8584,1541.2679,1553.8308,1566.7402,1602.2167,1594.9147,1565.5077,1594.9182,1623.8045,1909.3095,1896.9905,1834.4617,1897.2917,1959.1813,2349.0674,2328.5635,2216.5605,2327.9229,2441.1658,2307.8950,2284.2991,2119.1828,2282.1250,2449.4651,2433.7328,2405.8214,2188.9129,2401.8458,2621.4089,1199.8665,1183.5507,1051.7271,1180.6754,1313.7897,2773.8385,2737.8548,2437.9885,2731.6702,3030.5645,3177.4012,3135.9635,2779.6774,3128.2099,3480.4635,2949.8579,2941.0273,2476.5840,2841.6771,3459.5998,4204.1808,4243.3414,3408.6605,4005.8258,5141.2484,4278.0922,4362.7907,3302.0022,3997.8759,5453.1112,4219.1460,4352.8133,3081.7596,3830.0102,5614.9423,4384.3439,4517.3672,3165.3095,3953.4863,5915.4762,4554.3707,4685.5680,3237.9401,4036.4547,6267.9616,4626.5861,4776.0699,3197.3965,3998.0663,6612.6292,4861.3856,5048.8012,3214.2000,4060.0596,7306.4690,11.00000000000,56,001
56,015,01605073,56015,Goshen,Goshen County,06,H1,G4020,,,,A,5763735931.00000000000,17581153.00000000000,+42.0895800,-104.3534821,56015,739.2802,737.1220,731.1220,737.1113,743.2784,763.7492,760.1940,746.1380,760.2009,774.0185,800.4605,795.1672,768.9276,795.3083,821.2965,969.1788,960.6519,914.4447,960.3922,1007.1338,1059.5847,1048.5963,972.7868,1047.5922,1124.4791,922.1351,911.3298,829.0179,909.7798,993.1782,851.5807,840.5560,747.4310,838.6411,932.4992,974.8056,962.1821,856.8204,960.0132,1065.0277,1149.5998,1134.8981,1006.2573,1132.1529,1259.2846,1137.4274,1134.3959,955.6113,1096.1760,1334.0679,1151.5137,1162.3777,933.8646,1097.3578,1408.1964,1182.8045,1206.3667,913.1892,1105.5127,1507.6906,1194.6495,1232.6540,872.8673,1084.6624,1589.8825,1209.1664,1245.9902,873.2033,1090.5138,1631.4524,1220.6367,1255.9159,868.0183,1081.9755,1679.9130,1230.5221,1270.3846,850.5892,1063.4874,1758.7526,1250.9112,1299.2156,827.2062,1044.8150,1880.0746,11.00000000000,56,015
56,045,01605086,56045,Weston,Weston County,06,H1,G4020,,,,A,6211020805.00000000000,5001695.00000000000,+43.8462133,-104.5700202,56045,371.7792,370.7248,367.7234,370.7180,373.7942,345.2771,343.6899,337.3457,343.6916,349.9253,382.1177,379.6437,367.1279,379.7050,392.0940,449.6751,445.8225,424.3788,445.6949,467.3515,407.5181,403.3409,374.1852,402.9566,432.5089,418.5310,413.7551,376.4663,413.0760,450.8128,455.0500,449.4601,399.9335,448.5052,498.3242,497.1688,490.8159,437.1554,489.7271,543.1887,450.0035,444.1459,393.6966,443.0501,492.9265,466.3676,465.0600,391.7031,449.3738,546.9784,401.3901,405.0584,325.3150,382.3639,490.8443,401.8979,409.7802,310.0704,375.4797,512.2739,394.5820,407.0086,288.0845,358.0962,525.1128,376.8503,388.1963,271.9183,339.7048,508.4489,369.6191,380.1727,262.6169,327.4673,508.6815,353.7466,365.0797,244.3010,305.5695,505.5917,331.6456,344.3310,219.0954,276.8559,498.4439,11.00000000000,56,045
56,017,01605074,56017,Hot Springs,Hot Springs County,06,H1,G4020,,,,A,5190573003.00000000000,6008058.00000000000,+43.7208707,-108.4356515,56017,233.4725,232.8077,230.9214,232.8035,234.7375,249.2681,248.1425,243.5727,248.1423,252.6296,277.9950,276.2176,267.1165,276.2596,285.2654,320.5622,317.8188,302.5320,317.7277,333.1652,310.2144,307.1643,284.9722,306.8767,329.3236,284.7994,281.5919,256.2411,281.1378,306.7787,283.6865,280.4176,249.7107,279.8712,310.6892,270.1156,266.7383,237.6503,266.1619,295.1229,302.6299,298.8625,265.0919,298.1610,331.5167,288.4925,287.6419,242.2303,277.9286,338.3478,280.6169,283.2999,227.6393,267.4639,343.1746,284.4417,290.1428,219.6653,265.8984,362.5748,272.8902,281.6076,199.4483,247.8115,363.1752,267.3460,275.5263,193.1313,241.1610,360.7167,260.3130,267.8763,185.1830,230.7924,358.2615,254.5380,262.8220,176.0152,220.0343,363.8070,241.4502,250.8092,159.7298,201.7130,362.8932,11.00000000000,56,017
56,039,01605083,56039,Teton,Teton County,06,H1,G4020,,27220,,A,10347983791.00000000000,572265729.00000000000,+44.0493205,-110.5881023,56039,1582.7579,1578.2929,1565.5272,1578.2630,1591.3397,1864.1599,1855.6455,1821.4214,1855.6509,1889.2718,2065.0892,2051.9071,1984.3040,2052.2164,2119.1097,2517.5910,2496.0263,2375.9697,2495.3118,2616.5586,2449.4993,2425.2869,2250.0528,2423.0110,2600.3035,2244.5841,2219.7393,2020.1807,2216.2433,2417.9351,2166.4218,2141.1957,1906.4912,2136.9635,2372.6030,2220.0271,2193.0813,1954.7362,2188.5106,2425.6043,2613.6027,2581.8572,2290.9266,2575.9630,2863.1738,2393.8225,2389.3945,2014.6872,2309.4180,2808.1446,3064.8165,3095.6371,2488.8694,2923.0656,3748.3012,3133.9336,3198.2798,2422.9216,2931.5551,3994.9768,3099.7290,3200.2008,2267.9967,2816.6839,4125.3954,3156.9003,3254.8569,2282.9027,2849.4324,4259.5701,3214.2137,3308.8697,2288.7667,2851.3177,4423.7335,3252.1976,3359.1929,2250.9613,2812.7921,4648.3947,3254.9230,3382.0717,2155.0252,2720.4423,4892.1227,11.00000000000,56,039
56,003,01605067,56003,Big Horn,Big Horn County,06,H1,G4020,,,,A,8125043730.00000000000,56431663.00000000000,+44.5256543,-107.9933205,56003,657.1744,655.3459,650.0584,655.3323,660.7413,645.9024,643.0087,631.1795,643.0067,654.6194,714.8674,710.2959,686.8923,710.4040,733.5629,854.2530,846.8886,806.1538,846.6494,887.8039,847.2194,838.5744,777.9611,837.7770,899.2004,888.6221,878.4242,799.2215,876.9714,957.1458,922.0157,911.0238,810.9350,909.1647,1009.7358,948.6274,936.9240,834.9094,934.9322,1036.4604,1029.5210,1016.8290,902.0580,1014.4685,1127.8065,974.0877,971.9474,819.2019,939.3237,1142.6004,945.1871,954.5214,767.2663,901.2572,1155.9455,981.4870,1001.4633,758.5044,917.8850,1251.1277,989.9116,1021.8204,723.9908,899.2976,1317.4468,1001.5975,1032.5056,724.0072,903.8291,1351.4291,1024.2779,1054.2768,729.0750,908.4236,1409.7041,1027.9992,1061.6673,711.2450,888.9148,1469.3176,1005.7915,1044.9483,665.6793,840.4705,1511.6882,11.00000000000,56,003
56,027,01605078,56027,Niobrara,Niobrara County,06,H1,G4020,,,,A,6801404307.00000000000,4969500.00000000000,+43.0621590,-104.4683727,56027,115.2731,114.9598,114.0361,114.9571,115.8998,139.1073,138.5316,136.0084,138.5279,140.9983,113.8607,113.1775,109.4586,113.1895,116.8637,164.1508,162.8745,155.0407,162.8190,170.6865,174.7281,173.1244,160.6265,172.9667,185.5666,208.2986,206.1196,187.6698,205.8192,224.4225,251.2829,248.6066,221.5785,248.1723,275.2265,238.5178,235.8805,210.5026,235.4422,260.6199,219.7339,217.3286,193.1099,216.8876,240.7481,248.7172,248.5260,209.8093,240.2800,291.8303,284.5233,287.6879,231.5864,271.7440,348.0242,292.6607,298.9752,226.7982,274.1463,373.1057,312.5301,322.9558,229.1768,284.3629,415.9691,329.6962,340.2113,238.9105,297.9476,444.8809,343.3925,353.7776,244.9989,304.9680,472.6342,351.0488,362.8512,243.4213,303.9358,501.7749,345.3564,359.0754,229.0610,288.9266,519.0820,11.00000000000,56,027
56,033,01605081,56033,Sheridan,Sheridan County,06,H1,G4020,,43260,,A,6537112725.00000000000,7986343.00000000000,+44.7813692,-106.8812114,56033,1677.7862,1673.0535,1659.5215,1673.0217,1686.8835,1777.9136,1769.9717,1737.4225,1769.9644,1801.9147,1886.8751,1875.0234,1813.2915,1875.2838,1936.3421,2227.3117,2208.4573,2102.2331,2207.8099,2315.0113,2001.3258,1981.6017,1838.4302,1979.7443,2124.5763,1987.6687,1965.1157,1788.0961,1961.9149,2141.0174,1918.7660,1895.4795,1686.8672,1891.5172,2101.2689,2186.9879,2159.3747,1923.6247,2154.6534,2389.4435,2418.9328,2388.7681,2118.7915,2383.1509,2649.8197,2133.8188,2128.4245,1793.2581,2056.7928,2502.7885,2201.1047,2222.3054,1785.8319,2098.1306,2691.8212,2221.2713,2265.9433,1715.6822,2076.6520,2831.4489,2136.1553,2204.4877,1561.4202,1939.9593,2842.9056,2084.2367,2148.0476,1505.7214,1880.1452,2812.1602,2060.1815,2120.0356,1465.5776,1826.5436,2835.3695,2023.1307,2088.9414,1398.9550,1748.8458,2891.6261,1977.0674,2053.6345,1307.7962,1651.6042,2971.4751,11.00000000000,56,033
56,043,01605085,56043,Washakie,Washakie County,06,H1,G4020,,,,A,5797814617.00000000000,10762355.00000000000,+43.8788305,-107.6690520,56043,452.5849,451.2903,447.6307,451.2825,455.0363,459.4946,457.4011,448.9680,457.4021,465.6859,532.3865,528.9540,511.5191,529.0377,546.2940,539.2543,534.5228,508.8124,534.3774,560.3808,455.9689,451.1729,418.5488,450.7382,483.8503,542.0452,535.5797,487.1329,534.6468,583.7723,470.7018,464.7991,413.4746,463.7840,515.4506,496.4980,489.9008,436.0875,488.7618,542.4411,439.0106,433.1226,383.7472,432.0176,480.8639,345.3003,344.2449,289.8613,332.6101,404.9637,320.3525,323.0390,259.2138,304.8652,391.7074,298.0975,303.7152,229.5862,278.2144,379.9385,264.4972,272.6260,192.7655,239.7879,351.9772,235.5548,242.4992,169.7110,212.1489,317.7989,214.4603,220.4784,152.1911,189.8693,295.1386,184.8100,190.6737,127.5305,159.5689,264.1354,164.3841,170.6245,108.5130,137.1689,247.0568,11.00000000000,56,043
56,005,01605068,56005,Campbell,Campbell County,06,H1,G4020,,23940,,A,12438959289.00000000000,10357633.00000000000,+44.2413213,-105.5520294,56005,2655.9350,2648.4415,2627.0193,2648.3911,2670.3355,3048.9337,3035.3032,2979.4794,3035.2916,3090.0898,3504.4900,3482.2220,3367.5183,3482.7353,3596.2213,4517.9692,4479.3098,4263.8590,4478.0250,4695.5980,4319.7310,4277.1597,3968.1336,4273.1510,4585.7607,4416.9718,4367.8736,3975.0613,4360.9546,4758.0376,4298.1294,4247.3213,3781.0790,4238.7526,4707.1005,4550.3597,4494.2697,4004.9712,4484.7254,4971.6785,5536.0904,5468.0471,4851.0716,5455.3965,6064.6304,5099.2176,5088.5607,4289.3959,4917.9092,5981.4916,4909.4238,4958.2033,3985.7990,4681.6175,6004.1784,5153.7811,5258.9727,3983.4191,4820.1796,6569.6981,5232.9159,5401.8835,3827.6894,4754.2714,6964.3733,5255.5141,5417.9763,3799.4500,4742.8706,7091.1515,5304.5907,5460.2261,3776.2590,4704.9470,7300.6802,5281.5599,5454.7953,3654.6265,4567.3087,7548.9436,5222.1588,5425.6945,3456.6760,4364.0797,7848.8335,11.00000000000,56,005
56,025,01605077,56025,Natrona,Natrona County,06,H1,G4020,,16220,,A,13831446772.00000000000,91460814.00000000000,+42.9736408,-106.7648769,56025,4687.4515,4674.1958,4636.3724,4674.1086,4712.8629,5243.8037,5220.1676,5124.0579,5220.1610,5314.5323,6200.8188,6161.3801,5958.4166,6162.2924,6363.1059,8018.5461,7950.1186,7567.7255,7947.8255,8333.9226,8770.1178,8682.3418,8054.9213,8674.1520,9309.3368,9036.9126,8935.3809,8131.1140,8921.0196,9734.4027,8581.3388,8478.4490,7546.4485,8461.0126,9397.6951,9317.0807,9201.2442,8198.5002,9181.4995,10179.6936,10594.0247,10462.1278,9279.9254,10437.5708,11605.2491,10603.6525,10579.6529,8916.3452,10224.3543,12437.8653,11068.7444,11177.2583,8983.7830,10553.2992,13536.7304,11559.6089,11794.0763,8931.9856,10809.5106,14735.2443,11772.5365,12151.2130,8608.7016,10693.9056,15667.6832,12028.6985,12399.1070,8693.6219,10853.5517,16229.9347,12263.6144,12622.0362,8727.8527,10875.5435,16878.2361,12310.3704,12712.8485,8515.9747,10643.9455,17595.1441,12316.2581,12795.1082,8150.3305,10291.0632,18511.0949,11.00000000000,56,025
50,005,01461759,50005,Caledonia,Caledonia County,06,H1,G4020,,,,A,1680549138.00000000000,22462605.00000000000,+44.4687907,-072.1121676,50005,1825.4500,1820.3453,1805.6452,1820.3087,1835.3542,1902.4115,1894.0007,1859.2172,1893.9870,1928.1182,1779.9586,1768.8214,1710.5958,1769.0620,1826.6467,1880.8130,1864.9557,1775.2538,1864.4047,1954.9103,1856.4397,1838.2511,1705.4463,1836.5323,1970.8385,1584.3618,1566.9461,1426.1521,1564.5014,1706.7585,1372.2671,1356.1097,1207.3024,1353.3886,1502.8471,1653.0826,1632.7122,1454.9624,1629.2462,1806.1422,1603.6103,1583.5420,1404.4987,1579.8035,1756.6661,1401.8980,1398.6820,1178.7432,1351.6981,1644.3871,1228.8674,1240.8237,997.2326,1171.5278,1502.8519,1158.1800,1181.5758,894.7452,1082.9054,1476.3416,1073.2033,1107.6258,784.6148,974.7503,1428.2824,1000.4393,1031.1474,722.8863,902.5750,1349.8516,924.7634,951.6920,657.9687,819.9675,1272.7307,852.9444,880.7361,589.8759,737.3648,1219.1021,790.3867,821.0298,522.8867,660.3148,1187.9304,11.00000000000,50,005
56,031,01605080,56031,Platte,Platte County,06,H1,G4020,,,,A,5398073678.00000000000,69036446.00000000000,+42.1303194,-104.9608093,56031,533.5944,532.0769,527.7669,532.0673,536.4859,498.1191,495.8723,486.7418,495.8718,504.8373,469.9372,466.8843,451.4900,466.9608,482.2004,590.3880,585.2970,557.1446,585.1318,613.5747,626.5133,620.0361,575.2117,619.4433,664.8974,689.5453,681.6018,620.1260,680.4686,742.7089,641.8109,633.8136,563.8719,632.4411,702.8326,624.7331,616.6165,549.0688,615.2211,682.5530,670.4348,661.6780,586.4891,660.0392,734.3796,710.6115,708.5059,596.6403,684.5779,833.4120,701.9517,708.2224,568.6584,668.4977,858.3658,695.0513,708.5323,535.9784,649.1731,885.9200,694.9197,716.6648,507.1215,630.4870,924.7922,690.3369,711.0039,497.9135,622.1423,931.3964,686.9688,706.4774,487.9103,608.4914,945.4196,664.9080,686.1162,459.0263,574.2360,950.3122,646.2789,670.9296,426.8282,539.4248,971.3150,11.00000000000,56,031
56,009,01605070,56009,Converse,Converse County,06,H1,G4020,,,,A,11020096419.00000000000,26387174.00000000000,+42.9728389,-105.5073672,56009,904.3971,901.8491,894.5563,901.8318,909.3013,922.0121,917.8279,900.9145,917.8287,934.4402,931.8486,925.9425,895.4454,926.0772,956.2484,1123.7317,1114.0488,1060.4638,1113.7338,1167.8694,1188.0123,1175.9903,1090.9970,1174.8759,1260.9688,1271.9301,1257.3514,1143.9943,1255.2753,1370.0168,1229.0878,1214.1845,1080.5656,1211.6493,1345.9937,1281.6043,1265.6447,1127.6899,1262.9234,1400.2589,1461.6111,1443.0623,1279.6379,1439.6015,1601.0827,1439.0362,1435.6459,1209.8094,1387.3963,1687.9274,1375.7160,1388.9666,1116.1655,1311.3559,1682.4195,1418.1616,1446.6879,1095.3802,1325.8371,1807.7276,1441.1970,1487.3196,1053.4769,1308.8558,1918.0212,1463.9958,1508.8489,1057.6934,1320.6793,1975.3017,1487.6788,1530.9382,1058.3759,1319.0149,2047.4532,1488.8106,1537.2809,1029.5550,1287.0167,2127.9343,1476.7147,1533.9444,976.8929,1233.6683,2219.4619,11.00000000000,56,009
56,011,01605071,56011,Crook,Crook County,06,H1,G4020,,,,A,7392881785.00000000000,28200383.00000000000,+44.5892657,-104.5672975,56011,432.9743,431.7596,428.2708,431.7511,435.3229,412.2696,410.4558,402.9224,410.4522,417.8430,447.2865,444.4429,429.8027,444.5086,458.9935,521.2896,516.8491,491.9892,516.6995,541.7975,513.5861,508.4514,471.7092,507.9720,545.1669,557.5064,551.1367,501.4617,550.2306,600.5052,505.0897,499.1456,444.3764,498.1446,553.1525,568.3556,561.4726,500.4670,560.3056,620.9869,660.7179,652.6078,578.9831,651.1002,723.7991,639.7623,638.6638,538.5892,617.3097,750.5128,510.8561,516.0956,415.0339,487.3566,624.7987,525.6728,536.5683,406.5898,491.8555,670.1129,541.3532,558.9960,396.2592,492.0410,720.4895,540.7617,557.6367,391.2150,488.2154,729.6522,542.2161,558.2776,386.2634,481.1168,746.2615,536.9703,554.7257,371.8144,464.5321,767.5027,523.8668,544.4133,346.9898,437.9455,787.3726,11.00000000000,56,011
50,001,01461757,50001,Addison,Addison County,06,H1,G4020,,,,A,1984773428.00000000000,107309272.00000000000,+44.0312479,-073.1415807,50001,2384.6251,2378.0198,2358.8489,2377.9691,2397.5722,2010.2727,2001.4121,1964.6704,2001.3957,2037.4446,1858.3937,1846.7271,1785.9283,1846.9829,1907.1175,2043.7030,2026.5117,1929.0392,2025.9103,2124.2427,2107.5373,2086.4882,1935.7142,2084.5219,2237.1456,1223.3710,1209.9596,1101.2648,1208.0788,1317.8907,1324.5186,1308.8362,1165.1383,1306.1898,1450.5449,1895.4750,1872.2245,1668.5063,1868.2721,2070.9841,1772.7940,1750.7772,1552.9985,1746.6792,1942.0180,1523.5497,1520.5064,1281.8436,1469.5522,1787.1907,1375.0995,1388.9724,1116.7658,1311.5556,1681.7677,1298.2483,1324.9736,1003.8297,1214.4996,1654.9483,1217.7688,1257.3240,891.1550,1106.6757,1620.7225,1138.3412,1173.7665,823.3663,1027.6033,1535.9603,1059.1487,1090.4597,754.4050,939.7192,1457.7196,1063.4345,1098.5341,736.2412,919.8955,1519.9843,1045.1736,1086.1064,692.1773,873.6775,1570.8938,11.00000000000,50,001
56,019,01609191,56019,Johnson,Johnson County,06,H1,G4020,,,,A,10759206119.00000000000,52947847.00000000000,+44.0440477,-106.5885406,56019,443.5425,442.3159,438.7511,442.3064,445.9509,483.9919,481.8258,472.9630,481.8241,490.5244,459.2307,456.3976,441.3831,456.4550,471.2989,506.1649,501.9963,477.8512,501.8412,526.1691,460.8934,456.4586,423.4887,456.0349,489.3481,514.9441,509.2655,463.4952,508.4675,554.7198,453.0879,447.8910,398.8663,447.0238,496.2180,484.5346,478.6536,426.6334,477.6560,529.4031,572.6571,565.4379,501.4524,564.0919,627.3077,502.1485,500.9850,422.1956,484.1531,589.0033,491.2247,496.1019,398.8029,468.4265,600.7626,493.0465,503.1107,381.0830,461.1329,628.5030,482.3007,497.8801,352.7963,438.1934,641.8840,480.7286,495.5991,347.5577,433.8491,648.6376,481.3881,495.5241,342.7143,426.9863,662.5329,474.1833,489.7514,328.1420,410.0758,677.7521,465.1919,483.3389,307.9504,388.7735,699.1781,11.00000000000,56,019
56,021,01605075,56021,Laramie,Laramie County,06,H1,G4020,,16940,,A,6956479515.00000000000,4269807.00000000000,+41.2928302,-104.6603950,56021,5652.7427,5636.7623,5591.1525,5636.6568,5683.3877,5872.0823,5845.9030,5738.4261,5845.8756,5951.3676,6037.9435,5999.7177,5802.1198,6000.5856,6196.0674,7709.9520,7643.6062,7275.9545,7641.4390,8012.8385,8268.5306,8184.8288,7593.2770,8177.0713,8776.2866,8570.2512,8471.8208,7707.9123,8457.7937,9231.1004,8345.6082,8242.4705,7333.6683,8224.8164,9139.1850,8967.3751,8852.1628,7883.7382,8832.3972,9797.3940,9839.5820,9713.0880,8611.4317,9689.4549,10778.3087,8937.8456,8913.1121,7507.5028,8612.5663,10482.8156,9676.9590,9767.0057,7845.7126,9220.2818,11833.8363,9871.8734,10067.2392,7619.3663,9225.1628,12583.2685,9794.7444,10105.0042,7154.2195,8891.3048,13035.0802,9884.4823,10184.1965,7135.8543,8912.8793,13336.3959,9953.4546,10239.8663,7075.8770,8821.1614,13698.4356,9859.3806,10177.5393,6813.0388,8519.4921,14091.6649,9754.7637,10130.2662,6448.5502,8146.1482,14660.9863,11.00000000000,56,021
50,021,01461767,50021,Rutland,Rutland County,06,H1,G4020,,40860,,A,2408224790.00000000000,38744350.00000000000,+43.5808439,-073.0381964,50021,3776.8764,3766.4042,3736.0353,3766.3245,3797.3810,3208.9708,3194.8396,3136.1959,3194.8125,3252.3485,2819.4747,2801.8128,2709.5790,2802.1964,2893.4177,3133.3491,3107.2684,2957.8137,3106.3273,3257.0069,3161.1813,3130.3716,2904.2316,3127.4510,3356.0888,2449.9213,2422.6118,2204.6920,2418.7594,2639.0749,2217.4999,2191.2757,1950.7222,2186.8523,2428.4958,2452.3604,2422.2476,2158.6496,2417.1275,2679.4318,2337.4366,2308.8075,2048.4007,2303.4869,2560.6078,2210.3670,2205.6244,1859.1105,2131.6226,2592.7780,1896.1503,1915.0080,1539.4529,1808.1877,2318.9765,1766.0229,1802.0894,1365.0169,1651.7356,2251.2114,1641.3595,1694.3798,1200.6327,1491.2549,2184.4514,1503.9635,1550.4690,1087.3077,1357.2788,2029.2667,1362.0049,1401.9715,969.6010,1208.0479,1874.5206,1265.9012,1307.4254,875.9573,1094.7105,1809.3551,1163.5805,1208.9319,770.2034,972.3872,1748.8456,11.00000000000,50,021
50,025,01461769,50025,Windham,Windham County,06,H1,G4020,,,,A,2033930747.00000000000,33055836.00000000000,+42.9991426,-072.7163348,50025,2591.4026,2584.2508,2563.4310,2584.1944,2605.4762,2209.7827,2200.0184,2159.6179,2200.0022,2239.6444,2197.1710,2183.4650,2111.5997,2183.7572,2254.8259,2462.8487,2442.0283,2324.5697,2441.3106,2559.8404,2219.6251,2197.6702,2038.8807,2195.6073,2356.2673,2042.9580,2020.5908,1839.0929,2017.4556,2200.8088,1944.2361,1921.3943,1710.6021,1917.5501,2129.2483,1827.3042,1804.8563,1608.4350,1801.0392,1996.4991,1829.3308,1806.6971,1602.6888,1802.4859,2003.9619,1653.5697,1650.0718,1390.8855,1594.7230,1939.6626,1476.8900,1491.5862,1199.0767,1408.3871,1806.2259,1389.1196,1417.5004,1073.7163,1299.2380,1770.7610,1279.5486,1320.8935,935.9935,1162.5473,1702.9258,1182.8449,1219.4331,855.1725,1067.4952,1595.9891,1102.5406,1134.9076,784.9150,977.9305,1517.4223,1005.7838,1038.7877,695.9869,869.7845,1437.5697,905.3504,940.6474,599.2928,756.6008,1360.7300,11.00000000000,50,025
56,029,01605079,56029,Park,Park County,06,H1,G4020,,,,A,17979897617.00000000000,65623799.00000000000,+44.4923865,-109.5935975,56029,1573.4324,1569.0226,1556.3469,1568.9915,1581.9678,1589.6856,1582.5668,1553.4546,1582.5615,1611.1406,1724.3215,1713.3011,1656.8508,1713.5610,1769.4203,2199.1607,2180.3028,2075.4321,2179.6801,2285.5974,2040.5105,2019.9216,1873.9394,2018.0097,2165.8588,1901.8066,1880.3607,1711.0606,1877.3234,2048.5698,1512.2637,1494.0601,1329.7606,1490.9712,1656.1194,1878.4503,1854.9264,1652.6086,1850.9109,2052.3549,2059.7932,2034.0235,1804.0541,2029.2231,2256.3902,1959.3079,1954.5482,1646.9475,1888.8204,2298.1489,1962.1952,1981.1614,1592.1131,1870.4815,2399.6598,1978.9917,2018.8582,1528.6657,1850.2307,2522.6238,1953.4273,2015.9902,1427.9852,1774.1090,2599.7284,1920.2610,1979.1281,1387.3920,1732.3236,2590.9225,1914.1558,1969.8442,1361.8317,1697.1756,2634.4046,1884.6939,1946.0738,1303.3567,1629.2681,2693.7658,1884.5256,1957.5808,1246.7099,1574.3850,2832.3919,11.00000000000,56,029
50,027,01461770,50027,Windsor,Windsor County,06,H1,G4020,180,30100,,A,2510570288.00000000000,19288908.00000000000,+43.5881434,-072.5915145,50027,3413.4716,3403.9417,3376.4615,3403.8725,3431.9939,3067.6737,3054.0476,2997.9259,3054.0298,3109.1080,2901.0784,2882.7966,2787.8721,2883.2038,2977.1005,3398.7364,3370.2631,3208.1582,3369.2550,3532.7505,3013.4599,2983.8382,2768.2617,2981.0444,3199.0933,3282.4550,3246.0511,2954.1798,3240.9250,3535.9409,3042.6756,3006.4299,2676.1560,3000.3009,3332.1571,2770.8315,2736.6869,2438.7495,2730.8773,3027.3840,2717.3556,2683.8281,2380.8718,2677.5920,2976.7704,2412.7898,2407.5376,2029.2300,2326.7410,2830.2033,2244.5986,2266.7996,1822.1383,2140.3183,2745.1061,2144.7626,2188.4521,1657.5617,2005.8247,2733.9907,2017.9225,2083.0018,1475.9039,1833.2492,2685.6020,1879.3636,1937.3765,1358.5336,1695.9372,2535.7772,1773.7044,1825.6640,1262.5330,1573.0986,2441.1335,1613.2986,1666.1381,1116.2017,1395.0281,2305.8854,1463.3669,1520.3347,968.5184,1222.8309,2199.4163,11.00000000000,50,027
50,023,01461768,50023,Washington,Washington County,06,H1,G4020,,12740,,A,1779926134.00000000000,21213229.00000000000,+44.2749532,-072.6094749,50023,3985.2807,3974.2452,3942.2081,3974.1604,4006.9190,3620.7548,3604.7971,3538.6213,3604.7674,3669.6951,3478.6107,3456.9156,3343.1378,3457.3777,3569.8939,3690.6429,3659.8078,3483.7766,3658.7073,3836.2204,3569.6552,3534.4223,3279.0545,3531.1075,3789.4563,2929.5814,2898.0611,2638.0983,2893.6705,3156.0991,2808.3762,2776.4018,2472.7177,2771.0803,3075.7367,3229.9441,3190.8404,2844.1582,3184.2108,3529.0467,3113.7178,3075.9149,2729.3302,3068.8964,3411.0463,2821.8787,2815.3590,2372.6078,2720.7742,3309.9734,2548.4685,2573.8554,2069.1323,2430.2970,3116.7633,2426.3106,2475.9009,1875.4436,2269.3425,3092.9080,2250.0550,2322.7655,1645.9327,2044.3191,2994.5541,2117.5362,2183.0322,1530.9275,1911.0308,2857.1491,1999.6535,2058.3428,1423.5585,1773.6333,2752.1141,1864.2867,1925.4416,1290.0222,1612.1779,2664.6289,1711.5806,1778.2855,1132.9291,1430.3365,2572.4820,11.00000000000,50,023
50,013,01461763,50013,Grand Isle,Grand Isle County,06,H1,G4020,,15540,,A,211890629.00000000000,292297787.00000000000,+44.8017876,-073.3007577,50013,448.9065,447.6560,444.0434,447.6467,451.3428,358.9119,357.3380,350.7823,357.3345,363.7655,341.6304,339.4747,328.2958,339.5230,350.5812,346.6514,343.7328,327.1997,343.6310,360.3108,432.0374,427.5945,396.6843,427.1865,458.5223,484.8197,479.3093,436.1266,478.5268,522.2208,412.8022,407.8224,362.9652,406.9768,452.0692,344.5898,340.3820,303.3640,339.6675,376.4977,342.7028,338.4931,300.3024,337.7105,375.4216,326.8315,326.1842,274.9908,315.2549,383.3891,299.1564,302.0868,242.8016,285.2224,365.8586,288.5026,294.3507,222.9164,269.7772,367.7591,279.3877,288.3703,204.2959,253.7842,371.8276,269.8167,278.1201,194.9983,243.4503,364.0545,259.0575,266.6228,184.3573,229.7282,356.5366,237.9307,245.7024,164.5812,205.7136,340.0725,220.2444,228.7999,145.7341,184.0197,331.0226,11.00000000000,50,013
50,015,01461764,50015,Lamoille,Lamoille County,06,H1,G4020,,,,A,1188278167.00000000000,12661498.00000000000,+44.6035041,-072.6383555,50015,1651.5811,1646.9287,1633.6112,1646.8971,1660.5372,1669.2776,1661.7581,1631.1657,1661.7557,1691.7942,1712.7471,1701.9143,1645.8648,1702.1592,1757.6070,1802.6429,1787.2285,1701.2644,1786.7152,1873.5224,1978.8215,1958.9569,1817.3896,1957.1067,2100.4474,1861.1200,1840.0687,1674.3554,1837.0842,2004.7246,1603.2510,1583.6705,1409.2653,1580.3318,1755.7296,1866.5010,1843.2987,1642.4209,1839.3438,2039.3094,2074.9148,2049.4017,1818.1509,2044.6581,2273.0092,1805.5128,1801.1383,1517.6918,1740.5725,2117.7595,1668.2031,1684.1652,1353.2853,1590.0272,2040.0967,1672.6209,1706.1503,1291.7212,1563.5855,2132.0725,1606.4089,1657.6880,1174.0187,1458.7327,2137.8823,1560.0890,1607.7467,1126.8770,1407.1881,2104.9435,1500.9728,1544.4705,1067.5740,1330.6136,2065.7377,1429.2529,1475.6349,988.1049,1235.3443,2042.7990,1371.8977,1424.9248,907.3029,1145.9304,2061.9161,11.00000000000,50,015
29,099,00758504,29099,Jefferson,Jefferson County,06,H1,G4020,476,41180,,A,1700660922.00000000000,19828021.00000000000,+38.2574144,-090.5431382,29099,14558.3081,14517.6655,14400.4633,14517.3700,14637.3062,14256.5637,14193.3836,13932.6403,14193.2906,14449.1651,14398.5444,14307.9570,13836.8595,14309.9605,14775.9381,16063.3532,15927.7664,15161.6610,15923.0711,16696.0923,16076.7552,15917.3730,14767.2546,15902.4176,17066.2162,16323.0655,16140.0353,14687.5142,16114.1634,17583.0239,14799.1209,14623.6863,13017.9547,14594.0705,16207.2142,14428.4202,14250.3334,12698.6412,14220.0224,15764.3372,15195.2541,15007.3288,13312.8170,14972.3657,16645.8299,13055.8639,13027.7744,10980.9778,12590.6548,15314.6136,12435.6315,12559.0363,10095.8081,11858.4019,15208.6339,12128.6071,12376.1019,9374.2456,11343.4571,15460.7370,11501.1329,11872.5259,8412.7124,10449.1826,15306.6088,10936.7867,11274.9611,7906.8535,9870.0827,14756.7776,10377.0302,10681.6383,7387.5133,9204.1741,14281.8635,9648.9908,9965.6773,6677.0653,8344.3605,13791.3342,8926.9996,9275.1615,5909.4093,7460.4403,13417.1727,11.00000000000,29,099
29,079,00758494,29079,Grundy,Grundy County,06,H1,G4020,,,,A,1127360747.00000000000,7123002.00000000000,+40.1125409,-093.5650538,29079,550.6558,549.1545,544.7398,549.1417,553.6490,524.8045,522.5495,512.9875,522.5412,531.9147,488.1832,485.2108,469.2573,485.2673,501.0344,591.2737,586.3720,558.1686,586.1931,614.6211,684.3641,677.6667,628.7092,677.0334,726.5416,631.3770,624.6707,568.6917,623.7410,680.2209,552.9984,546.8236,487.1199,545.8032,605.6583,575.5967,568.9473,507.4507,567.8312,628.9173,577.3157,570.3681,506.1639,569.0796,632.4510,528.8291,527.8614,445.0917,510.1960,620.3612,439.2816,443.8558,357.0054,419.1608,537.2713,428.9077,437.8734,331.8780,401.4109,546.7687,413.9794,427.5547,303.1674,376.3746,550.9745,400.0212,412.5835,289.5330,361.2517,539.7575,380.2633,391.6021,271.0224,337.5083,523.3690,351.2222,362.9050,243.3197,303.9288,502.0139,323.8647,336.6286,214.6257,270.8221,486.7729,11.00000000000,29,079
29,510,00767557,29510,St. Louis,St. Louis city,25,C7,G4020,476,41180,,F,160343174.00000000000,10683076.00000000000,+38.6356988,-090.2445816,29510,17944.7583,17894.6567,17750.1900,17894.2934,18042.1309,18302.2761,18221.7808,17887.3606,18221.6199,18549.7098,19751.6906,19628.8866,18982.9251,19631.4663,20270.2143,24645.7048,24440.8611,23265.2955,24433.4393,25618.5384,24689.6065,24450.3353,22684.1472,24427.5764,26212.7777,17361.7285,17169.9859,15626.6473,17143.0265,18702.7134,13449.7663,13291.2300,11832.6119,13264.5192,14729.5768,14981.1370,14798.4433,13189.2836,14767.4241,16368.3581,16287.0344,16087.4864,14272.9395,16050.3996,17842.0628,15852.2206,15818.6953,13333.9713,15288.0880,18594.8983,18184.0971,18365.1879,14763.7967,17340.8424,22239.0439,17466.8688,17823.7846,13501.0638,16336.7598,22265.6552,16324.5623,16852.0468,11941.4695,14831.8564,21726.0360,15348.5787,15823.3542,11096.7190,13851.8112,20709.5327,14360.4207,14781.9865,10223.3809,12737.3824,19764.1899,14125.7702,14589.1687,9774.5917,12215.5642,20189.9952,13934.5780,14477.6682,9223.6142,11644.8990,20943.4805,11.00000000000,29,510
29,093,00758501,29093,Iron,Iron County,06,H1,G4020,,,,A,1425165244.00000000000,4675092.00000000000,+37.6259598,-090.6996270,29093,642.6419,640.8436,635.6679,640.8308,646.1285,633.2572,630.4107,618.8082,630.4093,641.8008,600.9217,597.1943,577.5434,597.2718,616.7021,600.0591,595.0415,566.4209,594.8629,623.7258,575.3986,569.6516,528.4873,569.1147,610.7840,545.8106,539.7635,491.2342,538.9123,587.9623,482.3316,476.6587,424.3600,475.7037,528.2292,451.7417,446.1040,397.4666,445.1423,493.5645,482.9475,476.9909,423.1494,475.8831,529.0528,378.1836,377.2612,317.8855,364.5736,443.5854,374.2738,377.8839,303.6702,356.7707,457.7156,359.7907,367.0240,277.8935,336.3629,458.6240,325.5695,335.9691,237.9492,295.6488,433.2833,306.1514,315.5018,221.1346,276.1437,413.0734,290.8500,299.2711,206.8551,257.8290,400.2863,270.6942,279.4647,187.1179,233.9512,386.8961,249.7926,259.4286,165.1660,208.6255,375.4287,11.00000000000,29,093
29,185,00758547,29185,St. Clair,St. Clair County,06,H1,G4020,,,,A,1735247885.00000000000,83056509.00000000000,+38.0390688,-093.7730765,29185,535.0488,533.5679,529.2671,533.5565,537.9539,510.6216,508.3697,499.0365,508.3656,517.5231,413.5540,411.0032,397.4822,411.0548,424.4221,466.3120,462.4285,440.1865,462.2886,484.7137,502.7387,497.9213,461.9584,497.4600,533.7901,530.4351,524.7800,477.7393,523.9950,571.4639,441.7457,436.7528,389.0131,435.9240,483.8046,410.4327,405.6549,361.7719,404.8516,448.4511,421.3805,416.4213,369.6610,415.5039,461.6371,378.4938,377.9347,318.8015,365.3227,444.0376,355.3743,359.1571,288.9579,339.2000,434.6603,343.7583,351.0210,266.1262,321.8171,438.2301,335.2335,346.2945,245.6161,304.8670,446.1759,328.5949,338.9749,237.9400,296.8252,443.3859,314.1207,323.5403,223.9740,278.8699,432.3390,291.7000,301.4435,202.1556,252.4723,416.9397,274.7955,285.6547,182.1595,229.8253,413.0232,11.00000000000,29,185
29,037,00758473,29037,Cass,Cass County,06,H1,G4020,312,28140,,A,1804797172.00000000000,14638089.00000000000,+38.6471588,-094.3542424,29037,6579.1390,6560.8062,6507.8586,6560.6715,6614.8444,6600.0505,6570.8340,6450.1404,6570.7887,6689.2243,6520.7712,6480.0877,6266.8041,6480.9556,6691.8759,6572.4039,6517.4024,6203.9248,6515.4487,6831.5951,6477.9734,6413.9620,5950.5364,6407.9440,6876.8058,6992.1233,6913.9674,6291.9032,6902.9321,7531.9091,6764.5066,6684.5761,5950.8177,6671.0980,7408.1595,6280.2445,6203.7408,5529.2387,6190.7541,6861.7868,6225.9009,6148.9078,5454.6251,6134.5834,6820.2409,5266.5076,5255.4123,4429.9585,5079.1411,6177.7048,5028.1646,5078.2903,4082.4925,4795.0572,6149.4241,4785.9068,4883.8104,3699.4710,4476.3956,6100.7833,4406.0363,4548.5686,3223.3090,4003.3562,5863.9207,4150.7559,4279.3512,3001.2609,3746.2366,5600.5505,3917.2461,4032.4766,2789.1535,3474.8113,5391.3089,3557.5119,3674.5080,2462.2027,3076.8002,5084.7801,3164.4650,3288.1077,2095.1840,2644.8721,4756.1666,11.00000000000,29,037
29,229,00758567,29229,Wright,Wright County,06,H1,G4020,,,,A,1765779860.00000000000,3533329.00000000000,+37.2676356,-092.4800104,29229,1067.3283,1064.3484,1055.7557,1064.3268,1073.1199,957.6424,953.3757,935.8494,953.3710,970.5733,906.9008,901.2586,871.5986,901.3775,930.7068,939.5860,931.6164,886.8067,931.3444,976.5717,950.9313,941.4940,873.4650,940.6090,1009.4509,899.4789,889.3640,809.3074,887.9329,968.9002,822.6616,812.6920,723.2617,810.9964,900.9105,812.6354,802.6145,715.2286,800.9092,887.8773,776.3451,766.7818,680.2418,765.0034,850.4615,696.4144,694.6395,585.2397,671.2576,816.8315,543.1347,548.3809,440.6898,517.7439,664.2242,511.0677,521.3601,394.7674,477.8119,651.4584,463.0743,477.8999,338.5051,420.5588,616.2843,419.5176,432.3719,303.0912,378.4510,566.0358,379.2753,390.3019,269.8232,336.2727,521.9865,335.9133,346.8495,232.2937,290.3836,480.1157,294.9620,306.3942,195.1284,246.4167,443.3199,11.00000000000,29,229
29,153,00758531,29153,Ozark,Ozark County,06,H1,G4020,,,,A,1929467474.00000000000,26574823.00000000000,+36.6496431,-092.4585804,29153,512.3636,510.9433,506.8236,510.9324,515.1453,497.4739,495.2630,486.1613,495.2602,504.1928,456.0161,453.1608,438.2433,453.2227,467.9762,479.9749,475.9998,453.1050,475.8543,498.9299,435.1213,430.8792,399.7521,430.4771,461.9485,452.5951,447.4861,407.1929,446.7623,487.5205,407.3268,402.4526,358.2213,401.6271,446.0775,394.5197,389.7680,347.4446,388.9633,431.0549,396.9866,392.1046,347.8597,391.1969,434.8873,352.2287,351.5201,296.3398,339.7388,413.1785,320.6870,323.9550,260.4982,305.9089,392.2104,304.5296,310.8237,235.5119,284.9163,388.2037,285.7315,295.0310,209.1279,259.6882,380.2803,270.6677,279.0990,195.7889,244.3474,365.2118,259.7007,267.3771,184.9766,230.4157,357.4293,246.2625,254.3885,170.4897,213.0201,351.9868,231.4590,240.5207,153.2806,193.4765,347.8822,11.00000000000,29,153
29,083,00758496,29083,Henry,Henry County,06,H1,G4020,,,,A,1805085008.00000000000,91639657.00000000000,+38.3864909,-093.7926278,29083,1238.1447,1234.7072,1224.7494,1234.6813,1244.8659,1211.6407,1206.2620,1184.0971,1206.2547,1228.0069,1234.6139,1226.8754,1186.4863,1227.0439,1266.9900,1244.8807,1234.4212,1175.0472,1234.0539,1293.9475,1237.8100,1225.5542,1137.0024,1224.4033,1314.0026,1220.8057,1206.9397,1098.2082,1204.9711,1314.9868,1164.4254,1150.2389,1023.5972,1147.8219,1275.1730,1096.7652,1082.9243,964.7030,1080.5581,1198.2961,1140.1199,1125.6363,998.1447,1122.9337,1248.9120,1086.4729,1083.8076,913.2166,1047.3543,1274.3602,920.5171,929.2379,746.5923,877.2703,1125.7144,884.2295,901.8758,682.7290,826.4886,1127.1086,837.3063,863.9722,611.8255,760.2552,1114.3200,790.1303,814.2235,570.6481,712.6358,1066.0760,751.2609,773.0084,534.2962,665.9632,1033.9328,707.0535,729.9901,488.8017,611.1158,1010.5750,661.7804,687.3615,437.6707,552.7797,994.6338,11.00000000000,29,083
17,009,00424206,17009,Brown,Brown County,06,H1,G4020,,,,A,791518279.00000000000,4139308.00000000000,+39.9620694,-090.7503095,17009,360.0166,358.9559,356.0290,358.9511,361.9622,319.9045,318.4553,312.5882,318.4554,324.2173,285.1640,283.3453,274.0104,283.3878,292.6245,300.4562,297.9936,283.6607,297.9008,312.3382,258.3595,255.8161,237.3335,255.5764,274.2723,321.7614,318.2072,289.6045,317.7075,346.6134,433.9893,428.2707,380.7332,427.2721,475.2162,469.4347,462.9075,411.7694,461.7713,512.8567,487.4643,480.5924,425.4625,479.2965,533.8964,468.8862,466.8186,392.4631,450.8698,549.7497,428.9439,432.1682,346.4277,407.7396,524.4256,414.8687,422.2979,318.8388,386.7072,528.7214,394.3446,406.0640,286.7134,357.0032,524.7351,376.1940,386.8473,270.2826,338.2570,507.5032,363.8638,373.6064,257.3957,321.5479,500.7089,339.5438,349.8209,233.4287,292.5475,485.2503,317.6664,329.2812,208.9047,264.5282,477.4009,11.00000000000,17,009
17,033,00424218,17033,Crawford,Crawford County,06,H1,G4020,,,,A,1148994475.00000000000,5670462.00000000000,+39.0037296,-087.7571722,17033,1069.8554,1066.8387,1058.2104,1066.8183,1075.6565,976.5911,972.2600,954.3971,972.2539,989.7836,1012.8473,1006.4475,973.3033,1006.5916,1039.3791,1101.7614,1092.3854,1039.8428,1092.0686,1145.1113,1124.1338,1113.0479,1032.6292,1112.0044,1193.3584,1149.0228,1135.9213,1033.5555,1134.0589,1237.6512,1075.3890,1062.0802,944.9602,1059.8011,1177.6447,964.9233,952.6512,848.5565,950.5499,1054.2438,1016.6597,1003.5934,889.7697,1001.1523,1113.6527,1002.6292,1000.0371,842.5046,966.3655,1175.9851,834.6073,842.1277,676.2374,794.9122,1020.5912,799.2366,814.7809,616.3939,746.5350,1018.7208,760.8626,784.6807,555.2601,690.3277,1012.5491,709.3032,730.5101,511.5451,639.1997,956.9831,654.1612,672.6715,464.4926,579.3471,900.2638,598.0359,617.0238,412.7058,516.3736,854.7299,545.4186,566.1192,360.0323,455.1140,819.7222,11.00000000000,17,033
17,085,00424244,17085,Jo Daviess,Jo Daviess County,06,H1,G4020,,,,A,1556808594.00000000000,45690178.00000000000,+42.3623905,-090.2114705,17085,1212.7881,1209.4027,1199.6392,1209.3781,1219.3691,1173.8322,1168.6133,1147.1360,1168.6068,1189.6854,1033.5431,1027.0115,993.1900,1027.1587,1060.6165,1186.2701,1176.1676,1119.5951,1175.8269,1232.9403,1065.2448,1054.5077,978.2982,1053.5101,1130.6901,1150.9013,1137.8821,1035.4057,1136.0362,1239.7049,1075.4124,1062.5585,945.7918,1060.3824,1177.7226,988.5310,976.2980,869.9589,974.2148,1080.0565,1002.0762,989.7581,878.0790,987.4679,1097.7459,784.7056,783.2334,660.3863,757.0119,920.5172,728.8064,736.1129,591.8079,695.0700,891.3338,688.1678,702.3162,532.0727,643.7522,877.2430,643.2551,664.1434,470.7200,584.5658,856.1046,598.1829,616.7999,432.6704,539.9935,807.1264,564.8429,581.5666,402.3682,501.1838,777.4025,517.6483,534.7797,358.4617,447.8354,739.8863,468.5789,486.9797,310.4096,391.7535,704.2762,11.00000000000,17,085
17,065,00424234,17065,Hamilton,Hamilton County,06,H1,G4020,,34500,,A,1125777456.00000000000,3174991.00000000000,+38.0852260,-088.5390048,17065,475.6943,474.3427,470.5010,474.3341,478.2722,486.6914,484.5251,475.6190,484.5226,493.2638,515.6905,512.4061,495.5258,512.4825,529.1846,576.5641,571.6222,544.1276,571.4588,599.2269,454.2705,449.7982,417.3005,449.3768,482.2496,508.4979,502.6817,457.3699,501.8540,547.7149,430.5881,425.3970,378.6096,424.5156,471.5473,428.5341,423.2006,377.0749,422.2913,468.2092,431.6482,426.2633,378.0851,425.2605,472.8487,366.6503,365.9429,308.5275,353.6864,430.1030,319.4761,322.6637,259.3954,304.6685,390.7184,304.9323,311.1706,235.7111,285.2124,388.7092,285.1771,294.3990,208.6203,259.1098,379.5371,262.4861,270.6137,189.7863,236.8992,354.1680,246.4050,253.6480,175.4358,218.5680,339.1270,227.0694,234.5299,157.1452,196.3775,324.5515,208.9461,217.1009,138.3262,174.6266,314.0438,11.00000000000,17,065
17,109,01784729,17109,McDonough,McDonough County,06,H1,G4020,,31380,,A,1526558259.00000000000,2012556.00000000000,+40.4557890,-090.6775788,17109,1467.2488,1463.1843,1451.3885,1463.1531,1475.2150,1567.5973,1560.6910,1532.0417,1560.6780,1588.7867,1614.4811,1604.4057,1551.5983,1604.6209,1656.8436,1987.5659,1971.1722,1876.3623,1970.5650,2066.1010,2198.7130,2177.1081,2019.8169,2175.0699,2334.1621,1073.7845,1062.1916,966.8852,1060.5747,1156.7989,645.9890,638.5158,568.5690,637.2648,707.4742,1571.8710,1553.1656,1384.7401,1550.0058,1717.4499,1565.4041,1546.3708,1372.1017,1542.8365,1714.8810,1396.8268,1393.9771,1175.1178,1347.2470,1638.5247,1506.2982,1521.5708,1223.4503,1436.7871,1842.2381,1637.9361,1671.7588,1266.6657,1532.4062,2087.9798,1518.3784,1567.7865,1111.2907,1379.9727,2020.8102,1428.5422,1473.0579,1033.3721,1289.6490,1927.5329,1404.4638,1446.0194,1000.4277,1246.1426,1932.9841,1461.0751,1509.3788,1011.6782,1263.9636,2088.3440,1509.5669,1568.8488,1000.0149,1262.0699,2268.8861,11.00000000000,17,109
17,135,01784866,17135,Montgomery,Montgomery County,06,H1,G4020,,,,A,1822539599.00000000000,15512968.00000000000,+39.2280917,-089.4780068,17135,1705.5515,1700.7031,1686.9279,1700.6724,1714.7939,1500.4137,1493.6483,1466.1471,1493.6466,1520.6506,1393.2337,1384.4587,1338.8724,1384.6537,1429.7458,1671.3387,1657.1301,1577.4239,1656.6485,1737.1085,1451.1278,1436.7130,1332.9000,1435.3620,1540.4201,1527.7497,1510.5512,1374.5661,1508.1169,1645.6552,1462.4667,1444.3746,1285.1037,1441.2768,1601.5293,1449.9855,1431.0392,1274.1668,1427.7784,1584.1775,1553.6390,1533.2954,1359.0091,1529.4873,1701.8160,1310.3784,1306.6716,1100.5306,1262.5895,1536.8670,1117.4774,1127.5029,905.3552,1064.2737,1366.4889,1069.8315,1090.5966,825.0110,999.2341,1363.6207,998.1883,1029.3823,728.3637,905.5856,1328.3754,915.3236,942.6342,660.0291,824.7869,1234.9382,850.0139,874.0224,603.4828,752.7454,1169.7950,768.3031,792.6533,530.1300,663.3358,1098.0774,693.8875,720.1814,457.9627,578.9499,1042.8570,11.00000000000,17,135
17,041,00424222,17041,Douglas,Douglas County,06,H1,G4020,,,,A,1079156495.00000000000,1448702.00000000000,+39.7660780,-088.2228656,17041,1096.1905,1093.0805,1084.2300,1093.0605,1102.1317,1118.7338,1113.7236,1093.2358,1113.7199,1133.8326,1155.0976,1147.7788,1109.9759,1147.9455,1185.3443,1222.2914,1212.0304,1153.7334,1211.6693,1270.4736,1296.6851,1283.8245,1191.0606,1282.6181,1376.4873,1301.8012,1287.3157,1171.5350,1285.2736,1402.3182,1300.4500,1285.0432,1143.9492,1282.4428,1424.1852,1325.7718,1309.2795,1166.5860,1306.4681,1448.5165,1311.3331,1295.2166,1149.0746,1292.2203,1436.5284,1158.2293,1155.7802,974.2362,1117.0119,1358.6208,1010.1996,1020.2273,820.1310,963.3125,1235.4629,1014.8044,1035.5116,784.3447,949.1096,1293.6047,987.9694,1019.8650,722.6549,897.5951,1314.8664,960.0856,989.7538,694.0712,866.4216,1295.4218,932.6244,959.9715,663.8938,827.1783,1283.5647,886.0099,915.0518,613.0490,766.1663,1266.3743,832.0553,864.4632,550.7192,695.3095,1250.5664,11.00000000000,17,041
17,181,01785113,17181,Union,Union County,06,H1,G4020,,,,A,1070854490.00000000000,22503527.00000000000,+37.4751042,-089.2528747,17181,1087.0676,1084.0075,1075.2431,1083.9866,1092.9628,1143.4098,1138.3205,1117.3970,1138.3146,1158.8506,1013.7156,1007.3556,974.1918,1007.4946,1040.2956,1139.4323,1129.6709,1075.3348,1129.3477,1184.2230,1204.2016,1192.3574,1106.2113,1191.2408,1278.3775,1138.9457,1126.1356,1024.7641,1124.3230,1226.8482,945.7752,934.4831,831.8019,932.5722,1035.7537,1014.5572,1002.1269,893.0994,1000.0144,1108.4997,983.2716,971.0685,861.3792,968.7973,1077.1319,865.6154,863.7451,728.0342,834.7618,1015.3706,770.9089,778.5656,625.8703,735.1336,942.8137,729.3747,744.2562,563.7329,682.1558,929.7578,685.4258,707.5363,501.3274,622.7043,912.2163,648.8156,668.8309,468.9869,585.4750,875.4292,597.7980,615.2764,425.4569,530.1442,822.7414,549.8276,567.7877,380.3271,475.3786,785.8644,511.7096,531.5848,338.5904,427.5435,769.0883,11.00000000000,17,181
17,115,00424256,17115,Macon,Macon County,06,H1,G4020,,19500,,A,1503976676.00000000000,13406333.00000000000,+39.8602372,-088.9615288,17115,5842.1352,5825.8349,5778.8076,5825.7162,5873.8378,5860.8252,5834.9791,5727.8539,5834.9322,5940.0394,5755.0305,5719.1875,5530.9625,5719.9461,5906.0777,5738.6784,5690.9522,5417.2264,5689.2258,5965.1813,5697.4729,5641.8339,5234.2545,5636.5657,6048.6866,5306.4345,5247.3110,4775.3206,5238.9723,5716.1417,4680.9906,4626.0304,4118.5489,4616.7829,5126.4343,4906.0370,4845.8142,4318.4941,4835.5756,5360.3026,5040.5170,4978.3805,4416.4667,4966.8243,5521.7213,4555.1642,4545.2617,3831.0566,4392.7274,5343.2126,3477.8896,3512.3697,2823.4507,3316.4141,4253.4135,3313.1071,3380.6864,2560.6645,3098.5972,4223.3239,3087.8927,3187.5819,2258.6530,2805.4279,4109.6073,2823.9564,2911.2607,2041.5806,2548.5070,3810.3040,2562.3156,2637.5260,1824.1315,2272.7068,3526.5041,2311.9334,2387.8147,1599.8529,1999.3418,3304.4543,2064.0697,2144.5788,1366.3678,1724.9872,3102.2723,11.00000000000,17,115
17,201,01785216,17201,Winnebago,Winnebago County,06,H1,G4020,466,40420,,A,1329601795.00000000000,15250394.00000000000,+42.3373957,-089.1612053,17201,17565.7709,17516.8438,17375.4878,17516.4825,17661.1039,16599.6317,16526.2599,16222.7623,16526.1385,16823.9418,14800.5591,14708.4063,14224.3412,14710.3542,15189.0313,15680.3415,15549.6719,14801.7569,15544.9733,16299.0689,14828.1411,14683.3012,13622.5419,14669.5891,15742.1809,15356.4492,15186.7805,13821.6585,15162.9215,16542.5302,14088.8971,13923.5798,12396.2371,13895.7702,15429.6105,13465.7068,13300.4623,11853.1598,13272.3698,14712.5425,13425.2755,13259.4547,11762.5186,13228.6081,14706.9106,11797.5221,11772.0688,9922.4877,11377.0619,13838.5531,10451.8408,10555.5627,8485.2827,9966.6974,12782.4806,9979.9676,10183.5609,7713.4549,9333.8394,12721.7885,9381.3307,9684.1531,6861.9429,8523.1199,12485.3995,8862.3572,9136.2035,6406.8052,7997.7441,11957.7767,8409.2211,8655.8207,5986.1808,7458.4644,11573.5566,7774.8459,8029.7370,5379.6601,6723.2599,11112.5933,7096.2627,7372.7325,4696.9962,5930.1058,10665.5790,11.00000000000,17,201
17,133,01784865,17133,Monroe,Monroe County,06,H1,G4020,476,41180,,A,997173442.00000000000,33734465.00000000000,+38.2779831,-090.1790777,17133,2292.3395,2286.0159,2267.6004,2285.9660,2304.7892,2101.1232,2091.7399,2053.2749,2091.7312,2129.4881,2174.9722,2161.1064,2089.9096,2161.4302,2231.8771,2439.9786,2419.2315,2302.8692,2418.5288,2535.9929,2452.1488,2427.7771,2252.3512,2425.4937,2603.0284,2607.9098,2578.4639,2346.2855,2574.2918,2809.1522,2536.5336,2506.0300,2230.4718,2500.8555,2777.8274,2370.0642,2340.3330,2085.0206,2335.2562,2589.4788,2402.8102,2372.8528,2104.6812,2367.2743,2632.1590,2165.8458,2160.5657,1820.5247,2087.9049,2540.4007,2038.9048,2058.4120,1654.0036,1943.3544,2493.4391,2003.4027,2043.5503,1547.1531,1872.7882,2553.7149,1917.3324,1978.5224,1401.2278,1741.0554,2551.6722,1831.9181,1887.8578,1323.1857,1652.3480,2471.7057,1743.5218,1794.0225,1240.0425,1545.6004,2399.5473,1620.9892,1673.5591,1120.5997,1401.0244,2316.8410,1487.3249,1544.7661,983.5559,1242.2872,2235.3963,11.00000000000,17,133
17,129,00424266,17129,Menard,Menard County,06,H1,G4020,,44100,,A,814388302.00000000000,2641608.00000000000,+40.0225693,-089.7941326,17129,794.6299,792.4521,786.0758,792.4342,798.9476,658.9054,656.0254,643.9950,656.0184,667.8185,652.8818,648.8107,627.4565,648.8973,670.0147,716.0506,710.1947,676.0358,709.9726,744.3761,709.4165,702.5612,651.8129,701.9080,753.1955,817.5550,808.6323,736.0156,807.3831,880.7323,695.6691,687.6002,612.2578,686.2483,761.8804,651.6187,643.8148,573.9500,642.4948,711.9655,684.9445,676.8581,600.8270,675.3616,750.3777,560.1515,559.1158,471.4351,540.4015,657.1025,531.9658,537.5256,432.3660,507.6254,650.6337,527.2415,538.2811,407.9985,493.4638,672.1262,501.8559,518.3261,367.5441,456.2852,667.9325,480.7662,495.8743,347.9930,434.1837,648.7094,463.3156,477.1367,330.2259,411.2300,637.6770,429.3994,443.6814,297.4769,371.5774,613.7552,398.4519,414.1505,264.0461,333.1874,598.8782,11.00000000000,17,129
17,083,00424243,17083,Jersey,Jersey County,06,H1,G4020,476,41180,,A,956408129.00000000000,20348919.00000000000,+39.0801918,-090.3613647,17083,1442.8921,1438.8934,1427.2925,1438.8628,1450.7259,1288.3095,1282.5903,1259.0229,1282.5826,1305.7114,1244.9047,1237.1921,1196.4839,1237.3515,1277.6015,1326.9684,1315.9327,1252.6384,1315.5335,1379.3433,1205.4640,1193.8441,1107.6113,1192.7352,1279.8736,973.4603,962.9586,876.5612,961.4944,1048.7209,986.6780,975.0983,868.1333,973.1503,1080.5709,1015.8956,1003.5824,894.5299,1001.4943,1109.9698,964.9818,953.4257,846.1601,951.2835,1057.1473,842.3107,840.7687,708.9339,812.6313,988.1015,748.1524,755.7191,607.6335,713.6037,915.0049,712.5138,727.1911,550.9460,666.5626,908.2816,654.0451,675.2920,478.6300,594.3817,870.4656,600.8494,619.5423,434.5869,542.3916,810.7237,555.4652,571.8725,395.6201,492.8138,764.4926,514.7381,531.7212,356.3544,445.2525,735.7230,471.3839,489.8430,312.1753,394.0350,708.4890,11.00000000000,17,083
17,171,00424286,17171,Scott,Scott County,06,H1,G4020,,27300,,A,649861251.00000000000,4812703.00000000000,+39.6369795,-090.4777593,17171,314.3752,313.4954,310.9635,313.4891,316.0808,319.4649,318.0580,312.2198,318.0553,323.7833,322.6308,320.5862,310.0273,320.6328,331.0788,284.0005,281.6380,268.0916,281.5526,295.2095,272.4731,269.7862,250.2939,269.5333,289.2522,307.7853,304.2760,276.8556,303.7771,331.5260,272.7508,269.5486,239.9790,269.0098,298.7058,233.5217,230.5652,205.3853,230.0595,255.1390,226.7140,223.9984,198.7968,223.4950,248.3674,182.6799,182.2622,153.6032,176.1401,214.2788,167.6420,169.3358,136.1523,159.8984,205.0291,157.0001,160.2309,121.3934,146.8708,200.1365,139.1843,143.6992,101.8437,126.4793,185.2392,127.9753,131.9479,92.5478,115.5131,172.6757,118.0591,121.5359,84.0672,104.7298,162.4852,104.8055,108.2514,72.5359,90.6426,149.7993,90.9183,94.4668,60.1899,75.9851,136.6493,11.00000000000,17,171
17,131,01784750,17131,Mercer,Mercer County,06,H1,G4020,,19340,,A,1453506907.00000000000,19403406.00000000000,+41.2047906,-090.7414333,17131,968.1678,965.5067,957.7339,965.4852,973.4273,880.5990,876.6788,860.5641,876.6743,892.4905,824.6077,819.4218,792.4424,819.5363,846.2223,860.6313,853.3942,812.3471,853.1408,894.5492,800.2043,792.3563,735.1117,791.6151,849.5098,829.7524,820.5460,746.7633,819.2494,893.8284,796.9309,787.3839,700.8373,785.7665,872.7451,729.3801,720.4196,642.0164,718.8959,796.9154,736.0031,727.0775,645.1628,725.4205,806.2852,582.5716,581.3666,490.0742,561.8731,683.3721,530.7827,536.0561,430.9241,506.1528,649.1421,512.6448,523.1152,396.2415,479.4704,653.4864,475.0273,490.3810,347.4917,431.5968,632.2048,444.9491,458.7260,321.7125,401.5754,600.3622,418.9072,431.2255,298.2622,371.5880,576.5420,384.8316,397.4862,266.3448,332.8292,550.0428,349.5813,363.2403,231.4570,292.1815,525.4180,11.00000000000,17,131
17,047,00424225,17047,Edwards,Edwards County,06,H1,G4020,,,,A,576054180.00000000000,788767.00000000000,+38.4170954,-088.0479408,17047,393.1397,392.0371,388.8696,392.0294,395.2723,403.6749,401.8510,394.4501,401.8508,409.1184,343.0060,340.8683,329.6496,340.9137,352.0078,371.0257,367.8500,350.1568,367.7446,385.6124,343.0188,339.6113,315.0719,339.2919,364.1257,369.8645,365.6977,332.7743,365.1077,398.4082,306.4633,302.7554,269.4450,302.1251,335.6138,308.8279,304.9466,271.6720,304.2836,337.4180,277.4311,273.8775,242.8276,273.2138,303.9005,272.4336,271.8462,229.1352,262.7247,319.5661,221.4950,223.6312,179.7114,211.1363,270.8758,205.8485,209.9952,159.0068,192.4551,262.3954,193.3354,199.5304,141.3362,175.5916,257.3016,179.9717,185.4971,130.0442,162.3683,242.8285,167.9337,172.8319,119.4988,148.9133,231.1240,153.5912,158.6091,106.2437,132.7954,219.5268,141.2204,146.7117,93.4544,118.0001,212.2516,11.00000000000,17,047
17,035,00424219,17035,Cumberland,Cumberland County,06,H1,G4020,,16660,,A,896198602.00000000000,2535805.00000000000,+39.2731210,-088.2406193,17035,718.4320,716.4100,710.6180,716.3962,722.3281,681.2570,678.2293,665.7651,678.2254,690.4581,730.2801,725.7131,701.8248,725.8115,749.4366,751.9930,745.6883,709.8217,745.4655,781.6414,716.5003,709.3605,658.1020,708.6926,760.5740,637.9512,630.7759,573.9953,629.7606,687.1875,600.5676,593.4425,528.2754,592.2394,657.7092,586.0975,578.8307,515.7702,577.5927,640.3619,620.4111,612.5904,543.2698,611.1324,679.6191,518.5844,517.5428,436.3025,500.1977,608.3208,436.4740,440.8051,354.3489,416.2137,533.8027,418.2356,426.7744,323.2634,391.1664,533.1393,388.1338,400.6776,283.9250,352.6460,516.5598,358.9879,370.1057,259.5640,323.9969,484.3765,336.4686,346.3676,239.5744,298.4678,463.0822,314.1892,324.5255,217.4610,271.7386,449.0733,288.6754,299.9597,191.1403,241.2823,433.8773,11.00000000000,17,035
17,197,01785190,17197,Will,Will County,06,H1,G4020,176,16980,16974,A,2167580722.00000000000,31904495.00000000000,+41.4484742,-087.9784564,17197,50911.6792,50769.4885,50359.5968,50768.4604,51187.9315,49001.7834,48784.5073,47888.2388,48784.1970,49663.7480,43701.5656,43427.5625,41997.8989,43433.5355,44847.5374,44094.2969,43721.8940,41618.9246,43709.0188,45831.0439,42713.8269,42288.8848,39233.1470,42249.0930,45341.7168,50373.2595,49807.6174,45324.6736,49727.6260,54261.2781,49156.7622,48569.6401,43232.6033,48470.2720,53833.3794,48041.3206,47443.4172,42272.4517,47341.4795,52489.1445,44759.0210,44202.0242,39207.5386,44098.3259,49031.4072,36299.7919,36216.3196,30521.2179,34999.7052,42578.5894,37293.7737,37657.5586,30265.7371,35554.7988,45608.8293,35747.3741,36470.5869,27618.3474,33425.3949,45567.6060,33485.1746,34560.4076,24482.9567,30414.8484,44564.1577,32388.4666,33384.0255,23405.3274,29221.9724,43700.5518,31324.9722,32238.7532,22290.5262,27777.2150,43111.9695,29027.5822,29974.9971,20077.6150,25096.1589,41488.8484,26558.0237,27589.1311,17572.2766,22189.2293,39916.1001,11.00000000000,17,197
06,059,00277294,06059,Orange,Orange County,06,H1,G4020,348,31100,42044,A,2047561084.00000000000,407916814.00000000000,+33.6756872,-117.7772068,06059,227764.8868,227130.2163,225297.2029,227125.5394,229000.9739,227737.5801,226732.5110,222569.4915,226730.7369,230815.4380,216923.7273,215567.1761,208471.3512,215596.4130,222614.0310,252375.9619,250253.3430,238216.4893,250179.0454,262321.9695,268682.2375,266034.3389,246813.2742,265785.0005,285228.9678,274071.9568,271022.2444,246646.6042,270592.3223,295234.0837,244191.3005,241319.3293,214841.9287,240835.8174,267428.0188,242636.1101,239674.6643,213610.2864,239171.7576,265103.5540,249448.0923,246391.9634,218600.9128,245823.9744,273264.5161,235070.9116,234589.1968,197755.8140,226724.5178,275745.5500,244303.3315,246749.9058,198375.4531,232991.2749,298783.7598,238505.9412,243395.2808,184381.3809,223094.3938,304034.1411,230557.4543,238024.1760,168682.4170,209496.6233,306845.8286,225803.0164,232805.3081,163281.4521,203805.4368,304673.0942,219021.9983,225470.1797,155957.2488,194291.3132,301440.5942,208232.3425,215083.8660,144126.4270,180099.0122,297628.3896,197884.3525,205616.9084,131020.0933,165393.4583,297418.7188,11.00000000000,06,059
06,103,01692767,06103,Tehama,Tehama County,06,H1,G4020,,39780,,A,7639709781.00000000000,32276063.00000000000,+40.1261561,-122.2322757,06103,3576.7977,3566.8139,3538.0199,3566.7414,3596.2067,3439.1109,3423.8913,3361.0034,3423.8674,3485.5783,3310.9663,3290.1893,3181.8701,3290.6439,3397.7788,3777.4189,3745.5782,3565.4206,3744.4710,3926.2401,3782.6992,3745.8445,3475.2435,3742.3501,4015.9354,3982.9036,3938.6137,3584.3946,3932.3712,4290.4470,3400.4615,3360.5200,2991.8523,3353.7988,3724.0480,3266.3014,3225.9525,2874.6510,3219.0839,3568.7239,3591.4839,3546.6408,3145.7445,3538.2891,3934.2839,3094.4873,3087.5392,2602.1769,2983.8648,3629.7833,2501.8838,2526.1203,2030.1073,2385.0124,3059.6789,2463.7194,2513.3881,1903.1575,2303.4672,3140.5115,2380.0169,2456.2630,1739.8639,2161.5650,3167.4592,2244.4760,2313.2762,1621.6276,2024.7997,3028.3708,2089.6636,2150.4196,1486.6301,1852.7398,2875.9484,1897.1930,1958.9127,1311.8814,1639.9890,2711.6259,1722.1111,1788.7811,1139.1056,1438.5901,2588.2817,11.00000000000,06,103
06,011,01675902,06011,Colusa,Colusa County,06,H1,G4020,,,,A,2980379369.00000000000,14581020.00000000000,+39.1777385,-122.2375629,06011,1292.0457,1288.3994,1277.9776,1288.3750,1299.0511,1226.6381,1221.1804,1198.7348,1221.1739,1243.2034,1174.5031,1167.1055,1128.6760,1167.2699,1205.2828,1383.8680,1372.1449,1306.1463,1371.7432,1438.3519,1259.3218,1246.6988,1156.6057,1245.5220,1336.7369,1500.3327,1483.3160,1349.7017,1480.9012,1616.0853,1210.2951,1196.2766,1065.2146,1193.9292,1325.4890,1239.3635,1224.0417,1090.7335,1221.4330,1354.1139,1343.4766,1326.7464,1176.8224,1323.6314,1471.7141,1007.2285,1005.5046,847.9534,971.8864,1181.5931,840.4716,849.0665,682.7786,801.7780,1027.9285,841.0659,858.4946,650.5288,786.9541,1072.1667,815.7736,842.3826,597.1680,741.4927,1085.7190,756.7672,780.4365,547.5772,683.2997,1021.1142,719.4067,740.7953,512.6275,638.4402,990.1382,647.4752,668.9898,448.5177,560.2617,925.4569,570.0985,592.5809,377.8307,476.7452,856.8665,11.00000000000,06,011
06,083,00277306,06083,Santa Barbara,Santa Barbara County,06,H1,G4020,,42060,,A,7083838022.00000000000,2729829365.00000000000,+34.5373784,-120.0384850,06083,23624.2759,23558.2799,23368.0697,23557.8024,23752.4627,23639.8179,23534.8231,23102.3473,23534.6851,23959.1180,24119.5624,23968.0138,23178.8976,23971.3476,24751.8601,27983.9179,27747.2773,26412.6655,27739.1259,29085.9322,26091.3494,25832.0353,23965.4702,25807.7396,27696.7421,32360.8695,31999.1373,29120.1002,31948.0615,34859.0963,26148.1109,25836.2199,22997.6001,25783.4572,28635.8074,33126.4788,32720.4775,29160.4782,32651.4736,36193.8024,36118.1451,35674.1462,31648.8522,35591.5974,39566.3972,35984.2329,35907.4477,30266.6251,34702.8177,42209.8937,36116.0871,36475.1044,29321.7588,34440.4488,44169.6568,36678.8266,37427.7676,28350.0379,34305.0110,46755.7722,36765.6246,37953.1144,26893.3288,33403.1849,48930.5974,37052.6249,38198.3487,26787.5916,33438.7823,49994.3348,37704.0176,38810.5292,26841.4278,33442.2275,51891.8622,37159.4178,38378.5482,25713.3498,32134.5441,53112.0479,36973.5169,38414.8240,24474.1306,30898.5208,55570.7069,11.00000000000,06,083
06,051,00277290,06051,Mono,Mono County,06,H1,G4020,,,,A,7896827391.00000000000,214695487.00000000000,+37.9158363,-118.8751668,06051,886.9977,884.4323,877.2459,884.4184,891.7981,847.7322,843.8441,828.2723,843.8477,859.1473,820.6034,815.3472,788.4803,815.4722,842.0594,929.8543,921.8719,877.5306,921.6093,966.3960,725.1349,717.8880,666.0115,717.2112,769.7258,567.3236,560.8289,510.2722,559.9044,611.0759,535.9809,529.3452,470.9698,528.2087,586.9455,576.3834,568.9291,506.6394,567.6487,629.7305,587.8561,580.3114,514.5054,578.9020,643.9409,433.8579,432.7033,364.5095,418.1252,508.8645,406.8426,410.4703,329.5756,387.4446,497.4972,370.5808,377.7303,285.7011,346.0719,472.3417,347.9146,358.7362,253.7811,315.5744,462.9955,328.2123,337.9569,236.5866,295.6866,442.8138,312.6337,321.4199,221.8827,276.8025,430.2451,297.1666,306.5538,204.9904,256.5281,424.7155,278.5594,289.0939,183.8104,232.3920,418.6510,11.00000000000,06,051
06,053,00277291,06053,Monterey,Monterey County,06,H1,G4020,,41500,,A,8496702738.00000000000,1270714482.00000000000,+36.2401070,-121.3155732,06053,24953.5112,24883.5206,24682.4645,24883.0304,25088.8701,25827.1004,25712.5910,25240.2032,25712.4256,26176.0006,27274.8667,27103.5216,26211.1799,27107.2876,27989.8980,30318.0288,30064.2687,28618.2213,30055.2596,31513.6335,29651.6028,29362.0197,27240.8367,29334.6022,31479.4274,28614.2516,28302.1646,25760.7057,28258.4777,30825.5031,25688.7264,25390.4099,22607.9922,25340.4100,28133.6483,29365.4823,29010.3010,25858.6941,28950.0975,32084.8345,33277.0868,32873.1615,29169.1988,32798.1692,36454.7236,31955.4919,31894.4512,26890.8848,30826.3779,37485.8708,28049.1735,28334.9862,22784.6684,26756.5629,34305.0277,28522.2117,29111.6054,22057.8344,26685.0982,36359.0989,28350.6552,29273.2433,20749.7458,25766.4609,37731.8998,27801.1551,28667.5396,20110.7635,25098.1959,37512.1212,27429.1994,28240.6799,19538.1941,24337.0568,37751.2007,26695.3873,27577.2668,18483.2282,23093.1008,38156.2074,26009.5236,27028.8882,17226.3933,21742.6851,39092.3058,11.00000000000,06,053
49,003,01455966,49003,Box Elder,Box Elder County,06,H1,G4020,482,14940,,A,14880907163.00000000000,2547942103.00000000000,+41.4760210,-113.0529220,49003,2487.7712,2480.7943,2460.7503,2480.7453,2501.2661,2898.1994,2885.3547,2832.3479,2885.3357,2937.3528,3572.6120,3550.0999,3433.2028,3550.6011,3666.2323,3670.7829,3639.8658,3464.7929,3638.7881,3815.4186,2957.2839,2928.4350,2716.8808,2925.7018,3139.6023,3370.4482,3332.9014,3033.1143,3327.6061,3630.6807,3349.2953,3309.5285,2946.0747,3302.8117,3667.9638,3631.1364,3586.6686,3196.4735,3579.1121,3967.3611,3928.1323,3879.1692,3440.7708,3870.0519,4303.0748,3167.0143,3160.0271,2663.3881,3053.9520,3714.8863,2782.7451,2810.0491,2258.6142,2653.1880,3403.2146,2828.0126,2885.3957,2185.2127,2644.5312,3604.9221,2656.1780,2741.6337,1942.3666,2412.8329,3535.0217,2478.1819,2554.5062,1791.1017,2236.0903,3343.7319,2403.6305,2473.8894,1710.6483,2131.5846,3308.0828,2244.7611,2318.1576,1552.8741,1940.9006,3208.4250,2053.4098,2133.2478,1358.8560,1715.7651,3086.2350,11.00000000000,49,003
06,061,00277295,06061,Placer,Placer County,06,H1,G4020,472,40900,,A,3644136017.00000000000,247205361.00000000000,+39.0620324,-120.7227181,06061,25904.4913,25832.4987,25624.1215,25831.9589,26045.1030,26387.3619,26270.8196,25788.4165,26270.6210,26743.9602,27745.4980,27571.5915,26663.9292,27575.3774,28473.0900,31858.8002,31591.5348,30072.0267,31582.1093,33114.7779,30865.5621,30561.4417,28353.3742,30532.8008,32766.4520,33246.3322,32876.8221,29920.1703,32824.7526,35813.5323,32005.2949,31628.5395,28157.9770,31565.0920,35050.8114,32236.2502,31840.9276,28376.3900,31773.7301,35221.1312,33533.1342,33122.1239,29386.0296,33045.7323,36734.7380,31070.3445,31006.5091,26137.9495,29966.9613,36446.4484,30975.2557,31285.4368,25152.0169,29540.9729,37882.8335,30856.9880,31489.4101,23854.3093,28862.9211,39334.7569,30041.0696,31013.7833,21978.5923,27296.6671,39981.2420,29459.8514,30373.2365,21302.5297,26589.6581,39749.7815,29039.8065,29894.4923,20677.6726,25760.4596,39967.5454,27934.0015,28852.8079,19333.7519,24159.5726,39926.3016,26600.2500,27639.3944,17611.6229,22232.3630,39979.9609,11.00000000000,06,061
06,005,01675841,06005,Amador,Amador County,06,H1,G4020,,,,A,1539962991.00000000000,29456575.00000000000,+38.4435501,-120.6538563,06005,2087.3857,2081.4637,2064.6106,2081.4257,2098.6991,1810.8490,1802.7772,1769.6339,1802.7686,1835.2997,1817.1592,1805.5414,1746.0511,1805.8157,1864.6839,2057.7356,2040.4203,1942.2788,2039.8152,2138.8244,2245.8042,2223.4102,2062.7452,2221.3162,2383.9392,2435.8861,2408.4843,2191.6768,2404.6068,2623.8837,1903.6178,1881.5606,1675.4127,1877.8665,2084.8000,2001.7235,1976.4529,1760.6770,1972.1324,2187.0288,1949.9584,1925.2626,1707.2818,1920.6561,2136.0357,1909.5075,1904.0614,1603.6332,1839.8137,2239.5401,1803.8252,1820.6700,1462.5781,1718.7736,2205.8857,1772.9632,1808.0930,1368.4932,1656.8693,2259.9280,1713.4026,1767.7084,1251.5479,1555.4031,2280.2400,1654.6975,1704.8819,1194.5868,1492.0621,2232.5611,1586.4090,1632.0488,1127.7565,1405.9292,2183.2936,1476.5525,1524.1669,1020.2696,1275.8473,2110.3820,1375.5070,1428.4028,909.2068,1148.6126,2067.3240,11.00000000000,06,005
06,009,01675885,06009,Calaveras,Calaveras County,06,H1,G4020,,,,A,2641819725.00000000000,43810420.00000000000,+38.1878437,-120.5551154,06009,2621.8548,2614.5657,2593.4741,2614.5111,2636.0861,2222.0546,2212.1447,2171.4728,2212.1346,2252.0560,2201.6753,2187.7686,2115.7226,2188.0814,2259.3515,2702.8790,2679.8758,2550.9765,2679.0986,2809.2253,2811.7051,2784.2467,2583.1060,2781.6468,2985.0289,3048.7223,3014.5569,2743.2749,3009.7286,3284.0555,2537.1041,2507.4342,2232.4711,2502.4489,2778.5490,2223.9949,2196.6441,1957.5551,2191.9922,2429.9188,2187.3092,2160.5712,1916.9374,2155.6031,2396.1531,1966.8556,1962.8112,1654.6125,1897.0036,2307.1800,1914.2952,1933.5525,1554.5683,1825.7654,2341.2033,1886.6429,1925.4013,1458.6482,1764.8374,2404.9975,1816.4879,1875.3956,1329.1309,1650.6564,2417.5466,1747.3800,1801.6454,1263.6907,1577.2507,2357.7243,1647.7501,1696.3378,1173.4345,1461.7931,2267.8092,1515.3262,1565.2599,1048.9534,1310.6908,2165.8747,1390.3516,1444.7524,920.6849,1162.1554,2089.6926,11.00000000000,06,009
06,025,00277277,06025,Imperial,Imperial County,06,H1,G4020,,20940,,A,10817352524.00000000000,790247942.00000000000,+33.0408155,-115.3553946,06025,9616.9849,9590.3342,9513.0140,9590.1303,9669.1977,8784.9073,8746.8005,8586.5541,8746.6863,8903.8242,8278.1934,8227.2535,7956.6248,8228.2736,8495.8109,9375.5938,9299.1286,8851.8603,9296.2058,9746.6073,10500.9050,10399.2808,9648.0934,10389.6056,11148.8287,12107.0856,11972.4772,10895.7481,11953.5065,13041.9517,11402.5246,11264.0543,10024.2798,11240.4885,12487.0623,10831.7443,10696.1359,9529.5399,10672.9890,11834.5361,11296.0755,11154.0617,9892.2605,11127.5926,12374.1456,12618.9214,12588.9854,10608.4588,12165.8361,14801.4009,10024.0245,10120.0255,8131.8739,9554.3835,12258.7009,9875.4173,10073.4226,7626.6001,9231.7087,12588.0967,9954.2146,10272.1522,7275.1956,9039.3607,13247.5391,9639.5491,9934.1852,6963.0868,8695.0104,13006.1357,9220.3724,9487.7067,6558.2618,8174.0331,12689.6939,8597.8940,8876.9823,5944.2233,7431.4945,12288.7806,8120.6905,8434.6027,5370.6587,6783.1535,12205.1267,11.00000000000,06,025
37,069,01008553,37069,Franklin,Franklin County,06,H1,G4020,450,39580,,A,1273451203.00000000000,7294554.00000000000,+36.0882406,-078.2830903,37069,4668.6382,4655.6758,4618.1274,4655.5779,4693.9817,4689.0966,4668.5291,4582.8780,4668.4837,4752.5057,4099.9844,4074.5101,3940.4269,4075.0436,4207.6273,4423.9604,4387.0952,4176.0829,4385.7694,4598.5254,4486.2691,4442.7778,4121.8492,4438.6418,4763.0305,4790.9154,4738.2572,4312.5161,4730.8658,5161.0298,4798.0021,4742.2224,4222.4891,4732.8696,5254.6445,5166.9501,5104.1473,4549.3379,5093.4913,5645.4108,5270.7841,5206.5719,4619.6844,5194.6454,5774.0642,4571.5425,4561.7668,3845.1237,4408.7223,5362.4636,4553.7700,4599.6619,3698.1873,4343.2764,5569.3223,4480.5834,4572.7183,3464.2935,4191.4182,5711.6331,4324.6563,4464.9931,3164.5225,3929.9621,5755.6519,4284.3776,4417.5019,3098.5501,3867.3311,5780.8789,4224.1198,4348.7210,3008.2550,3747.4610,5813.6873,4076.5767,4210.9210,2821.9460,3526.0742,5826.7031,3873.0558,4024.5897,2564.7060,3237.3669,5821.1859,11.00000000000,37,069
37,031,01026337,37031,Carteret,Carteret County,06,H1,G4020,,33980,,A,1311185243.00000000000,2161018307.00000000000,+34.8583130,-076.5269665,37031,4652.7019,4639.8372,4602.4445,4639.7371,4677.9665,4496.3693,4476.5714,4394.4016,4476.5331,4557.1505,4511.7382,4483.8892,4336.3757,4484.4550,4630.2946,4898.3909,4858.1039,4624.4383,4856.5997,5092.0160,4757.3350,4712.1352,4371.8304,4707.7839,5051.4244,4929.8648,4876.1943,4438.3879,4868.6865,5310.8632,4707.4014,4653.1258,4143.5592,4644.0519,5155.4729,4859.1023,4800.3006,4278.7777,4790.3325,5309.0714,5127.8096,5065.5125,4494.7029,5053.9454,5617.4589,4696.2834,4687.5267,3952.3574,4530.6098,5509.0978,4901.2208,4951.3824,3981.7032,4675.6294,5994.3841,4872.2225,4973.1811,3768.4495,4558.7519,6210.9694,4730.7127,4884.9936,3462.9638,4299.9217,6296.1371,4686.7472,4833.1378,3390.8708,4231.5051,6323.8616,4639.4340,4777.0256,3305.3206,4116.8486,6385.3464,4538.1485,4688.3888,3142.6737,3926.1737,6486.4814,4407.1522,4580.1847,2919.4537,3684.5404,6623.9675,11.00000000000,37,031
37,057,01008548,37057,Davidson,Davidson County,06,H1,G4020,268,45640,,A,1431421129.00000000000,37148773.00000000000,+35.7951225,-080.2065247,37057,11991.7376,11958.2846,11861.7578,11958.0410,12056.8121,11150.3075,11101.2344,10897.4777,11101.1376,11301.0416,9295.6136,9237.6658,8933.6311,9238.8973,9539.5571,9366.8409,9289.2898,8842.4909,9286.4485,9736.7685,9405.3788,9314.1007,8641.2786,9305.4259,9985.5383,10366.9056,10252.3368,9330.7475,10236.2241,11167.6023,9853.3380,9738.8444,8671.5469,9719.6498,10791.1210,9581.1125,9465.0000,8436.5184,9445.3109,10468.3454,9515.1133,9399.2054,8339.7341,9377.6776,10423.6639,7981.1611,7966.3726,6717.0544,7699.7203,9362.5317,7694.7352,7773.1321,6250.5048,7340.1202,9410.9036,7273.7348,7424.2411,5625.5376,6805.4846,9272.3219,6878.2689,7102.4304,5034.7435,6251.7190,9154.3201,6611.4510,6817.8667,4783.2371,5969.1366,8920.8698,6345.4009,6533.5658,4520.6846,5630.6296,8733.3015,5911.1012,6106.8777,4093.5923,5114.0863,8448.8807,5410.8138,5623.4353,3584.6415,4523.8634,8132.4863,11.00000000000,37,057
42,021,01213662,42021,Cambria,Cambria County,06,H1,G4020,,27780,,A,1782819861.00000000000,13680552.00000000000,+40.4941269,-078.7152843,42021,7956.6241,7934.4704,7870.4457,7934.3061,7999.8075,7453.7761,7420.9814,7284.7789,7420.9163,7554.5423,6617.5078,6576.5907,6360.2148,6577.4287,6791.3587,6568.4676,6514.0403,6200.7262,6512.0510,6827.8498,6303.1248,6242.3772,5791.4843,6236.5798,6692.2045,5119.6563,5063.3070,4608.3099,5055.3937,5515.1444,4757.4220,4701.8836,4186.3653,4692.5574,5210.1757,5369.0615,5304.7082,4729.0041,5293.8210,5866.2905,5327.5171,5263.9312,4671.9298,5252.1487,5836.3742,4683.1116,4674.9631,3942.3226,4518.6239,5493.7881,4047.5311,4089.1024,3288.4316,3861.4171,4950.3123,3807.4793,3886.6133,2945.3344,3562.8121,4853.6941,3503.4375,3618.0102,2565.1186,3184.8022,4662.7764,3241.1785,3342.7278,2345.5363,2926.7459,4373.3733,2995.8409,3084.9911,2134.8881,2658.7737,4123.2607,2814.7354,2908.2189,1949.7367,2435.5396,4023.1880,2613.1197,2715.9952,1731.5218,2185.0071,3927.5470,11.00000000000,42,021
37,163,01026131,37163,Sampson,Sampson County,06,H1,G4020,,,,A,2446865522.00000000000,4805674.00000000000,+34.9905745,-078.3713822,37163,4040.1596,4028.9446,3996.4520,4028.8597,4062.0918,4132.4804,4114.1620,4038.5791,4114.1353,4188.3074,3716.1582,3693.0318,3571.4940,3693.5196,3813.7033,3650.7430,3620.2566,3446.1278,3619.1670,3794.7564,3402.5565,3369.1315,3125.7202,3365.9780,3612.1732,3645.6283,3605.3931,3281.3365,3599.7371,3927.2173,3570.2072,3528.3601,3141.3579,3521.3232,3909.9568,3662.0638,3617.4492,3224.1372,3609.8756,4001.1657,3683.5023,3638.7694,3228.7509,3630.4638,4035.2383,3379.9932,3373.5955,2844.4055,3260.6371,3964.9662,3174.3899,3206.2328,2577.7123,3027.4715,3882.2977,3127.2930,3191.4458,2417.6875,2925.2715,3986.5048,3082.6844,3182.5457,2255.4261,2801.1230,4102.7058,3057.7790,3152.6181,2211.1512,2759.9118,4125.8232,3099.6783,3190.9205,2207.1373,2749.6619,4266.0947,3084.6385,3186.0887,2134.9303,2667.8312,4408.8987,3023.6606,3141.7535,2001.8717,2527.1279,4544.5358,11.00000000000,37,163
37,101,01026327,37101,Johnston,Johnston County,06,H1,G4020,450,39580,,A,2049455206.00000000000,10890982.00000000000,+35.5134050,-078.3672671,37101,14900.9440,14859.4845,14739.5968,14859.1761,14981.8208,16010.3343,15939.7623,15647.1402,15939.6314,16226.7367,15040.2277,14946.9077,14455.0673,14948.8499,15435.1729,15913.4728,15781.3863,15022.3279,15776.5819,16541.7352,16315.2207,16156.9384,14989.8157,16141.8927,17321.6415,18483.0908,18280.6957,16638.6244,18252.3239,19911.1925,19259.8196,19035.2865,16948.5174,18997.6010,21092.7708,20263.1177,20016.9921,17841.3563,19975.2368,22139.4970,21620.2888,21357.8910,18951.4391,21309.1758,23684.8196,19787.8450,19749.3036,16650.3432,19087.7432,23212.2488,20372.2941,20578.8197,16546.7905,19432.1315,24915.7880,20571.6626,20995.7725,15907.4918,19245.3960,26223.9028,20383.2863,21045.6689,14916.8614,18524.1591,27128.0435,20631.6434,21273.5055,14922.6030,18624.3461,27838.1951,20883.2603,21499.8939,14873.3517,18527.5453,28741.8359,20600.0714,21279.4264,14260.9174,17818.8259,29443.9783,20067.9315,20853.4053,13289.3780,16774.5436,30162.0313,11.00000000000,37,101
37,027,01008541,37027,Caldwell,Caldwell County,06,H1,G4020,,25860,,A,1221349765.00000000000,7115682.00000000000,+35.9578566,-081.5300759,37027,5996.9154,5980.1216,5931.8167,5980.0025,6029.4492,5469.1961,5444.8714,5344.7987,5444.8420,5543.0583,4436.8716,4409.0098,4263.8526,4409.6212,4553.1939,4192.6993,4157.4227,3957.4563,4156.1895,4357.9227,4643.7600,4598.1478,4265.9437,4593.8441,4929.8454,4970.7644,4915.2471,4473.0398,4907.4101,5354.5158,4343.5286,4291.7712,3820.2815,4283.0184,4756.7722,3847.7374,3800.3764,3386.6911,3792.3197,4204.0043,3716.8906,3670.4778,3255.5795,3661.8337,4071.6601,3059.1722,3052.1292,2572.1667,2949.5969,3588.3170,2969.6834,2998.7853,2410.2792,2831.3777,3631.8287,2718.3207,2773.4575,2100.4174,2541.9301,3465.0930,2465.6444,2544.9653,1803.0280,2239.7490,3281.4463,2313.4875,2384.7480,1672.0838,2087.4956,3121.5157,2111.0008,2172.7233,1502.4158,1872.0970,2905.3422,1857.8508,1918.6245,1285.2678,1606.3991,2655.4181,1642.7763,1706.6838,1087.1798,1372.6959,2469.0629,11.00000000000,37,027
42,003,01213657,42003,Allegheny,Allegheny County,06,H1,G4020,430,38300,,A,1890884266.00000000000,37418903.00000000000,+40.4689204,-079.9809196,42003,72945.8615,72743.0752,72156.2657,72741.5574,73341.8099,67746.6105,67446.5011,66207.5219,67446.0502,68661.8812,70367.3198,69925.3069,67623.1330,69935.0178,72212.0787,90879.7340,90110.8242,85776.5981,90084.3828,94458.3452,105352.9675,104308.9879,96772.1213,104210.9991,111837.3362,86640.9788,85661.7789,77947.7437,85522.9937,93326.4583,74071.9109,73182.2467,65136.2485,73031.3889,81118.3080,80299.7996,79301.0896,70658.5573,79130.8413,87734.2559,82742.2336,81708.6626,72472.2166,81516.1584,90639.7598,80238.3154,80054.9385,67467.1992,77365.9600,94117.4597,80954.5605,81742.2742,65695.1770,77177.2593,99003.9507,79827.2441,81440.3296,61671.0046,74639.6348,101756.5161,77531.5647,80019.3896,56684.8018,70420.3132,103183.6836,75015.6785,77319.7197,54206.5215,67679.4058,101215.6997,70942.9922,73010.5625,50478.9585,62905.8140,97637.3535,68261.1521,70487.4063,47211.4619,59013.9216,97564.9028,65941.0156,68499.8071,43627.8652,55092.0640,99107.7495,11.00000000000,42,003
37,153,01008581,37153,Richmond,Richmond County,06,H1,G4020,,40460,,A,1227191624.00000000000,15790811.00000000000,+35.0019574,-079.7478094,37153,2805.3822,2797.6097,2775.0554,2797.5502,2820.6135,2874.9028,2862.3107,2809.8070,2862.2817,2913.7843,2466.4685,2451.3026,2370.6715,2451.6051,2531.3135,2306.8630,2288.2139,2178.1561,2287.4833,2398.2562,2440.9767,2418.1621,2243.5585,2415.9439,2592.1220,2449.9165,2424.4360,2207.5190,2420.9315,2639.6019,2293.9781,2268.1112,2020.2480,2263.8213,2512.3961,2027.5312,2003.8363,1786.9727,1999.8491,2215.3363,2109.5873,2084.9154,1850.9575,2080.3545,2311.1458,1781.1518,1778.5069,1500.2213,1719.1529,2089.5907,1534.8278,1551.2618,1248.1502,1465.0929,1877.2723,1434.1590,1464.5869,1110.5023,1342.7817,1828.3106,1317.8417,1361.4918,965.8331,1198.6783,1753.9837,1220.7051,1259.4358,884.2220,1102.8991,1647.1601,1100.1274,1133.3105,784.7499,976.9155,1514.1722,952.1305,984.1478,660.2295,824.3564,1360.9371,820.7133,853.3567,544.4198,686.6628,1233.5614,11.00000000000,37,153
37,123,01008572,37123,Montgomery,Montgomery County,06,H1,G4020,,,,A,1273651813.00000000000,25988964.00000000000,+35.3380706,-079.9041962,37123,1602.3256,1597.8448,1584.9414,1597.8127,1611.0193,1560.9106,1554.0151,1525.4784,1554.0034,1582.0043,1442.9504,1433.7068,1386.4638,1433.9268,1480.6781,1333.1251,1321.8496,1258.2702,1321.4615,1385.6226,1217.8558,1205.5111,1118.3824,1204.3679,1292.6314,1336.9530,1321.5877,1202.4129,1319.3976,1440.0421,1334.1573,1318.1078,1173.1664,1315.3849,1461.0716,1375.3751,1358.3124,1210.3216,1355.4053,1502.7151,1305.7867,1289.4111,1143.5884,1286.3598,1430.4127,1170.0582,1167.3921,983.8404,1128.1825,1372.4499,1014.1183,1023.7521,822.5541,966.5069,1240.1850,955.2006,974.2608,737.5226,892.8222,1217.5736,920.3882,949.6796,672.4992,835.6661,1224.8868,879.3222,906.0953,634.9955,793.0292,1186.4139,863.7546,888.7071,614.2116,765.6191,1188.7496,833.4335,860.4117,576.0680,720.2748,1191.2029,771.9230,801.6938,510.3928,644.6975,1160.1702,11.00000000000,37,123
37,179,01008590,37179,Union,Union County,06,H1,G4020,172,16740,,A,1635630037.00000000000,20736444.00000000000,+34.9915012,-080.5301312,37179,19190.9167,19137.1835,18982.6056,19136.8015,19295.0297,20167.9556,20078.6755,19709.8675,20078.5375,20440.4456,18503.5270,18387.8091,17782.5376,18390.3037,18988.9055,19601.9990,19437.7765,18502.8469,19431.9619,20374.9128,19765.5115,19571.6865,18157.7115,19553.3802,20983.4027,23055.6482,22800.5623,20750.8213,22764.6732,24836.2876,25228.5526,24931.3024,22195.3797,24881.2270,27629.1872,27654.9351,27316.1251,24344.2528,27258.5453,30215.6331,27805.6910,27465.3587,24367.8239,27402.1138,30460.5210,25212.9914,25162.2950,21212.4366,24318.9826,29575.8644,27088.7755,27361.1101,21998.0595,25835.7963,33129.8303,27326.3149,27887.3903,21126.6663,25561.6895,34834.1763,27147.8815,28027.8113,19863.4167,24668.9091,36130.8171,27681.9586,28540.8877,20018.0796,24985.8284,37350.9546,28257.6382,29089.7629,20121.5380,25067.2018,38891.0825,28091.5529,29015.8043,19443.2620,24296.1649,40151.5074,27477.9438,28551.4865,18192.9293,22966.0718,41299.1345,11.00000000000,37,179
37,051,01026124,37051,Cumberland,Cumberland County,06,H1,G4020,,22180,,A,1689487711.00000000000,15675494.00000000000,+35.0501921,-078.8287186,37051,16713.1190,16667.2880,16533.1636,16666.9115,16803.9274,16350.3258,16278.9869,15980.5256,16278.8026,16571.5334,16402.4197,16300.7494,15764.3820,16302.8555,16833.1924,19620.7041,19456.5004,18520.6715,19450.6688,20394.4683,20805.5761,20600.4849,19112.0884,20581.1743,22086.8500,20024.5394,19800.2271,18018.4507,19768.5323,21570.2759,19760.9127,19522.4820,17375.1216,19481.9906,21640.6259,20382.2266,20124.8978,17927.7813,20080.9017,22269.0663,21613.7610,21339.3975,18922.6754,21288.2075,23676.2055,20090.7251,20038.9472,16882.4350,19364.2736,23564.4767,18082.3099,18252.8278,14664.4084,17231.7946,22113.0049,18190.5406,18552.8532,14043.9880,17001.7897,23187.0103,17847.7952,18415.4536,13040.2339,16204.4611,23752.4774,17474.4716,18006.4872,12618.9869,15759.5529,23577.1965,17056.6163,17549.4330,12129.0101,15118.8273,23474.3193,16514.4713,17049.2256,11415.0998,14272.4619,23603.6799,15913.0839,16527.2250,10522.4268,13290.8647,23916.7720,11.00000000000,37,051
42,001,01213656,42001,Adams,Adams County,06,H1,G4020,564,23900,,A,1343342705.00000000000,8081576.00000000000,+39.8694707,-077.2177296,42001,7055.4001,7035.8004,6979.0506,7035.6527,7093.6986,6088.6834,6061.7417,5950.4049,6061.6993,6170.9513,5228.2619,5195.5654,5024.5429,5196.2704,5365.4080,5723.9931,5675.6460,5402.6543,5673.9751,5949.4418,6026.7113,5967.1475,5536.0043,5961.5481,6397.7531,4864.4060,4809.9751,4377.1745,4802.2869,5239.9169,4559.0687,4504.5611,4009.5321,4495.3328,4992.7976,5272.8064,5206.7593,4638.8390,5195.4846,5760.9555,5152.0843,5087.4123,4512.0018,5075.3607,5643.7990,4430.9674,4419.7408,3723.7329,4270.9886,5197.1428,3980.2623,4018.0979,3228.4446,3793.4253,4867.5445,3723.8750,3798.2032,2875.2896,3480.7181,4746.7459,3453.3301,3563.2177,2523.2160,3135.4310,4595.8186,3208.7995,3306.4455,2317.1163,2893.8331,4329.4256,2918.4001,3002.5673,2075.0131,2586.6473,4016.4616,2709.6508,2797.1871,1872.5970,2341.5311,3872.8151,2496.1768,2592.2784,1650.1629,2084.5592,3751.6462,11.00000000000,42,001
42,061,01213672,42061,Huntingdon,Huntingdon County,06,H1,G4020,,26500,,A,2265305450.00000000000,37883358.00000000000,+40.4223212,-077.9685836,42061,2899.2074,2890.9363,2867.5053,2890.8856,2914.9140,2709.1946,2696.9600,2647.2934,2696.9582,2745.7298,2313.4764,2298.7574,2223.0324,2299.0984,2374.0219,2311.7577,2292.1165,2181.8681,2291.4495,2402.7363,2460.1259,2435.6004,2259.6028,2433.3067,2611.4472,2251.8615,2225.2429,2024.1093,2221.4135,2425.2819,2421.2639,2390.2547,2125.7396,2384.8866,2651.3749,2641.2825,2606.6752,2320.8329,2600.7157,2885.7200,2780.9882,2744.0600,2431.6215,2737.1372,3046.1603,2438.7094,2430.9096,2046.5452,2348.6568,2860.0027,2108.2956,2126.3732,1706.6275,2006.8695,2577.9587,2016.8161,2055.1119,1553.7991,1882.6578,2570.5564,1901.9299,1960.5381,1386.3929,1724.4473,2530.9892,1792.3302,1845.0306,1291.0856,1614.0577,2418.1104,1675.7164,1722.2990,1188.3961,1483.0126,2306.0725,1596.7058,1646.6824,1100.6166,1377.7723,2282.0067,1494.7933,1550.9146,985.6266,1246.5506,2246.5216,11.00000000000,42,061
37,023,01008539,37023,Burke,Burke County,06,H1,G4020,,25860,,A,1313381247.00000000000,20658001.00000000000,+35.7461820,-081.7061795,37023,6434.0908,6416.0758,6364.2511,6415.9479,6468.9966,6040.6181,6013.9889,5903.5823,6013.9398,6122.2651,5129.9807,5098.2091,4930.4614,5098.8648,5264.7231,5245.9356,5202.1183,4951.9041,5200.5531,5452.8692,5558.7563,5504.6861,5107.0334,5499.5543,5901.5602,5745.7706,5683.2219,5172.9594,5674.4721,6189.8266,4718.9310,4664.8352,4154.2648,4655.8099,5168.1359,4436.3298,4382.5658,3906.3491,4373.4492,4847.1441,4273.6805,4221.5469,3745.6211,4211.8623,4681.7439,3441.1970,3434.9338,2896.3618,3319.9891,4036.8233,3530.6136,3566.5992,2867.9755,3367.9219,4318.0538,3322.6624,3391.3263,2569.6076,3108.6538,4235.6121,3088.4771,3188.9824,2260.4454,2806.9589,4110.4556,2942.1278,3033.7899,2128.2289,2656.0480,3969.8131,2753.1136,2834.5028,1960.9747,2442.6736,3789.1450,2498.4476,2580.8808,1729.6816,2161.1771,3571.0699,2286.6303,2376.1357,1514.2603,1911.3730,3436.7977,11.00000000000,37,023
37,097,01008565,37097,Iredell,Iredell County,06,H1,G4020,172,44380,,A,1486221270.00000000000,59749281.00000000000,+35.8063558,-080.8745449,37097,13265.4600,13228.4449,13121.6605,13228.1750,13337.4452,13757.9339,13697.0298,13445.4409,13696.9354,13943.8185,12750.4323,12670.6141,12253.5172,12672.3421,13084.8530,14326.1569,14205.9677,13522.6805,14201.7302,14890.9365,14963.9751,14815.7242,13745.2144,14801.8073,15885.0145,16932.4900,16743.6066,15237.3936,16716.9559,18239.7746,16642.1045,16445.7650,14640.8043,16412.6751,18225.6613,16736.8153,16532.1337,14733.8776,16497.3610,18286.5749,16990.9409,16780.9956,14886.4073,16741.9399,18612.9594,15874.1543,15841.3201,13353.7477,15310.1525,18620.8062,16629.8745,16795.4075,13501.7720,15858.5941,20338.2265,16502.2538,16839.4789,12755.4984,15434.5820,21036.0275,16229.1802,16753.6636,11871.8364,14745.2980,21599.1005,16235.2849,16737.6083,11737.9972,14652.1999,21905.9585,16239.7870,16716.7022,11561.6399,14404.5661,22350.7688,15801.8022,16320.5485,10935.0005,13665.4071,22585.5768,15216.7512,15810.2633,10073.1167,12716.9427,22870.5959,11.00000000000,37,097
37,063,01008550,37063,Durham,Durham County,06,H1,G4020,450,20500,,A,740672748.00000000000,30797770.00000000000,+36.0365885,-078.8779193,37063,19604.5078,19550.3923,19392.8821,19549.9666,19710.9754,23195.1077,23093.4555,22669.8182,23093.2251,23508.7922,25520.2800,25362.5002,24528.0540,25365.7305,26190.7420,30082.4275,29836.8848,28401.7923,29827.5190,31272.7302,31979.9816,31675.1581,29387.5284,31645.8712,33956.2775,28069.3099,27763.8974,25271.2400,27721.1824,30238.6613,26974.3014,26661.8944,23740.8871,26609.5817,29541.6747,32230.9646,31847.4181,28393.8842,31782.6281,35216.0366,36021.1971,35587.9835,31582.2516,35507.6370,39461.3578,35022.2012,34959.2904,29478.7297,33789.6573,41084.2892,37249.7512,37632.2903,30263.6171,35536.8730,45558.1107,37780.2417,38564.0374,29222.9970,35350.7069,48161.2809,37475.9119,38698.5620,27433.8073,34063.8368,49876.9843,37466.7687,38637.2040,27107.5590,33827.6800,50554.1946,37398.8542,38507.9435,26644.3743,33186.1910,51472.7946,37516.9052,38758.4421,25979.6194,32457.0770,53623.7533,37307.0824,38770.9749,24712.0173,31189.0428,56072.6438,11.00000000000,37,063
42,039,01213666,42039,Crawford,Crawford County,06,H1,G4020,,32740,,A,2621839209.00000000000,65310694.00000000000,+41.6868399,-080.1078113,42039,5517.3232,5501.9360,5457.5266,5501.8233,5547.2642,4939.5119,4917.7174,4827.4262,4917.6784,5006.2703,4431.6981,4404.0583,4259.1068,4404.6469,4547.9910,4811.3149,4770.8502,4541.3786,4769.4337,5000.9271,4935.4612,4886.9026,4533.8294,4882.3252,5239.4638,4429.8783,4380.8099,3986.9448,4373.9037,4771.9911,3901.8694,3855.4998,3432.0498,3847.6654,4273.1078,4295.4250,4243.2487,3782.0504,4234.3970,4693.1842,4326.2513,4273.4035,3791.5571,4263.5848,4739.3255,3933.2703,3925.4721,3309.3759,3793.9402,4613.9128,3130.1040,3162.0443,2542.6995,2985.9141,3828.2240,3003.3995,3065.5604,2322.8687,2810.0734,3828.6386,2864.4228,2957.7636,2096.6778,2603.4863,3812.2728,2694.0567,2778.1575,1949.0724,2432.3113,3635.1056,2527.0070,2601.9313,1800.3089,2242.3411,3477.9691,2362.2275,2440.4347,1635.8512,2043.6822,3376.3871,2225.7874,2313.1859,1474.4586,1860.8522,3345.3680,11.00000000000,42,039
42,045,01209177,42045,Delaware,Delaware County,06,H1,G4020,428,37980,37964,A,476152313.00000000000,17508872.00000000000,+39.9166704,-075.3987862,42045,35627.1005,35528.2587,35241.7604,35527.5090,35820.5122,32951.5939,32806.4673,32204.2691,32806.1908,33397.0167,33819.5483,33609.1127,32503.0421,33613.5497,34707.2908,39725.2373,39392.5938,37497.8673,39380.7987,41291.7261,42101.0865,41687.6049,38675.7882,41648.5890,44694.8143,37117.3185,36702.6361,33400.5524,36644.0942,39982.8024,32999.7946,32611.0697,29032.4622,32545.5903,36139.9142,37921.4286,37455.0992,33378.4092,37375.7865,41432.6471,39372.1409,38886.6454,34497.3358,38796.3505,43130.8756,37428.4875,37347.2045,31478.8505,36093.8916,43903.6772,35960.5289,36316.4202,29192.6985,34290.1282,43979.1528,35821.0649,36550.9514,27684.3549,33500.8235,45662.1677,34905.4158,36031.3879,25530.1670,31711.3040,46454.7571,34168.4170,35223.6196,24700.1143,30834.1790,46102.6130,33232.4094,34206.5129,23656.0344,29474.5623,45737.5142,32456.7512,33520.5015,22457.2893,28066.4221,46390.4373,31574.8098,32804.7236,20898.8517,26385.7031,47456.4626,11.00000000000,42,045
37,079,01008557,37079,Greene,Greene County,06,H1,G4020,,24780,,A,688749236.00000000000,1222022.00000000000,+35.4819328,-077.6816672,37079,1254.7333,1251.1116,1240.9493,1251.0915,1261.5249,1274.3115,1268.5129,1245.1289,1268.5151,1291.4838,1184.6245,1176.9129,1138.1039,1177.1077,1215.5289,1195.2462,1184.7713,1127.7841,1184.4483,1242.0806,1154.5938,1142.5543,1059.9462,1141.4578,1225.2636,1299.9503,1284.3406,1168.0972,1282.0837,1399.9913,1393.6713,1375.4031,1222.8212,1372.2183,1526.0741,1283.9786,1266.2561,1126.5016,1263.1752,1402.7521,1282.8952,1265.0760,1120.2295,1261.7204,1405.1263,1036.6223,1032.3236,868.1553,997.1282,1215.4629,990.0075,997.8191,800.2069,941.5313,1210.4405,919.1034,935.9022,706.9534,857.1423,1171.3749,826.8924,851.7473,601.6834,748.9441,1100.3300,761.4270,783.2282,547.4716,684.9453,1027.2218,703.0697,722.0781,497.6694,621.5381,967.5012,632.2218,651.4983,434.8875,544.8925,903.5334,562.5074,583.1624,370.0746,468.5211,845.3625,11.00000000000,37,079
42,035,01214721,42035,Clinton,Clinton County,06,H1,G4020,558,30820,,A,2299868539.00000000000,23178658.00000000000,+41.2453009,-077.6491409,42035,2177.9335,2171.8656,2154.3386,2171.8209,2189.7532,2226.5332,2216.6580,2175.9321,2216.6440,2256.6107,2012.0918,1999.5070,1933.6888,1999.7784,2064.8715,2288.1452,2268.9485,2159.8152,2268.2717,2378.3503,2492.6922,2467.4884,2289.1555,2465.1509,2645.7835,1730.3901,1710.8370,1556.7746,1708.0659,1863.9132,1315.4576,1298.9607,1155.5252,1296.1236,1440.5158,2275.1070,2247.2598,2002.7939,2242.5282,2485.7713,2462.4810,2431.8682,2157.1179,2426.1695,2697.5363,2242.2031,2237.2180,1885.5742,2162.1095,2630.0797,1973.6179,1992.8806,1601.7075,1881.6036,2413.6595,1930.2810,1969.3547,1491.3693,1804.9265,2460.5549,1871.8687,1932.0179,1368.7040,1700.2859,2491.2034,1800.2271,1855.6076,1301.0008,1624.2832,2428.9834,1736.7673,1787.4786,1235.9498,1540.1281,2390.2840,1707.6557,1763.4373,1181.2226,1476.4333,2440.7395,1715.1109,1781.7279,1134.8640,1433.0100,2577.7741,11.00000000000,42,035
37,143,01025841,37143,Perquimans,Perquimans County,06,H1,G4020,,21020,,A,639957337.00000000000,212061101.00000000000,+36.1782605,-076.4042691,37143,809.8239,807.5802,801.0695,807.5630,814.2206,730.7834,727.5335,714.1622,727.5296,740.6528,770.4201,765.6092,740.4093,765.7123,790.6335,810.4172,803.5760,764.9250,803.3392,842.3393,783.3851,775.5222,719.4780,774.7898,831.5358,699.3686,691.4822,629.2241,690.3653,753.3392,627.0793,619.5561,551.4468,618.2809,686.7338,603.0083,595.6243,530.8267,594.3695,658.8438,671.5303,663.2275,588.3433,661.6829,735.6365,594.4789,593.4072,500.3753,573.5526,697.3779,486.4039,491.2497,394.9179,463.8501,594.8694,469.1155,478.7186,362.6343,438.7853,598.0007,439.7686,454.0115,321.7486,399.5979,585.2823,406.8136,419.4449,294.2000,367.2021,548.9097,382.2770,393.5570,272.2494,339.1448,526.1310,357.5874,369.3838,247.5555,309.3137,511.1051,333.2151,346.2685,220.6814,278.5442,500.8218,11.00000000000,37,143
37,083,01008559,37083,Halifax,Halifax County,06,H1,G4020,,40260,,A,1875375057.00000000000,18371274.00000000000,+36.2514376,-077.6448423,37083,3178.5508,3169.7294,3144.1672,3169.6625,3195.8060,2712.9519,2701.0872,2651.5504,2701.0586,2749.6483,2445.9108,2430.6911,2350.6973,2431.0120,2510.1142,2685.0933,2662.6593,2534.5894,2661.8587,2791.0068,2686.4689,2660.0009,2467.8156,2657.5080,2851.9193,2924.9217,2892.1758,2631.9275,2887.5497,3150.7079,2332.3686,2304.4662,2051.2016,2299.7413,2554.2576,2260.5736,2232.7760,1989.7573,2228.0482,2469.8845,2193.1529,2165.8119,1921.0419,2160.7206,2402.4900,1886.8757,1882.6994,1586.7962,1819.4978,2213.2892,1687.6574,1703.9635,1369.3434,1608.7675,2063.9137,1587.8548,1619.7972,1226.4551,1484.4865,2024.0356,1486.4281,1533.9598,1086.4739,1349.8853,1978.2136,1374.1088,1416.1250,992.6093,1239.4861,1854.0140,1277.9036,1314.9423,908.9246,1132.8695,1758.7354,1162.2842,1199.9708,803.4815,1004.5557,1661.2244,1073.0949,1114.5202,709.5967,896.2796,1612.8222,11.00000000000,37,083
37,037,01008544,37037,Chatham,Chatham County,06,H1,G4020,450,20500,,A,1766851529.00000000000,71603066.00000000000,+35.7049939,-079.2514542,37037,5052.9231,5038.8195,4998.1420,5038.7167,5080.3421,5137.2451,5114.6817,5020.8292,5114.6342,5206.7058,4813.0185,4783.0074,4625.5849,4783.6459,4939.3218,4951.3748,4909.9641,4673.8021,4908.4907,5146.6549,4887.7415,4839.8138,4490.1572,4835.2871,5188.9112,5284.4923,5225.3384,4755.1492,5216.9820,5692.4257,5336.5252,5273.4622,4694.5945,5262.8277,5844.3029,5868.5345,5797.1522,5166.9626,5785.0387,6411.9592,6055.5229,5981.5359,5307.0745,5967.7897,6633.7075,5285.1522,5275.0413,4447.4838,5098.3878,6199.8237,5510.0507,5565.1029,4473.9623,5254.7562,6738.7890,5391.2281,5501.6158,4167.5567,5042.6969,6872.4223,5197.5296,5365.7276,3802.4438,4722.5894,6917.3114,5134.6423,5293.8264,3712.8581,4634.3724,6928.1027,5080.7542,5230.2659,3617.6902,4506.9767,6992.6507,4930.1344,5092.2734,3412.2161,4263.9479,7046.6804,4708.7886,4892.7497,3117.6378,3935.5971,7077.2719,11.00000000000,37,037
37,171,01008587,37171,Surry,Surry County,06,H1,G4020,268,34340,,A,1378304182.00000000000,10715854.00000000000,+36.4154160,-080.6864631,37171,5017.5340,5003.5707,4963.1997,5003.4669,5044.7669,4845.1251,4823.7601,4735.2008,4823.7211,4910.6117,3849.8622,3826.1171,3700.2475,3826.5978,3951.0366,3648.1576,3618.1769,3444.1496,3617.0550,3792.3783,3678.9710,3643.7533,3380.5824,3640.3784,3906.2244,4041.4705,3997.0565,3637.9181,3990.8227,4353.6896,3707.9318,3665.5139,3264.3989,3658.4421,4060.9076,3231.8579,3193.3170,2846.9517,3186.8035,3531.1718,3194.2372,3156.3208,2801.5623,3149.2994,3499.3597,2581.6926,2577.1377,2173.1995,2490.9367,3028.5848,2454.1716,2479.7169,1994.4947,2341.7486,3001.6170,2250.3561,2297.4955,1741.4426,2106.2127,2868.7510,2033.9015,2100.6648,1489.5915,1849.2316,2706.9713,1893.6242,1953.1955,1370.7728,1710.2284,2555.1187,1736.2927,1788.2303,1237.7833,1541.2808,2389.7304,1539.5443,1590.9446,1066.9011,1332.4766,2200.5369,1330.3037,1382.8860,881.8684,1112.6150,1999.4735,11.00000000000,37,171
42,073,01213676,42073,Lawrence,Lawrence County,06,H1,G4020,430,35260,,A,927669548.00000000000,11758743.00000000000,+40.9927352,-080.3344455,42073,5511.4498,5496.0786,5451.7168,5495.9662,5541.3587,5010.1984,4988.0315,4896.4169,4987.9961,5077.8950,4641.2746,4612.1948,4460.3628,4612.8267,4762.9927,4730.3899,4690.8656,4465.2423,4689.4553,4916.9789,4647.1472,4600.7765,4268.3184,4596.4421,4932.9634,4486.0837,4435.2476,4035.7577,4428.0361,4832.2041,3954.1668,3906.5024,3476.8505,3898.4103,4330.3034,3918.5648,3870.1398,3448.6687,3861.8957,4281.3783,3827.0984,3779.7746,3352.9989,3770.9701,4192.4433,3494.7387,3486.9152,2938.7933,3369.8366,4099.2773,2976.7551,3005.8515,2415.8878,2838.0261,3640.4650,2782.5849,2838.9507,2149.9432,2601.9305,3547.0029,2563.0755,2645.4611,1874.1562,2328.1663,3411.1080,2351.6175,2423.9851,1699.5259,2121.8151,3172.9575,2174.7703,2238.2931,1547.6888,1928.5683,2993.1019,1988.2901,2053.2651,1375.3899,1719.1017,2841.8499,1810.6436,1881.0175,1198.1592,1512.8863,2721.3605,11.00000000000,42,073
42,093,01213681,42093,Montour,Montour County,06,H1,G4020,,14100,,A,337326235.00000000000,5407929.00000000000,+41.0292610,-076.6652592,42093,1136.5017,1133.3486,1124.2093,1133.3247,1142.6715,1078.0173,1073.2568,1053.5493,1073.2486,1092.5858,1072.9257,1066.3102,1031.2318,1066.4439,1101.1234,1446.1528,1434.1293,1365.1501,1433.6940,1503.2340,1490.4309,1475.7680,1369.1456,1474.3858,1582.2356,1436.1833,1420.2221,1292.5004,1417.9730,1547.0822,1206.7035,1192.6082,1061.8425,1190.2408,1321.5419,1295.5009,1279.6900,1140.5261,1277.0051,1415.4608,1310.6174,1294.7633,1148.9325,1291.8210,1435.7752,1201.0305,1198.8466,1010.8784,1158.7297,1408.9137,1132.0649,1143.6318,919.6447,1079.9346,1384.5565,1129.3352,1152.7128,873.4496,1056.6458,1439.6412,1101.9869,1137.8925,806.6169,1001.5956,1466.6387,1060.5511,1093.6344,767.2366,957.4810,1431.0054,1025.2617,1055.6159,730.3470,909.7105,1411.0842,980.2081,1012.6019,678.6945,847.9544,1401.0303,938.1495,974.9267,621.3632,784.2583,1410.0391,11.00000000000,42,093
37,155,01026130,37155,Robeson,Robeson County,06,H1,G4020,354,31300,,A,2458470383.00000000000,4574244.00000000000,+34.6392096,-079.1008811,37155,7995.8237,7973.6441,7909.3469,7973.4754,8039.2317,8411.4892,8374.6903,8221.0953,8374.6023,8525.2621,7780.1133,7732.1568,7477.7953,7733.1249,7984.5913,7441.1539,7380.8200,7025.8191,7378.4758,7735.8434,7890.4327,7814.5710,7250.1331,7807.3202,8377.6150,7844.3453,7757.7499,7060.4614,7745.5759,8450.2379,6896.0479,6815.2711,6067.7972,6801.6909,7552.2990,6697.0206,6616.3781,5897.9499,6602.7216,7317.2104,7099.9985,7015.2213,6226.2260,6999.5113,7778.1496,6152.8469,6143.3033,5181.6627,5938.1737,7218.2258,5296.0610,5350.0764,4302.1399,5052.0617,6477.2585,5007.2924,5111.0052,3872.8417,4685.0752,6383.1471,4649.1947,4801.1492,3403.8598,4226.2435,6187.6737,4287.9826,4422.1903,3102.8345,3871.8208,5785.8301,3917.4319,4034.0343,2791.6782,3476.7099,5391.6744,3549.1286,3667.4043,2459.1532,3071.4998,5072.9068,3187.3446,3313.4696,2113.1652,2665.9451,4790.6526,11.00000000000,37,155
37,121,01008571,37121,Mitchell,Mitchell County,06,H1,G4020,,,,A,573487628.00000000000,1714316.00000000000,+36.0131020,-082.1635541,37121,1001.4011,998.5725,990.4938,998.5537,1006.8303,840.7906,836.9823,821.5625,836.9825,852.1259,779.2632,774.3279,748.8253,774.4401,799.6698,734.3957,728.1652,693.1412,727.9526,763.3034,781.9664,774.1558,718.2136,773.4262,830.0549,770.2920,761.5455,692.9407,760.3039,829.7182,680.1628,671.9120,597.9661,670.5082,744.8568,641.0640,633.0689,564.0525,631.7052,700.4149,622.9878,615.1063,545.4718,613.6363,682.4383,590.7243,589.3748,496.7028,569.5784,692.9044,519.3490,524.3667,421.3926,495.0716,635.1357,491.1353,501.0383,379.3919,459.1916,626.0520,461.7532,476.5620,337.5830,419.3909,614.5284,437.2273,450.6603,315.9484,394.4730,589.9339,411.6215,423.6361,292.9183,365.0118,566.5075,382.0015,394.4881,264.2535,330.2876,545.9924,358.6527,372.6037,237.3517,299.6867,539.0484,11.00000000000,37,121
42,117,01209189,42117,Tioga,Tioga County,06,H1,G4020,,,,A,2936496911.00000000000,8230721.00000000000,+41.7668593,-077.2572882,42117,2570.5636,2563.4072,2542.7229,2563.3541,2584.5151,2361.5956,2351.1589,2307.9817,2351.1415,2393.5083,2227.3956,2213.3483,2140.4650,2213.6622,2285.7579,2686.9574,2664.3960,2536.2422,2663.6025,2792.8729,2965.8615,2936.4463,2724.2707,2933.6868,3148.3905,1993.9832,1971.4555,1793.9267,1968.2631,2147.8472,1538.4816,1519.8388,1352.5942,1516.6683,1684.8171,2024.9960,2000.0237,1782.2668,1995.7741,2212.4901,2150.4302,2123.6884,1883.7474,2118.7101,2355.6976,2022.0506,2016.8050,1699.0873,1948.8938,2371.6613,1612.7999,1628.3659,1308.5756,1537.3883,1972.3643,1551.0126,1582.2290,1198.0246,1450.0617,1977.0747,1442.2234,1488.3834,1054.2351,1309.7937,1919.3875,1297.1478,1336.8903,937.1528,1170.1663,1750.1816,1150.6257,1184.0835,818.5859,1020.1740,1583.5758,1078.3050,1113.4073,745.6725,932.1468,1541.2048,1020.5609,1060.1058,675.1212,852.5829,1533.8747,11.00000000000,42,117
42,009,01209171,42009,Bedford,Bedford County,06,H1,G4020,,,,A,2621835502.00000000000,11936863.00000000000,+39.9971150,-078.4899795,42009,3359.9399,3350.4835,3323.3953,3350.4188,3378.1610,2991.1103,2977.9138,2923.2389,2977.8904,3031.5361,2623.2936,2606.9406,2521.1397,2607.2881,2692.1364,2591.1921,2569.3420,2445.7599,2568.5830,2693.2734,2659.9282,2633.1760,2442.8807,2630.6870,2823.3843,2771.8540,2740.4743,2493.6550,2736.0241,2985.7231,2613.4388,2581.6264,2297.4133,2576.2079,2862.0044,2362.3536,2332.3246,2077.4912,2327.1835,2581.0315,2224.3606,2196.3152,1947.7744,2191.0864,2436.6383,1966.0794,1961.3073,1652.6467,1895.3533,2306.0924,1700.6506,1716.9238,1379.6085,1620.9549,2079.7779,1567.9870,1599.3994,1210.8809,1465.7479,1998.6943,1436.2257,1482.0471,1049.5998,1304.1628,1911.3925,1334.2904,1375.0219,963.7299,1203.4834,1800.2832,1238.8173,1274.6896,881.0652,1098.1766,1704.9396,1115.7387,1151.9159,771.3046,964.3265,1594.6980,997.9330,1036.4700,659.9185,833.5184,1499.8576,11.00000000000,42,009
37,013,01026333,37013,Beaufort,Beaufort County,06,H1,G4020,,47820,,A,2142417945.00000000000,339348344.00000000000,+35.4823128,-076.8420144,37013,2871.1727,2863.1642,2840.0534,2863.1056,2886.7535,3026.1195,3012.7744,2957.4624,3012.7502,3067.0201,2844.6290,2826.9214,2733.8860,2827.2953,2919.2945,2760.8672,2738.0069,2606.3135,2737.1695,2869.9017,2593.6266,2568.4731,2382.9359,2566.0815,2753.6228,2808.8902,2777.9430,2528.2924,2773.5952,3025.8649,2628.4914,2598.0513,2313.4176,2592.9542,2878.6675,2640.8103,2609.3345,2326.3278,2604.0156,2885.3862,2527.4417,2497.1692,2216.2187,2491.5574,2768.8372,2115.1715,2111.9194,1781.3580,2041.4085,2481.4250,2146.2556,2168.6824,1744.4043,2048.0464,2625.0292,2058.1418,2101.2744,1592.7316,1926.3352,2623.7187,1931.3452,1994.8220,1414.6181,1756.0872,2570.4837,1871.0018,1929.9203,1354.4986,1689.8720,2524.5989,1831.5450,1886.3180,1305.6633,1625.8172,2520.8288,1748.3714,1806.6764,1211.4988,1513.1322,2499.0177,1646.4385,1711.4663,1091.3471,1376.9564,2474.6276,11.00000000000,37,013
42,089,01209184,42089,Monroe,Monroe County,06,H1,G4020,,20700,,A,1575452175.00000000000,23238961.00000000000,+41.0562332,-075.3290369,42089,12048.2024,12014.5467,11917.5424,12014.3032,12113.5764,9933.1810,9889.3695,9707.8055,9889.2902,10067.4347,8345.1818,8292.9540,8019.9658,8294.0834,8564.0685,8691.0350,8617.0735,8202.6009,8614.5740,9032.9917,10402.6097,10297.8710,9553.6508,10288.1330,11041.7891,10649.3501,10528.1415,9579.5161,10510.9214,11470.8383,9493.6585,9379.1684,8347.5657,9359.7284,10396.7289,8751.5771,8642.6450,7700.6505,8624.0730,9561.8261,7660.7327,7564.6647,6709.1618,7546.7642,8391.8839,6430.5345,6415.9029,5407.1360,6200.4153,7542.8657,8246.7944,8327.0548,6692.3588,7862.0237,10085.4777,7783.6094,7940.8154,6013.1348,7277.6884,9921.8279,7335.0332,7570.2443,5362.5179,6662.0648,9761.8908,7366.2666,7592.3583,5322.6124,6645.6716,9938.9994,7224.5977,7434.9837,5140.3142,6405.9049,9943.0490,6846.6183,7069.7126,4734.9735,5918.8675,9785.7814,6521.7744,6774.6363,4314.5574,5448.5202,9802.0562,11.00000000000,42,089
42,131,01209192,42131,Wyoming,Wyoming County,06,H1,G4020,,42540,,A,1029063118.00000000000,20021064.00000000000,+41.5251370,-076.0087796,42131,1746.7148,1741.8772,1727.8352,1741.8400,1756.1985,1695.5040,1687.9975,1656.9917,1687.9859,1718.4118,1429.3584,1420.3557,1373.5874,1420.5558,1466.8171,1593.8578,1580.3226,1504.3108,1579.8623,1656.5879,1654.1742,1637.4478,1519.1043,1635.8966,1755.7665,1497.6211,1480.5102,1347.0689,1478.0761,1613.1282,1283.0842,1267.5514,1128.0821,1264.9105,1405.1288,1321.7518,1305.0403,1162.5396,1302.1823,1444.1087,1335.7210,1318.7185,1169.3232,1315.5452,1463.1735,1161.1120,1158.0423,975.5547,1119.0323,1361.8533,1035.7121,1045.3441,839.7065,986.8275,1266.5589,962.3857,981.4109,742.7581,899.3135,1226.7107,888.2235,916.3294,648.7202,806.2591,1182.0666,817.2166,841.9592,589.9055,736.8409,1102.6062,750.3072,771.8573,533.3207,664.9024,1032.6066,688.9370,711.1317,476.0043,595.2640,984.6707,630.2968,654.5238,416.6043,526.3133,947.3066,11.00000000000,42,131
37,127,01008574,37127,Nash,Nash County,06,H1,G4020,,40580,,A,1399646368.00000000000,6118092.00000000000,+35.9659447,-077.9875546,37127,5998.6999,5982.0913,5933.8696,5981.9634,6031.2702,5772.3558,5747.0632,5641.6389,5747.0056,5850.4209,5015.8256,4984.9938,4821.0240,4985.6081,5147.7003,4902.1177,4861.8209,4627.9766,4860.3142,5095.9035,5008.7844,4960.5015,4602.1987,4955.8941,5317.9605,5457.1509,5397.5087,4912.7485,5389.1537,5878.8327,4985.3697,4927.5433,4387.6166,4917.8551,5459.8596,4916.2459,4856.3705,4328.3744,4846.2073,5371.4844,4962.2481,4901.8820,4349.4290,4890.6717,5436.0781,4340.2109,4331.9021,3652.3006,4186.8315,5091.3452,4289.4317,4332.5577,3483.3356,4091.0293,5246.0164,4106.6691,4191.0220,3175.0278,3841.5183,5234.9738,3880.4528,4006.2903,2839.3359,3526.1929,5164.4575,3751.6841,3868.1851,2713.1715,3386.3996,5062.1134,3615.8220,3722.4195,2574.9431,3207.7282,4976.4777,3391.9540,3503.6915,2347.9472,2933.8468,4848.1599,3165.6139,3289.4319,2096.1773,2645.9925,4757.9016,11.00000000000,37,127
42,083,01210235,42083,McKean,McKean County,06,H1,G4020,,14620,,A,2536109386.00000000000,13007418.00000000000,+41.8145902,-078.5724631,42083,2679.3468,2671.8062,2650.2050,2671.7547,2693.8770,2503.8046,2492.7310,2446.9495,2492.7130,2537.6366,2120.8779,2107.7199,2038.3638,2107.9935,2176.5713,2243.5840,2224.8284,2117.8175,2224.1600,2332.0755,2295.8179,2273.0302,2108.7888,2270.8934,2437.0984,2207.6892,2182.4192,1985.6839,2178.8221,2377.9482,2113.2486,2087.3587,1857.4117,2082.9396,2314.2216,2310.1018,2280.4846,2031.0630,2275.4056,2523.9281,2325.1350,2295.3942,2035.2054,2289.8407,2546.9783,2006.7639,2000.9442,1685.1375,1933.4015,2353.5828,1785.5605,1802.1452,1447.6118,1701.2579,2183.5354,1698.2621,1731.7865,1310.6146,1586.9019,2164.6942,1579.8511,1629.7687,1153.7298,1433.9721,2102.4926,1489.8478,1534.8592,1075.2763,1343.1943,2010.1261,1406.7701,1447.0586,999.7329,1246.4947,1936.0512,1328.2206,1370.8820,917.4748,1147.4652,1898.3648,1240.0349,1287.5665,819.3846,1035.2974,1863.7061,11.00000000000,42,083
42,133,01209193,42133,York,York County,06,H1,G4020,564,49620,,A,2341819225.00000000000,16941352.00000000000,+39.9218390,-076.7284464,42133,30047.5011,29963.4648,29721.4900,29962.8625,30210.5260,27384.8495,27263.7365,26763.0128,27263.5409,27754.8806,24903.0247,24747.2758,23932.6678,24750.6346,25556.2677,28556.2554,28316.8308,26954.8318,28308.3728,29682.1215,30064.6866,29768.0099,27617.2274,29740.0948,31915.9586,30507.7482,30165.8377,27451.1775,30117.5170,32862.6568,27980.0466,27646.5684,24609.2812,27590.1691,30642.0611,28856.9272,28499.3066,25394.6257,28438.3884,31528.6839,29255.0146,28890.0562,25624.7797,28822.0920,32047.3867,26499.1492,26438.8868,22281.9545,25550.9067,31082.8862,24823.9116,25066.9728,20147.4301,23667.5402,30358.8241,24346.4153,24839.9045,18811.6218,22766.1612,31034.7808,23642.6203,24402.7555,17288.1252,21475.9748,31465.1578,22966.6724,23673.5339,16598.2973,20722.4687,30988.1569,22208.5750,22857.2773,15804.8922,19694.3968,30565.3123,21181.6955,21873.8457,14652.2606,18313.9195,30274.8536,20144.1844,20927.0348,13329.8736,16831.3977,30276.2934,11.00000000000,42,133
42,049,01209178,42049,Erie,Erie County,06,H1,G4020,,21500,,A,2069799485.00000000000,1966000953.00000000000,+42.1179519,-080.0963858,42049,16761.1615,16714.3870,16579.4608,16714.0469,16852.1153,15590.0426,15521.1223,15236.0782,15521.0090,15800.7074,14775.4095,14682.9614,14199.6323,14684.9592,15162.9677,16938.3690,16795.9480,15988.0852,16790.9582,17605.9270,19381.9897,19190.6989,17804.1406,19172.7011,20575.4412,15089.4564,14919.4175,13576.2097,14895.3413,16253.9495,12923.6906,12766.9659,11361.9680,12740.3051,14152.9370,14885.5941,14698.6785,13094.9817,14666.7548,16263.6544,15620.3414,15423.8636,13678.9393,15387.2416,17111.0969,14260.0534,14226.4001,11988.4398,13748.2598,16726.4141,12393.8212,12513.3255,10055.7587,11814.1637,15156.9329,12029.9130,12271.9264,9291.8937,11246.7875,15334.5093,11497.8062,11865.7099,8404.4893,10441.9185,15301.8824,10862.2085,11194.8550,7847.3733,9798.6799,14655.8626,10043.9044,10335.7303,7145.0994,8904.8889,13823.1428,9497.5297,9806.4609,6567.3272,8209.8876,13574.6557,9041.7140,9391.8414,5980.8738,7553.2297,13589.4321,11.00000000000,42,049
37,067,01008552,37067,Forsyth,Forsyth County,06,H1,G4020,268,49180,,A,1057097245.00000000000,11781201.00000000000,+36.1316671,-080.2572892,37067,24939.0977,24869.8778,24669.3124,24869.3539,25074.4815,25492.2848,25380.4701,24914.8279,25380.2234,25837.0088,24702.8430,24549.7606,23741.9739,24552.9288,25351.6291,26910.9904,26688.7865,25405.1043,26680.5825,27974.1786,28103.0246,27832.2655,25821.9219,27806.4200,29837.8292,25525.7387,25243.9060,22974.8822,25204.2825,27497.3173,25398.5379,25099.9456,22346.1075,25049.6838,27815.4222,29899.2497,29538.4450,26330.2943,29477.3185,32668.0786,31823.5780,31436.8889,27894.3406,31365.0883,34862.3702,29535.2996,29478.1411,24852.9336,28490.7846,34646.6470,29857.7135,30160.7380,24251.6364,28480.2343,36516.7334,29749.2837,30363.0709,23005.1091,27831.9205,37923.2109,29108.2075,30054.6935,21302.9034,26454.0150,38740.0607,28931.6816,29832.4814,20927.1539,26117.7689,39037.4681,28742.2415,29591.7764,20472.1061,25501.0729,39558.2952,28594.2123,29537.9219,19796.3394,24734.5717,40870.1697,28088.2354,29188.2209,18601.6332,23479.3444,42216.5583,11.00000000000,37,067
42,051,01209179,42051,Fayette,Fayette County,06,H1,G4020,430,38300,,A,2046968639.00000000000,20644016.00000000000,+39.9141154,-079.6445856,42051,8864.4469,8839.6876,8768.3185,8839.5085,8912.5459,8177.3202,8141.1571,7991.6385,8141.0986,8287.8149,7175.2276,7130.3835,6895.6792,7131.3477,7363.4619,7466.5878,7404.2455,7048.1126,7402.0163,7761.1336,7884.4529,7806.0084,7241.9565,7798.6634,8369.5259,8376.1501,8281.3646,7535.5331,8267.9247,9022.4443,7565.7279,7474.8440,6653.0134,7459.4325,8285.4477,7042.5267,6954.2736,6195.7074,6939.2069,7694.5116,6817.8082,6731.6317,5969.6413,6715.5606,7468.4269,6570.3287,6554.3008,5522.7417,6333.8743,7706.5794,5799.8017,5855.1565,4704.6886,5527.8336,7092.7328,5446.9397,5555.9022,4206.1311,5091.5772,6943.1301,5145.1963,5309.1993,3759.8752,4671.9009,6847.4408,4860.9876,5009.2204,3510.7176,4384.2410,6558.6436,4574.7083,4707.0118,3253.3101,4055.1397,6295.9929,4200.2487,4336.2710,2903.3125,3630.0395,6003.3010,3831.3030,3979.0948,2533.2975,3199.8784,5758.3013,11.00000000000,42,051
42,099,01213682,42099,Perry,Perry County,06,H1,G4020,276,25420,,A,1428236088.00000000000,10598014.00000000000,+40.3977795,-077.2663284,42099,3280.1979,3271.0048,3244.5792,3270.9399,3297.9920,2938.4546,2925.3941,2871.6322,2925.3777,2978.1413,2669.3966,2652.5591,2565.2124,2652.9356,2739.3387,2887.8322,2863.4546,2725.7259,2862.6105,3001.5831,3007.7749,2977.8379,2762.6621,2975.0354,3192.8135,3191.7133,3156.2190,2872.3631,3151.2162,3438.1637,2584.6686,2554.3262,2274.1174,2549.2212,2830.6266,2476.2845,2445.5034,2179.0002,2440.2568,2705.5492,2539.0439,2506.5147,2222.3410,2500.4393,2781.2902,2377.4816,2371.2419,1997.6190,2291.3764,2788.5286,1951.5492,1970.0193,1582.7863,1859.8403,2386.5763,1849.5857,1886.4666,1428.0436,1728.7678,2357.6239,1744.7266,1800.2440,1274.8030,1584.1131,2321.9461,1634.9515,1684.7473,1180.6943,1474.5241,2205.9381,1522.9114,1566.9271,1082.9718,1349.9128,2095.9214,1367.0487,1411.3260,944.9481,1181.4715,1953.8859,1237.1801,1284.9352,818.0918,1033.3227,1859.4361,11.00000000000,42,099
42,085,01213678,42085,Mercer,Mercer County,06,H1,G4020,566,49660,,A,1741960803.00000000000,25978863.00000000000,+41.3000142,-080.2527863,42085,7136.9905,7117.0672,7059.6116,7116.9224,7175.7182,6481.0183,6452.3495,6333.8431,6452.3034,6568.5899,5863.6295,5826.8214,5634.9887,5827.6278,6017.3647,6537.0729,6482.1772,6170.3933,6480.2468,6794.7496,6498.9062,6434.5646,5969.6392,6428.5222,6898.9458,5326.8282,5266.3492,4791.9268,5257.7642,5737.7818,5114.5436,5053.2976,4497.8787,5042.9229,5601.1068,5520.8088,5452.4110,4858.4527,5440.7607,6031.9615,5282.8034,5216.7615,4626.9986,5204.4596,5787.0267,4827.4494,4815.2828,4057.0481,4653.2355,5662.1977,4270.6760,4311.5741,3464.5319,4070.5851,5222.7462,4013.7924,4094.2130,3099.6765,3752.0896,5116.3346,3715.1011,3833.6118,2714.9841,3373.4725,4944.2190,3428.0794,3532.6740,2475.9376,3091.9399,4625.3102,3161.4990,3252.9603,2248.3546,2802.4709,4351.0503,2966.9647,3063.0938,2050.9182,2564.2387,4240.6050,2729.1941,2834.5175,1804.6524,2279.4601,4101.8767,11.00000000000,42,085
42,033,01209175,42033,Clearfield,Clearfield County,06,H1,G4020,,20180,,A,2964816225.00000000000,23933885.00000000000,+41.0002489,-078.4737490,42033,5450.6827,5435.2533,5391.2634,5435.1525,5480.2292,5110.8235,5087.7931,4994.1242,5087.7865,5179.7600,4519.9184,4491.2821,4343.3588,4491.9343,4638.2759,4796.8201,4755.4636,4526.7291,4754.1207,4985.2136,4958.6345,4907.9985,4553.2383,4903.3296,5262.8455,5470.6478,5407.7864,4920.1444,5398.8272,5892.4788,5543.3262,5473.2555,4868.3872,5461.1748,6070.2564,5189.2186,5120.8195,4558.8742,5109.0281,5669.4314,5214.5871,5144.6481,4558.1645,5131.5237,5711.7225,4776.9898,4761.4938,4008.4193,4600.3240,5602.1740,4426.1215,4464.2347,3583.1486,4213.3915,5412.1509,4195.0457,4274.8430,3232.2013,3916.1692,5346.8613,3951.6340,4073.5571,2880.7663,3583.0709,5258.6419,3768.5893,3879.6277,2715.0585,3394.0417,5084.3879,3582.6423,3682.5582,2541.3293,3171.0566,4930.3547,3298.8661,3402.2961,2274.2352,2846.7604,4714.7410,3032.7426,3146.7103,1999.8962,2529.2190,4557.9088,11.00000000000,42,033
39,049,01074037,39049,Franklin,Franklin County,06,H1,G4020,198,18140,,A,1378361040.00000000000,29318642.00000000000,+39.9694465,-083.0082580,39049,76996.3369,76781.5454,76161.7684,76779.9769,77414.1653,82712.8499,82347.5979,80835.5010,82346.9685,83830.6455,89620.9929,89060.6565,86129.0742,89072.7224,91971.9792,111022.1277,110090.2041,104795.0188,110057.3982,115398.6233,136161.5403,134820.0288,125079.2720,134693.6816,144547.2698,118506.1019,117189.1771,106650.3293,117003.6090,127656.9114,108453.9601,107175.2345,95413.2065,106959.7708,118773.8392,119920.2351,118452.3230,105566.5056,118202.8975,131024.2781,131248.9741,129640.5898,115017.7761,129341.6597,143780.1182,133081.3145,132807.2109,111953.5217,128354.4307,156108.2173,137118.9028,138489.1965,111336.1387,130766.2283,167696.3950,139910.5732,142774.6196,108153.2471,130864.8037,178349.7358,140569.1968,145116.5068,102835.7141,127722.1714,187081.2090,141855.6030,146248.8555,102567.8713,128028.7725,191403.4214,140760.5405,144898.4551,100219.4050,124858.8291,193728.6318,139935.1748,144532.5586,96842.7800,121020.4673,200010.1309,138793.5420,144209.7710,91882.8198,115995.9014,208605.2109,11.00000000000,39,049
37,107,01008568,37107,Lenoir,Lenoir County,06,H1,G4020,,28820,,A,1037527054.00000000000,5768474.00000000000,+35.2380617,-077.6390233,37107,3432.6235,3423.1053,3395.5041,3423.0327,3451.2591,3411.3127,3396.1568,3333.7467,3396.1373,3457.3875,3284.2431,3263.3589,3155.8608,3263.8416,3370.2005,3357.7307,3329.0253,3168.9022,3328.0686,3489.7601,3299.4333,3266.1605,3030.1129,3263.0701,3502.1297,3653.3219,3611.5217,3285.9700,3605.5724,3935.0745,3128.5630,3091.0953,2751.3430,3084.7482,3426.1930,2944.2096,2906.9441,2589.4870,2900.5695,3216.7578,3137.2852,3098.2772,2748.2300,3091.0155,3436.7528,2688.8267,2682.0487,2259.7207,2591.7902,3153.7703,2387.3085,2409.8539,1936.1191,2275.0608,2919.4645,2302.9322,2348.7473,1777.8820,2152.3679,2935.4813,2152.8162,2221.1452,1572.6802,1954.4172,2865.0314,2031.4107,2093.0294,1466.5655,1831.7607,2740.8333,1929.1417,1984.5849,1371.3011,1709.5985,2654.9747,1785.3850,1842.8333,1233.4457,1542.5440,2551.7761,1631.4068,1693.9696,1078.0462,1362.0876,2451.9189,11.00000000000,37,107
42,037,01213665,42037,Columbia,Columbia County,06,H1,G4020,,14100,,A,1251244127.00000000000,18262890.00000000000,+41.0455174,-076.4042599,42037,3967.4095,3956.2198,3924.2219,3956.1446,3988.9216,3676.8463,3660.5180,3593.2535,3660.4963,3726.5098,3183.4682,3163.3289,3059.1495,3163.7847,3266.8465,3583.7088,3553.4921,3382.5736,3552.4423,3724.8925,3888.1440,3848.9846,3570.8201,3845.3444,4127.0399,2553.4829,2524.3117,2296.7927,2520.1620,2750.4264,949.3315,935.6815,830.8037,933.2388,1039.3820,2938.3928,2901.8874,2585.6690,2895.6659,3210.4426,3003.1070,2965.3579,2629.9082,2958.3222,3289.7169,2701.1255,2695.0152,2271.3143,2604.5088,3168.3655,2728.0352,2754.4812,2213.6462,2600.6227,3336.2537,2553.5686,2605.0700,1972.6011,2387.4991,3255.0451,2406.3549,2483.4660,1759.1541,2185.5120,3202.5130,2271.5981,2341.2887,1641.3254,2049.3426,3064.9706,2124.6062,2186.4922,1511.6888,1883.8655,2924.0482,2094.5222,2162.7344,1448.4609,1810.6576,2993.6702,2266.2659,2354.1009,1499.2172,1893.2785,3406.1363,11.00000000000,42,037
42,059,01214033,42059,Greene,Greene County,06,H1,G4020,,,,A,1491700255.00000000000,5254540.00000000000,+39.8489829,-080.2256936,42059,2414.8642,2408.0697,2388.6016,2408.0231,2427.9604,2297.1619,2286.9660,2244.9444,2286.9521,2328.1913,2046.1692,2033.2387,1966.2802,2033.5301,2099.7683,2009.5448,1992.5433,1896.7044,1991.9587,2088.6760,2088.0598,2067.2485,1917.8686,2065.3019,2216.4988,1786.0102,1765.5027,1606.3096,1762.5805,1923.7303,1729.1310,1707.1100,1518.3052,1703.3046,1893.4776,1938.1384,1913.0594,1703.5932,1908.7511,2117.5219,1883.0282,1858.2916,1646.9818,1853.6596,2062.6107,1767.4631,1762.3232,1484.1642,1702.8314,2072.9213,1514.3555,1527.9931,1226.9870,1442.3208,1851.8133,1403.3587,1430.6427,1082.2927,1310.8089,1788.7441,1308.0104,1348.9486,954.5426,1186.7430,1740.6879,1218.8653,1255.3280,879.0738,1098.4258,1644.4799,1124.4399,1156.3063,798.5034,995.9038,1547.4706,1049.8297,1083.2442,724.6347,906.5774,1500.4520,989.5489,1027.2188,653.4054,825.8486,1487.2229,11.00000000000,42,059
42,053,01213669,42053,Forest,Forest County,06,H1,G4020,,,,A,1106404231.00000000000,8576324.00000000000,+41.5133040,-079.2497050,42053,416.3714,415.2006,411.8443,415.1926,418.6296,389.2475,387.5180,380.3967,387.5158,394.5048,297.9428,296.0867,286.3420,296.1260,305.7624,323.3586,320.7380,305.3112,320.6361,336.1653,308.3873,305.4628,283.4031,305.1810,327.4549,344.4143,340.7591,310.2243,340.2525,371.0594,216.4723,213.7273,190.0998,213.2536,237.0484,350.7255,345.4328,306.8558,344.4989,383.1428,317.4575,312.4847,276.1275,311.5379,347.6356,291.4085,289.7159,243.1785,279.7076,341.5656,305.8021,307.6312,246.1521,290.0966,373.7964,296.4213,301.2577,226.9825,275.7062,377.7114,282.6084,290.5430,204.6795,255.2654,376.0121,273.0421,280.3298,195.4040,244.9420,368.3067,263.3742,269.9963,185.5572,232.1994,362.3918,250.0697,257.2475,171.2250,214.9671,357.3532,235.6341,243.9009,154.3366,195.7900,354.0982,11.00000000000,42,053
37,119,01008570,37119,Mecklenburg,Mecklenburg County,06,H1,G4020,172,16740,,A,1356745512.00000000000,57153194.00000000000,+35.2468623,-080.8338317,37119,74359.3643,74153.3784,73555.5735,74151.7996,74763.0894,83992.8206,83625.1653,82091.3423,83624.3010,85128.8440,88479.4717,87932.4211,85039.3684,87943.6204,90803.9641,105747.1235,104870.7241,99826.6196,104838.7041,109922.8623,114328.2104,113221.2388,105042.7085,113115.8892,121382.1001,118072.0498,116781.5464,106293.1360,116600.7642,127195.6235,118788.9531,117414.4814,104552.0107,117184.3970,130095.2539,129317.4971,127765.3428,113897.1924,127502.6748,141293.4678,140656.6294,138962.4946,123318.5068,138648.2427,154089.5664,137041.2227,136791.0439,115342.5093,132213.3462,160761.0840,149112.7236,150635.7744,121132.3662,142245.6113,182370.1807,152782.8301,155943.4551,118161.6279,142946.4512,194762.5293,153563.0908,158563.3047,112397.3472,139569.3486,204377.4492,156937.3701,161829.0303,113526.7490,141680.3535,211755.7998,159821.1240,164548.8828,113841.9419,141803.5986,219964.0635,160249.5947,165541.6855,110949.7896,138623.2637,229047.5596,158979.4492,165207.9014,105289.7881,132896.2290,238945.9297,11.00000000000,37,119
37,089,01008562,37089,Henderson,Henderson County,06,H1,G4020,120,11700,,A,966241824.00000000000,5602486.00000000000,+35.3364243,-082.4796336,37089,7566.4041,7545.2281,7484.2877,7545.0771,7607.4541,7915.7291,7880.8073,7736.1152,7880.7445,8022.7129,7714.2358,7666.2043,7413.9037,7667.2197,7916.7121,8369.9431,8300.3283,7901.0958,8297.8110,8700.2972,8228.4424,8148.6919,7560.0642,8141.1064,8736.0735,8984.5738,8886.3543,8088.2380,8872.5936,9678.8172,9164.8956,9059.1988,8067.0964,9041.5267,10037.2480,9199.4157,9089.2979,8103.0094,9070.6734,10051.3826,9634.6077,9518.8053,8447.4541,9497.3296,10554.7577,8651.3697,8636.5125,7283.2220,8347.7449,10149.0242,8941.9543,9034.2275,7265.6811,8531.3265,10936.4811,8935.9750,9121.8684,6912.8583,8361.9664,11391.4125,8717.0628,9002.0194,6382.1887,7924.1053,11601.6568,8676.4870,8948.0978,6278.4931,7834.4704,11707.2999,8665.1190,8922.6296,6174.3086,7689.7527,11926.0208,8439.6782,8719.5698,5845.3504,7302.1881,12063.0626,8070.9831,8388.3296,5347.3350,6748.2085,12130.7490,11.00000000000,37,089
37,081,01008558,37081,Guilford,Guilford County,06,H1,G4020,268,24660,,A,1672364534.00000000000,30883952.00000000000,+36.0790650,-079.7886652,37081,35751.6810,35652.5601,35365.0944,35651.8046,35945.7778,36555.7659,36395.3853,35727.6373,36395.0344,37050.0856,36274.2040,36049.5879,34863.4479,36054.2198,37226.9929,40683.7258,40347.6765,38407.0254,40335.2819,42290.9611,45393.2000,44957.3660,41710.1953,44915.6754,48196.3242,39888.8722,39450.2610,35905.4666,39388.6859,42970.3676,37130.1259,36696.9083,32673.6472,36624.1769,40663.7484,44555.6573,44021.5735,39244.0009,43931.2157,48681.9562,47306.6241,46737.4646,41476.5403,46631.9025,51824.5596,45622.9761,45540.8514,38401.2577,44017.1444,53519.9377,48742.6548,49242.5491,39599.8673,46500.4480,59614.3367,48943.3311,49958.2571,37856.8361,45795.3525,62391.6431,48447.7603,50027.9565,35464.9225,44036.2170,64479.4641,48807.7471,50331.9114,35311.9060,44066.4209,65856.6123,48581.6277,50021.8704,34610.5730,43108.7124,66863.8291,48620.7217,50229.3118,33668.0537,42062.8416,69494.6592,48413.6506,50312.9712,32068.2693,40473.7610,72765.8232,11.00000000000,37,081
42,017,01209173,42017,Bucks,Bucks County,06,H1,G4020,428,37980,37964,A,1565148677.00000000000,45497815.00000000000,+40.3368872,-075.1070600,42017,44483.6051,44359.9486,44002.1041,44359.0233,44725.0628,38939.6243,38767.5318,38055.5969,38767.2458,39465.8217,36294.1606,36066.7988,34879.4995,36071.7358,37246.0009,41425.5524,41077.2911,39101.5281,41065.0853,43058.2083,41253.4774,40844.4855,37893.2433,40806.1080,43792.4580,44189.0056,43695.0468,39763.6931,43625.3000,47600.3497,41367.1840,40875.8224,36386.6444,40792.8186,45303.0400,39456.7079,38968.4175,34723.9365,38885.2648,43109.9000,38798.9159,38318.1935,33990.6927,38228.7386,42502.6477,34053.3719,33979.4017,28640.2123,32839.1008,39944.6560,34735.8745,35078.1458,28195.8984,33120.4810,42481.1771,33718.7096,34404.3323,26057.0500,31532.8492,42982.0598,32259.3341,33298.6152,23592.5117,29305.6854,42933.0339,31243.3461,32206.9885,22583.4817,28192.9821,42155.7775,30290.3049,31177.0392,21559.7573,26863.7094,41688.2285,28613.7523,29550.5787,19796.5444,24742.0364,40897.5710,26862.1841,27907.7310,17778.2161,22446.5847,40373.4089,11.00000000000,42,017
36,053,00974125,36053,Madison,Madison County,06,H1,G4020,532,45060,,A,1696033233.00000000000,16681306.00000000000,+42.9100255,-075.6635749,36053,4690.5217,4677.4984,4639.7739,4677.3998,4715.9837,3927.0811,3909.7969,3838.0345,3909.7630,3980.1687,3733.2643,3709.9161,3587.7965,3710.4195,3831.1934,4240.6650,4205.0609,4002.8032,4203.8082,4407.8273,4254.3368,4212.7537,3908.4113,4208.8187,4516.5658,2707.4117,2677.1702,2436.3129,2672.9011,2916.4277,2441.2749,2411.8956,2146.6692,2406.9105,2673.5047,3154.7162,3116.4614,2777.7989,3109.9738,3446.8487,3079.4784,3042.1195,2699.3716,3035.1841,3373.5409,2527.1821,2521.9366,2125.8977,2437.3698,2964.4476,2288.9323,2311.9379,1858.7694,2183.0513,2799.3851,2184.9174,2229.8125,1689.2734,2043.8661,2785.2241,1968.3511,2032.2297,1440.3287,1788.7135,2619.6640,1763.6282,1818.4636,1275.5542,1592.0001,2379.6537,1581.2488,1627.9222,1126.1576,1402.8559,2176.2867,1530.2913,1580.8115,1059.4779,1323.7520,2187.2712,1480.7061,1538.7765,980.7566,1237.8449,2225.5032,11.00000000000,36,053
42,011,01209172,42011,Berks,Berks County,06,H1,G4020,428,39740,,A,2218341544.00000000000,23955804.00000000000,+40.4139565,-075.9268598,42011,27478.6967,27402.1361,27180.9983,27401.5729,27627.8256,25080.0688,24969.2586,24510.7337,24969.0718,25418.9888,23712.7309,23564.4406,22788.7698,23567.6369,24334.7578,26707.3942,26483.5705,25209.7486,26475.6538,27760.4301,29145.9019,28858.5673,26773.5181,28831.5147,30940.7802,27213.0085,26907.3954,24485.5648,26864.1734,29313.4113,24893.3185,24596.7986,21894.7149,24546.6598,27261.6822,27424.9220,27088.3284,24140.6370,27031.1039,29964.2862,27885.6962,27539.7397,24429.0513,27475.3522,30547.6005,26364.8442,26307.1795,22173.1496,25424.2416,30925.9058,26878.1333,27142.5268,21816.8009,25627.5991,32871.2671,26991.9240,27540.2521,20857.8432,25241.4892,34407.2007,26783.0123,27645.3005,19586.4973,24330.0649,35644.7029,26868.3106,27696.4072,19420.0494,24244.3215,36252.6082,26824.5526,27609.1898,19091.8191,23789.2117,36918.2985,26621.2724,27492.2153,18416.8899,23018.3445,38049.6790,26338.0054,27362.5179,17430.1705,22007.7934,39585.5389,11.00000000000,42,011
02,240,01419983,02240,Southeast Fairbanks,Southeast Fairbanks Census Area,05,H5,G4020,,,,S,64150915284.00000000000,752795246.00000000000,+63.8649972,-143.2186282,02240,433.3905,432.1395,428.6294,432.1326,435.7363,370.9173,369.2167,362.4036,369.2182,375.9120,369.0630,366.6381,354.5430,366.7014,378.6785,392.8960,389.4322,370.7006,389.3274,408.2781,408.2619,404.0331,374.8235,403.6464,433.2692,421.9832,416.9599,379.2496,416.2356,454.4707,378.5297,373.6908,332.3448,372.8537,414.5053,407.3145,401.8152,357.5905,400.8630,445.0000,394.5566,389.2983,344.9534,388.3122,432.1759,390.7283,389.5031,327.9401,376.3304,458.2336,361.6554,364.7981,292.8266,344.3091,442.2278,360.7862,367.7023,278.0721,336.8691,459.8522,362.3275,373.5906,264.2828,328.6390,482.1752,359.1129,369.7960,258.8973,323.5518,484.5059,359.9732,370.1374,255.5639,318.7768,495.3974,358.1491,369.5298,247.1759,309.2552,511.8775,356.7510,370.3291,235.5603,297.7308,536.1717,11.00000000000,02,240
02,070,01419968,02070,Dillingham,Dillingham Census Area,05,H5,G4020,,,,S,48092912615.00000000000,6077223732.00000000000,+59.8248160,-158.6022333,02070,237.6161,236.9574,235.0469,236.9524,238.9061,199.4594,198.5780,194.9313,198.5765,202.1548,256.6955,255.1070,246.7134,255.1396,263.4385,336.8817,334.1028,318.0331,334.0000,350.1929,423.8605,419.7882,389.4676,419.3989,450.0330,452.9747,447.9595,407.6863,447.2537,487.9579,379.7351,375.3479,334.2353,374.6138,415.8789,305.5331,301.9102,269.1839,301.2987,333.8309,352.5640,348.3613,309.1888,347.5827,386.2397,389.5069,389.1045,328.3891,376.1664,456.9998,297.0834,300.3455,241.7358,283.6871,363.3806,318.3765,325.1871,246.6238,298.1613,405.8831,342.8696,354.2461,251.3197,311.8911,456.3446,337.3456,348.0714,244.3962,304.8181,455.1997,320.1706,329.8526,228.4294,284.3435,440.6722,305.7262,316.0237,212.0275,264.7194,436.9939,294.9242,306.6616,195.6502,246.7615,443.2820,11.00000000000,02,070
02,164,01419975,02164,Lake and Peninsula,Lake and Peninsula Borough,04,H1,G4020,,,,A,61258419419.00000000000,24010457489.00000000000,+58.2050652,-156.7051884,02164,68.3916,68.1916,67.6364,68.1906,68.7615,81.4371,81.0591,79.5610,81.0598,82.5324,123.9786,123.1338,119.0649,123.1585,127.1917,152.5740,151.1988,143.9261,151.1602,158.5281,137.7327,136.2437,126.3885,136.1109,146.1282,133.1513,131.5323,119.6147,131.2973,143.3925,99.2541,97.9793,87.1332,97.7584,108.6866,96.1639,94.8560,84.4064,94.6292,105.0606,104.2492,102.8469,91.1183,102.5837,114.1873,91.3679,91.0950,76.7099,88.0179,107.1566,85.2376,85.9635,68.9897,81.1308,104.2251,84.7330,86.3408,65.2781,79.0951,107.9972,79.8341,82.2935,58.1932,72.3834,106.2389,71.9042,74.0229,51.8031,64.7580,97.0095,67.3368,69.2207,47.7754,59.6084,92.6679,62.7226,64.6988,43.2579,54.1386,89.6439,57.7182,59.8997,38.0838,48.1507,86.7454,11.00000000000,02,164
02,185,01419978,02185,North Slope,North Slope Borough,04,H1,G4020,,,,A,229720054439.00000000000,15801179317.00000000000,+69.4493427,-153.4728302,02185,986.8221,983.7118,975.5849,983.7079,992.1263,1092.8332,1087.3307,1067.0048,1087.3694,1107.4086,1123.7175,1115.7974,1078.8668,1116.0521,1152.6932,1344.8313,1331.9884,1267.9170,1331.6971,1396.8518,1425.7352,1409.6835,1307.6572,1408.2847,1512.2200,1383.2112,1365.4602,1241.1459,1362.8418,1489.3276,1381.4157,1362.2529,1210.1877,1358.8569,1512.5329,1483.5928,1462.4140,1300.3080,1458.7107,1620.7906,1645.5470,1622.0180,1435.6121,1617.5750,1802.2489,1633.4190,1626.7288,1368.1133,1571.2906,1915.2407,1395.9475,1406.1278,1126.8600,1326.5486,1706.6306,1418.2881,1443.5197,1089.7052,1321.8048,1807.4900,1425.8649,1468.2474,1036.7067,1290.8561,1897.3292,1383.7295,1422.9545,994.2314,1244.2392,1866.7189,1344.4470,1380.4816,951.1196,1188.1393,1850.0816,1309.4290,1349.2038,900.4539,1128.3686,1871.3469,1267.7901,1314.3564,834.1059,1055.9789,1905.2952,11.00000000000,02,185
02,105,02371430,02105,Hoonah-Angoon,Hoonah-Angoon Census Area,05,H5,G4020,,,,S,19489439091.00000000000,8778085294.00000000000,+58.0764336,-135.1850997,,0.0000,0.0000,0.0000,0.0000,0.0000,0.0000,0.0000,0.0000,0.0000,0.0000,0.0000,0.0000,0.0000,0.0000,0.0000,0.0000,0.0000,0.0000,0.0000,0.0000,0.0000,0.0000,0.0000,0.0000,0.0000,0.0000,0.0000,0.0000,0.0000,0.0000,0.0000,0.0000,0.0000,0.0000,0.0000,0.0000,0.0000,0.0000,0.0000,0.0000,0.0000,0.0000,0.0000,0.0000,0.0000,0.0000,0.0000,0.0000,0.0000,0.0000,0.0000,0.0000,0.0000,0.0000,0.0000,0.0000,0.0000,0.0000,0.0000,0.0000,0.0000,0.0000,0.0000,0.0000,0.0000,0.0000,0.0000,0.0000,0.0000,0.0000,0.0000,0.0000,0.0000,0.0000,0.0000,0.0000,0.0000,0.0000,0.0000,0.0000,0.0000,0.0000,0.0000,0.0000,0.0000,0.00000000000,,
02,150,01419974,02150,Kodiak Island,Kodiak Island Borough,04,H1,G4020,,28980,,A,16963331761.00000000000,14173062281.00000000000,+57.5536114,-153.6309109,02150,815.8984,813.5901,807.0060,813.5749,820.3214,726.3362,723.0574,709.7425,723.0568,736.1316,811.8681,806.6704,780.0899,806.7938,833.0971,993.3448,984.6543,937.2927,984.3848,1032.2775,1056.3067,1045.3503,969.7753,1044.3493,1120.9990,1044.3072,1032.2090,939.0676,1030.4799,1124.8031,1019.4926,1006.8378,895.7758,1004.6685,1116.4289,851.3200,840.3293,748.3445,838.4420,930.1150,961.4410,949.1745,841.6152,946.8846,1053.1769,821.8693,819.5002,690.1733,791.8415,963.9123,858.9703,867.0226,696.5247,818.5080,1050.4340,863.1900,880.3291,666.3310,806.7130,1100.2794,819.7222,845.7316,598.8117,744.1683,1090.9097,804.4814,828.9153,580.8454,725.4560,1085.4305,792.4589,815.3011,563.4249,702.3594,1090.6242,758.6880,783.2027,524.3263,655.6227,1084.3682,721.6714,749.4741,477.1132,602.6913,1084.6421,11.00000000000,02,150
02,230,02339479,02230,Skagway,Skagway Municipality,12,H1,G4020,,,,A,1171515798.00000000000,30331334.00000000000,+59.5750974,-135.3354181,,0.0000,0.0000,0.0000,0.0000,0.0000,0.0000,0.0000,0.0000,0.0000,0.0000,0.0000,0.0000,0.0000,0.0000,0.0000,0.0000,0.0000,0.0000,0.0000,0.0000,0.0000,0.0000,0.0000,0.0000,0.0000,0.0000,0.0000,0.0000,0.0000,0.0000,0.0000,0.0000,0.0000,0.0000,0.0000,0.0000,0.0000,0.0000,0.0000,0.0000,0.0000,0.0000,0.0000,0.0000,0.0000,0.0000,0.0000,0.0000,0.0000,0.0000,0.0000,0.0000,0.0000,0.0000,0.0000,0.0000,0.0000,0.0000,0.0000,0.0000,0.0000,0.0000,0.0000,0.0000,0.0000,0.0000,0.0000,0.0000,0.0000,0.0000,0.0000,0.0000,0.0000,0.0000,0.0000,0.0000,0.0000,0.0000,0.0000,0.0000,0.0000,0.0000,0.0000,0.0000,0.0000,0.00000000000,,
02,188,01419979,02188,Northwest Arctic,Northwest Arctic Borough,04,H1,G4020,,,,A,92132564828.00000000000,13406688095.00000000000,+67.0050655,-160.0210864,02188,397.8995,396.7227,393.4855,396.7176,400.0492,370.0564,368.3692,361.5769,368.3701,375.0422,370.7140,368.2805,356.1317,368.3437,380.3737,472.7448,468.6635,446.1211,468.5315,491.3082,560.0351,554.1978,514.1288,553.6660,594.3151,520.7443,514.6632,468.1917,513.7918,560.8695,518.6654,512.2256,455.7217,511.1216,567.9814,505.4774,498.9373,444.3079,497.8138,552.2616,600.2155,592.3965,525.1015,590.9336,657.4654,618.2454,616.3994,519.0630,595.5783,725.0808,456.2477,460.3622,369.6789,434.5521,557.9185,468.4030,477.5409,361.2947,437.5518,597.0379,484.3734,499.5994,353.5927,439.5493,644.6053,472.0661,486.2672,340.6015,425.5205,636.9136,465.5758,478.8673,330.7916,412.4786,640.7400,458.8669,473.5805,316.9206,396.3893,655.8357,443.2909,460.2710,292.8951,370.0866,666.2417,11.00000000000,02,188
02,130,01419973,02130,Ketchikan Gateway,Ketchikan Gateway Borough,04,H1,G4020,,28540,,A,12583232994.00000000000,4649414062.00000000000,+55.4499378,-131.1066847,02130,901.8849,899.3973,892.1521,899.3776,906.7831,804.8786,801.3402,786.6342,801.3330,815.7604,809.8224,804.6602,778.1511,804.7807,831.0105,985.5771,977.0366,930.0417,976.7636,1024.2577,966.9334,957.0155,887.8366,956.1034,1026.2256,1138.4210,1125.1869,1023.6266,1123.2934,1226.1580,1087.4265,1073.8964,955.4088,1071.5754,1190.8185,1045.7867,1032.1294,918.9936,1029.7791,1142.5717,1051.1258,1037.4048,919.5290,1034.8372,1151.3812,874.5336,871.9645,734.3118,842.5220,1025.6668,958.1336,966.7563,776.3052,912.5499,1171.6424,939.5384,957.8628,724.6887,877.6500,1197.5582,901.5837,929.8935,658.1034,818.1120,1199.8272,879.1683,905.6122,634.3241,792.4776,1186.1772,867.1206,891.8948,616.1227,768.2531,1193.3600,826.6153,853.1535,570.9671,714.1074,1181.4425,783.3348,813.3813,517.6450,654.0266,1177.3116,11.00000000000,02,130
02,270,01419985,02270,Wade Hampton,Wade Hampton Census Area,05,H5,G4020,,,,S,44240705695.00000000000,6711999401.00000000000,+62.2831737,-163.1909497,,0.0000,0.0000,0.0000,0.0000,0.0000,0.0000,0.0000,0.0000,0.0000,0.0000,0.0000,0.0000,0.0000,0.0000,0.0000,0.0000,0.0000,0.0000,0.0000,0.0000,0.0000,0.0000,0.0000,0.0000,0.0000,0.0000,0.0000,0.0000,0.0000,0.0000,0.0000,0.0000,0.0000,0.0000,0.0000,0.0000,0.0000,0.0000,0.0000,0.0000,0.0000,0.0000,0.0000,0.0000,0.0000,0.0000,0.0000,0.0000,0.0000,0.0000,0.0000,0.0000,0.0000,0.0000,0.0000,0.0000,0.0000,0.0000,0.0000,0.0000,0.0000,0.0000,0.0000,0.0000,0.0000,0.0000,0.0000,0.0000,0.0000,0.0000,0.0000,0.0000,0.0000,0.0000,0.0000,0.0000,0.0000,0.0000,0.0000,0.0000,0.0000,0.0000,0.0000,0.0000,0.0000,0.00000000000,,
28,145,00695793,28145,Union,Union County,06,H1,G4020,,,,A,1076394333.00000000000,3387488.00000000000,+34.4891011,-089.0022997,28145,1841.5701,1836.4330,1821.6095,1836.3954,1851.5635,1973.7050,1964.9731,1928.8830,1964.9592,2000.3734,2002.5341,1990.0139,1924.5094,1990.2835,2055.0658,2066.4381,2049.2687,1950.7022,2048.6460,2148.0098,2313.7002,2291.0646,2125.5490,2288.9236,2456.2985,2449.2167,2422.1521,2204.4250,2418.3459,2638.3848,2437.3558,2408.5580,2144.1751,2403.7020,2669.2742,2490.0154,2459.7015,2192.2890,2454.5564,2720.5886,2657.9498,2626.0695,2330.5711,2620.1587,2911.8046,2475.2811,2470.8801,2083.5643,2388.2241,2903.7452,2459.7374,2484.7440,1997.9728,2346.3116,3008.3275,2485.9670,2537.2998,1922.4715,2325.7980,3169.0175,2461.0821,2541.1354,1801.1967,2236.7074,3275.4522,2461.5090,2538.1449,1780.4761,2222.0958,3321.3095,2440.2581,2512.3713,1738.0879,2165.0610,3358.5557,2371.7955,2450.0755,1642.0453,2051.6541,3390.0457,2288.0197,2377.6268,1515.2648,1912.5925,3438.8891,11.00000000000,28,145
28,053,00695750,28053,Humphreys,Humphreys County,06,H1,G4020,,,,A,1083886754.00000000000,33003099.00000000000,+33.1329783,-090.5239110,28053,456.3199,455.0828,451.4281,455.0718,458.8012,378.1491,376.5234,369.6330,376.5175,383.2721,366.2425,363.9858,352.0121,364.0313,375.8686,448.0765,444.3912,423.0168,444.2536,465.7881,353.4739,350.0188,324.7323,349.6918,375.2612,320.1654,316.6502,288.2010,316.1569,344.9003,267.2892,264.1789,235.2230,263.6572,292.7276,263.4364,260.2837,232.0407,259.7504,287.8335,293.0081,289.5669,257.0585,288.9304,321.0016,203.2206,202.9007,171.1351,196.1244,238.4076,191.9598,194.0122,156.1001,183.2344,234.7886,190.2534,194.2840,147.3073,178.1240,242.5402,178.0336,183.9225,130.4653,161.9252,236.9534,170.8965,176.3068,123.7690,154.3888,230.5983,172.2085,177.3776,122.7968,152.8896,237.0190,171.8193,177.5583,119.0749,148.7129,245.5889,168.2472,174.8938,111.5258,140.7110,252.8787,11.00000000000,28,053
28,141,00695791,28141,Tishomingo,Tishomingo County,06,H1,G4020,,,,A,1098813904.00000000000,52484941.00000000000,+34.7376991,-088.2360673,28141,1255.5754,1252.0979,1242.0042,1252.0712,1262.3925,1176.4119,1171.2409,1149.7469,1171.2303,1192.3170,1043.9268,1037.4719,1003.3380,1037.6041,1071.3521,1067.8926,1059.0813,1008.1414,1058.7553,1110.0865,1169.5265,1158.0672,1074.4024,1156.9844,1241.5954,1326.9696,1312.2781,1194.2997,1310.2106,1429.4515,1219.0043,1204.5973,1072.3672,1202.1678,1334.9941,1095.5318,1082.1885,964.5297,1079.9236,1196.9767,1217.1097,1202.0413,1066.2998,1199.2376,1333.2960,1028.5223,1026.1376,864.7562,991.6612,1206.4217,1066.3730,1076.9867,865.7851,1016.9143,1304.1670,1029.6744,1050.7198,795.8987,963.0608,1312.5642,966.2934,997.5328,706.8745,877.9566,1286.0221,942.6847,971.8665,681.5802,850.7835,1271.9477,912.6867,939.5082,649.8043,809.5697,1256.1293,848.6351,876.5174,587.3045,733.9290,1212.9592,790.3764,821.2280,523.2523,660.5626,1187.9279,11.00000000000,28,141
28,087,00695767,28087,Lowndes,Lowndes County,06,H1,G4020,200,18060,,A,1309262931.00000000000,28374834.00000000000,+33.4714237,-088.4397227,28087,3538.3770,3528.6018,3500.1690,3528.5253,3557.5919,3287.3049,3272.9830,3212.9869,3272.9444,3331.7857,3280.0780,3259.8092,3152.5613,3260.2231,3366.2571,3963.6450,3930.5563,3741.5026,3929.3726,4120.0085,4175.8457,4135.0356,3836.3083,4131.1734,4433.2405,3919.1778,3875.2337,3526.4836,3869.0224,4221.6951,3364.8937,3324.9567,2959.8220,3318.2121,3685.0481,3165.3222,3126.5207,2786.3471,3119.9257,3458.4127,3343.9402,3302.9410,2930.3640,3295.3206,3663.2042,2806.0597,2800.2177,2360.4614,2706.3147,3291.5736,2756.9608,2784.2420,2238.0898,2628.8928,3371.7186,2651.9487,2705.9887,2049.5693,2480.1790,3380.5177,2465.2960,2544.8352,1803.1661,2239.7204,3281.0029,2284.3238,2354.8935,1651.3640,2061.4448,3082.1845,2081.2952,2142.3361,1481.6014,1845.9904,2864.4737,1892.5831,1954.6528,1309.5786,1636.6309,2705.0721,1732.2317,1799.7501,1146.6141,1447.6049,2603.5209,11.00000000000,28,087
22,089,01629449,22089,St. Charles,St. Charles Parish,15,H1,G4020,406,35380,,A,722820579.00000000000,340703006.00000000000,+29.9138333,-090.3593144,22089,3486.1483,3476.4426,3448.3910,3476.3706,3505.0690,3010.6542,2997.3879,2942.3639,2997.3629,3051.3489,3171.3628,3151.6857,3047.9768,3152.0952,3254.6405,3404.9124,3376.7717,3214.3549,3375.7355,3539.4154,3188.7477,3157.6679,2929.5558,3154.7218,3385.3537,3595.7587,3555.8723,3236.1381,3550.2555,3873.4371,3365.0722,3325.4370,2960.5207,3318.7610,3685.2786,3088.3490,3050.7182,2719.0191,3044.3300,3374.3254,3171.8286,3133.1165,2779.8775,3125.9249,3474.6815,2740.7654,2735.1841,2305.7604,2643.4957,3215.0122,2944.6886,2974.2355,2391.2013,2808.4115,3601.3730,2891.0601,2950.3862,2235.0915,2704.3236,3685.3701,2740.0556,2828.8626,2004.8207,2489.8449,3646.7096,2675.6929,2758.7346,1934.9477,2415.1136,3610.2840,2634.5273,2712.1440,1876.0415,2337.1204,3625.9117,2521.4693,2604.4796,1745.2967,2180.8624,3603.9623,2403.0759,2497.0195,1591.1595,2008.5616,3611.8078,11.00000000000,22,089
22,073,00558114,22073,Ouachita,Ouachita Parish,15,H1,G4020,384,33740,,A,1580944616.00000000000,55281707.00000000000,+32.4774949,-092.1547984,22073,8995.2263,8970.4706,8898.2377,8970.2721,9044.0879,9009.5623,8970.4147,8806.0364,8970.3021,9131.5013,9753.6974,9693.5187,9374.6224,9694.7389,10010.0132,10486.0780,10400.1611,9899.9341,10396.9190,10900.7834,11610.8474,11499.0599,10668.4818,11488.3847,12327.6379,10243.7260,10131.2824,9221.0622,10115.5065,11035.1315,9107.3345,9001.3113,8014.6653,8983.5252,9974.0941,10016.9228,9894.8287,8818.9417,9874.1007,10944.4722,10320.1773,10194.0236,9044.5112,10170.5839,11305.5464,9871.0420,9851.3978,8305.1663,9521.2840,11579.1833,9113.9184,9205.7078,7401.4524,8692.5633,11146.4355,8930.6399,9114.2332,6904.8983,8354.2181,11384.3468,8542.9863,8820.1818,6251.1937,7763.2665,11369.7925,8145.5355,8398.6891,5891.1143,7352.7093,10990.7157,7632.3674,7857.6575,5435.7469,6771.3099,10504.4957,7233.3770,7471.9300,5007.5023,6256.7993,10338.7702,6862.0606,7130.7000,4544.2861,5735.9796,10313.6566,11.00000000000,22,073
22,007,00558414,22007,Assumption,Assumption Parish,15,H1,G4020,132,38200,,A,877120860.00000000000,67008877.00000000000,+29.8998836,-091.0505282,22007,1508.4360,1504.2716,1492.1520,1504.2389,1516.6278,1306.1398,1300.3978,1276.5332,1300.3861,1323.7986,1279.0841,1271.1800,1229.3581,1271.3415,1312.6900,1412.4772,1400.8442,1333.4662,1400.4115,1468.2998,1431.0168,1417.1207,1314.7515,1415.8006,1519.2819,1547.9295,1530.8866,1393.3149,1528.4929,1667.5038,1185.9461,1172.1863,1043.7427,1169.8808,1298.8198,1069.6076,1056.7136,941.9580,1054.5296,1168.6597,1134.7385,1120.9425,994.6181,1118.3807,1243.0923,981.1974,979.4216,825.8653,946.6495,1151.0323,1058.7533,1069.4814,859.9321,1009.8865,1294.8790,1024.4952,1045.6176,792.2156,958.4469,1305.9841,975.1718,1006.8658,713.6563,886.2335,1297.8530,938.0181,967.2120,678.4764,846.7710,1265.6652,904.8969,931.6321,644.5078,802.8409,1245.4197,852.2144,880.3360,589.9971,737.1771,1218.0834,819.6347,851.7291,542.8019,685.1391,1231.9090,11.00000000000,22,007
22,027,00558505,22027,Claiborne,Claiborne Parish,15,H1,G4020,,,,A,1955125902.00000000000,32473234.00000000000,+32.8275848,-092.9911250,22027,958.7207,955.9859,948.2377,955.9691,963.9147,845.3131,841.4855,825.9835,841.4856,856.7097,793.2107,788.1091,762.1350,788.2323,813.9387,835.9050,828.6972,788.8374,828.4632,868.7343,780.4682,772.4128,716.5737,771.6748,828.2934,848.0511,837.9396,762.1451,836.4810,913.3360,859.2532,847.9911,753.9191,846.0277,940.8848,773.5983,762.8750,678.6322,761.0094,845.1568,810.8770,799.5564,707.9510,797.4236,888.1284,704.3696,701.7281,590.4016,677.8793,825.9569,677.5609,682.8863,547.6249,644.3577,828.4218,635.9749,647.5770,489.1392,593.0734,810.5318,588.8473,606.5355,428.4517,533.3244,783.5669,548.8746,564.5927,394.6496,493.7462,740.4729,519.7124,533.7862,367.9194,459.4727,715.1831,484.7509,499.5803,333.5335,417.8536,692.7804,450.9989,467.6346,296.8473,375.7364,677.7869,11.00000000000,22,027
22,019,00558468,22019,Calcasieu,Calcasieu Parish,15,H1,G4020,324,29340,,A,2754864273.00000000000,79292408.00000000000,+30.2295588,-093.3580154,22019,11338.9437,11307.5864,11216.4553,11307.3430,11400.5146,11481.2125,11430.6135,11220.7744,11430.5194,11636.4007,12291.6605,12215.1238,11813.1133,12216.7420,12614.2785,14446.5630,14326.0834,13637.0210,14321.7605,15016.5488,16094.6855,15937.7991,14786.4407,15922.9283,17087.0124,15850.9964,15675.9135,14266.8544,15651.2944,17075.2891,14485.0987,14316.3900,12747.0787,14288.0831,15863.6591,14721.4402,14542.3707,12961.5122,14511.9823,16084.6404,15914.4933,15720.6616,13948.6715,15684.6612,17434.0923,15218.9624,15188.8238,12804.9962,14679.8967,17852.5746,14670.8230,14818.9450,11914.8810,13993.0205,17942.6586,14890.2124,15196.5591,11513.0765,13929.4353,18981.3488,14730.9844,15209.0714,10779.3482,13386.6215,19605.3603,14559.4177,15011.8757,10529.7866,13142.2719,19644.9212,14237.6181,14657.6866,10139.6464,12631.1334,19595.3462,13806.0212,14261.0724,9557.1274,11941.7403,19733.1273,13329.0012,13850.5160,8826.3833,11141.3163,20033.4316,11.00000000000,22,019
22,001,00558389,22001,Acadia,Acadia Parish,15,H1,G4020,318,18940,,A,1696750566.00000000000,6048801.00000000000,+30.2914970,-092.4110366,22001,3669.4417,3659.2990,3629.8102,3659.2201,3689.3677,3375.3308,3360.6094,3298.9985,3360.5708,3420.9981,3718.8362,3695.8153,3574.2134,3696.2893,3816.5201,4372.1291,4335.8029,4127.2579,4334.4854,4544.7173,4641.5726,4596.2258,4264.1819,4591.9333,4927.6840,4687.4952,4635.9222,4219.3432,4628.6805,5049.6049,4159.7633,4110.7486,3659.6388,4102.4914,4555.5869,4048.7836,3999.3399,3564.3889,3990.9426,4423.6883,4255.2066,4203.3508,3729.5305,4193.7192,4661.5124,3898.3161,3890.6968,3280.1630,3760.3594,4572.9364,3291.4792,3325.0240,2673.7166,3139.8026,4025.5843,3309.8287,3378.2480,2559.7184,3096.6726,4219.2544,3221.2598,3326.1373,2357.7163,2927.7025,4287.1806,3066.6982,3162.3555,2218.5360,2768.6511,4137.9061,2893.2661,2978.9983,2061.1515,2567.2758,3982.0547,2679.9334,2768.6398,1855.8295,2318.5214,3830.4902,2510.6065,2609.1914,1663.1398,2098.9762,3773.4526,11.00000000000,22,001
22,079,00559460,22079,Rapides,Rapides Parish,15,H1,G4020,,10780,,A,3413506392.00000000000,113169602.00000000000,+31.1932037,-092.5359531,22079,7578.6667,7557.7304,7496.8320,7557.5670,7619.8225,7385.9883,7353.5657,7218.6399,7353.4961,7485.8591,7479.6284,7433.4059,7188.8458,7434.3502,7676.1428,8316.6671,8248.0384,7851.3226,8245.5001,8645.2653,8039.3747,7961.7365,7386.6386,7954.3358,8535.5264,8398.6516,8305.6316,7558.9036,8292.5396,9047.2697,8032.0845,7937.9943,7067.3787,7922.1756,8796.4433,7988.3432,7890.3397,7031.7701,7873.6794,8728.0128,8090.9371,7990.7110,7088.2946,7972.0610,8863.2978,7685.0612,7668.3352,6463.3769,7410.9881,9014.5806,7076.0801,7145.7343,5743.6920,6746.9188,8653.8723,6864.3039,7003.8088,5304.4531,6419.2267,8750.0867,6558.2372,6769.4375,4796.1535,5957.6644,8728.1649,6241.1702,6433.5640,4511.0974,5631.6982,8421.0278,5945.3515,6119.2837,4231.5269,5272.6367,8182.5155,5591.2791,5774.2086,3868.1173,4834.5604,7991.5932,5185.5529,5387.2538,3431.7182,4332.9879,7793.7900,11.00000000000,22,079
22,127,00559594,22127,Winn,Winn Parish,15,H1,G4020,,,,A,2460712069.00000000000,17448044.00000000000,+31.9411871,-092.6412694,22127,915.7031,913.0655,905.6519,913.0506,920.6604,818.8884,815.2011,800.1942,815.1998,829.9347,811.9757,806.7288,780.1355,806.8578,833.1803,764.3181,757.5457,721.1077,757.3442,794.2197,754.5028,746.6073,692.6242,745.8897,800.6656,798.4910,788.9438,717.5640,787.5653,859.9529,809.0513,798.5928,710.1308,796.7771,885.9304,784.4266,773.8563,688.7044,772.0266,857.0044,785.4062,774.7230,686.2523,772.7154,860.2652,699.6872,696.9334,586.2431,673.2125,820.4348,632.4386,637.5542,511.4095,601.6281,773.2764,594.1491,605.1314,457.2209,554.2493,757.2434,540.2089,556.5703,393.2916,489.4404,718.8566,506.3230,520.9627,364.2963,455.6467,683.0802,475.3360,488.3405,336.7359,420.4080,654.1269,439.8872,453.4657,302.8801,379.3336,628.6721,401.1809,416.0772,264.2321,334.3525,602.9236,11.00000000000,22,127
22,021,00558477,22021,Caldwell,Caldwell Parish,15,H1,G4020,,,,A,1371203807.00000000000,29277275.00000000000,+32.1012436,-092.1141796,22021,587.3488,585.7281,581.0095,585.7154,590.5386,586.4132,583.8092,573.0815,583.8058,594.3339,571.8203,568.2717,549.5721,568.3456,586.8355,563.0737,558.3480,531.4922,558.1815,585.2706,614.7636,608.7431,564.7646,608.1741,652.6488,663.3770,656.0686,597.1089,655.0420,714.6202,606.8931,599.5614,533.6050,598.3157,664.6215,652.4298,644.4851,574.4164,643.1366,712.8441,632.1495,624.2072,553.5991,622.7270,692.4809,596.5478,595.1837,501.5971,575.1918,699.7349,541.4655,546.7138,439.3673,516.1755,662.1857,528.2355,538.8889,408.0551,493.8817,673.3440,508.8271,525.1340,371.9784,462.1316,677.1760,498.8400,514.1429,360.4310,450.0316,673.0635,482.1088,496.1433,343.0128,427.4700,663.5149,452.8832,467.6387,313.2015,391.5133,647.2999,432.5088,449.2787,286.1326,361.3340,650.0494,11.00000000000,22,021
22,029,00558515,22029,Concordia,Concordia Parish,15,H1,G4020,,35020,,A,1805014057.00000000000,130488156.00000000000,+31.4698055,-091.6263140,22029,1010.5283,1007.7740,999.6730,1007.7505,1016.0212,934.6595,930.5663,913.4971,930.5568,947.3004,1003.6125,997.4394,964.6300,997.5628,1029.9970,971.5903,963.6470,917.2975,963.3454,1010.0260,955.6881,946.5024,878.1378,945.6243,1014.6973,1029.6347,1018.2944,926.7839,1016.7014,1109.1706,1025.9036,1013.4089,901.8360,1011.2804,1123.4770,982.9765,970.4683,864.4202,968.3264,1073.9678,1014.3136,1001.3226,887.8027,998.8964,1111.0882,905.1304,902.7434,760.4922,872.3350,1061.6172,773.8096,780.8703,627.1306,737.1165,946.2597,742.2513,756.7829,572.6127,693.4277,946.0980,687.5129,709.1226,501.8814,623.8879,914.9438,637.3880,656.5392,459.8434,574.5123,859.9644,594.3574,611.2833,422.2172,526.5197,817.9698,542.0794,559.4016,374.2864,468.1971,774.7630,494.1309,512.9927,326.3694,412.4503,742.6474,11.00000000000,22,029
51,610,01498423,51610,Falls Church,Falls Church city,25,C7,G4020,548,47900,47894,F,5176813.00000000000,6.00000000000,+38.8837873,-077.1746385,51610,1095.5011,1092.4412,1083.6212,1092.4191,1101.4453,1235.9633,1230.4342,1207.8026,1230.4297,1252.6460,1313.4558,1305.2250,1262.2572,1305.4040,1347.9006,1465.7140,1453.5274,1383.6151,1453.0863,1523.5670,1358.4102,1345.1474,1247.9710,1343.8914,1442.1496,1567.0201,1549.5855,1410.2178,1547.1278,1688.0162,1699.9402,1680.0282,1495.7691,1676.6807,1861.7122,1817.1020,1794.8115,1599.5155,1791.0224,1985.3541,2110.7637,2084.8492,1849.6391,2080.0318,2312.2854,2297.2410,2291.7370,1931.1440,2214.6909,2694.5424,2193.2307,2214.9958,1780.5649,2091.4274,2682.2958,2243.3100,2289.0767,1733.8453,2098.0760,2859.6203,2250.9177,2323.5810,1646.4354,2045.0089,2995.6956,2286.0757,2356.7250,1652.6744,2063.0582,3084.5508,2340.3207,2408.9633,1666.0011,2075.7375,3220.9692,2344.4832,2421.3607,1622.2496,2027.4001,3350.9728,2307.9498,2397.8844,1527.6558,1928.6962,3468.8160,11.00000000000,51,610
51,185,01497748,51185,Tazewell,Tazewell County,06,H1,G4020,,14140,,A,1343805085.00000000000,2914823.00000000000,+37.1253949,-081.5629237,51185,2469.3127,2462.4224,2442.5450,2462.3722,2482.7124,2454.6624,2443.7706,2398.8696,2443.7556,2487.8202,2227.6314,2213.6303,2140.7483,2213.9387,2286.0266,2037.5396,2020.5027,1923.3195,2019.8962,2117.9019,1887.4715,1868.5987,1733.5679,1866.8367,2003.5320,2040.0309,2016.6602,1834.8548,2013.3326,2197.3543,1845.9284,1823.2332,1622.3111,1819.3550,2021.4697,1775.2787,1752.8483,1561.4654,1749.0127,1939.6202,1674.6047,1653.2860,1465.9857,1649.3071,1834.3926,1531.1049,1527.1753,1286.6320,1475.7625,1795.8419,1335.2750,1347.8436,1082.8420,1272.4403,1632.9149,1224.4710,1248.7887,945.2275,1144.3627,1560.7929,1116.0066,1151.4001,815.2201,1013.1229,1485.2121,1031.2857,1062.5596,744.5170,929.9192,1391.4373,968.4449,996.2980,688.4396,858.2580,1332.8206,888.0296,916.6513,613.5857,767.3030,1269.2270,810.8784,842.0464,535.9624,677.1033,1218.7123,11.00000000000,51,185
51,683,01498430,51683,Manassas,Manassas city,25,C7,G4020,548,47900,47894,F,25590863.00000000000,148539.00000000000,+38.7475611,-077.4847270,51683,2847.4106,2839.4699,2816.5510,2839.4117,2862.8627,3146.2480,3132.1368,3074.5076,3132.1280,3188.7047,3481.1893,3459.1008,3345.1656,3459.6068,3572.3282,3970.2003,3936.0078,3746.6886,3934.8937,4126.1523,3770.1400,3732.1315,3462.4088,3728.6005,4001.7608,4074.2566,4028.0113,3665.1534,4021.4472,4388.5806,3905.6928,3859.3437,3435.5304,3851.5165,4277.3026,3874.1313,3826.7270,3410.4550,3818.6727,4232.8583,4297.3539,4244.2242,3765.0168,4234.3400,4707.5917,4368.8263,4359.3639,3674.4024,4213.0772,5124.6463,4213.7382,4255.4997,3420.8097,4018.0805,5153.3442,4311.1185,4399.0216,3331.9587,4031.9497,5495.5170,4333.8352,4473.6933,3169.9096,3937.3292,5767.7995,4405.8329,4541.9530,3185.0454,3975.9738,5944.6881,4533.0675,4665.9908,3226.8906,4020.5425,6238.8306,4548.5270,4697.6497,3147.2750,3933.3207,6501.2134,4496.6881,4671.8892,2976.3639,3757.7423,6758.4572,11.00000000000,51,683
51,820,01498443,51820,Waynesboro,Waynesboro city,25,C7,G4020,,44420,,F,38950817.00000000000,419089.00000000000,+38.0671571,-078.9014197,51820,1230.2582,1226.8415,1216.9464,1226.8157,1236.9365,1269.6902,1264.0849,1240.8742,1264.0751,1286.8495,1342.9585,1334.6857,1290.7803,1334.8523,1378.2572,1626.4076,1612.7795,1535.2071,1612.2973,1690.5360,1508.6897,1493.9500,1386.0229,1492.5547,1601.6867,1529.9648,1512.6599,1376.4329,1510.2065,1648.0176,1411.1253,1394.3773,1241.2520,1391.5488,1545.3875,1503.3791,1484.7001,1322.9108,1481.5166,1642.5687,1626.0269,1605.8550,1424.4704,1602.1008,1781.2437,1505.8625,1502.7891,1266.8447,1452.4109,1766.4268,1292.5537,1305.5847,1049.7115,1232.8128,1580.8114,1287.9893,1314.4734,995.8446,1204.8645,1641.8670,1252.4084,1293.0436,916.4266,1138.0985,1666.8202,1210.8247,1248.4446,875.6884,1092.9579,1633.7566,1181.2392,1216.0790,841.2261,1047.9407,1625.7480,1141.1404,1178.7399,789.9240,987.0316,1631.0460,1087.0238,1129.5445,719.8017,908.5980,1633.7915,11.00000000000,51,820
51,790,01789075,51790,Staunton,Staunton city,25,C7,G4020,,44420,,F,51735515.00000000000,155196.00000000000,+38.1580558,-079.0615011,51790,1466.4989,1462.4538,1450.6728,1462.4218,1474.4636,1443.7290,1437.4614,1411.1235,1437.4429,1463.2706,1617.6177,1607.5877,1554.6903,1607.7959,1660.0991,1884.4659,1868.7478,1778.8639,1868.1840,1958.8156,1841.7046,1824.0764,1692.3322,1822.3870,1955.4695,1583.1058,1565.0656,1424.0335,1562.5016,1705.2199,1368.1825,1351.9726,1203.5294,1349.2366,1498.3622,1690.0875,1670.2422,1489.3875,1666.8993,1846.6306,1767.0950,1746.0017,1549.6373,1742.0930,1935.8786,1726.2194,1723.4018,1453.4954,1665.8183,2025.0840,1714.4306,1732.4564,1393.6263,1636.1204,2096.8934,1702.1368,1737.8888,1317.3708,1593.2303,2169.8933,1658.4363,1712.9882,1214.8019,1507.9992,2207.2652,1626.4691,1677.7253,1177.5366,1469.0607,2194.6469,1584.5879,1632.0257,1129.7014,1406.6630,2180.9359,1589.1888,1642.1946,1101.2127,1375.3788,2271.4922,1586.6519,1649.2809,1051.6505,1326.9095,2384.7649,11.00000000000,51,790
51,183,01690257,51183,Sussex,Sussex County,06,H1,G4020,,40060,,A,1269664203.00000000000,6755314.00000000000,+36.9266454,-077.2597319,51183,717.6549,715.6241,709.8327,715.6108,721.5452,599.5138,596.8100,585.8211,596.8093,607.5996,455.4454,452.5144,437.6003,452.5854,467.3460,493.8476,489.6791,466.1261,489.5347,513.3003,477.0294,472.3420,438.2164,471.8999,506.4163,612.4548,605.3096,550.6576,604.2860,659.6486,782.6862,772.2419,686.4073,770.4114,857.0224,730.9201,720.6737,640.9764,718.8876,798.5241,735.2910,724.9331,641.7823,722.9800,805.3301,723.1291,720.2393,605.8055,695.7134,847.9115,617.9026,622.6309,499.1827,587.4622,755.4596,587.7629,598.3811,451.8757,547.9822,749.0745,567.0787,584.0578,412.5179,513.5390,754.5950,537.9929,553.3765,386.7859,483.9283,725.7906,510.2074,524.0236,361.1901,451.0692,702.1033,475.1673,489.7272,326.9815,409.6223,679.0856,441.4038,457.7228,290.5982,367.7882,663.3692,11.00000000000,51,183
51,171,01673918,51171,Shenandoah,Shenandoah County,06,H1,G4020,,,,A,1317722983.00000000000,8801811.00000000000,+38.8562040,-078.5739867,51171,3015.8367,3007.4455,2983.1809,3007.3832,3032.2057,2749.6278,2737.4945,2687.2326,2737.4732,2786.7892,2523.7681,2507.9444,2425.3812,2508.2893,2589.9480,2993.3871,2968.2212,2825.4537,2967.3394,3111.3615,3098.9072,3068.2903,2846.5986,3065.4115,3289.7020,3429.9144,3391.4618,3086.2521,3386.0268,3694.6675,3171.4094,3134.2147,2790.4242,3127.9588,3473.2059,3106.9191,3068.9920,2735.2360,3062.5512,3394.6110,3293.7857,3253.2872,2886.1940,3245.7573,3608.2471,3064.6730,3058.2323,2577.8988,2955.6607,3594.9185,2882.4534,2911.0514,2340.0957,2748.6500,3525.2062,2859.3301,2917.6664,2209.9681,2674.2168,3644.8815,2815.1005,2905.9837,2059.1194,2557.5904,3746.5545,2762.4816,2847.8695,1997.1100,2493.0084,3727.3560,2704.6375,2783.9914,1925.3919,2398.8994,3722.3784,2583.0644,2667.7993,1787.3945,2233.7568,3691.9795,2439.9031,2535.0177,1615.0650,2039.0131,3667.1423,11.00000000000,51,171
51,750,01498438,51750,Radford,Radford city,25,C7,G4020,,13980,,F,25567146.00000000000,867994.00000000000,+37.1200360,-080.5570481,51750,932.6825,930.0487,922.5248,930.0312,937.7393,1098.1920,1093.2339,1073.1019,1093.2331,1113.0021,1197.3452,1189.8030,1150.6260,1189.9708,1228.7232,1442.7196,1430.3885,1361.5881,1429.9772,1499.4506,1889.3201,1870.2558,1735.0901,1868.4856,2005.3802,296.7593,293.2070,266.6765,292.6940,319.6004,255.2208,252.3994,224.8671,251.9349,279.5278,1237.1960,1221.3436,1087.7720,1218.6255,1351.7132,1228.5355,1212.9300,1075.5529,1210.0182,1345.7645,1224.9866,1221.7440,1029.2145,1180.5871,1436.7700,1796.2180,1813.3582,1457.0517,1711.9842,2196.6426,1762.5191,1797.7932,1361.0467,1647.5511,2246.6576,1685.4699,1739.2144,1231.6992,1530.4525,2243.0951,1690.8799,1742.4905,1221.2759,1525.1064,2281.4087,1654.6099,1702.5265,1176.7905,1466.7704,2277.1803,1809.1406,1867.8800,1250.7896,1563.7289,2585.7660,2014.8895,2092.8635,1332.7116,1683.1290,3028.3171,11.00000000000,51,750
48,251,01383911,48251,Johnson,Johnson County,06,H1,G4020,206,19100,23104,A,1876943426.00000000000,25308620.00000000000,+32.3795112,-097.3648234,48251,10348.4292,10319.5106,10236.1858,10319.3020,10404.5787,10715.6576,10668.4346,10472.5887,10668.3466,10860.4984,10708.8745,10642.0569,10291.7870,10643.4830,10989.8727,12246.7757,12144.4049,11560.2773,12140.7565,12729.8180,12712.2502,12587.6903,11678.2890,12575.9204,13495.6060,13902.9093,13748.1843,12511.6630,13726.3706,14976.3987,14234.8221,14066.9267,12523.0875,14038.6334,15589.3225,14616.5252,14437.3297,12866.4886,14406.8716,15969.9292,15407.7387,15217.2404,13499.0827,15181.7994,16878.6053,14542.0177,14511.0354,12231.4935,14024.2292,17057.9554,14737.9999,14884.2261,11964.9291,14053.8674,18024.3992,14922.6523,15227.0798,11533.6299,13956.5259,19022.3887,14858.4553,15338.1062,10868.2204,13499.2320,19774.7822,14945.1835,15407.0612,10804.3481,13487.2210,20165.2025,15012.9063,15453.2740,10687.2767,13315.6756,20662.1749,14772.8509,15257.3169,10222.0686,12774.9408,21114.8572,14335.2519,14893.9205,9488.7622,11979.6893,21545.6850,11.00000000000,48,251
48,383,01383977,48383,Reagan,Reagan County,06,H1,G4020,,,,A,3044015959.00000000000,1792716.00000000000,+31.3728949,-101.5139014,48383,259.9533,259.2281,257.1356,259.2228,261.3639,284.7773,283.4907,278.2698,283.4906,288.6176,336.4090,334.2208,323.2001,334.2759,345.1862,419.3178,415.6266,395.6350,415.5144,435.7378,403.3081,399.1802,370.3258,398.8001,428.0447,434.9775,429.8788,391.0508,429.1473,468.4885,455.5747,450.0008,400.4345,449.0498,498.9014,457.7777,451.9364,402.5348,450.9356,500.1519,516.3525,509.6335,451.7478,508.3765,565.6043,536.6777,535.3333,451.0453,517.3201,629.4805,522.9863,527.8165,423.9538,498.2598,639.5477,536.8114,547.4004,414.2643,501.6012,684.2471,551.8030,569.2583,403.0041,500.8765,734.3506,562.2239,579.2524,405.8505,506.9354,758.5650,577.2021,593.7995,410.3106,511.5255,794.3731,583.6530,602.4823,403.3078,504.3285,834.1942,574.7041,596.8217,379.9086,479.9258,863.7550,11.00000000000,48,383
48,479,01384025,48479,Webb,Webb County,06,H1,G4020,,29700,,A,8706199011.00000000000,36537745.00000000000,+27.7705836,-099.3266413,48479,15239.2989,15197.3576,15074.9827,15197.0208,15322.0776,17323.7470,17247.7364,16931.2879,17247.5701,17558.0029,16403.2965,16300.9089,15764.3758,16303.0977,16833.6924,17554.0648,17406.2599,16569.0415,17401.1031,18245.7556,17822.6095,17645.2633,16370.2373,17628.6588,18919.0880,21377.8698,21136.3025,19232.9588,21102.0669,23027.4626,20772.8996,20524.8178,18269.4883,20482.8327,22749.1708,21829.0206,21556.8242,19206.7787,21510.4005,23849.9926,21839.4093,21569.3636,19133.9693,21519.1243,23924.2577,23590.9218,23537.0714,19836.1932,22746.4989,27671.5547,21001.7851,21207.4801,17045.4418,20023.5335,25684.4983,20807.4912,21229.3144,16077.3345,19457.0224,26523.6626,20899.7719,21571.8110,15282.6332,18984.5970,27814.8019,20982.5940,21628.5001,15164.5710,18932.4071,28311.1167,21095.4579,21711.7821,15012.9694,18707.4625,29033.3573,20542.5093,21213.9136,14210.3564,17761.4475,29361.2799,19823.7427,20594.2748,13118.0696,16563.8189,29794.6856,11.00000000000,48,479
48,417,01383994,48417,Shackelford,Shackelford County,06,H1,G4020,,,,A,2367989977.00000000000,3268197.00000000000,+32.7437882,-099.3470453,48417,193.9866,193.4397,191.8752,193.4360,195.0385,207.5231,206.5793,202.7714,206.5796,210.3198,163.2734,162.2313,156.8864,162.2558,167.5446,187.8609,186.2549,177.2962,186.2013,195.2478,233.4911,231.1046,214.3997,230.8847,247.8143,311.5751,308.1834,280.5135,307.7089,335.6549,233.5307,230.8710,205.6174,230.4283,255.7630,239.4256,236.5531,210.8780,236.0671,261.5987,247.4164,244.4656,216.9743,243.9188,271.0486,205.9754,205.5875,173.3404,198.7043,241.6239,224.5494,226.8369,182.4031,214.2006,274.6310,230.3393,235.1031,178.1414,215.5082,293.6288,233.2663,240.8627,170.7362,212.0107,310.4547,238.6813,246.1267,172.6693,215.4847,322.0536,237.6165,244.6528,169.2690,210.8379,327.0355,222.7383,230.0978,154.2209,192.6836,318.3641,213.5907,221.9616,141.4631,178.5511,321.0268,11.00000000000,48,417
48,037,01383804,48037,Bowie,Bowie County,06,H1,G4020,,45500,,A,2292153748.00000000000,98320026.00000000000,+33.4460512,-094.4223747,48037,5126.3085,5112.1375,5070.9400,5112.0271,5154.1454,5101.7697,5079.6449,4986.5857,5079.5781,5170.8315,4967.0796,4936.9345,4774.6328,4937.4978,5097.8901,4958.5960,4919.3015,4682.6968,4917.6772,5155.5511,5214.0058,5165.6476,4792.6945,5160.9235,5537.1037,6104.4702,6039.0641,5497.5210,6029.9675,6576.5527,6214.2771,6141.8692,5468.5933,6129.7187,6805.6925,6218.7218,6142.8551,5474.8605,6129.9727,6794.5605,6328.0211,6250.4920,5545.4850,6236.0829,6932.1981,6227.3221,6214.7534,5239.1452,6006.4538,7304.8906,5539.2705,5595.1798,4498.6778,5283.3306,6774.6166,5470.6985,5583.2747,4229.9720,5117.7363,6973.7945,5347.8311,5521.4326,3913.3265,4859.8338,7117.3931,5214.6869,5376.7998,3771.5105,4707.1872,7036.1457,5049.2312,5198.2735,3596.0464,4479.5947,6949.3024,4754.8497,4911.6706,3291.6894,4112.9084,6796.1761,4455.9485,4630.4138,2950.9166,3724.7428,6697.2788,11.00000000000,48,037
48,415,01383993,48415,Scurry,Scurry County,06,H1,G4020,,43660,,A,2345088415.00000000000,5439993.00000000000,+32.7444622,-100.9133987,48415,925.4983,922.8439,915.3570,922.8284,930.5102,960.8222,956.4312,938.7902,956.4342,973.7646,1143.3574,1135.9168,1098.4601,1136.1044,1173.1865,1399.6120,1387.3650,1320.6331,1386.9854,1454.4663,1327.5625,1313.8117,1218.8296,1312.5544,1408.8802,1380.1827,1364.1060,1240.9601,1361.8042,1486.5427,1576.7262,1556.7785,1384.7183,1553.3384,1726.6026,1777.4660,1753.9017,1561.2976,1749.8351,1941.9456,1977.6373,1950.9488,1728.3746,1945.9375,2166.1565,1950.1557,1943.9469,1636.6060,1878.1787,2287.0570,1709.7048,1724.4359,1384.1002,1627.5434,2090.5859,1747.6325,1781.0458,1346.8148,1631.6683,2227.4930,1758.8011,1813.3868,1282.7249,1595.1616,2340.5550,1734.1926,1785.6969,1250.0931,1562.3556,2339.7205,1733.6452,1782.5115,1230.6573,1535.1341,2385.8464,1704.6423,1758.7120,1176.2826,1471.8050,2436.3193,1652.9620,1715.7535,1091.2238,1379.3504,2484.2783,11.00000000000,48,415
48,261,01383916,48261,Kenedy,Kenedy County,06,H1,G4020,204,28780,,A,3777053964.00000000000,1262537526.00000000000,+26.8902316,-097.5912328,48261,25.4711,25.3997,25.1945,25.3992,25.6093,19.7065,19.6205,19.2608,19.6203,19.9731,22.7505,22.6251,21.8842,22.6262,23.3567,33.5117,33.2481,31.6490,33.2370,34.8440,26.5394,26.3073,24.4092,26.2838,28.1932,15.4131,15.2586,13.8972,15.2377,16.6081,13.8422,13.7122,12.2369,13.6922,15.1632,24.8965,24.6397,22.0072,24.5977,27.2045,36.7506,36.3322,32.2669,36.2551,40.2633,27.2057,27.1998,22.9768,26.3014,31.9253,37.3884,37.8455,30.5044,35.7608,45.7396,40.2557,41.1637,31.2653,37.7587,51.3258,39.8850,41.2605,29.3245,36.3467,53.0898,42.8360,44.2454,31.1152,38.7660,57.8053,45.8655,47.2929,32.7940,40.7845,63.1310,51.0681,52.8187,35.4709,44.2567,72.9970,54.8103,57.0140,36.4006,45.8870,82.3833,11.00000000000,48,261
48,425,01383998,48425,Somervell,Somervell County,06,H1,G4020,206,24180,,A,482937084.00000000000,14222771.00000000000,+32.2179420,-097.7692109,48425,529.2326,527.7812,523.5341,527.7693,532.1081,474.9768,472.8894,464.2115,472.8851,481.3986,495.2810,492.1739,475.9708,492.2418,508.2676,515.1054,510.7422,486.1761,510.5927,535.3857,625.9835,619.8583,575.0772,619.2791,664.5635,739.1501,731.1313,665.5050,730.0109,796.2826,617.6293,610.3427,543.3563,609.1147,676.3990,514.9212,509.0592,454.1222,508.0785,562.6262,512.9392,506.8383,449.8591,505.7083,561.9351,443.1039,442.4336,373.1937,427.6650,519.8324,534.4591,539.9251,434.1824,509.8543,653.6636,525.1026,535.9811,406.1397,491.3155,669.3854,503.0495,519.4541,368.2391,457.2391,669.5118,501.7005,517.3667,362.9737,452.9628,676.9477,481.4836,495.7640,343.0302,427.2506,662.6757,433.9787,448.3605,300.5564,375.4743,620.2969,405.3179,421.2494,268.5290,338.8827,609.1956,11.00000000000,48,425
48,359,01383965,48359,Oldham,Oldham County,06,H1,G4020,,,,A,3886363298.00000000000,2338030.00000000000,+35.4019206,-102.5976203,48359,158.0782,157.6231,156.3435,157.6206,158.9340,234.8503,233.7535,229.4295,233.7559,238.0070,267.3968,265.5871,256.8137,265.6391,274.3339,272.6719,270.1784,257.1826,270.1118,283.2899,241.3156,238.6959,221.4288,238.4628,256.0178,348.7267,344.3557,313.0715,343.7154,375.5105,133.9630,132.2673,117.6478,131.9748,146.6969,126.3601,124.7473,111.1106,124.4710,138.0566,186.5526,184.0288,163.0274,183.5548,204.3350,163.7115,163.1734,137.3592,157.6483,191.9895,190.8327,192.4971,154.5249,181.6873,233.3489,178.2921,181.7294,137.4509,166.4974,227.2505,165.8304,171.0107,121.0007,150.4437,220.6847,158.9273,163.6896,114.6359,143.2334,214.4236,155.0316,159.4455,110.1290,137.3356,213.3583,145.4894,150.1536,100.4820,125.6790,207.9407,145.8553,151.4508,96.3860,121.7795,219.2130,11.00000000000,48,359
48,441,01384006,48441,Taylor,Taylor County,06,H1,G4020,,10180,,A,2371267567.00000000000,9721168.00000000000,+32.2956844,-099.8932198,48441,6330.0093,6312.5403,6261.6847,6312.4029,6364.3865,6162.2019,6135.1298,6022.5489,6135.0732,6245.5188,6628.0353,6586.8818,6370.1284,6587.7409,6802.0666,8842.8137,8769.0583,8347.2802,8766.4131,9191.6991,8590.6660,8506.2687,7891.7115,8498.3065,9119.8947,8755.5438,8658.5400,7880.0634,8644.8859,9431.7154,7846.8073,7752.7959,6900.6275,7736.8683,8593.2942,10315.2822,10187.7371,9078.1872,10166.0206,11270.3537,11405.7912,11264.1154,9991.6262,11237.7442,12494.5409,11085.5049,11060.6709,9321.9842,10689.2872,13003.1307,10455.3873,10558.0060,8486.1677,9968.6525,12786.6330,10816.0822,11035.5858,8357.6754,10114.3785,13787.4717,10924.6965,11276.2148,7988.9102,9923.8893,14539.3309,10882.5868,11217.8069,7865.4622,9819.5426,14683.5320,10940.6533,11260.5087,7786.4908,9702.4484,15057.4719,10861.5425,11216.7419,7513.8742,9391.3546,15524.3490,10813.8725,11234.3899,7156.2627,9035.8158,16253.0430,11.00000000000,48,441
48,269,01383920,48269,King,King County,06,H1,G4020,,,,A,2359146771.00000000000,6398129.00000000000,+33.6141593,-100.2505476,48269,14.9090,14.8710,14.7529,14.8706,14.9904,6.1871,6.1577,6.0436,6.1578,6.2701,2.9635,2.9466,2.8500,2.9468,3.0422,7.1496,7.0829,6.7422,7.0812,7.4272,8.2171,8.1322,7.5443,8.1244,8.7206,10.8526,10.7262,9.7579,10.7081,11.6889,12.0993,11.9453,10.6243,11.9187,13.2493,6.1694,6.0972,5.4372,6.0850,6.7409,4.6893,4.6189,4.0848,4.6056,5.1354,8.5926,8.5535,7.1899,8.2609,10.0742,7.9814,8.0407,6.4447,7.5859,9.7580,7.2470,7.3747,5.5659,6.7525,9.2355,6.0721,6.2511,4.4124,5.4954,8.0797,4.8043,4.9424,3.4552,4.3224,6.4814,3.6170,3.7156,2.5617,3.1986,4.9775,2.0327,2.0948,1.3984,1.7521,2.9050,1.2414,1.2867,0.8163,1.0337,1.8656,11.00000000000,48,269
48,033,01383802,48033,Borden,Borden County,06,H1,G4020,,,,A,2324365341.00000000000,22297741.00000000000,+32.7440621,-101.4330328,48033,42.1709,42.0562,41.7182,42.0552,42.4002,38.0724,37.8964,37.1964,37.8967,38.5847,34.1192,33.8919,32.7732,33.8982,35.0064,33.1592,32.8866,31.3048,32.8764,34.4700,35.5185,35.1664,32.6254,35.1333,37.7045,35.2774,34.8784,31.7373,34.8218,37.9994,48.2334,47.6777,42.4568,47.5848,52.8246,46.7089,46.1499,41.1422,46.0553,51.0346,51.4678,50.8473,45.1224,50.7322,56.3830,48.4669,48.3671,40.7724,46.7455,56.8531,46.9660,47.4660,38.1885,44.8284,57.4444,48.9235,49.9557,37.8725,45.7991,62.3685,49.8395,51.4819,36.5125,45.3224,66.3333,50.8060,52.4087,36.7854,45.8911,68.5544,52.3409,53.9074,37.3146,46.4632,72.0390,53.3932,55.1730,36.9965,46.2084,76.3169,51.5397,53.5743,34.1613,43.1026,77.4651,11.00000000000,48,033
48,471,01384021,48471,Walker,Walker County,06,H1,G4020,288,26660,,A,2030987606.00000000000,44898006.00000000000,+30.7430899,-095.5698884,48471,4210.4294,4197.9152,4163.6291,4197.8642,4233.1681,4478.6470,4457.4333,4374.8204,4457.4989,4538.7617,4687.4596,4655.8418,4502.0644,4656.7401,4809.1259,5608.3261,5556.8112,5289.5230,5555.4568,5826.5715,6214.8216,6147.2204,5702.5219,6141.2121,6593.3725,6329.1612,6251.1906,5684.1480,6239.8279,6815.6648,5913.6770,5831.8676,5181.0697,5817.3805,6474.9998,7646.7413,7540.5281,6707.6251,7522.0433,8354.0588,8146.9267,8033.0646,7112.5875,8011.6103,8923.0604,7682.5538,7652.1310,6436.6044,7391.6319,9008.3150,8707.1764,8778.4171,7042.3134,8284.0054,10646.3103,8675.6857,8837.4062,6678.6587,8094.7848,11057.3314,8490.2704,8749.3303,6184.5005,7694.7612,11298.1820,8542.7361,8792.1535,6150.6156,7690.7924,11525.2182,8565.9852,8803.2045,6073.3039,7579.7697,11788.1885,8464.7394,8729.2527,5834.0198,7303.5494,12097.7477,8467.1434,8785.3627,5583.5868,7061.3903,12725.2715,11.00000000000,48,471
48,429,01384000,48429,Stephens,Stephens County,06,H1,G4020,,,,A,2322492721.00000000000,64133847.00000000000,+32.7315311,-098.8400811,48429,547.0648,545.4813,541.0484,545.4728,550.0253,537.5420,535.0722,525.1960,535.0748,544.7790,601.7269,597.7543,578.0306,597.8596,617.3935,763.3842,756.4831,720.0959,756.2912,793.1618,827.0502,818.0793,758.9005,817.2806,877.4433,997.7069,985.3742,895.9647,983.5751,1074.3855,1133.8013,1118.3570,993.7706,1115.6339,1241.4488,1120.7236,1104.9543,982.7018,1102.2037,1224.3779,1140.0715,1123.7541,994.5934,1120.6726,1248.6361,999.2676,995.0700,836.7745,961.1302,1171.6506,948.4780,955.7258,766.2258,901.7395,1159.6258,930.4170,947.2799,715.4058,867.5136,1185.7765,893.2427,920.0807,649.9435,809.0257,1188.6201,860.4943,885.2226,618.8582,774.1770,1160.8790,832.3633,855.0527,589.5149,736.0735,1145.4383,786.5065,810.7726,541.5205,678.2234,1124.0480,744.3809,772.0790,490.3802,620.4543,1118.7131,11.00000000000,48,429
48,117,01383845,48117,Deaf Smith,Deaf Smith County,06,H1,G4020,,25820,,A,3876869424.00000000000,3926829.00000000000,+34.9407663,-102.6075637,48117,964.6646,961.9663,954.1977,961.9470,969.8984,971.4603,967.1471,949.3756,967.1413,984.5821,1065.0651,1058.4019,1023.5618,1058.5457,1093.0021,992.4321,984.0937,936.7601,983.8010,1031.5488,925.2950,916.1620,849.9677,915.3027,982.2698,1072.9922,1061.0224,965.5751,1059.3335,1155.8331,956.2398,945.4232,842.0754,943.6273,1047.2829,959.9987,948.6888,845.9268,946.7823,1048.9157,1053.5956,1041.1680,924.2256,1038.8683,1154.2475,834.6032,833.1826,702.6399,805.3280,979.0860,670.4444,677.5939,545.1667,639.9463,820.0264,701.9346,716.7526,543.3935,657.1170,894.8391,658.1793,679.9196,482.2701,598.5891,875.9996,625.4849,645.2973,453.0152,565.0795,843.9959,605.9348,624.1737,432.1628,538.0233,833.9819,555.0603,573.6994,384.8458,480.5397,793.3791,486.4330,505.7851,322.6832,406.9875,731.1264,11.00000000000,48,117
48,393,01383982,48393,Roberts,Roberts County,06,H1,G4020,,37420,,A,2393298505.00000000000,346847.00000000000,+35.8362157,-100.8075549,48393,63.0686,62.8966,62.3910,62.8951,63.4114,35.8163,35.6577,35.0027,35.6575,36.3002,69.6644,69.2130,66.9312,69.2242,71.4830,81.8316,81.1277,77.2255,81.1047,85.0465,83.5780,82.7594,76.7805,82.6821,88.7285,69.7528,68.9840,62.7843,68.8760,75.1408,90.5106,89.3797,79.5139,89.1855,99.1158,77.6432,76.6601,68.2879,76.4919,84.8307,93.2765,92.0448,81.5716,91.8140,102.1714,68.0718,67.9243,57.2517,65.6450,79.8484,73.8229,74.5387,59.9034,70.3752,90.2818,76.7617,78.3106,59.2988,71.7705,97.8486,75.5680,77.9916,55.2471,68.6353,100.5703,75.1983,77.5084,54.3393,67.8448,101.4621,74.1099,76.2721,52.7364,65.7169,101.9961,72.9681,75.3512,50.4728,63.0874,104.2927,71.4282,74.2039,47.2653,59.6813,107.3551,11.00000000000,48,393
48,457,01384014,48457,Tyler,Tyler County,06,H1,G4020,,,,A,2394445956.00000000000,28806206.00000000000,+30.7695792,-094.3794486,48457,1088.1615,1085.1673,1076.4295,1085.1433,1094.0724,922.5553,918.5089,901.6575,918.4999,935.0307,892.6094,887.0692,857.8790,887.1847,916.0476,904.8767,897.6085,854.4358,897.3188,940.7561,826.8868,819.1624,760.0150,818.4111,878.0903,972.0939,961.6146,875.3426,960.1539,1047.2512,977.8678,966.2324,860.0981,964.2657,1070.9042,974.3306,962.0394,857.0197,959.9383,1064.5277,1027.3870,1014.3182,899.4171,1011.8793,1125.4197,973.6449,971.3477,818.5453,938.7016,1142.0427,801.1880,808.7748,649.8034,763.5430,979.7845,772.3684,787.7709,596.3390,721.9177,984.5202,739.3970,762.9235,540.2461,671.3291,984.0166,690.9375,711.9836,498.9703,623.1430,932.2391,654.7349,673.6626,465.6023,580.3643,901.0855,602.0294,621.5216,416.1298,520.2951,860.4639,551.9867,573.2787,364.9779,461.0146,829.6148,11.00000000000,48,457
48,465,01384018,48465,Val Verde,Val Verde County,06,H1,G4020,,19620,,A,8144863995.00000000000,227711342.00000000000,+29.8849608,-101.1466458,48465,2318.0764,2311.5721,2292.8937,2311.5267,2330.6503,2233.6076,2223.7870,2182.9760,2223.7671,2263.8052,1876.6620,1864.6904,1803.2571,1864.9706,1925.7578,2069.6074,2051.9642,1953.2667,2051.3710,2151.0184,2249.7512,2226.6734,2065.7158,2224.5514,2387.7044,2790.9496,2758.5947,2509.6590,2753.9696,3006.0714,2995.6986,2957.8963,2631.0671,2951.3826,3280.4673,2789.4549,2752.7546,2450.7419,2746.4298,3047.5963,2573.8220,2539.7660,2250.7129,2533.3840,2819.2551,2642.0584,2633.5840,2217.1505,2544.4669,3098.4749,2180.9399,2199.7222,1765.5751,2076.1215,2666.7992,2046.5855,2085.4973,1576.8229,1910.5108,2608.5055,1996.0295,2057.6914,1455.2493,1809.9588,2656.2256,1900.2268,1956.2916,1369.1392,1711.4666,2563.6955,1797.6833,1847.8833,1275.2909,1591.2416,2473.9379,1606.1518,1656.4983,1107.2592,1386.0162,2295.5122,1411.4040,1464.3451,930.5539,1176.9493,2121.1931,11.00000000000,48,465
48,049,01383810,48049,Brown,Brown County,06,H1,G4020,,15220,,A,2446070964.00000000000,32428770.00000000000,+31.7641026,-098.9984697,48049,2109.2866,2103.3917,2086.4078,2103.3493,2120.7313,2216.2655,2206.5312,2166.0421,2206.5107,2246.2315,2107.6227,2094.5009,2025.5694,2094.7782,2162.9422,2361.7415,2342.1362,2229.4833,2341.4233,2454.9815,2445.9830,2421.9429,2246.9625,2419.6755,2596.6613,2300.0168,2274.1338,2069.4140,2270.4706,2477.5254,2261.2420,2234.3738,1988.9760,2229.8344,2476.3855,2529.4499,2498.1694,2226.0884,2492.8433,2763.6463,2473.4833,2442.7448,2166.7770,2437.0229,2709.5900,2129.0996,2124.4761,1790.6580,2053.1820,2497.4373,2312.2586,2335.0690,1876.9592,2204.7600,2827.8436,2292.5570,2339.1886,1771.6632,2143.9586,2922.3802,2216.4923,2287.9082,1621.0217,2013.5618,2949.8676,2191.9232,2259.5275,1584.3752,1977.9186,2957.5008,2164.4873,2227.8416,1540.6016,1919.6166,2978.9602,2126.6941,2196.3070,1471.3340,1838.9119,3039.6779,2057.1444,2137.1943,1361.4462,1718.9673,3091.8521,11.00000000000,48,049
48,367,01383969,48367,Parker,Parker County,06,H1,G4020,206,19100,23104,A,2339997883.00000000000,17135889.00000000000,+32.7770964,-097.8059049,48367,8500.5954,8477.0267,8408.6763,8476.8471,8546.7451,8441.7490,8404.7687,8250.5960,8404.6839,8555.9175,8326.2471,8274.9195,8002.7019,8275.9559,8545.0757,9685.6357,9605.8372,9143.8143,9602.8723,10068.4042,10237.8376,10140.1623,9407.8158,10130.7838,10870.4545,11191.3473,11071.7209,10079.0629,11055.0980,12056.9005,11165.7947,11039.0779,9831.9850,11018.0131,12228.8371,11491.1509,11355.3835,10124.9813,11332.4835,12555.4608,12619.6635,12469.9476,11068.4568,12442.2241,13825.1391,12509.3722,12488.8008,10532.7515,12071.4749,14675.1138,12800.1492,12933.9001,10403.5286,12214.4333,15655.5281,13077.4914,13351.1306,10119.5148,12239.4512,16671.1307,13184.4516,13616.8549,9655.3967,11986.8814,17547.4894,13417.3634,13838.6611,9711.2982,12116.8894,18104.3424,13561.7034,13965.9290,9665.4541,12036.6858,18665.4085,13389.3778,13834.4886,9275.4198,11586.1125,19137.8796,13105.0728,13621.2219,8684.1550,10958.3105,19697.0781,11.00000000000,48,367
48,201,01383886,48201,Harris,Harris County,06,H1,G4020,288,26420,,A,4411986582.00000000000,191671993.00000000000,+29.8572730,-095.3930371,48201,291952.0986,291137.0078,288786.6221,291131.0869,293536.3125,338048.8848,336552.3252,330370.4307,336550.0078,342616.2559,363417.5625,361135.6953,349246.1191,361185.7539,372945.4902,441006.4863,437282.7578,416249.9941,437153.9297,458376.9902,470991.9805,466334.4824,432640.2734,465896.7930,499987.4844,502394.1855,496786.2676,452094.2715,495994.8320,541180.7988,497273.7207,491391.7383,437446.7324,490399.5352,544589.3594,521496.3008,515083.5449,459021.0156,513992.8828,569782.6641,575740.8711,568639.9395,504453.4766,567319.2461,630704.8438,569571.0703,568349.6172,479059.8262,549280.8691,668111.5469,602116.6172,608078.5117,488802.3633,574151.3711,736379.5234,617204.3516,629782.5781,477010.8848,577228.8086,786768.8359,621220.6367,641261.0664,454368.9902,564375.7305,826767.3398,632532.5664,652067.1133,457254.1563,570809.0000,853460.8438,642160.0938,660982.4883,457111.9609,569545.4063,883800.0664,640017.5000,660992.8945,442835.8613,553443.2383,914777.0117,631995.6172,656612.5078,418306.0938,528130.3848,949879.8555,11.00000000000,48,201
48,505,01384038,48505,Zapata,Zapata County,06,H1,G4020,,,,A,2585876105.00000000000,154370954.00000000000,+26.9969806,-099.1826027,48505,729.9441,727.9446,722.0879,727.9281,733.9105,815.6802,812.1118,797.2174,812.1033,826.7130,826.2360,821.0491,794.0181,821.1627,847.8984,865.8199,858.5990,817.3017,858.3399,899.9805,843.5064,835.2274,774.8850,834.4459,895.4759,848.1521,838.7632,763.3563,837.4420,913.6553,756.8748,748.0296,666.0067,746.5438,828.9039,733.3465,724.2286,645.3024,722.6744,801.2426,924.9669,913.1301,809.6189,910.9197,1013.2182,830.1074,828.0836,697.7555,800.2348,973.6637,594.2632,600.1832,482.4897,566.7077,726.7808,559.2235,570.6618,432.2728,523.0557,712.8640,524.1122,541.0652,383.4201,476.2100,697.5320,467.0972,481.5718,337.7469,421.5797,630.2473,415.3543,427.5804,295.7541,368.4521,571.6531,356.5407,368.2775,246.7866,308.3770,509.6072,298.7631,310.4499,197.8342,249.7239,449.0395,11.00000000000,48,505
48,387,01383979,48387,Red River,Red River County,06,H1,G4020,,,,A,2684724244.00000000000,52208060.00000000000,+33.6196255,-095.0484293,48387,785.8731,783.6867,777.3639,783.6704,790.1386,758.4772,755.0588,741.1575,755.0578,768.7076,676.8375,672.5440,650.3921,672.6423,694.5580,746.5019,740.2006,704.5979,739.9824,775.9066,725.5435,718.2013,666.2941,717.5207,770.0995,782.2054,773.1014,703.3136,771.7982,842.4859,613.1305,605.5175,538.7222,604.2124,671.4284,538.2141,531.1751,472.9406,529.9635,588.0239,551.5887,544.5152,482.7745,543.1940,604.2141,492.9243,491.7069,414.3044,475.1663,578.1654,407.3521,411.2357,330.4288,388.2449,498.1611,374.1942,381.6713,288.9384,349.7709,476.9785,339.7864,350.6062,248.2819,308.5166,452.2009,300.1614,309.3139,216.7823,270.7219,404.9900,270.0092,277.8350,192.0472,239.3647,371.6045,238.6738,246.4359,165.0352,206.3135,341.1322,213.9257,222.2069,141.5018,178.7050,321.5239,11.00000000000,48,387
48,255,01383913,48255,Karnes,Karnes County,06,H1,G4020,,,,A,1936160430.00000000000,15519492.00000000000,+28.9076175,-097.8607669,48255,518.8007,517.4174,513.2742,517.4039,521.6252,485.1971,483.2003,474.4052,483.1865,491.7958,473.7961,471.1296,455.6884,471.1592,486.3911,579.4344,575.2337,547.5677,575.0172,602.6993,652.5230,647.1038,600.4394,646.5365,693.3751,753.1036,745.7553,679.3405,744.7700,811.5537,1271.7934,1256.3092,1117.9984,1253.6717,1392.7540,1415.7378,1397.5182,1244.5998,1394.3916,1546.7765,1592.2402,1571.7474,1393.4560,1567.9182,1744.1420,1530.1281,1525.9241,1285.3129,1474.4789,1794.6290,1619.5381,1634.5616,1312.9784,1543.0499,1980.5059,1684.2736,1717.5923,1299.9425,1573.9194,2146.8723,1714.4881,1768.8109,1252.3109,1556.3666,2281.6831,1758.5241,1811.8733,1269.5705,1585.7040,2372.6481,1790.7399,1842.3049,1273.0943,1587.0734,2464.5077,1797.5356,1855.5856,1242.2130,1553.3061,2569.1573,1785.7406,1854.5239,1180.5696,1491.3141,2683.8931,11.00000000000,48,255
48,363,01383967,48363,Palo Pinto,Palo Pinto County,06,H1,G4020,206,33420,,A,2465126895.00000000000,87327962.00000000000,+32.7522101,-098.3179744,48363,1605.8379,1601.3558,1588.4285,1601.3232,1614.5517,1549.8874,1543.0883,1514.7776,1543.0734,1570.8458,1446.0142,1437.1013,1389.8256,1437.2811,1484.0188,1527.4974,1514.8784,1442.0155,1514.4132,1587.8410,1659.4441,1643.2955,1524.5850,1641.7633,1761.7760,1827.8398,1807.6679,1645.1937,1804.8325,1969.0229,1746.4925,1725.9535,1536.5847,1722.4958,1912.6852,1556.5504,1537.8251,1370.8610,1534.6547,1700.6986,1625.0206,1605.2129,1424.2617,1601.5337,1780.1841,1495.1658,1492.0722,1257.7702,1442.0420,1753.8691,1356.1842,1369.8330,1101.3459,1293.4728,1658.6286,1336.7576,1364.2123,1033.4949,1250.4450,1704.0305,1292.7084,1334.6111,945.8468,1174.6700,1720.4516,1260.5939,1299.7081,911.5925,1137.8162,1700.9051,1218.2710,1254.1428,867.4931,1080.7172,1676.7103,1141.4328,1178.9795,790.0161,987.2063,1631.4596,1057.3900,1098.6920,700.0728,883.7553,1589.2483,11.00000000000,48,363
48,173,01383872,48173,Glasscock,Glasscock County,06,H1,G4020,,,,A,2331553028.00000000000,2245419.00000000000,+31.8685906,-101.5289710,48173,76.1181,75.8940,75.2753,75.8930,76.5295,104.4429,103.9725,102.0585,103.9724,105.8517,113.6811,112.9554,109.2339,112.9724,116.6548,118.0687,117.0167,111.3882,116.9860,122.6840,113.1955,112.0005,103.9014,111.8924,120.1143,165.9756,164.0178,149.1953,163.7363,178.7589,154.5044,152.5752,135.7348,152.2439,169.1939,150.0605,148.0940,131.8540,147.7554,163.9478,154.4676,152.5462,135.3104,152.1885,169.2121,155.9540,155.5150,130.9829,150.2691,182.9099,157.1635,158.6492,127.4630,149.7758,192.1972,160.4258,163.6242,123.8619,149.9458,204.4910,159.1985,164.2644,116.3204,144.5435,211.8672,163.8071,168.7980,118.2979,147.7361,221.0149,170.0465,174.9651,120.9302,150.7346,234.0285,168.7291,174.1978,116.6376,145.8288,241.1603,166.0011,172.4123,109.7754,138.6525,249.4938,11.00000000000,48,173
48,419,01383995,48419,Shelby,Shelby County,06,H1,G4020,,,,A,2060551461.00000000000,101096376.00000000000,+31.7901368,-094.1425654,48419,1557.0960,1552.7379,1540.1968,1552.7068,1565.5437,1531.6968,1524.9497,1496.9570,1524.9369,1552.4012,1430.9146,1421.9701,1375.1641,1422.1626,1468.4523,1514.4328,1501.4751,1429.2555,1501.0444,1573.9750,1522.8323,1507.7778,1398.8363,1506.3628,1616.5847,1577.0568,1559.4821,1419.2061,1557.0032,1698.8197,1538.1294,1519.7590,1352.7623,1516.6500,1684.4623,1619.7772,1599.4765,1425.0043,1596.0106,1769.7333,1749.4046,1727.4633,1532.0977,1723.3749,1916.3699,1568.2402,1564.5296,1318.4038,1511.9442,1839.4743,1330.8496,1343.6327,1079.7019,1268.5442,1627.5448,1302.8554,1329.0073,1006.2220,1217.9683,1660.7404,1254.8948,1294.9827,917.1709,1139.5704,1670.0739,1214.5515,1251.6750,877.3266,1095.5431,1638.7303,1167.3746,1201.2178,830.3235,1034.8950,1606.6188,1099.1269,1134.7974,759.8775,950.0091,1570.9575,1019.7082,1059.1106,674.3618,851.7361,1532.5865,11.00000000000,48,419
48,499,01384035,48499,Wood,Wood County,06,H1,G4020,,,,A,1671149162.00000000000,130753910.00000000000,+32.7835881,-095.3821664,48499,2456.6747,2449.7584,2429.9514,2449.7113,2469.9971,2340.7574,2330.3271,2287.4869,2330.3158,2372.3640,2344.2561,2329.3572,2252.6278,2329.7008,2405.6159,2743.6575,2720.2552,2589.4135,2719.4698,2851.5750,2870.4548,2841.4152,2636.0559,2838.7229,3046.7361,3087.6621,3052.1207,2776.8586,3047.0520,3325.7278,3235.2904,3195.5947,2843.5095,3188.8160,3542.9646,3293.3399,3250.9751,2895.2672,3243.7055,3598.1679,3413.1892,3369.1224,2986.8041,3360.8855,3738.7954,3283.4416,3274.4133,2758.0893,3164.0173,3851.0218,3122.3408,3151.3177,2531.3406,2974.8937,3818.2602,3114.4302,3175.9509,2403.5975,2910.2587,3969.8215,3076.0551,3173.3730,2246.5892,2792.1783,4093.6772,3039.9825,3132.0120,2194.3838,2740.9769,4101.6086,3009.2792,3095.7049,2138.9946,2666.7358,4141.5053,2934.4903,3029.0096,2027.4835,2535.4733,4194.1512,2808.6682,2916.5904,1856.3687,2345.2630,4221.2944,11.00000000000,48,499
34,021,00882229,34021,Mercer,Mercer County,06,H1,G4020,408,45940,,A,581601212.00000000000,11217700.00000000000,+40.2825027,-074.7037240,34021,25208.2908,25137.9839,24935.0791,25137.4696,25345.0878,24378.5250,24271.0352,23825.4496,24270.8383,24708.0272,22829.6907,22687.2040,21940.4728,22690.2485,23428.7124,24219.3042,24015.9608,22860.8268,24008.8070,25174.0013,23432.9551,23202.6709,21526.3278,23180.9497,24876.4968,20723.5851,20494.0894,18651.5625,20461.7905,22324.0518,21543.7200,21290.6353,18954.9034,21248.0443,23593.8079,24848.0654,24545.8284,21877.5352,24494.5391,27148.9890,25398.7488,25088.8423,22260.3212,25031.2720,27823.8857,24182.0579,24134.4529,20346.9142,23325.8635,28366.7849,23912.6344,24154.1030,19420.6659,22807.9005,29245.5535,23493.9608,23977.5237,18165.8322,21978.2922,29949.0308,22886.6030,23629.6343,16747.6359,20798.2742,30459.6362,22665.2344,23369.8008,16392.5026,20459.3695,30582.0613,22530.2850,23195.0962,16045.5889,19988.2018,31008.6155,22312.4204,23047.7834,15445.5162,19299.4097,31891.4309,21723.1616,22572.9961,14384.7431,18157.6073,32649.8116,11.00000000000,34,021
34,007,00882273,34007,Camden,Camden County,06,H1,G4020,428,37980,15804,A,573067842.00000000000,15616906.00000000000,+39.8023521,-074.9612508,34007,33139.8873,33048.3009,32781.9859,33047.5864,33319.8468,31218.4812,31081.7573,30511.6273,31081.4409,31640.6969,30536.8829,30347.2357,29348.5947,30351.1986,31338.6609,34677.4496,34388.8929,32734.8422,34378.4728,36046.0499,35262.1361,34916.7411,32394.1827,34884.0972,37435.1427,35000.7188,34614.2076,31502.9023,34559.8649,37704.1155,31224.0382,30858.4976,27474.2308,30797.0554,34195.4456,29653.0336,29291.0613,26105.6406,29229.5900,32398.8206,30409.8508,30037.7574,26650.2239,29968.6121,33313.3341,28199.5842,28142.8317,23725.0526,27199.6130,33079.2465,26701.2638,26969.6665,21683.3077,25466.1627,32655.8944,25967.6790,26500.9263,20076.3882,24290.8735,33102.2659,24875.3964,25681.8369,18200.9850,22604.1440,33106.4063,23854.3699,24594.8866,17250.7847,21531.4821,32186.4644,22854.5897,23528.1163,16275.0576,20274.8319,31454.8893,21543.0043,22252.3816,14911.7863,18633.1067,30791.6501,20256.6821,21048.6759,13412.8245,16931.2520,30445.6698,11.00000000000,34,007
34,031,00882232,34031,Passaic,Passaic County,06,H1,G4020,408,35620,35644,A,478093122.00000000000,32407089.00000000000,+41.0337634,-074.3003075,34031,33083.5246,32991.3769,32725.1483,32990.6967,33263.0756,32254.8644,32112.3108,31522.5918,32112.0743,32690.7279,31951.5079,31751.0244,30705.7247,31755.4087,32789.2765,34478.5306,34187.2140,32542.8502,34177.1553,35836.4604,35659.5708,35305.5133,32754.4471,35272.3204,37853.9250,33861.8894,33483.2100,30470.5402,33429.7338,36475.9445,31806.6157,31428.0277,27975.7476,31364.0281,34832.7472,33030.5592,32624.3129,29073.3561,32555.2177,36088.9181,34570.2344,34144.1262,30290.3062,34064.8790,37870.5658,34072.7036,34000.4352,28659.6093,32859.8997,39967.7551,33189.8511,33519.7185,26945.9135,31649.9019,40590.8862,32750.8262,33419.5624,25313.9841,30631.2277,41748.6129,32064.8087,33100.5167,23454.8602,29132.3502,42674.3841,31831.9511,32816.3004,23013.3477,28727.3679,42950.1933,31548.5651,32474.5237,22459.5332,27982.6597,43420.1481,30903.7584,31917.7208,21384.7174,26724.8912,44170.8228,30152.1133,31327.5952,19958.9489,25198.0271,45318.2322,11.00000000000,34,031
04,019,00025446,04019,Pima,Pima County,06,H1,G4020,,46060,,A,23794311939.00000000000,5337525.00000000000,+32.1282374,-111.7830177,04019,53291.4235,53143.3582,52714.6997,53142.2451,53580.6993,54598.7708,54358.1007,53360.1902,54357.6549,55336.7511,53729.7528,53395.2019,51637.9220,53402.2762,55139.9961,58876.0605,58382.4119,55574.2999,58364.9755,61197.3148,55367.5466,54818.8852,50857.9375,54767.3880,58775.3618,69456.5422,68678.0763,62497.6249,68568.0573,74817.9153,62604.2019,61858.1165,55062.3602,61731.9395,68560.3569,65707.8619,64895.7152,57828.2169,64757.4467,71791.6366,68017.3225,67171.3903,59582.0538,67013.9093,74509.8459,61956.6598,61819.0696,52102.5485,59743.6973,72674.5239,68947.8014,69623.6945,55960.3887,65737.0105,84321.0118,68790.5475,70185.7095,53153.4712,64326.5831,87688.5555,67135.5776,69294.8414,49092.6978,60984.1544,89348.5209,67526.6508,69605.7794,48803.7482,60929.2749,91111.5059,68502.2935,70504.0917,48751.6816,60748.4264,94278.6997,66669.2284,68848.6036,46119.3632,57643.9758,95289.9387,64884.4968,67406.8480,42936.9766,54214.9629,97520.1084,11.00000000000,04,019
04,017,00042808,04017,Navajo,Navajo County,06,H1,G4020,,43320,,A,25771473007.00000000000,24078377.00000000000,+35.3909336,-110.3209076,04017,5637.4405,5621.8226,5576.5001,5621.7028,5668.0481,5651.9654,5627.1201,5523.8536,5627.0692,5728.3794,5482.0522,5448.0267,5268.7522,5448.7358,5626.0006,6120.4928,6069.8092,5777.8619,6067.9533,6362.2048,6593.3037,6529.5402,6057.8859,6523.4674,7000.1511,6890.5617,6814.6908,6202.2921,6804.0343,7422.8416,6079.2166,6007.3241,5347.8536,5995.1978,6657.6565,5541.5487,5473.3153,4877.5011,5461.7074,6054.6463,5929.6102,5856.6540,5195.7525,5843.0884,6495.7109,5160.4729,5148.6718,4339.0941,4975.7304,6053.0989,3214.6890,3246.0839,2608.9436,3064.8374,3931.4452,3160.8756,3224.8799,2442.1838,2955.6306,4029.2128,2978.7659,3074.4872,2178.0702,2705.7256,3964.3337,2582.0033,2661.4283,1865.9712,2329.6463,3483.8060,2154.9583,2217.9691,1533.7060,1911.0837,2965.8405,1720.3564,1776.8159,1190.4734,1487.7440,2458.9109,1352.5603,1405.5276,895.7404,1130.6223,2032.8952,11.00000000000,04,017
04,012,00043540,04012,La Paz,La Paz County,06,H1,G4020,,,,A,11653984341.00000000000,36581791.00000000000,+33.7276249,-114.0387933,04012,864.6647,862.2483,855.2860,862.2309,869.3563,738.9751,735.7284,722.2275,735.7216,748.9665,792.2358,787.2705,761.3535,787.3786,813.0114,850.6583,843.4775,802.9073,843.2289,884.1655,950.5771,941.3664,873.3663,940.4902,1009.2219,1097.1826,1085.2229,987.7772,1083.5491,1181.9727,1045.5955,1033.0861,919.5476,1030.9678,1145.0678,1025.6817,1012.9396,902.5602,1010.7680,1120.6440,1047.1008,1033.8778,916.8602,1031.4121,1147.0264,944.3768,942.0361,793.7369,910.3447,1107.6851,886.3801,894.8602,719.0500,844.8407,1083.9812,908.1254,926.3200,701.3043,848.9140,1157.5768,898.0367,926.6923,656.2970,815.4669,1195.1472,893.4471,920.7264,645.3272,805.8648,1205.4785,873.4966,898.7887,621.2409,774.3281,1202.1618,828.1385,855.0194,572.5391,715.7916,1183.6402,790.4536,821.0354,522.8170,660.2922,1188.0270,11.00000000000,04,012
23,029,00581300,23029,Washington,Washington County,06,H1,G4020,,,,A,6637257545.00000000000,1800019787.00000000000,+44.9670088,-067.6093542,23029,1991.2437,1985.7082,1969.6897,1985.6668,2002.0522,1719.6575,1711.9895,1680.5140,1711.9816,1742.8760,1619.9668,1609.8108,1556.8150,1610.0321,1662.4472,1675.0942,1661.1770,1581.2771,1660.6722,1741.2182,1524.2365,1509.2565,1400.2159,1507.8435,1618.1336,1504.6143,1487.7824,1353.9146,1485.4051,1620.7652,1253.3552,1238.5075,1102.5240,1236.0015,1372.6094,1359.3474,1342.7031,1196.6324,1339.8748,1485.2163,1373.4976,1356.5212,1203.3637,1353.3630,1504.6162,1208.0859,1205.5889,1016.2763,1165.1654,1417.1175,1013.0677,1023.1306,822.4713,966.0560,1238.9717,975.4584,995.3701,753.9471,912.3201,1243.4499,922.7654,952.5687,674.9829,838.3716,1228.0890,867.2473,894.0515,626.9643,782.6466,1170.1576,829.5365,853.8633,590.5145,735.7491,1141.6857,786.6941,812.4802,544.3296,680.2837,1124.4222,751.5260,780.8013,497.4256,628.0197,1129.5323,11.00000000000,23,029
35,021,00933055,35021,Harding,Harding County,06,H1,G4020,,,,A,5504869120.00000000000,1154341.00000000000,+35.8631519,-103.8299311,35021,42.1276,42.0092,41.6696,42.0084,42.3561,30.9036,30.7639,30.1973,30.7639,31.3203,38.2795,38.0431,36.7915,38.0479,39.2853,59.0989,58.5972,55.7787,58.5801,61.4250,46.0305,45.6057,42.3132,45.5640,48.8842,61.6621,61.0203,55.5604,60.9320,66.4361,62.9435,62.2309,55.4276,62.1125,68.9363,47.0851,46.4915,41.4167,46.3900,51.4439,73.8905,72.9982,64.7778,72.8326,80.9469,74.9683,74.8101,63.0595,72.3008,87.9391,67.6724,68.3385,54.9300,64.5244,82.7617,72.0696,73.5342,55.6922,67.3965,91.8688,73.3015,75.6620,53.6065,66.5888,97.5548,73.0218,75.2730,52.7802,65.8912,98.5262,73.6046,75.7583,52.3877,65.2767,101.3012,70.7576,73.0732,48.9521,61.1821,101.1336,67.7678,70.4045,44.8491,56.6269,101.8538,11.00000000000,35,021
35,051,01702370,35051,Sierra,Sierra County,06,H1,G4020,,,,A,10823447042.00000000000,148324021.00000000000,+33.1194790,-107.1881607,35051,521.9161,520.4730,516.2784,520.4618,524.7502,416.1465,414.3034,406.6929,414.3006,421.7688,365.2191,362.9270,350.9787,362.9772,374.7949,496.3101,492.0036,468.3384,491.8665,515.7849,478.0080,473.2019,439.0045,472.7547,507.3832,475.8290,470.3583,427.9421,469.5784,512.5184,416.2387,411.0160,365.6277,410.1176,455.8095,370.8412,366.0089,325.8999,365.1777,405.1622,380.9899,376.1038,333.4582,375.1911,417.3389,329.7853,328.8005,276.8790,317.6940,386.7736,255.8861,258.2575,207.4459,243.7982,312.9184,240.9987,245.7573,185.9902,225.1972,307.1898,220.9475,227.9334,161.3611,200.5518,294.0411,199.0468,205.0679,143.6722,179.4632,268.5577,177.9394,183.0431,126.4676,157.6763,244.8876,155.2762,160.2681,107.2658,134.1506,221.9295,137.0301,142.2880,90.5558,114.4122,205.9493,11.00000000000,35,051
35,025,01702365,35025,Lea,Lea County,06,H1,G4020,,26020,,A,11372460346.00000000000,8468799.00000000000,+32.7956865,-103.4132707,35025,3906.9095,3895.8530,3864.3237,3895.7806,3928.0882,4314.8002,4295.4906,4216.4792,4295.4755,4373.0381,4994.7843,4963.0496,4799.5681,4963.7807,5125.5262,6143.4972,6090.9131,5797.9457,6089.1670,6385.0255,6584.4168,6518.4509,6047.3959,6512.2998,6989.2077,7169.8850,7088.0382,6449.2254,7076.3985,7722.8980,7535.0715,7442.9990,6623.2809,7427.2971,8251.6956,8645.5135,8535.6542,7603.0736,8516.8473,9445.8119,10358.3179,10226.6009,9068.1860,10202.0205,11346.7094,10163.6501,10137.5399,8540.7664,9796.2507,11920.9984,9422.1134,9511.1082,7641.4054,8979.1169,11522.4031,9934.5817,10132.6999,7670.4114,9285.6650,12663.3830,10211.8787,10537.0453,7461.8003,9272.0887,13590.3620,10433.6498,10751.7729,7535.3466,9410.3018,14077.5040,10658.4431,10966.9408,7580.2016,9448.2347,14668.8198,10733.9268,11082.0863,7420.5187,9277.4190,15341.7480,10692.5202,11105.7673,7071.4059,8931.2846,16070.4957,11.00000000000,35,025
56,023,01605076,56023,Lincoln,Lincoln County,06,H1,G4020,,,,A,10557126438.00000000000,49925301.00000000000,+42.2287879,-110.6798417,56023,1036.2361,1033.3469,1025.0067,1033.3258,1041.8595,1136.1148,1131.0524,1110.2594,1131.0469,1151.4555,1267.3577,1259.3933,1217.9292,1259.5687,1300.5810,1200.4831,1190.4433,1133.1848,1190.0860,1247.8299,1034.6207,1024.5949,950.5826,1023.6412,1098.4500,1143.5581,1130.9377,1029.2881,1129.1636,1231.8869,1145.6087,1132.1685,1007.9775,1129.9077,1254.6262,1121.1713,1107.3953,986.8754,1105.0527,1224.9834,1351.6853,1335.2100,1184.6961,1332.1498,1480.7497,1149.7601,1147.4446,967.3206,1108.9871,1348.7145,930.5133,940.1784,756.1881,887.8617,1138.0771,942.3718,962.0331,729.1179,881.9101,1201.3248,897.8110,927.2273,657.4465,816.2250,1194.9148,862.6853,889.7716,624.3968,779.0678,1164.0400,848.8330,874.1422,604.9801,753.3924,1168.2768,811.9899,839.0031,562.5366,702.6568,1160.6053,764.9430,795.1008,506.9480,639.6736,1149.7201,11.00000000000,56,023
35,019,00929111,35019,Guadalupe,Guadalupe County,06,H1,G4020,,,,A,7848912419.00000000000,2887727.00000000000,+34.8697822,-104.7849677,35019,195.3683,194.8090,193.2290,194.8057,196.4264,155.3122,154.6187,151.7754,154.6180,157.4089,145.7523,144.8473,140.0809,144.8662,149.5793,143.0506,141.9233,135.0972,141.8760,148.7366,128.9167,127.7345,118.5135,127.6182,136.9142,137.0479,135.4684,123.2496,135.2430,147.6140,143.8506,142.0393,126.3484,141.7274,157.5254,136.6067,134.7651,119.9354,134.4463,149.2459,130.1218,128.3788,113.7462,128.0518,142.5273,119.9231,119.5998,100.7470,115.5693,140.6547,109.6214,110.5933,88.7925,104.3877,134.0468,99.0145,100.9229,76.3324,92.4637,126.2035,90.0537,92.8577,65.6934,81.6865,119.8413,81.5596,83.9862,58.7998,73.4836,110.0381,73.4774,75.5478,52.1579,65.0629,101.1196,67.4238,69.5599,46.5210,58.2111,96.3637,61.1112,63.4286,40.3361,50.9906,91.8454,11.00000000000,35,019
56,037,01609192,56037,Sweetwater,Sweetwater County,06,H1,G4020,,40540,,A,27004896786.00000000000,166887494.00000000000,+41.6603393,-108.8756762,56037,2420.3222,2413.4832,2393.9563,2413.4379,2433.4439,2824.7243,2812.0923,2760.3715,2812.0818,2862.8530,3349.9849,3328.7911,3219.1620,3329.2708,3437.7237,3804.1456,3771.8099,3590.3900,3770.7133,3953.8474,3313.2356,3280.4884,3043.4637,3277.4100,3517.2179,2964.4754,2931.1326,2667.2807,2926.4148,3193.2702,3096.7089,3059.4989,2723.1091,3053.1884,3391.2943,3520.3804,3476.9665,3098.4035,3469.5786,3846.3318,3989.8897,3940.4806,3495.4854,3931.2868,4370.7665,3348.3914,3340.9365,2815.8008,3228.7704,3927.6241,3473.1005,3507.3519,2819.2454,3311.6201,4247.5269,3537.7915,3609.7521,2733.9677,3308.4804,4509.7119,3396.9676,3506.4299,2484.3765,3085.9733,4520.9301,3316.1476,3418.4509,2397.0350,2992.4133,4474.3876,3302.1298,3398.8178,2350.3944,2928.6009,4544.6881,3288.8825,3396.5757,2275.4514,2843.8822,4700.7932,3216.9316,3342.1519,2129.0798,2688.1441,4834.9944,11.00000000000,56,037
35,057,00929112,35057,Torrance,Torrance County,06,H1,G4020,,10740,,A,8663108604.00000000000,2301144.00000000000,+34.6346444,-105.8468361,35057,746.5569,744.4747,738.4657,744.4595,750.6082,665.2838,662.3604,650.2055,662.3543,674.2787,550.7190,547.3631,529.3655,547.4272,565.2149,649.6378,644.1874,613.2029,643.9953,675.2483,635.6255,629.3383,583.8663,628.7475,674.7551,670.2924,662.6770,602.9760,661.5957,722.0026,725.9420,716.9002,637.7932,715.3487,794.9631,669.1791,660.4779,588.1183,658.9818,731.1121,562.7435,555.4439,492.3788,554.0789,616.4231,478.2597,476.7812,401.4437,460.6625,560.8927,477.7422,482.0989,387.1798,455.0852,584.2107,445.6224,454.3511,343.7850,416.3160,568.0055,403.4806,416.1860,294.5790,366.1702,536.9549,378.1485,389.5525,272.8875,340.8991,510.2021,354.1347,364.2739,251.6636,313.7839,487.3736,322.6018,332.9750,222.8591,278.7138,461.0808,288.1230,299.1905,190.4266,240.5810,433.0349,11.00000000000,35,057
23,003,00581287,23003,Aroostook,Aroostook County,06,H1,G4020,,,,A,17278664655.00000000000,404653951.00000000000,+46.7270567,-068.6494098,23003,4440.4893,4428.0684,4392.3075,4427.9793,4464.5812,3737.0815,3720.6329,3652.3422,3720.6008,3787.6006,3396.9050,3375.5988,3264.4699,3376.0639,3485.9763,3478.6933,3449.4174,3283.5049,3448.3945,3615.7753,3481.4275,3447.1425,3198.0875,3443.9125,3695.8468,3068.7368,3034.5986,2761.6737,3029.7865,3305.6881,2548.2853,2518.0812,2241.5908,2512.9825,2790.7478,2535.7694,2503.9888,2230.8523,2498.5631,2770.5263,2445.9018,2415.0809,2141.8022,2409.3350,2679.3240,2226.8650,2221.4365,1871.8158,2146.7288,2611.9725,1827.4423,1844.9435,1482.4909,1741.8234,2234.8378,1665.4659,1698.8419,1286.1779,1556.8843,2122.9509,1507.8621,1555.9746,1101.9617,1369.2193,2006.7299,1362.7096,1404.3061,984.2521,1229.1133,1838.6274,1217.5321,1252.7792,865.9114,1079.2967,1675.6450,1098.1846,1133.8138,759.2070,949.1812,1569.6100,999.1239,1037.7439,660.7720,834.5585,1501.6498,11.00000000000,23,003
56,041,01605084,56041,Uinta,Uinta County,06,H1,G4020,,21740,,A,5390449560.00000000000,16341665.00000000000,+41.2847255,-110.5589468,56041,1025.6813,1022.7974,1014.5296,1022.7775,1031.2440,1144.1475,1139.0072,1118.0457,1139.0047,1159.5847,1101.0820,1094.1519,1058.1257,1094.3054,1129.9404,1203.6777,1193.4431,1136.0398,1193.0964,1251.0432,1007.2411,997.4087,925.3538,996.4775,1069.3338,1036.0844,1024.4427,932.2327,1022.7960,1116.0516,970.4791,959.0274,853.7700,957.0973,1062.8235,933.2048,921.6766,821.3072,919.7142,1019.6090,978.8325,966.6173,857.3618,964.3424,1072.2609,897.4473,895.3478,754.5180,865.2607,1052.6706,729.7050,736.8560,592.2495,695.7210,892.4061,698.7709,712.9427,539.9300,653.4260,890.7358,659.3797,680.5900,482.1744,598.9664,877.5469,617.7086,636.7339,446.4492,557.3661,833.4546,584.5127,601.6021,416.0007,518.3618,804.4569,545.7905,563.6426,377.5768,471.9181,780.0959,503.9128,523.5141,333.4830,421.0646,757.3717,11.00000000000,56,041
56,035,01605082,56035,Sublette,Sublette County,06,H1,G4020,,,,A,12656072085.00000000000,127357546.00000000000,+42.7679284,-109.9161701,56035,588.0851,586.3908,581.6294,586.3812,591.2687,681.0106,677.9069,665.4076,677.9084,690.1863,650.6257,646.4143,625.1040,646.5185,667.6127,601.7614,596.6035,567.9074,596.4330,625.4147,530.3399,525.1068,487.1671,524.6144,562.9965,440.6611,435.7780,396.5972,435.0906,474.6921,456.9273,451.6562,402.1926,450.7748,500.4193,466.9849,461.3083,411.1646,460.3451,510.2277,489.6831,483.5511,428.8744,482.4087,536.4202,458.6556,457.5984,385.6376,442.2257,537.9889,428.5401,432.7617,347.8539,408.6095,524.0945,410.8957,419.2931,317.6051,384.3122,523.7839,389.5302,402.1617,285.0194,353.9681,518.4220,378.6686,390.4686,273.9196,341.8518,510.9378,375.8734,387.0115,267.7714,333.5234,517.3214,376.4648,388.9287,260.7034,325.6988,538.0900,365.4066,379.7668,242.0826,305.5100,549.2084,11.00000000000,56,035
35,017,00915980,35017,Grant,Grant County,06,H1,G4020,,43500,,A,10260561575.00000000000,15349532.00000000000,+32.7320870,-108.3815043,35017,1374.9890,1371.2007,1360.1571,1371.1705,1382.4573,1380.1895,1374.1010,1348.8727,1374.0901,1398.8434,1433.1923,1424.2632,1377.3883,1424.4525,1470.8063,1537.1769,1524.1958,1450.8839,1523.7468,1597.7227,1422.2420,1408.1956,1306.4504,1406.8746,1509.8106,1403.7047,1387.8849,1262.9312,1385.6448,1512.0317,1333.9647,1317.8856,1172.9402,1315.1559,1460.8571,1293.3383,1277.0011,1137.5771,1274.2076,1413.0658,1300.4927,1284.0301,1138.6587,1280.9595,1424.5948,1127.6490,1125.1015,948.2202,1087.3182,1322.7102,1030.9355,1040.9594,836.5981,982.8232,1260.7887,987.0695,1006.9983,762.5363,922.9027,1258.2243,917.2329,946.6485,670.5782,833.0830,1220.7074,858.6871,885.0489,620.4688,774.6952,1158.5915,810.3746,833.9824,576.5987,718.5542,1115.3008,755.2728,779.8960,522.3533,652.9458,1079.5023,696.7585,723.7891,460.9773,582.1161,1047.2107,11.00000000000,35,017
35,035,00929104,35035,Otero,Otero County,06,H1,G4020,,10460,,A,17128132348.00000000000,37018891.00000000000,+32.5887764,-105.7810785,35035,3031.3043,3022.8336,2998.4259,3022.7725,3047.7519,2763.9105,2751.7185,2701.1974,2751.6966,2801.2663,2997.6087,2979.0175,2880.9923,2979.4037,3076.3283,3778.4542,3746.7890,3566.5738,3745.6689,3927.4338,4087.6321,4046.7877,3754.3566,4042.9731,4338.9987,4253.8722,4204.5604,3825.1422,4197.5114,4581.7543,3957.5688,3908.3103,3477.0742,3899.8593,4333.8503,3975.4033,3923.5713,3493.5769,3914.6541,4343.3220,4105.5118,4051.5391,3590.7893,4041.4316,4497.0456,3668.0171,3656.8598,3079.2041,3533.2806,4301.8157,3184.8880,3213.0285,2579.5666,3032.7114,3894.5177,3197.0757,3258.8480,2464.9621,2985.7478,4074.9988,3084.3079,3180.5238,2250.2828,2797.9599,4104.5397,2918.5490,3005.5738,2104.4342,2629.7973,3937.6493,2767.8426,2846.0798,1965.1850,2451.1897,3809.1289,2594.5667,2676.9908,1790.5966,2240.3336,3708.2313,2422.7420,2514.8882,1599.6051,2021.8487,3641.2070,11.00000000000,35,035
35,045,00936844,35045,San Juan,San Juan County,06,H1,G4020,,22140,,A,14278776370.00000000000,65673845.00000000000,+36.5116245,-108.3245778,35045,5665.8388,5650.0639,5604.4731,5649.9471,5696.5894,5274.8501,5251.5397,5155.1003,5251.5008,5346.1304,5141.1049,5108.6996,4940.4790,5109.4222,5275.8222,5270.4982,5226.1902,4974.8175,5224.6374,5478.2185,4439.3640,4395.4160,4077.8284,4391.2888,4712.6310,3949.3072,3905.0363,3553.6111,3898.7792,4254.1534,3048.7783,3012.6481,2681.8590,3006.5495,3338.8620,2650.6559,2617.8360,2332.6812,2612.2462,2896.0722,2340.1038,2311.1503,2050.1801,2305.7633,2563.4943,1788.9393,1785.0792,1504.6141,1725.1814,2098.4347,1346.9152,1360.2000,1093.3443,1284.2930,1647.2485,1179.3886,1203.4013,911.4597,1102.9727,1503.3992,1000.5408,1032.8245,731.8199,908.9943,1331.5959,833.1046,858.8678,602.3059,751.8527,1124.0909,703.7963,724.4801,501.0826,624.2814,968.6339,586.0222,605.2958,405.5959,506.8368,837.6063,486.3305,505.3461,322.0223,406.4936,730.9519,11.00000000000,35,045
56,007,01605069,56007,Carbon,Carbon County,06,H1,G4020,,,,A,20454631972.00000000000,171997295.00000000000,+41.7035904,-106.9331526,56007,700.6243,698.6195,692.9541,698.6075,704.4191,671.6979,668.7034,656.4094,668.7003,680.7672,674.1024,669.8163,647.7521,669.9153,691.7457,792.0227,785.2116,747.4435,784.9887,823.1403,856.8787,848.1607,786.8567,847.3551,909.4692,839.5011,829.9037,755.0992,828.5382,904.2477,962.3793,950.3246,845.3993,948.2522,1053.8726,972.9914,960.2939,855.0413,958.1090,1063.0399,1057.0195,1043.3463,924.9235,1040.7901,1157.8522,946.9972,944.3291,795.3616,912.4739,1110.6809,870.8379,878.8867,705.9469,829.6728,1064.9283,878.0388,895.3550,677.5873,820.4421,1119.1924,868.1646,895.6038,634.0153,788.0111,1155.3689,856.4650,882.3656,618.1845,772.1905,1155.5583,845.7057,869.9669,601.0795,749.4052,1163.8960,824.4819,851.0128,569.6017,712.3411,1178.3977,790.1614,820.5007,522.2114,659.7643,1187.5735,11.00000000000,56,007
35,041,01702369,35041,Roosevelt,Roosevelt County,06,H1,G4020,188,38780,,A,6338816708.00000000000,18703928.00000000000,+34.0214569,-103.4827248,35041,841.5547,839.1808,832.3932,839.1649,846.1178,823.1878,819.5612,804.5168,819.5544,834.3150,755.5134,750.8596,726.1597,750.9533,775.3717,795.9253,789.2338,751.2727,788.9993,827.2940,680.7482,674.0527,625.3533,673.4214,722.6807,661.1713,653.8668,595.0919,652.8397,712.2381,488.8937,483.2344,430.2951,482.2869,535.4262,615.6230,608.1648,542.0831,606.9002,672.6312,629.2464,621.4274,551.2228,619.9719,689.3113,525.5553,524.5477,442.2537,506.9807,616.5096,497.0060,501.9615,403.5330,473.9656,607.8364,480.3626,490.1849,371.3092,449.2914,612.3365,451.8763,466.4823,330.5572,410.5631,601.3936,431.8726,445.2340,312.2394,389.7601,582.7173,420.6135,432.9614,299.4411,373.0755,578.8888,405.1137,418.4054,280.3293,350.3331,579.0301,390.6353,405.8620,258.5740,326.4500,587.1196,11.00000000000,35,041
35,009,00933053,35009,Curry,Curry County,06,H1,G4020,188,17580,,A,3638407189.00000000000,8174297.00000000000,+34.5729841,-103.3460546,35009,2235.7706,2229.4870,2211.4664,2229.4436,2247.8967,2188.3936,2178.6493,2138.6015,2178.6383,2217.9449,2227.7114,2213.4729,2140.5426,2213.8087,2285.9756,2752.5463,2728.9488,2597.6887,2728.1691,2860.7372,2963.9529,2934.0115,2721.9639,2931.2332,3146.0053,3141.3307,3104.7348,2824.4492,3099.4951,3383.4072,2978.0905,2940.4738,2615.5368,2933.9898,3261.1812,2921.4313,2882.8334,2566.3884,2876.1768,3191.7766,2902.8772,2864.5059,2538.5336,2857.3160,3179.6928,2649.0125,2640.9134,2223.7017,2551.6556,3106.7267,1896.6867,1913.1102,1535.6147,1805.6417,2319.2360,1856.6817,1892.2009,1430.8904,1733.5079,2366.4872,1782.8486,1838.1269,1300.1711,1616.9043,2372.5520,1623.1163,1671.1480,1169.7240,1462.0648,2189.8440,1461.5692,1502.4712,1037.0027,1293.8375,2011.3911,1289.2141,1329.7211,888.9351,1112.6366,1842.5514,1125.0572,1167.3579,741.9413,938.2920,1690.8498,11.00000000000,35,009
35,055,00933056,35055,Taos,Taos County,06,H1,G4020,,45340,,A,5706029510.00000000000,3385868.00000000000,+36.5765287,-105.6379865,35055,1988.5429,1983.0412,1967.0579,1982.9986,1999.3405,1784.0033,1776.2208,1743.6561,1776.2006,1808.1399,1695.8901,1685.4765,1630.0392,1685.6830,1740.4841,1861.5223,1846.2575,1757.4562,1845.6828,1935.1341,1707.4458,1690.9948,1568.8529,1689.4245,1812.8463,1730.1892,1711.4855,1557.9052,1708.8757,1863.9433,1571.1059,1553.2185,1383.3270,1550.2415,1720.6769,1541.5752,1523.1007,1357.8059,1519.9753,1684.3406,1444.1596,1427.1835,1266.9442,1424.0434,1582.1300,1120.4846,1118.9525,943.9945,1081.6453,1314.5489,1302.3082,1316.1823,1058.9381,1243.0500,1592.8624,1243.4546,1269.7755,962.7289,1164.1513,1585.1874,1142.8196,1180.6445,837.5130,1039.4469,1521.0353,1071.1408,1105.1484,775.9230,967.7970,1445.3472,1020.7118,1051.5181,728.1331,906.4178,1404.8692,937.2633,968.8050,649.9632,811.5148,1339.6882,852.9917,886.9547,565.8955,713.7131,1282.0792,11.00000000000,35,055
35,023,00929106,35023,Hidalgo,Hidalgo County,06,H1,G4020,,,,A,8901429611.00000000000,23652107.00000000000,+31.8996575,-108.7457292,35023,257.2420,256.5228,254.4513,256.5176,258.6377,170.5454,169.8066,166.6962,169.8044,172.8543,134.2375,133.4203,129.0335,133.4358,137.7713,174.4511,172.9254,164.6077,172.8780,181.2888,169.1498,167.4652,155.3642,167.3075,179.5552,189.0664,186.8484,169.9705,186.5301,203.6317,135.8962,134.1943,119.3781,133.9017,148.8159,98.9868,97.7263,87.0463,97.5104,108.1496,101.2810,99.9881,88.6568,99.7467,110.9447,87.7787,87.5938,73.8358,84.6559,102.9659,66.6674,67.2967,54.0670,63.5324,81.5282,60.0465,61.2428,46.3593,56.1228,76.5398,54.5690,56.3045,39.8699,49.5445,72.6224,49.4332,50.9377,35.6968,44.5813,66.6970,43.6258,44.8858,31.0217,38.6690,60.0404,38.3569,39.5994,26.5139,33.1502,54.8225,33.6708,34.9708,22.2655,28.1230,50.6060,11.00000000000,35,023
35,015,00936829,35015,Eddy,Eddy County,06,H1,G4020,,16100,,A,10815079253.00000000000,56452500.00000000000,+32.4578575,-104.3064708,35015,3319.7885,3310.4074,3283.6233,3310.3451,3337.7865,3385.7709,3370.7110,3308.7590,3370.6928,3431.4957,3852.2552,3827.8243,3701.7468,3828.3828,3953.1157,4852.8973,4810.9516,4579.5478,4809.6001,5043.4257,5301.1935,5247.6340,4868.3750,5242.6646,5626.7993,6192.6439,6121.9434,5570.1946,6111.8886,6670.2797,6281.1453,6205.2594,5522.6281,6192.3663,6878.6143,6420.4386,6340.4429,5649.2945,6326.8016,7014.8586,7060.8145,6971.6221,6182.5231,6954.9894,7734.6298,7309.9180,7292.8076,6145.7088,7047.7394,8574.2458,6893.9804,6960.5255,5593.5742,6571.6394,8430.9546,7146.1412,7290.0380,5519.9065,6681.1082,9109.1894,7332.2763,7567.0933,5359.9786,6659.1771,9758.1949,7493.6149,7723.3671,5414.2011,6760.2465,10110.8031,7624.3467,7846.2127,5424.4542,6760.1497,10493.2013,7580.9955,7827.9486,5242.7278,6553.6441,10835.4120,7448.7824,7737.5761,4927.8135,6222.9631,11195.3239,11.00000000000,35,015
35,011,00933054,35011,De Baca,De Baca County,06,H1,G4020,,,,A,6015566556.00000000000,29159790.00000000000,+34.3514285,-104.4015274,35011,74.3559,74.1542,73.5587,74.1525,74.7603,83.3601,82.9764,81.4446,82.9769,84.4822,77.9631,77.4825,74.9336,77.4922,80.0121,93.2882,92.5005,88.0513,92.4732,96.9627,60.4507,59.8785,55.5544,59.8233,64.1891,83.4087,82.4188,74.9667,82.2762,89.8310,96.3528,95.1593,84.6648,94.9549,105.5146,76.5822,75.5972,67.3258,75.4282,83.6705,77.9084,76.9216,68.2124,76.7375,85.3429,61.7580,61.5837,51.8687,59.5062,72.4325,56.9922,57.5002,46.1680,54.2746,69.6914,55.9788,57.0656,43.1691,52.2852,71.3513,49.2852,50.8272,35.9658,44.7152,65.5883,43.5291,44.8328,31.3968,39.2298,58.7292,40.3713,41.5192,28.6756,35.7612,55.5599,36.8643,38.0421,25.4531,31.8396,52.6880,31.6787,32.8886,20.9246,26.4429,47.6111,11.00000000000,35,011
35,006,00933051,35006,Cibola,Cibola County,06,H1,G4020,,24380,,A,11757199036.00000000000,5829909.00000000000,+34.9320500,-108.0002545,35006,1407.1809,1403.2509,1391.9216,1403.2224,1414.8165,1222.7073,1217.3374,1194.9999,1217.3261,1239.2396,1236.2696,1228.4713,1188.0186,1228.6457,1268.6615,1263.1173,1252.2166,1191.9858,1251.8637,1312.7191,1347.1789,1333.5961,1237.2164,1332.3343,1429.9428,1561.5267,1543.0365,1403.5454,1540.3751,1681.7738,1595.0484,1574.6754,1400.4646,1571.1516,1746.6443,1499.3265,1479.5397,1317.1548,1476.1279,1638.0735,1612.2328,1590.9166,1409.8697,1586.9224,1765.9732,1595.3778,1590.5003,1339.2332,1536.7445,1871.0380,1131.7554,1141.2374,915.7465,1077.0303,1383.8395,1097.7929,1118.4468,845.4286,1024.5270,1399.1816,1070.8625,1103.7306,780.3709,970.7689,1425.0364,1009.4927,1039.0610,726.9800,908.9392,1361.9403,938.4578,964.4414,665.3595,830.4049,1291.4701,863.1656,890.0524,594.7538,744.6489,1233.6243,781.6551,810.8604,515.1500,651.6706,1174.7391,11.00000000000,35,006
35,037,00929110,35037,Quay,Quay County,06,H1,G4020,,,,A,7444529760.00000000000,18734854.00000000000,+35.1070184,-103.5480712,35037,440.9959,439.7766,436.2324,439.7671,443.3905,358.1100,356.5660,350.0386,356.5607,362.9603,349.5177,347.3484,335.9184,347.3936,358.6954,380.3548,377.1902,359.0479,377.0759,395.3664,315.1984,312.1365,289.5885,311.8457,334.6391,355.4253,351.4347,319.8041,350.8704,382.8587,284.4733,281.0697,250.1794,280.4934,311.5365,276.6337,273.2109,243.4531,272.6280,302.2465,263.2869,259.9695,230.5530,259.3511,288.4135,236.4065,236.0357,199.0839,228.1532,277.3398,198.8334,200.8065,161.4219,189.6041,243.1710,186.6495,190.4553,144.2568,174.5629,237.9280,178.8329,184.6062,130.8078,162.4740,238.0047,166.1237,171.2585,120.0975,149.9187,224.1470,156.2187,160.8016,111.2090,138.5588,215.0029,145.7566,150.5366,100.8563,126.0442,208.3301,137.5915,142.9532,91.0735,114.9820,206.7981,11.00000000000,35,037
35,007,00929117,35007,Colfax,Colfax County,06,H1,G4020,,,,A,9733329419.00000000000,26318644.00000000000,+36.6129625,-104.6401256,35007,596.5874,594.9192,590.1150,594.9072,599.8243,537.2638,534.8589,525.0204,534.8571,544.5152,427.6139,424.9177,410.9257,424.9779,438.8186,457.4305,453.5747,431.7584,453.4407,475.4522,424.3772,420.1716,389.8121,419.7769,450.4970,451.4631,446.3453,406.1410,445.6191,486.2948,396.3758,391.6535,348.6276,390.8550,434.0871,355.1798,350.7616,312.5335,350.0084,388.0636,341.2343,336.9771,298.8901,336.1842,373.8049,305.8082,305.1456,257.1997,294.9059,358.7139,297.4530,300.3811,241.4443,283.6164,363.7778,286.4894,292.3138,221.3909,267.9162,365.1949,277.8709,286.8228,203.2177,252.4291,369.8106,271.4735,279.8482,196.2307,244.9709,366.2917,266.5729,274.3799,189.7445,236.4209,366.8817,257.3512,265.7814,178.0574,222.5347,367.8318,245.0163,254.5579,162.1682,204.7467,368.2556,11.00000000000,35,007
35,028,01702366,35028,Los Alamos,Los Alamos County,06,H1,G4020,,31060,,A,282740301.00000000000,229940.00000000000,+35.8700469,-106.3079679,35028,1170.6419,1167.3550,1157.9212,1167.3322,1176.9915,1089.4217,1084.5865,1064.6581,1084.5799,1104.1373,1052.4988,1045.8771,1011.4411,1046.0236,1080.0854,1127.9082,1118.1756,1064.3921,1117.8604,1172.2012,1139.8339,1128.3613,1046.8158,1127.2945,1209.8725,1636.0796,1617.5896,1471.9225,1614.9690,1762.3247,1654.9287,1635.1924,1455.5371,1631.8537,1812.3768,1617.8502,1597.7084,1423.5640,1594.2743,1767.6357,1554.7143,1535.5084,1362.1529,1531.9356,1703.1337,1442.0016,1438.7780,1212.6152,1390.4701,1691.4479,1441.4655,1455.5775,1169.9099,1374.3154,1762.8643,1468.9299,1498.7219,1135.0212,1373.6080,1872.4715,1475.6963,1523.1779,1079.1314,1340.5069,1963.9572,1518.4939,1565.2917,1097.5415,1370.1923,2048.8582,1552.4051,1597.8269,1104.9146,1376.7585,2136.5569,1500.6954,1549.8182,1038.2437,1297.6236,2144.9397,1428.2940,1483.8893,945.2930,1193.5143,2146.7018,11.00000000000,35,028
35,001,01702363,35001,Bernalillo,Bernalillo County,06,H1,G4020,,10740,,A,3006530549.00000000000,16471335.00000000000,+35.0540019,-106.6690645,35001,39781.4220,39670.9676,39351.0192,39670.1339,39997.3739,39964.1700,39788.2806,39057.9897,39787.9365,40504.4209,41653.0952,41393.1035,40030.6787,41398.6612,42746.0065,48604.3507,48197.7675,45879.5262,48183.3095,50521.2324,48831.6577,48353.1501,44859.8601,48307.9362,51840.7456,44227.2048,43735.5132,39802.2381,43666.2180,47642.2815,39597.3677,39129.4110,34834.1562,39050.4974,43365.1087,41895.9742,41380.6552,36876.5866,41293.0063,45775.1969,42315.0606,41790.1526,37069.9041,41692.4620,46354.3663,35632.4694,35554.6309,29967.5066,34361.3508,41796.8348,40205.2595,40602.4706,32637.3548,38336.8226,49170.2805,39146.5525,39943.6149,30253.4402,36610.1745,49901.1936,36724.9537,37909.1970,26860.2712,33363.8101,48876.2983,35152.7273,36238.0447,25411.1762,31722.0773,47430.6936,33549.5729,34532.8130,23881.5206,29755.6579,46174.0118,31839.2041,32882.6575,22029.9006,27532.3386,45507.7737,30180.9502,31356.5916,19976.3176,25220.9416,45361.5148,11.00000000000,35,001
23,009,00581290,23009,Hancock,Hancock County,06,H1,G4020,,,,A,4110034060.00000000000,1963321064.00000000000,+44.5649063,-068.3707034,23009,3521.7328,3512.0184,3483.7270,3511.9417,3540.8595,3314.1599,3299.5639,3238.9972,3299.5361,3358.9592,2952.4571,2934.0391,2837.4698,2934.4319,3029.9310,3394.5407,3366.1325,3204.2265,3365.1236,3528.4084,3633.0846,3597.4995,3337.5983,3594.1362,3856.9719,3002.3665,2969.9336,2703.4411,2965.4093,3234.4743,2477.8525,2449.8244,2182.0248,2445.1706,2713.7679,2777.1007,2744.0166,2446.4185,2738.4265,3034.2999,2908.6505,2874.0243,2550.8927,2867.6100,3186.4808,2604.7567,2600.4438,2193.1230,2513.5394,3055.7099,2473.7084,2499.3005,2010.0979,2360.1942,3025.4864,2380.3597,2429.9748,1841.6130,2227.5777,3034.4494,2277.6748,2352.2377,1667.7802,2070.6175,3031.3976,2177.3037,2245.5927,1575.7686,1966.1711,2937.8767,2049.3861,2110.4522,1460.5691,1818.9083,2820.6345,1931.0527,1995.2608,1337.7496,1670.9972,2760.1181,1831.3598,1903.5162,1213.6105,1531.3956,2752.5569,11.00000000000,23,009
56,013,01605072,56013,Fremont,Fremont County,06,H1,G4020,,40180,,A,23785968227.00000000000,212130541.00000000000,+43.0553034,-108.6055310,56013,2085.1458,2079.3001,2062.5009,2079.2589,2096.4570,1959.1845,1950.4152,1914.5384,1950.4085,1985.6276,2061.4208,2048.3879,1980.9292,2048.6821,2115.4161,2545.1021,2523.7657,2402.3762,2523.0117,2645.4476,2364.8349,2341.5396,2172.3635,2339.3453,2510.4795,2096.0733,2072.5909,1886.0818,2069.2728,2257.8729,2013.9010,1989.4138,1770.4221,1985.2446,2205.4473,2153.5130,2126.3115,1894.1604,2121.6603,2352.8690,2356.4497,2326.8066,2063.5686,2321.2813,2581.3414,2183.4317,2177.8585,1834.8565,2104.5488,2560.9672,1824.1993,1841.5552,1479.6597,1738.5890,2230.8532,1822.6107,1859.0561,1407.3955,1703.6835,2323.2519,1772.7805,1829.2978,1295.4844,1609.7189,2359.2909,1656.3613,1706.8841,1196.2851,1493.9285,2234.8317,1573.4534,1618.9834,1119.0068,1394.7812,2165.4847,1507.9594,1556.8378,1042.4157,1303.3001,2155.2883,1431.2232,1486.4910,946.4443,1195.4200,2151.0770,11.00000000000,56,013
29,071,00758490,29071,Franklin,Franklin County,06,H1,G4020,476,41180,,A,2389732948.00000000000,20730526.00000000000,+38.4083125,-091.0734098,29071,6741.2266,6722.5096,6668.2923,6722.3683,6777.8210,6072.0358,6045.2874,5934.3163,6045.2366,6154.1131,5640.8226,5605.5363,5421.0166,5606.2978,5788.7853,6503.4149,6448.8720,6138.6905,6446.9470,6759.8099,6568.3213,6503.6615,6033.7763,6497.5686,6972.8772,6940.8325,6863.7895,6246.5844,6852.9377,7476.8155,6183.9876,6110.9852,5440.2502,6098.6793,6772.4113,5717.8277,5647.7357,5033.2459,5635.8221,6247.2653,5722.0953,5651.7894,5014.1060,5638.7185,6268.3963,5142.9122,5132.0028,4325.8608,4959.8508,6032.7071,4411.2041,4455.3377,3581.8440,4206.8976,5394.9099,4207.8624,4294.0993,3252.9235,3935.9329,5363.9462,3979.9618,4108.8492,2911.8439,3616.3954,5296.8774,3686.2175,3800.5660,2665.6205,3327.1550,4973.7691,3382.3406,3481.9924,2408.5640,3000.5190,4655.1306,2987.9897,3086.4160,2068.3122,2584.4361,4270.7687,2638.5776,2741.8199,1747.2579,2205.5141,3965.7711,11.00000000000,29,071
24,029,00593907,24029,Kent,Kent County,06,H1,G4020,,,,A,717505271.00000000000,353313295.00000000000,+39.2391765,-076.1242003,24029,1051.5584,1048.6695,1040.2280,1048.6461,1057.2711,879.2368,875.3514,859.2764,875.3449,891.1181,793.7034,788.7926,762.8398,788.8935,814.5533,953.5986,945.6502,900.1659,945.3646,991.2253,1084.4576,1073.8959,996.3177,1072.8943,1151.3265,535.7063,529.5282,481.7641,528.6466,577.0071,482.2517,476.2348,423.6750,475.2017,528.1020,865.4906,854.9022,761.9078,853.1033,945.6312,841.5134,831.3885,737.8043,829.5107,921.8806,673.0280,671.8747,566.5983,649.4108,789.5377,659.7058,666.3732,535.7907,629.2354,806.8322,650.4062,663.8038,502.9210,608.4599,829.1095,607.6733,627.4159,444.6986,552.2426,808.7498,560.4611,577.9036,405.3850,505.9405,756.2285,509.6737,524.7398,363.0259,452.2016,701.4702,510.7150,527.5726,353.5820,441.7815,729.9733,503.8259,523.5592,333.6669,421.1582,757.2495,11.00000000000,24,029
44,003,01219778,44003,Kent,Kent County,06,H4,G4020,148,39300,,N,436484769.00000000000,50750734.00000000000,+41.6777498,-071.5763135,44003,11668.8362,11636.4349,11542.5847,11636.1900,11732.1800,10161.2602,10116.4706,9930.7525,10116.3879,10298.6051,9593.3885,9533.3733,9219.5587,9534.6689,9845.0279,10927.1614,10835.3206,10314.1564,10832.0998,11357.8354,11801.0693,11684.7034,10840.4739,11673.7489,12527.7926,11726.5664,11596.0009,10553.0107,11577.5911,12631.9953,10350.0669,10228.1214,9105.7056,10207.5788,11334.9323,9410.4917,9295.0205,8283.5834,9275.3902,10281.8419,9056.0329,8944.7286,7935.4721,8924.0352,9920.6279,8621.5764,8603.5975,7252.4293,8315.0748,10113.3036,7632.0155,7708.1600,6196.7302,7278.2688,9333.9330,7412.0746,7563.6880,5729.4567,6932.7089,9448.4608,7146.9306,7378.0201,5228.2691,6493.6157,9511.7219,6872.5805,7085.3103,4968.9838,6202.5579,9273.0495,6546.5520,6738.8625,4660.8067,5806.8138,9010.0039,6127.6389,6328.8169,4240.4175,5299.2080,8758.2593,5718.9503,5942.0003,3785.7852,4779.4273,8595.5138,11.00000000000,44,003
24,017,01676992,24017,Charles,Charles County,06,H1,G4020,548,47900,47894,A,1185563933.00000000000,479715576.00000000000,+38.4728532,-077.0154272,24017,12448.4350,12414.0581,12314.0350,12413.7888,12516.0376,11380.7630,11331.1242,11123.3871,11330.9949,11534.7411,10750.6604,10684.0670,10332.5241,10685.4426,11033.0273,12718.9475,12612.8673,12006.2079,12609.0619,13220.7653,13893.4687,13756.8719,12762.9621,13743.9908,14749.3091,15768.7380,15593.5493,14191.2466,15568.8650,16986.3816,15174.2075,14994.9085,13348.9361,14964.6749,16618.0562,14525.3519,14346.3981,12784.5747,14315.9504,15870.2627,15290.0337,15101.6541,13397.2276,15066.6213,16749.7443,15010.4124,14978.4352,12625.4722,14475.9496,17607.3889,15832.6017,15989.7616,12853.7023,15097.7505,19363.0952,15869.0182,16192.8508,12265.2434,14841.7460,20228.7643,15788.8756,16298.6658,11548.9547,14344.6702,21013.0673,15973.5744,16467.3369,11547.9820,14415.4192,21552.7963,16081.4456,16553.2623,11448.1265,14263.5493,22132.8083,15777.4958,16295.0203,10917.4296,13643.8556,22550.8066,15395.6860,15995.7804,10190.8591,12865.9950,23139.5083,11.00000000000,24,017
24,011,00595737,24011,Caroline,Caroline County,06,H1,G4020,,,,A,827292416.00000000000,16789670.00000000000,+38.8715312,-075.8316311,24011,2154.8016,2148.8281,2131.5024,2148.7825,2166.5002,1939.6871,1931.0413,1895.5402,1931.0321,1965.8774,1878.0573,1866.3019,1804.8664,1866.5563,1927.3160,1985.8523,1969.1374,1874.4244,1968.5536,2064.1055,1999.6385,1979.7824,1836.7294,1977.9211,2122.6873,1988.2547,1965.9563,1789.0278,1962.8043,2141.7246,1668.6479,1648.9013,1467.8768,1645.5698,1827.4189,1656.4916,1636.0762,1457.9573,1632.6025,1809.8667,1657.3997,1636.7994,1451.8794,1632.9647,1815.6065,1491.4312,1488.1588,1254.2928,1438.2095,1749.4430,1212.3571,1224.2406,983.9882,1155.8980,1482.6748,1177.2816,1201.1770,909.7011,1100.9086,1500.7044,1135.5796,1172.1410,830.4545,1031.5777,1511.3087,1077.8655,1111.1050,779.0994,972.6242,1454.3334,1024.1121,1054.1025,728.9507,908.2720,1409.4755,969.9191,1001.6980,671.0838,838.7089,1386.3048,919.5573,955.3775,608.6422,768.4358,1382.0809,11.00000000000,24,011
29,141,00758525,29141,Morgan,Morgan County,06,H1,G4020,,,,A,1547855851.00000000000,42450326.00000000000,+38.4208069,-092.8748352,29141,1159.5091,1156.2737,1146.9399,1156.2502,1165.8012,997.3718,992.9951,974.7760,992.9855,1010.8583,942.8329,936.8910,906.0410,937.0234,967.5394,1056.2803,1047.3684,996.9912,1047.0593,1097.8898,1158.3871,1146.7352,1063.8625,1145.6513,1229.5706,1200.6195,1187.3332,1080.5917,1185.4637,1293.3451,1014.2072,1001.9449,891.7144,999.8611,1110.6786,991.4555,979.0000,872.1804,976.8725,1083.2409,1060.1760,1046.8073,928.3460,1044.3147,1161.3517,1016.8767,1014.2660,854.5095,980.1203,1192.7004,721.5911,728.4286,585.2540,687.6916,882.4450,694.5890,708.4415,536.2882,649.2203,885.3768,665.7464,686.9300,486.4338,604.4594,885.9997,614.3128,633.0143,443.6164,554.0232,828.8532,567.1278,583.5042,403.2693,502.6846,780.5139,502.0080,518.2455,346.9650,433.8326,717.5050,450.1999,467.5516,297.6508,375.9859,676.6322,11.00000000000,29,141
44,009,01219782,44009,Washington,Washington County,06,H4,G4020,148,39300,,N,852713750.00000000000,604836952.00000000000,+41.4011616,-071.6176118,44009,8135.4452,8113.0000,8047.6428,8112.8230,8179.6286,6275.5466,6248.0201,6133.3907,6247.9596,6360.4084,5676.9555,5641.8170,5456.1877,5642.5405,5826.0761,6341.9039,6288.7102,5986.2320,6286.8332,6591.9278,6434.1308,6371.1150,5910.8347,6365.1591,6830.6345,6108.7057,6040.3359,5496.8176,6030.6781,6580.2666,4013.9203,3964.3683,3527.3107,3955.8895,4395.6068,6820.0308,6736.6044,6003.8199,6722.4310,7451.5361,5945.3018,5873.4777,5212.0372,5860.1500,6513.0614,4805.0486,4796.6772,4044.9518,4636.2649,5636.8304,4604.3760,4651.4365,3740.4390,4392.3688,5631.3210,4474.7322,4567.4258,3460.9580,4186.7992,5704.2566,4273.4411,4412.7964,3128.2112,3884.2745,5687.5502,4103.0956,4231.2822,2968.6435,3704.5795,5536.3387,3914.7029,4030.8790,2789.1293,3473.8501,5387.8907,3745.4795,3869.5742,2593.9204,3240.5182,5353.5081,3774.1058,3922.3123,2500.1522,3155.3255,5672.4981,11.00000000000,44,009
44,001,01219777,44001,Bristol,Bristol County,06,H4,G4020,148,39300,,N,62584939.00000000000,53316445.00000000000,+41.7052705,-071.2850530,44001,3295.4988,3286.3784,3259.8889,3286.3080,3313.3927,3052.3301,3038.8856,2983.1030,3038.8600,3093.5894,2932.3853,2914.0731,2818.1564,2914.4655,3009.3216,3523.5811,3494.0870,3326.0265,3493.0400,3662.5338,3580.5908,3545.4268,3289.2793,3542.1086,3801.1818,2321.7390,2295.6482,2089.0152,2291.9575,2500.9347,2217.4087,2191.2654,1950.7842,2186.8604,2428.4052,3018.8776,2982.4192,2658.4721,2976.2415,3298.4400,2919.9181,2884.3461,2559.2217,2877.7393,3198.7260,2518.9198,2513.5361,2118.6678,2429.2092,2954.7180,2446.5497,2471.0759,1986.6541,2333.2980,2992.1423,2413.8704,2463.3686,1866.1113,2257.9109,3077.0697,2265.4332,2338.8133,1657.4776,2058.5078,3015.0359,2128.2337,2194.2423,1538.9753,1920.9162,2871.5993,2014.7694,2074.0893,1434.6468,1787.2778,2772.9330,1991.7294,2057.2505,1378.5366,1722.6190,2846.7962,1927.9302,2003.2439,1276.4513,1611.3534,2897.6634,11.00000000000,44,001
29,137,00758523,29137,Monroe,Monroe County,06,H1,G4020,,,,A,1677414025.00000000000,58301278.00000000000,+39.4982695,-092.0064582,29137,490.6026,489.2162,485.2580,489.2070,493.2623,434.4940,432.5274,424.5597,432.5274,440.3521,429.5917,426.8515,412.7888,426.9156,440.8305,474.4356,470.3178,447.6958,470.1869,493.0514,440.4225,435.9323,404.4229,435.5179,467.4471,485.2227,479.8059,436.6411,479.0414,522.6835,421.6734,416.5892,370.7700,415.7260,461.7846,422.7354,417.5228,372.0646,416.6357,461.8764,399.4336,394.3555,349.6863,393.4079,437.5477,347.9646,346.9806,292.2410,335.2748,408.1076,317.2977,320.2772,257.3003,302.3576,388.0239,304.7005,310.7513,235.2119,284.7655,388.3916,282.5680,291.5373,206.4235,256.5281,376.0499,268.9890,277.1600,194.2154,242.5673,362.9282,257.6668,265.0944,183.1975,228.3717,354.6148,234.0891,241.6547,161.7811,202.2910,334.5761,215.8857,224.2055,142.7318,180.2966,324.4674,11.00000000000,29,137
29,215,00758560,29215,Texas,Texas County,06,H1,G4020,,,,A,3049104495.00000000000,5071374.00000000000,+37.3142565,-091.9644783,29215,1470.4049,1466.2304,1454.3573,1466.2038,1478.3739,1461.2139,1454.5777,1427.7706,1454.5793,1480.9085,1470.0802,1460.6883,1412.5619,1460.9094,1508.5315,1598.4623,1584.7788,1508.5524,1584.3246,1661.3039,1501.5776,1486.7682,1379.3477,1485.3742,1594.0445,1467.3229,1450.8615,1320.2860,1448.5342,1580.5814,1524.7100,1506.0808,1340.2132,1502.9038,1669.7180,1515.4661,1495.7720,1331.9114,1492.3860,1655.7243,1684.1327,1662.2272,1473.4362,1658.1296,1844.7733,1504.6799,1500.6157,1264.0622,1450.0426,1764.7987,1322.0465,1333.9840,1071.2268,1259.1994,1616.6555,1301.7147,1327.0856,1004.0137,1215.9476,1659.1947,1253.3102,1292.6091,914.7487,1137.2053,1667.8998,1199.8399,1235.8050,865.4760,1081.3714,1618.8173,1149.4430,1182.0951,816.3941,1018.1468,1581.8864,1089.8040,1124.5599,752.3488,941.1836,1557.5895,1023.2616,1062.2633,675.7525,854.0437,1537.8938,11.00000000000,29,215
29,095,00758502,29095,Jackson,Jackson County,06,H1,G4020,312,28140,,A,1565549922.00000000000,30521580.00000000000,+39.0072333,-094.3425074,29095,40791.3311,40677.5709,40349.2412,40676.7390,41012.6937,41071.9742,40890.8403,40140.1164,40890.5125,41627.0952,41352.2736,41094.1481,39741.5604,41099.6668,42437.2854,48969.9444,48560.4233,46224.7377,48545.8469,50901.3204,50793.6243,50295.7362,46662.0891,50248.7008,53923.5099,48960.2071,48415.5178,44061.1130,48338.7363,52740.6408,44134.9452,43613.4786,38826.1086,43525.5485,48334.4570,45081.2666,44527.9772,39682.5474,44433.9137,49255.4901,47675.0834,47088.7213,41775.1613,46979.6965,52226.6586,44352.9835,44262.3092,37312.7910,42778.4589,52027.4921,44551.4110,44995.3380,36172.0419,42485.7336,54486.1577,43874.5922,44771.6853,33913.9775,41036.6129,55928.6115,42462.8992,43835.7806,31063.1277,38581.1342,56513.1007,41119.6864,42392.6890,29730.5396,37111.1052,55482.0707,39621.8156,40786.3002,28209.6653,35145.3968,54531.4532,37869.0935,39113.1974,26207.4185,32750.3738,54126.5070,36182.2115,37594.3198,23953.2753,30239.2548,54381.4863,11.00000000000,29,095
41,049,01135860,41049,Morrow,Morrow County,06,H1,G4020,,37820,,A,5261843781.00000000000,43778396.00000000000,+45.4254956,-119.6023111,41049,622.8404,621.0766,616.0496,621.0651,626.2165,718.3208,715.0917,701.9305,715.0901,728.0120,626.6834,622.6961,602.1834,622.7885,643.0841,648.5736,642.9727,612.0462,642.7918,674.0403,595.4622,589.6852,547.0883,589.1361,632.1938,704.2865,696.6168,634.0699,695.5437,758.7157,703.7551,695.5821,619.3561,694.2123,770.7349,666.0604,657.9251,586.3705,656.5433,727.7354,703.4479,694.6802,616.1725,693.0475,770.5924,687.8547,686.1150,578.0706,663.0237,806.7950,623.5661,629.5744,505.9244,594.3966,762.5849,627.5681,640.1786,484.7074,586.6961,799.9581,620.8545,640.7010,453.7894,563.8146,826.2639,623.4725,642.5420,450.3849,562.3974,841.2197,619.4303,637.4020,440.6091,549.1518,852.5024,595.1286,614.4527,411.4579,514.4006,850.6047,563.8053,585.5981,372.8726,470.9406,847.3804,11.00000000000,41,049
53,077,01531929,53077,Yakima,Yakima County,06,H1,G4020,,49420,,A,11125023321.00000000000,41131437.00000000000,+46.4565581,-120.7401446,53077,13112.1778,13075.4475,12969.8241,13075.1872,13183.3107,13668.2580,13607.7309,13357.7711,13607.6386,13852.9250,13702.8614,13616.8713,13168.5777,13618.7528,14062.1445,14569.2926,14446.8491,13751.9752,14442.5541,15143.5200,14439.2439,14295.6713,13262.6925,14282.2228,15327.6430,15551.1729,15377.0449,13993.3478,15352.4448,16751.6219,14531.1568,14359.3143,12782.9826,14330.3295,15913.8028,14982.4283,14798.8275,13188.7351,14767.6234,16369.7174,16787.7321,16580.2243,14708.2288,16541.6212,18390.3436,14861.0703,14829.1806,12499.4427,14331.6401,17432.1528,14192.8768,14334.0920,11523.0717,13534.5473,17357.7847,14533.4773,14830.3571,11233.5243,13593.0396,18526.3424,14446.6153,14913.3657,10567.6545,13125.5608,19226.7088,14539.7976,14989.5358,10511.9536,13121.8771,19618.2587,14806.4303,15241.1037,10540.9261,13133.0015,20378.0320,14653.4337,15134.3188,10140.0311,12672.0942,20944.1980,14420.5240,14982.8038,9545.7200,12051.3038,21673.8650,11.00000000000,53,077
41,007,01135846,41007,Clatsop,Clatsop County,06,H1,G4020,,11820,,A,2147227903.00000000000,661312521.00000000000,+46.0245092,-123.7050140,41007,2095.1087,2089.2962,2072.4482,2089.2521,2106.4826,2064.1139,2055.0046,2017.2729,2054.9885,2092.0103,2284.0073,2269.6876,2194.9680,2269.9996,2343.9005,2734.0431,2711.5054,2581.0870,2710.6693,2842.0825,2846.3792,2818.6542,2615.0343,2816.0251,3021.8879,2507.0285,2479.8353,2257.2485,2476.0363,2700.8102,2240.0276,2214.5963,1972.4274,2210.3682,2453.2890,2358.5797,2330.3786,2077.5383,2325.6099,2577.0118,2542.7650,2512.6226,2230.2551,2507.0416,2785.6619,2420.2965,2415.9082,2037.1279,2335.0682,2839.2223,2189.8403,2212.4145,1779.2888,2089.2506,2678.2865,2224.3334,2270.5644,1720.6690,2081.3997,2835.5332,2190.0630,2261.6042,1603.3653,1990.7776,2914.7800,2098.9475,2164.6440,1518.8271,1895.2412,2832.1371,2015.4652,2075.3899,1436.1654,1788.6364,2773.9375,1939.8083,2004.1773,1343.5844,1678.4103,2772.6238,1848.6667,1921.3916,1224.8773,1545.7285,2778.5624,11.00000000000,41,007
41,003,01155126,41003,Benton,Benton County,06,H1,G4020,102,18700,,A,1750680238.00000000000,6917958.00000000000,+44.4906234,-123.4263169,41003,4292.2097,4280.2735,4245.7429,4280.1843,4315.5071,4438.3440,4418.8733,4337.8010,4418.8306,4498.3613,4630.2824,4601.3526,4449.8958,4601.9737,4751.7577,5456.7483,5410.9874,5150.7264,5409.3718,5671.8811,6008.2293,5949.0668,5519.2490,5943.4927,6378.2772,5553.7665,5492.2304,4998.4288,5483.5683,5982.6702,3287.1813,3247.9064,2891.0011,3241.2586,3599.9118,6257.8163,6181.6523,5509.6186,6168.7259,6837.2854,6455.5692,6376.4877,5657.2803,6361.7904,7071.9252,6101.4583,6088.7412,5132.5298,5884.5566,7157.1499,7784.6884,7862.2135,6320.4423,7423.6868,9520.6286,7822.8370,7982.7220,6046.7430,7316.7414,9972.0599,7715.6747,7965.0453,5644.1428,7010.2337,10268.6434,7862.1253,8105.3832,5684.2649,7095.5006,10608.2151,7954.5847,8188.1786,5663.1150,7055.6437,10947.8697,7972.9087,8234.6099,5517.2666,6894.9310,11395.7068,8178.9294,8497.8522,5414.0957,6835.1877,12292.8285,11.00000000000,41,003
41,027,01155131,41027,Hood River,Hood River County,06,H1,G4020,,26220,,A,1351841432.00000000000,29106836.00000000000,+45.5117753,-121.6559762,41027,1455.7802,1451.7237,1440.0079,1451.6939,1463.6808,1343.7343,1337.7282,1313.1259,1337.7229,1361.8730,1368.0270,1359.4000,1314.6364,1359.5927,1403.8724,1498.2693,1485.6372,1414.1800,1485.1982,1557.2956,1455.7469,1441.3150,1337.1720,1439.9608,1545.3425,1645.1401,1626.9494,1480.6958,1624.3907,1772.2011,1626.9939,1607.5723,1430.9353,1604.2859,1781.7823,1536.0925,1516.7424,1351.1969,1513.4356,1678.2954,1448.5070,1430.4739,1268.8337,1427.1164,1586.7706,1455.0526,1451.6742,1223.3641,1402.8995,1706.7261,1347.6017,1360.6709,1093.5119,1284.6689,1648.0519,1313.9533,1340.4527,1015.0114,1228.5001,1674.9019,1273.9399,1314.7689,931.3176,1157.0316,1695.4318,1233.0890,1270.9096,890.9423,1112.4302,1663.7537,1192.8287,1227.5428,848.6611,1057.6291,1641.6611,1106.7623,1142.8091,765.3835,956.7697,1581.8796,1022.9974,1062.6438,676.7455,854.6270,1537.5372,11.00000000000,41,027
53,007,01531932,53007,Chelan,Chelan County,06,H1,G4020,,48300,,A,7564124657.00000000000,189992686.00000000000,+47.8598915,-120.6185425,53007,4290.2219,4278.1533,4243.5677,4278.0704,4313.4889,4364.7995,4345.3383,4265.4486,4345.3181,4423.7328,4642.2001,4612.8700,4460.9605,4613.5304,4763.8051,5484.2368,5437.6169,5176.0732,5436.0362,5700.0520,5584.5965,5528.9765,5129.4548,5523.7718,5928.1382,6065.8868,5997.6389,5457.7346,5987.9806,6534.0385,5453.2502,5388.3721,4796.5027,5377.4066,5972.0844,5373.1097,5306.1168,4727.6702,5294.6913,5870.5626,5933.5913,5859.2180,5196.6242,5845.3607,6499.9059,5437.4266,5425.1239,4572.2030,5242.9321,6377.9904,5451.9489,5505.1555,4424.5696,5197.7610,6667.5247,5493.0173,5604.1860,4243.9609,5136.2654,7002.0197,5406.1282,5579.7741,3952.8219,4910.4931,7194.8170,5337.9973,5502.1294,3857.5618,4816.1889,7202.3657,5287.6094,5441.9095,3762.7048,4688.8233,7277.2418,5111.8069,5278.7084,3535.8086,4419.5519,7306.2615,4933.6697,5125.2838,3264.5096,4122.1620,7415.1964,11.00000000000,53,007
53,035,01529223,53035,Kitsap,Kitsap County,06,H1,G4020,500,14740,,A,1022893152.00000000000,442829766.00000000000,+47.6396874,-122.6496358,53035,15097.4229,15055.4584,14934.0106,15055.1440,15179.3718,13685.3478,13624.5109,13374.1184,13624.4348,13870.1788,14326.3130,14236.2032,13767.4730,14238.1941,14701.8264,17864.2424,17712.3163,16860.3728,17707.1720,18567.1910,19343.1423,19150.7664,17766.9637,19132.7495,20533.2339,19189.7276,18978.7491,17273.4364,18949.1320,20672.1809,19732.3358,19492.7815,17347.3782,19452.0160,21609.1623,19243.6268,18999.9165,16924.8618,18958.2228,21025.0198,19496.6832,19248.2639,17067.4112,19201.8951,21356.9980,18923.2743,18874.3190,15901.0795,18238.8065,22195.1245,18115.2090,18285.1814,14689.5896,17262.0734,22153.0982,18155.8469,18516.4055,14015.3417,16968.0257,23142.6585,17850.2878,18416.8646,13040.0680,16205.2686,23755.6921,17516.8952,18048.9088,12647.3892,15796.1675,23634.3195,17042.6599,17533.6243,12116.5489,15104.6179,23454.9956,16209.2211,16732.5117,11201.3092,14006.6717,23167.2831,15453.3525,16048.1859,10215.6411,12904.9684,23225.7162,11.00000000000,53,035
53,043,01514052,53043,Lincoln,Lincoln County,06,H1,G4020,,,,A,5984151955.00000000000,74744197.00000000000,+47.5827176,-118.4176675,53043,526.5474,525.0399,520.7816,525.0309,529.3993,496.1539,493.9135,484.8177,493.9131,502.8449,522.0563,518.7262,501.6365,518.8042,535.7141,560.7660,556.0154,529.2717,555.8527,582.8436,582.4762,576.5540,534.8818,576.0066,618.2281,606.3088,599.2095,545.0918,598.1914,653.0216,575.7499,568.5849,505.8493,567.3557,630.4917,532.8001,526.0222,468.5429,524.8616,582.1200,546.2288,539.0276,477.7073,537.6786,598.3190,485.7476,484.1938,407.6350,467.8104,569.6617,435.7831,439.7927,353.2367,415.1605,532.9065,422.8360,431.1665,326.2900,395.0886,538.9670,396.3161,408.8425,289.4280,359.7266,527.4245,378.9167,390.3945,273.5295,341.6561,511.2431,364.8127,375.3111,259.3456,323.3131,502.0733,346.8619,358.0684,239.7126,299.7402,495.7584,327.2806,339.9031,216.3972,273.3397,491.8900,11.00000000000,53,043
17,143,01784920,17143,Peoria,Peoria County,06,H1,G4020,426,37900,,A,1603744994.00000000000,29499157.00000000000,+40.7859987,-089.7673577,17143,10856.3419,10826.1565,10738.8208,10825.9309,10915.2689,10858.1560,10810.3864,10611.9777,10810.2914,11004.9460,11145.1559,11075.5188,10710.9598,11077.0138,11437.5470,12846.4723,12738.7830,12126.0661,12734.9770,13352.9731,12953.8264,12827.1901,11900.5114,12815.2074,13752.2600,11290.9617,11165.3160,10161.1068,11147.6025,12162.7773,9726.6902,9611.0327,8555.3935,9591.4881,10652.1160,10469.1651,10340.7365,9215.5430,10318.9044,11438.5433,11322.0004,11182.1371,9919.6999,11156.1191,12402.8453,11085.1967,11060.5768,9322.1086,10689.2538,13002.8212,9128.6695,9218.9992,7410.6138,8704.6161,11164.2150,8890.4265,9071.5350,6870.9035,8314.5130,11332.8840,8524.4484,8799.3573,6234.7443,7744.3073,11344.9719,8033.2291,8281.2094,5806.9845,7249.1929,10839.0308,7537.0248,7757.8045,5364.8746,6684.5714,10373.1389,7117.7609,7350.8884,4924.6100,6154.7709,10173.4056,6734.6438,6996.8288,4457.2919,5627.6722,10122.0590,11.00000000000,17,143
17,195,01785167,17195,Whiteside,Whiteside County,06,H1,G4020,,44580,,A,1772198878.00000000000,31796457.00000000000,+41.7505708,-089.9109567,17195,3368.9827,3359.5970,3332.4851,3359.5278,3387.2666,3377.7002,3362.7316,3300.9557,3362.7095,3423.3318,2955.3839,2936.7230,2840.0146,2937.1420,3032.8082,3174.8845,3148.2694,2996.8421,3147.3288,3300.0609,3135.4077,3104.3648,2880.0608,3101.4497,3328.4068,3342.4355,3305.2873,3008.0391,3300.0524,3600.5304,3050.6254,3014.8540,2684.1620,3008.8379,3340.9288,2794.2146,2760.0482,2459.8335,2754.2439,3052.9476,2805.3205,2770.5328,2457.6100,2764.0588,3073.1118,2450.5791,2445.0147,2060.5981,2362.8984,2874.4744,2092.8617,2113.4387,1698.7443,1995.4765,2559.5145,1986.2972,2026.6526,1534.9072,1857.4911,2531.9775,1865.5209,1925.6029,1364.2969,1694.6917,2482.7673,1737.2147,1790.7937,1255.6990,1567.6035,2343.9752,1618.0610,1665.4368,1151.7024,1435.0275,2226.9209,1448.3943,1495.8346,1002.1117,1252.4367,2070.1880,1271.7971,1321.3272,841.7649,1062.7743,1911.4914,11.00000000000,17,195
17,005,00424204,17005,Bond,Bond County,06,H1,G4020,476,41180,,A,984918676.00000000000,6426360.00000000000,+38.8859240,-089.4365916,17005,990.8589,988.0278,980.0175,988.0106,996.2263,874.1121,870.1524,854.1214,870.1527,885.8965,845.2279,839.9770,812.3354,840.0870,867.4193,838.3304,831.2630,791.2803,831.0173,871.3580,875.4495,866.7442,804.1148,865.9288,929.3126,753.0959,744.2515,677.0175,742.9818,811.1101,750.0925,740.5057,658.5760,738.8472,821.3817,825.2397,814.3666,725.0047,812.4924,901.6080,789.6303,779.1819,690.5022,777.2239,864.9274,684.7156,682.4221,574.4214,659.3036,802.9769,590.7531,595.7298,478.0486,562.2219,722.3402,568.1962,578.9009,437.6031,530.2937,724.1908,523.4234,539.4559,381.3785,474.4576,696.5360,484.5360,498.6788,348.8504,436.2095,653.6992,448.1068,460.4581,317.6068,396.4416,616.6632,418.7303,431.7277,288.4403,361.1795,598.4404,386.9312,401.3545,254.9469,322.5455,581.5117,11.00000000000,17,005
17,099,00422247,17099,LaSalle,LaSalle County,06,H1,G4020,,36860,,A,2939957539.00000000000,33700941.00000000000,+41.3433407,-088.8859312,17099,6811.5922,6792.4756,6737.5874,6792.3421,6848.5396,6312.9849,6284.7107,6169.0980,6284.6902,6398.1863,6289.8229,6249.8417,6043.9696,6250.7642,6454.4527,6961.9233,6902.4819,6570.4789,6900.4931,7235.7221,6536.3009,6470.3546,6002.7346,6464.2307,6937.8289,6806.1162,6728.8324,6122.6546,6717.8609,7331.1909,6510.3425,6430.9814,5722.8889,6417.4578,7129.5315,6356.8425,6275.5905,5589.4626,6261.6647,6945.2554,6149.4349,6070.6144,5382.3276,6055.8931,6736.1386,5362.1845,5347.7136,4504.7242,5167.4904,6289.1656,4974.9725,5021.0618,4033.1621,4739.9367,6083.8006,4801.5708,4896.2583,3705.3872,4486.5945,6120.3229,4518.5278,4661.2119,3299.6337,4101.1928,6013.3254,4259.2770,4387.8566,3073.8960,3839.8844,5746.6743,4054.0183,4170.0253,2880.8535,3592.0160,5579.2882,3758.9213,3879.5136,2596.2427,3247.1984,5372.4441,3454.8445,3587.1046,2282.5783,2884.2230,5192.4362,11.00000000000,17,099
17,043,00422191,17043,DuPage,DuPage County,06,H1,G4020,176,16980,16974,A,848218379.00000000000,23083362.00000000000,+41.8520581,-088.0860383,17043,62691.5090,62516.8701,62012.3662,62515.5802,63031.7451,59574.8171,59310.8805,58221.3391,59310.4873,60379.6760,60623.6255,60241.9667,58258.4087,60250.4329,62212.4645,69151.7896,68565.9111,65267.9677,68545.8448,71874.2974,64406.6316,63765.3577,59157.7156,63705.3401,68368.7883,67932.2751,67170.2898,61125.1384,67062.5691,73175.8137,64273.9331,63512.3494,56538.7827,63383.8037,70389.4519,63585.8281,62803.3943,55967.2437,62670.3037,69473.3320,63546.4153,62759.6428,55672.4119,62613.2473,69612.6030,58946.2239,58818.5730,49576.7743,56844.8126,69144.1028,57136.7952,57700.0366,46379.6591,54479.9482,69877.0283,55682.7820,56815.2527,43030.8040,52073.3723,70980.2268,53300.0581,55017.4324,38980.8191,48420.2258,70935.5591,51328.6003,52911.9714,37102.0200,46317.5647,69256.2727,49903.3826,51364.5017,35520.1641,44258.3369,68681.5171,47303.3750,48852.3101,32727.3972,40903.0282,67610.6204,44266.2192,45989.3630,29297.0723,36989.9766,66531.3926,11.00000000000,17,043
17,091,00424247,17091,Kankakee,Kankakee County,06,H1,G4020,176,28100,,A,1752271023.00000000000,12452094.00000000000,+41.1394937,-087.8611252,17091,6759.3915,6740.5294,6686.1171,6740.3919,6796.0709,6536.1707,6507.1116,6387.5219,6507.0754,6624.4455,6307.3255,6267.8049,6061.4703,6268.6641,6472.7348,6467.8274,6413.5461,6105.0634,6411.6343,6722.7959,5952.6082,5893.8472,5468.0063,5888.3193,6319.1340,5458.1491,5396.6512,4910.7914,5387.9438,5879.3713,5210.5261,5148.2763,4582.5476,5137.7398,5706.2372,5607.7972,5538.4211,4935.1927,5526.6075,6127.0096,5499.2563,5431.1630,4817.8336,5418.4927,6024.2187,4566.6374,4556.7132,3840.7116,4403.7952,5356.6714,4177.4663,4218.5793,3390.8567,3983.1303,5108.9374,4015.9624,4097.5685,3103.3517,3755.5558,5119.2388,3724.4261,3844.3611,2723.7282,3383.3534,4956.7286,3485.5268,3592.9809,2519.3399,3145.1622,4702.9198,3305.7406,3402.4669,2352.8466,2931.7177,4549.6520,3123.0334,3225.2389,2160.6060,2700.4019,4463.7413,2895.1812,3007.8299,1916.0495,2419.2237,4351.4060,11.00000000000,17,091
72,091,01804526,72091,Manat,Manat,13,H1,G4020,490,41980,,A,116881341.00000000000,66195518.00000000000,+18.4494357,-066.4899818,,0.0000,0.0000,0.0000,0.0000,0.0000,0.0000,0.0000,0.0000,0.0000,0.0000,0.0000,0.0000,0.0000,0.0000,0.0000,0.0000,0.0000,0.0000,0.0000,0.0000,0.0000,0.0000,0.0000,0.0000,0.0000,0.0000,0.0000,0.0000,0.0000,0.0000,0.0000,0.0000,0.0000,0.0000,0.0000,0.0000,0.0000,0.0000,0.0000,0.0000,0.0000,0.0000,0.0000,0.0000,0.0000,0.0000,0.0000,0.0000,0.0000,0.0000,0.0000,0.0000,0.0000,0.0000,0.0000,0.0000,0.0000,0.0000,0.0000,0.0000,0.0000,0.0000,0.0000,0.0000,0.0000,0.0000,0.0000,0.0000,0.0000,0.0000,0.0000,0.0000,0.0000,0.0000,0.0000,0.0000,0.0000,0.0000,0.0000,0.0000,0.0000,0.0000,0.0000,0.0000,0.0000,0.00000000000,,
72,049,01804504,72049,Culebra,Culebra Municipio,13,H1,G4020,,,,A,30105707.00000000000,407168777.00000000000,+18.3242413,-065.3067405,,0.0000,0.0000,0.0000,0.0000,0.0000,0.0000,0.0000,0.0000,0.0000,0.0000,0.0000,0.0000,0.0000,0.0000,0.0000,0.0000,0.0000,0.0000,0.0000,0.0000,0.0000,0.0000,0.0000,0.0000,0.0000,0.0000,0.0000,0.0000,0.0000,0.0000,0.0000,0.0000,0.0000,0.0000,0.0000,0.0000,0.0000,0.0000,0.0000,0.0000,0.0000,0.0000,0.0000,0.0000,0.0000,0.0000,0.0000,0.0000,0.0000,0.0000,0.0000,0.0000,0.0000,0.0000,0.0000,0.0000,0.0000,0.0000,0.0000,0.0000,0.0000,0.0000,0.0000,0.0000,0.0000,0.0000,0.0000,0.0000,0.0000,0.0000,0.0000,0.0000,0.0000,0.0000,0.0000,0.0000,0.0000,0.0000,0.0000,0.0000,0.0000,0.0000,0.0000,0.0000,0.0000,0.00000000000,,
72,005,01804482,72005,Aguadilla,Aguadilla Municipio,13,H1,G4020,,10380,,A,94608641.00000000000,101132537.00000000000,+18.4802561,-067.1439098,,0.0000,0.0000,0.0000,0.0000,0.0000,0.0000,0.0000,0.0000,0.0000,0.0000,0.0000,0.0000,0.0000,0.0000,0.0000,0.0000,0.0000,0.0000,0.0000,0.0000,0.0000,0.0000,0.0000,0.0000,0.0000,0.0000,0.0000,0.0000,0.0000,0.0000,0.0000,0.0000,0.0000,0.0000,0.0000,0.0000,0.0000,0.0000,0.0000,0.0000,0.0000,0.0000,0.0000,0.0000,0.0000,0.0000,0.0000,0.0000,0.0000,0.0000,0.0000,0.0000,0.0000,0.0000,0.0000,0.0000,0.0000,0.0000,0.0000,0.0000,0.0000,0.0000,0.0000,0.0000,0.0000,0.0000,0.0000,0.0000,0.0000,0.0000,0.0000,0.0000,0.0000,0.0000,0.0000,0.0000,0.0000,0.0000,0.0000,0.0000,0.0000,0.0000,0.0000,0.0000,0.0000,0.00000000000,,
72,043,01804501,72043,Coamo,Coamo Municipio,13,H1,G4020,434,17620,,A,202050921.00000000000,39408.00000000000,+18.1037997,-066.3575862,,0.0000,0.0000,0.0000,0.0000,0.0000,0.0000,0.0000,0.0000,0.0000,0.0000,0.0000,0.0000,0.0000,0.0000,0.0000,0.0000,0.0000,0.0000,0.0000,0.0000,0.0000,0.0000,0.0000,0.0000,0.0000,0.0000,0.0000,0.0000,0.0000,0.0000,0.0000,0.0000,0.0000,0.0000,0.0000,0.0000,0.0000,0.0000,0.0000,0.0000,0.0000,0.0000,0.0000,0.0000,0.0000,0.0000,0.0000,0.0000,0.0000,0.0000,0.0000,0.0000,0.0000,0.0000,0.0000,0.0000,0.0000,0.0000,0.0000,0.0000,0.0000,0.0000,0.0000,0.0000,0.0000,0.0000,0.0000,0.0000,0.0000,0.0000,0.0000,0.0000,0.0000,0.0000,0.0000,0.0000,0.0000,0.0000,0.0000,0.0000,0.0000,0.0000,0.0000,0.0000,0.0000,0.00000000000,,
72,083,01804522,72083,Las Mar2as,Las Mar2as Municipio,13,H1,G4020,,,,A,120071854.00000000000,376194.00000000000,+18.2275938,-066.9775799,,0.0000,0.0000,0.0000,0.0000,0.0000,0.0000,0.0000,0.0000,0.0000,0.0000,0.0000,0.0000,0.0000,0.0000,0.0000,0.0000,0.0000,0.0000,0.0000,0.0000,0.0000,0.0000,0.0000,0.0000,0.0000,0.0000,0.0000,0.0000,0.0000,0.0000,0.0000,0.0000,0.0000,0.0000,0.0000,0.0000,0.0000,0.0000,0.0000,0.0000,0.0000,0.0000,0.0000,0.0000,0.0000,0.0000,0.0000,0.0000,0.0000,0.0000,0.0000,0.0000,0.0000,0.0000,0.0000,0.0000,0.0000,0.0000,0.0000,0.0000,0.0000,0.0000,0.0000,0.0000,0.0000,0.0000,0.0000,0.0000,0.0000,0.0000,0.0000,0.0000,0.0000,0.0000,0.0000,0.0000,0.0000,0.0000,0.0000,0.0000,0.0000,0.0000,0.0000,0.0000,0.0000,0.00000000000,,
72,013,01804486,72013,Arecibo,Arecibo Municipio,13,H1,G4020,490,41980,,A,326200544.00000000000,117184974.00000000000,+18.4340306,-066.6750845,,0.0000,0.0000,0.0000,0.0000,0.0000,0.0000,0.0000,0.0000,0.0000,0.0000,0.0000,0.0000,0.0000,0.0000,0.0000,0.0000,0.0000,0.0000,0.0000,0.0000,0.0000,0.0000,0.0000,0.0000,0.0000,0.0000,0.0000,0.0000,0.0000,0.0000,0.0000,0.0000,0.0000,0.0000,0.0000,0.0000,0.0000,0.0000,0.0000,0.0000,0.0000,0.0000,0.0000,0.0000,0.0000,0.0000,0.0000,0.0000,0.0000,0.0000,0.0000,0.0000,0.0000,0.0000,0.0000,0.0000,0.0000,0.0000,0.0000,0.0000,0.0000,0.0000,0.0000,0.0000,0.0000,0.0000,0.0000,0.0000,0.0000,0.0000,0.0000,0.0000,0.0000,0.0000,0.0000,0.0000,0.0000,0.0000,0.0000,0.0000,0.0000,0.0000,0.0000,0.0000,0.0000,0.00000000000,,
72,015,01804487,72015,Arroyo,Arroyo Municipio,13,H1,G4020,,25020,,A,38869445.00000000000,53459928.00000000000,+17.9720599,-066.0419453,,0.0000,0.0000,0.0000,0.0000,0.0000,0.0000,0.0000,0.0000,0.0000,0.0000,0.0000,0.0000,0.0000,0.0000,0.0000,0.0000,0.0000,0.0000,0.0000,0.0000,0.0000,0.0000,0.0000,0.0000,0.0000,0.0000,0.0000,0.0000,0.0000,0.0000,0.0000,0.0000,0.0000,0.0000,0.0000,0.0000,0.0000,0.0000,0.0000,0.0000,0.0000,0.0000,0.0000,0.0000,0.0000,0.0000,0.0000,0.0000,0.0000,0.0000,0.0000,0.0000,0.0000,0.0000,0.0000,0.0000,0.0000,0.0000,0.0000,0.0000,0.0000,0.0000,0.0000,0.0000,0.0000,0.0000,0.0000,0.0000,0.0000,0.0000,0.0000,0.0000,0.0000,0.0000,0.0000,0.0000,0.0000,0.0000,0.0000,0.0000,0.0000,0.0000,0.0000,0.0000,0.0000,0.00000000000,,
72,053,01804506,72053,Fajardo,Fajardo Municipio,13,H1,G4020,490,21940,,A,77347403.00000000000,195454314.00000000000,+18.3863776,-065.5884540,,0.0000,0.0000,0.0000,0.0000,0.0000,0.0000,0.0000,0.0000,0.0000,0.0000,0.0000,0.0000,0.0000,0.0000,0.0000,0.0000,0.0000,0.0000,0.0000,0.0000,0.0000,0.0000,0.0000,0.0000,0.0000,0.0000,0.0000,0.0000,0.0000,0.0000,0.0000,0.0000,0.0000,0.0000,0.0000,0.0000,0.0000,0.0000,0.0000,0.0000,0.0000,0.0000,0.0000,0.0000,0.0000,0.0000,0.0000,0.0000,0.0000,0.0000,0.0000,0.0000,0.0000,0.0000,0.0000,0.0000,0.0000,0.0000,0.0000,0.0000,0.0000,0.0000,0.0000,0.0000,0.0000,0.0000,0.0000,0.0000,0.0000,0.0000,0.0000,0.0000,0.0000,0.0000,0.0000,0.0000,0.0000,0.0000,0.0000,0.0000,0.0000,0.0000,0.0000,0.0000,0.0000,0.00000000000,,
72,033,01804496,72033,Cata3o,Cata3o Municipio,13,H1,G4020,490,41980,,A,12547338.00000000000,5698075.00000000000,+18.4422989,-066.1453574,,0.0000,0.0000,0.0000,0.0000,0.0000,0.0000,0.0000,0.0000,0.0000,0.0000,0.0000,0.0000,0.0000,0.0000,0.0000,0.0000,0.0000,0.0000,0.0000,0.0000,0.0000,0.0000,0.0000,0.0000,0.0000,0.0000,0.0000,0.0000,0.0000,0.0000,0.0000,0.0000,0.0000,0.0000,0.0000,0.0000,0.0000,0.0000,0.0000,0.0000,0.0000,0.0000,0.0000,0.0000,0.0000,0.0000,0.0000,0.0000,0.0000,0.0000,0.0000,0.0000,0.0000,0.0000,0.0000,0.0000,0.0000,0.0000,0.0000,0.0000,0.0000,0.0000,0.0000,0.0000,0.0000,0.0000,0.0000,0.0000,0.0000,0.0000,0.0000,0.0000,0.0000,0.0000,0.0000,0.0000,0.0000,0.0000,0.0000,0.0000,0.0000,0.0000,0.0000,0.0000,0.0000,0.00000000000,,
72,045,01804502,72045,Comer,Comer,13,H1,G4020,490,41980,,A,73557131.00000000000,319734.00000000000,+18.2250402,-066.2202984,,0.0000,0.0000,0.0000,0.0000,0.0000,0.0000,0.0000,0.0000,0.0000,0.0000,0.0000,0.0000,0.0000,0.0000,0.0000,0.0000,0.0000,0.0000,0.0000,0.0000,0.0000,0.0000,0.0000,0.0000,0.0000,0.0000,0.0000,0.0000,0.0000,0.0000,0.0000,0.0000,0.0000,0.0000,0.0000,0.0000,0.0000,0.0000,0.0000,0.0000,0.0000,0.0000,0.0000,0.0000,0.0000,0.0000,0.0000,0.0000,0.0000,0.0000,0.0000,0.0000,0.0000,0.0000,0.0000,0.0000,0.0000,0.0000,0.0000,0.0000,0.0000,0.0000,0.0000,0.0000,0.0000,0.0000,0.0000,0.0000,0.0000,0.0000,0.0000,0.0000,0.0000,0.0000,0.0000,0.0000,0.0000,0.0000,0.0000,0.0000,0.0000,0.0000,0.0000,0.0000,0.0000,0.00000000000,,
72,027,01804493,72027,Camuy,Camuy Municipio,13,H1,G4020,490,41980,,A,120058334.00000000000,40430075.00000000000,+18.4454692,-066.8631339,,0.0000,0.0000,0.0000,0.0000,0.0000,0.0000,0.0000,0.0000,0.0000,0.0000,0.0000,0.0000,0.0000,0.0000,0.0000,0.0000,0.0000,0.0000,0.0000,0.0000,0.0000,0.0000,0.0000,0.0000,0.0000,0.0000,0.0000,0.0000,0.0000,0.0000,0.0000,0.0000,0.0000,0.0000,0.0000,0.0000,0.0000,0.0000,0.0000,0.0000,0.0000,0.0000,0.0000,0.0000,0.0000,0.0000,0.0000,0.0000,0.0000,0.0000,0.0000,0.0000,0.0000,0.0000,0.0000,0.0000,0.0000,0.0000,0.0000,0.0000,0.0000,0.0000,0.0000,0.0000,0.0000,0.0000,0.0000,0.0000,0.0000,0.0000,0.0000,0.0000,0.0000,0.0000,0.0000,0.0000,0.0000,0.0000,0.0000,0.0000,0.0000,0.0000,0.0000,0.0000,0.0000,0.00000000000,,
72,059,01804510,72059,Guayanilla,Guayanilla Municipio,13,H1,G4020,434,49500,,A,109479387.00000000000,56912380.00000000000,+18.0052626,-066.7983565,,0.0000,0.0000,0.0000,0.0000,0.0000,0.0000,0.0000,0.0000,0.0000,0.0000,0.0000,0.0000,0.0000,0.0000,0.0000,0.0000,0.0000,0.0000,0.0000,0.0000,0.0000,0.0000,0.0000,0.0000,0.0000,0.0000,0.0000,0.0000,0.0000,0.0000,0.0000,0.0000,0.0000,0.0000,0.0000,0.0000,0.0000,0.0000,0.0000,0.0000,0.0000,0.0000,0.0000,0.0000,0.0000,0.0000,0.0000,0.0000,0.0000,0.0000,0.0000,0.0000,0.0000,0.0000,0.0000,0.0000,0.0000,0.0000,0.0000,0.0000,0.0000,0.0000,0.0000,0.0000,0.0000,0.0000,0.0000,0.0000,0.0000,0.0000,0.0000,0.0000,0.0000,0.0000,0.0000,0.0000,0.0000,0.0000,0.0000,0.0000,0.0000,0.0000,0.0000,0.0000,0.0000,0.00000000000,,
72,113,01804537,72113,Ponce,Ponce Municipio,13,H1,G4020,434,38660,,A,297232416.00000000000,204204019.00000000000,+18.0017167,-066.6066625,,0.0000,0.0000,0.0000,0.0000,0.0000,0.0000,0.0000,0.0000,0.0000,0.0000,0.0000,0.0000,0.0000,0.0000,0.0000,0.0000,0.0000,0.0000,0.0000,0.0000,0.0000,0.0000,0.0000,0.0000,0.0000,0.0000,0.0000,0.0000,0.0000,0.0000,0.0000,0.0000,0.0000,0.0000,0.0000,0.0000,0.0000,0.0000,0.0000,0.0000,0.0000,0.0000,0.0000,0.0000,0.0000,0.0000,0.0000,0.0000,0.0000,0.0000,0.0000,0.0000,0.0000,0.0000,0.0000,0.0000,0.0000,0.0000,0.0000,0.0000,0.0000,0.0000,0.0000,0.0000,0.0000,0.0000,0.0000,0.0000,0.0000,0.0000,0.0000,0.0000,0.0000,0.0000,0.0000,0.0000,0.0000,0.0000,0.0000,0.0000,0.0000,0.0000,0.0000,0.0000,0.0000,0.00000000000,,
72,077,01804519,72077,Juncos,Juncos Municipio,13,H1,G4020,490,41980,,A,68605459.00000000000,327723.00000000000,+18.2241334,-065.9085417,,0.0000,0.0000,0.0000,0.0000,0.0000,0.0000,0.0000,0.0000,0.0000,0.0000,0.0000,0.0000,0.0000,0.0000,0.0000,0.0000,0.0000,0.0000,0.0000,0.0000,0.0000,0.0000,0.0000,0.0000,0.0000,0.0000,0.0000,0.0000,0.0000,0.0000,0.0000,0.0000,0.0000,0.0000,0.0000,0.0000,0.0000,0.0000,0.0000,0.0000,0.0000,0.0000,0.0000,0.0000,0.0000,0.0000,0.0000,0.0000,0.0000,0.0000,0.0000,0.0000,0.0000,0.0000,0.0000,0.0000,0.0000,0.0000,0.0000,0.0000,0.0000,0.0000,0.0000,0.0000,0.0000,0.0000,0.0000,0.0000,0.0000,0.0000,0.0000,0.0000,0.0000,0.0000,0.0000,0.0000,0.0000,0.0000,0.0000,0.0000,0.0000,0.0000,0.0000,0.0000,0.0000,0.00000000000,,
55,011,01581065,55011,Buffalo,Buffalo County,06,H1,G4020,,,,A,1739526593.00000000000,98314066.00000000000,+44.3897593,-091.7587135,55011,851.1898,848.7963,841.9349,848.7798,855.8062,723.0541,719.8444,706.6176,719.8401,732.8208,646.4584,642.3761,621.2221,642.4679,663.3940,734.5816,728.3284,693.2966,728.1172,763.4832,674.1188,667.3719,619.1450,666.7424,715.5661,761.6433,753.2723,685.5897,752.0973,820.4829,662.5012,654.6006,582.6813,653.2642,725.5309,604.4143,597.0696,532.1713,595.8235,660.3833,610.2794,602.7042,534.6231,601.2943,668.5348,547.1254,546.0345,460.3294,527.7367,641.8026,457.1098,461.6416,371.0948,435.8865,559.0393,439.0117,447.9667,339.3078,410.5878,559.6223,424.2439,437.9394,310.3139,385.4354,564.6167,403.1854,415.6485,291.4804,363.8566,544.0093,386.9357,398.2901,275.4568,343.1978,532.5377,355.1662,366.8203,245.7689,307.1412,507.6401,330.5253,343.4136,218.7936,276.2224,496.7753,11.00000000000,55,011
55,051,01581085,55051,Iron,Iron County,06,H1,G4020,,,,A,1963660997.00000000000,416963329.00000000000,+46.3265500,-090.2612985,55051,343.3515,342.3998,339.6392,342.3925,345.2156,283.1343,281.8485,276.6543,281.8489,286.9505,271.9498,270.2528,261.3577,270.2890,279.0856,295.7462,293.2266,279.1227,293.1417,307.3808,254.5218,251.9759,233.7673,251.7383,270.1717,294.6361,291.2696,265.0168,290.7907,317.3605,225.0052,222.3018,197.8601,221.8434,246.4097,212.5897,209.8935,186.9663,209.4321,232.2690,240.3395,237.4164,210.6597,236.8736,263.2889,213.4327,212.9648,179.4976,205.8169,250.3558,212.9890,215.1798,173.0494,203.1994,260.4956,211.9405,216.3408,163.9418,198.3155,270.1767,198.4240,204.9001,145.2583,180.3612,264.0843,193.2722,199.3121,139.8381,174.5028,260.7839,191.4729,197.1521,136.4142,169.9063,263.5281,183.6274,189.7051,127.1595,158.8631,262.4629,178.3760,185.3765,118.1575,149.1254,268.0997,11.00000000000,55,051
42,047,01213668,42047,Elk,Elk County,06,H1,G4020,,41260,,A,2142848183.00000000000,12818723.00000000000,+41.4273339,-078.6539383,42047,2308.6040,2302.1221,2283.5177,2302.0770,2321.1259,1820.6659,1812.5734,1779.2623,1812.5632,1845.2557,1456.0260,1446.9274,1399.3005,1447.1229,1494.2240,1613.1987,1599.3980,1522.4684,1598.9390,1676.6253,1439.7040,1425.0855,1322.0848,1423.7331,1528.0844,1765.1291,1745.0490,1587.8200,1742.1967,1901.2937,1587.9509,1568.8932,1396.4152,1565.6626,1739.0130,1410.9094,1393.1960,1241.1948,1390.1709,1541.5271,1342.3657,1325.4200,1175.4107,1322.2602,1470.4693,1272.1757,1268.7672,1068.7882,1226.0152,1492.1074,1048.2422,1058.2589,850.3350,999.1023,1281.9254,964.8899,984.2129,745.1254,901.9661,1229.9328,893.3968,921.8990,652.8969,811.2469,1188.9717,831.5904,856.9810,600.6487,750.0717,1122.0187,784.6891,807.4214,558.1003,695.6177,1079.9401,700.7338,723.4694,484.4397,605.6586,1001.5427,619.4032,643.3402,409.6336,517.3749,930.9420,11.00000000000,42,047
55,019,01581069,55019,Clark,Clark County,06,H1,G4020,,,,A,3133407354.00000000000,23235757.00000000000,+44.7335964,-090.6102007,55019,1963.1391,1957.5758,1941.7291,1957.5398,1973.7799,1949.3895,1940.6468,1904.9406,1940.6413,1975.6954,1877.3215,1865.3549,1803.9018,1865.6342,1926.4398,2018.2275,2001.1272,1904.8753,2000.5417,2097.6845,1673.9708,1657.3982,1537.6440,1655.8419,1777.0122,1688.6687,1669.9678,1519.8285,1667.3357,1819.0833,1692.1785,1672.4741,1489.1475,1669.1682,1853.2253,1742.1280,1720.9572,1533.8971,1717.3652,1903.4498,1836.4403,1814.1006,1609.6481,1809.9520,2011.7966,1773.0112,1769.6835,1492.1140,1710.4367,2079.8719,1057.7161,1068.4786,859.1682,1008.9534,1293.6178,1050.3015,1071.9986,812.2455,982.6431,1338.8861,1051.0004,1085.1922,769.2065,955.1880,1398.7761,977.1431,1007.5963,706.8478,882.1431,1318.4602,941.9286,969.8016,670.9600,835.7515,1296.3904,903.6433,933.5016,625.6720,781.7135,1291.5944,846.6759,879.8701,560.7829,707.7933,1272.5542,11.00000000000,55,019
42,107,01213685,42107,Schuylkill,Schuylkill County,06,H1,G4020,,39060,,A,2016651953.00000000000,10828794.00000000000,+40.7036899,-076.2178000,42107,9780.0673,9752.6627,9673.8761,9752.4691,9833.1224,8949.0227,8909.0085,8745.1544,8908.9748,9069.8195,7511.1452,7464.0976,7218.3849,7465.1185,7708.1333,7773.0318,7708.6221,7337.8505,7706.2678,8079.9798,7528.1293,7454.8911,6916.3568,7447.9409,7992.3753,8383.2203,8288.5235,7542.1548,8275.1042,9030.1089,7844.7603,7749.3383,6896.2699,7733.0896,8590.8874,7776.1922,7677.1176,6838.0763,7660.1480,8496.0040,8042.8084,7939.7861,7039.6404,7920.5458,8810.1630,7252.3128,7233.2438,6093.5090,6989.6123,8506.1696,6687.6281,6750.0780,5422.4613,6372.2996,8178.2551,6421.3372,6548.4303,4956.1780,6000.6901,8185.0143,6135.7191,6329.9673,4481.4312,5569.6426,8165.5524,5879.5619,6057.5806,4244.1538,5301.2954,7932.8320,5648.0691,5810.2138,4014.5292,5005.0703,7773.1212,5340.9228,5512.8057,3689.8638,4614.5070,7633.5600,5041.5536,5235.1076,3331.8820,4209.5386,7577.2045,11.00000000000,42,107
42,057,01213671,42057,Fulton,Fulton County,06,H1,G4020,,,,A,1133252780.00000000000,1305486.00000000000,+39.9107505,-078.1226171,42057,1028.3003,1025.3846,1017.0832,1025.3659,1033.8739,985.7682,981.3776,963.3372,981.3727,999.0793,797.2658,792.2056,766.1118,792.3217,818.1377,796.1107,789.2735,751.3101,789.0488,827.3946,791.9407,784.0938,727.4390,783.3572,840.6843,826.6750,817.2903,743.6649,815.9582,890.4516,781.8838,772.4258,687.4421,770.8182,856.2560,680.1778,671.8050,598.6759,670.3807,743.1563,684.2496,675.5603,599.0483,673.9389,749.5421,554.7156,553.3212,466.1965,534.7014,650.6362,455.6237,460.0101,369.6595,434.3057,557.2006,417.5533,425.9439,322.5009,390.3592,532.2534,383.1848,395.4343,280.0747,347.9810,509.9614,355.6497,366.5292,256.9174,320.8124,479.8602,323.7750,333.1703,230.3081,287.0425,445.6015,289.0223,298.4108,199.8299,249.8217,413.0938,259.7975,269.8455,171.8277,217.0134,390.4673,11.00000000000,42,057
42,029,01209174,42029,Chester,Chester County,06,H1,G4020,428,37980,37964,A,1943805957.00000000000,22602804.00000000000,+39.9739654,-075.7497323,42029,36236.4326,36135.4140,35843.7665,36134.6730,36433.0834,33879.6920,33729.2109,33109.4000,33729.0137,34337.2985,32791.9052,32585.4611,31512.5355,32590.0411,33651.3226,38088.9513,37767.3599,35950.7960,37756.2319,39589.2237,39532.9518,39140.9683,36312.8105,39104.1899,41966.0095,37886.5882,37458.5380,34085.4015,37397.8747,40810.0716,35876.4609,35447.7309,31552.3845,35375.1577,39289.6076,39667.9927,39179.1457,34913.7679,39095.9673,43340.8672,39978.6833,39482.1760,35022.0205,39389.7586,43794.8929,36326.0317,36245.2499,30548.2336,35028.4063,42610.0353,34603.6154,34943.3301,28086.3458,32992.8028,42319.2237,34206.3168,34900.5768,26431.6251,31987.2379,43603.4719,33300.0214,34371.5565,24351.4273,30249.4901,44317.9431,32391.1066,33388.9098,23410.9724,29227.1078,43704.3074,31401.3693,32319.4403,22348.4982,27847.5747,43217.2787,30358.8114,31351.6467,21001.8801,26249.5622,43391.7015,29064.4192,30194.6594,19233.8989,24285.5610,43683.2664,11.00000000000,42,029
55,049,01581084,55049,Iowa,Iowa County,06,H1,G4020,358,31540,,A,1975072643.00000000000,13869428.00000000000,+43.0010208,-090.1336915,55049,1533.7481,1529.4499,1517.0941,1529.4196,1542.0684,1407.6911,1401.4761,1375.7424,1401.4653,1426.7152,1339.6320,1331.2749,1287.4580,1331.4531,1374.7844,1450.2683,1438.1799,1369.0056,1437.7455,1507.4924,1245.4965,1233.2822,1144.1824,1232.1286,1322.2398,1441.2616,1425.2337,1297.0548,1422.9747,1552.5497,1372.9503,1356.9482,1208.1944,1354.2626,1503.6140,1394.5152,1377.6188,1227.9282,1374.7538,1523.6507,1393.7130,1376.5829,1221.2591,1373.3981,1526.7731,1106.1733,1103.7753,930.3435,1066.7355,1297.5441,908.6444,917.7007,737.7476,866.5169,1111.2681,880.6363,898.6464,680.7171,823.6783,1122.5811,819.0902,845.5808,599.2080,744.2232,1090.1131,752.2191,775.5201,543.8961,678.9057,1014.9573,709.6145,730.4849,505.2524,629.4621,976.6427,636.9844,657.9302,440.8608,550.9080,910.4467,554.9947,576.6786,367.4589,463.8656,834.1527,11.00000000000,55,049
42,121,01213690,42121,Venango,Venango County,06,H1,G4020,,36340,,A,1746387330.00000000000,22148536.00000000000,+41.4019797,-079.7544181,42121,3351.4078,3341.9936,3314.9835,3341.9284,3369.5853,3091.9623,3078.2042,3021.6257,3078.1879,3133.7179,2915.2102,2896.7796,2801.3811,2897.1956,2991.5689,3023.8415,2998.4478,2854.2265,2997.5549,3143.0341,2859.2155,2830.8563,2626.3102,2828.1960,3035.1801,2952.6582,2919.0583,2656.0441,2914.2848,3180.4274,2432.0219,2402.9389,2138.8624,2398.0147,2663.3927,2231.1009,2203.0421,1962.6362,2198.2485,2437.6465,2261.3127,2232.7237,1979.9830,2227.3918,2477.1076,1912.6642,1907.8509,1607.4396,1843.6485,2243.3982,1562.9382,1577.8108,1267.7477,1489.5921,1911.3517,1440.8375,1469.6429,1112.5849,1346.8139,1836.6112,1301.4027,1342.8973,951.0270,1181.7050,1731.9618,1161.3503,1196.8168,838.8435,1047.5155,1566.9460,1046.5932,1076.9325,744.4107,927.8175,1440.3913,923.0241,953.0020,638.1694,797.8264,1319.2593,809.7385,841.0665,535.5724,676.4017,1217.0116,11.00000000000,42,121
42,113,01213687,42113,Sullivan,Sullivan County,06,H1,G4020,,,,A,1165338335.00000000000,6617026.00000000000,+41.4397901,-076.5115249,42113,380.9278,379.8493,376.7749,379.8423,382.9927,375.1567,373.4724,366.5999,373.4715,380.2187,379.7401,377.2965,364.8614,377.3556,389.6627,472.1774,468.1317,445.6150,467.9978,490.7381,512.8793,507.7445,471.0527,507.2655,544.4119,462.8495,457.8289,416.7346,457.1275,498.6256,258.5544,255.5593,227.5603,255.0577,283.1631,253.4098,250.1856,222.8470,249.6336,276.8672,230.1114,227.1535,201.3901,226.6008,252.0648,177.7217,177.2695,149.3519,171.3028,208.4517,195.9727,197.7903,158.8768,186.7168,239.6517,185.4020,189.0763,143.1071,173.2627,236.3249,171.7200,177.1761,125.4552,155.9019,228.5306,156.0415,160.8066,112.7083,140.7461,210.5381,136.4798,140.4609,97.1174,121.0224,187.8345,113.3241,117.0577,78.4449,98.0194,161.9755,104.4408,108.5531,69.2063,87.3308,156.9757,11.00000000000,42,113
55,047,01581083,55047,Green Lake,Green Lake County,06,H1,G4020,,,,A,905037501.00000000000,79929990.00000000000,+43.7614097,-088.9872277,55047,1154.0230,1150.7603,1141.4488,1150.7388,1160.2792,1061.1110,1056.3373,1036.8938,1056.3353,1075.4259,993.4809,987.1004,954.5701,987.2537,1019.4475,1040.4511,1031.5700,981.9525,1031.2726,1081.3715,965.1901,955.6410,886.5924,954.7439,1024.6067,1016.4806,1005.0937,914.6473,1003.4847,1094.9447,1079.4233,1066.5370,949.3469,1064.3564,1182.1169,1064.4956,1051.4541,937.0606,1049.2377,1163.0621,1053.0180,1039.7124,922.0262,1037.2311,1153.5073,961.9055,959.8618,809.0822,927.6625,1128.3277,809.3864,817.2719,656.8400,771.6333,989.8464,788.2552,804.1955,608.9920,737.0450,1004.7975,777.3765,802.3348,568.3786,706.0924,1034.5808,751.6661,774.7697,543.1849,678.1772,1014.1950,731.2313,752.5636,520.3393,648.4165,1006.3800,697.4707,720.2401,482.4310,603.0133,996.8887,652.3925,677.7295,431.6738,545.0838,980.5314,11.00000000000,55,047
55,055,01581087,55055,Jefferson,Jefferson County,06,H1,G4020,,48020,,A,1441259924.00000000000,68019815.00000000000,+43.0138065,-088.7739855,55055,5741.6742,5725.5861,5679.3324,5725.4724,5772.8220,5733.4211,5707.8531,5602.9108,5707.8269,5810.8321,5531.9382,5497.0584,5316.0474,5497.8373,5676.8907,6147.3971,6095.7460,5802.5490,6093.9328,6389.6961,5683.1672,5626.8690,5220.3003,5621.5840,6032.9726,4522.4544,4471.3248,4068.6606,4464.0771,4871.4155,3483.1762,3440.9581,3062.3022,3433.7775,3814.4837,5177.2954,5112.9619,4555.7896,5101.9970,5656.6323,4999.1933,4936.6752,4378.5546,4925.0295,5476.3444,3983.8631,3974.4789,3349.2691,3840.9041,4672.9001,3914.2911,3952.2573,3176.2620,3731.5006,4786.9901,3715.2166,3790.1547,2869.9744,3473.6103,4735.8037,3380.9716,3489.3037,2471.6254,3070.6707,4499.5872,3077.2348,3171.5786,2223.3229,2776.0746,4151.9765,2847.3382,2930.1507,2025.7036,2524.5450,3918.7181,2702.8499,2790.8375,1869.0845,2336.4954,3863.1417,2607.8967,2708.9481,1725.1750,2178.6530,3919.5965,11.00000000000,55,055
55,015,01581067,55015,Calumet,Calumet County,06,H1,G4020,118,11540,,A,824227417.00000000000,204196417.00000000000,+44.0784104,-088.2121322,55015,3722.1320,3711.6829,3681.6882,3711.6101,3742.3211,3101.2890,3087.5215,3030.7889,3087.5030,3143.1795,3194.4305,3174.1728,3069.6250,3174.6358,3278.0683,3096.7370,3070.7150,2923.0177,3069.8019,3218.7927,2850.4916,2822.1038,2618.1798,2819.4472,3025.8436,3534.5164,3494.4910,3179.7538,3488.8142,3807.2274,3282.6154,3243.6832,2887.4988,3237.1100,3594.9447,3390.2347,3348.1409,2983.3192,3340.9678,3704.1195,3245.8461,3204.8872,2842.1786,3197.2502,3555.6032,2630.4244,2624.5399,2211.9823,2536.4183,3085.4503,2347.9738,2370.6659,1905.1264,2238.2250,2871.4459,2270.7804,2316.5065,1754.0246,2123.0113,2894.5649,2142.8057,2211.4002,1566.3659,1946.0608,2851.7607,2022.3502,2084.3009,1461.0723,1824.3627,2728.6628,1941.1915,1997.6108,1380.9691,1721.0761,2671.6087,1775.2157,1832.9588,1227.5211,1534.5378,2537.2852,1594.0776,1655.7861,1054.4082,1331.6296,2395.8508,11.00000000000,55,015
55,031,01581075,55031,Douglas,Douglas County,06,H1,G4020,,20260,,A,3377697851.00000000000,454647037.00000000000,+46.4633156,-091.8925795,55031,2714.9324,2707.3192,2685.4456,2707.2657,2729.6595,2637.0669,2625.3651,2577.1270,2625.3490,2672.6885,2653.0821,2636.4997,2549.7160,2636.8562,2722.6821,2979.2417,2954.5132,2812.4061,2953.6137,3096.8620,2770.8002,2743.6992,2545.4842,2741.1358,2941.5748,2165.7904,2141.6824,1949.0548,2138.2833,2333.0166,1927.2378,1904.4081,1695.3123,1900.5551,2110.6109,2046.5580,2021.4064,1801.4079,2017.1292,2236.0537,2165.4775,2139.1632,1898.1043,2134.2770,2372.2559,1814.1592,1810.3333,1525.9852,1749.6121,2128.0393,1716.1208,1733.1873,1393.2887,1636.5089,2098.8018,1641.9313,1675.5037,1269.1728,1535.7251,2093.0322,1501.8045,1550.4020,1098.6959,1364.5693,1998.7282,1361.0495,1403.2463,984.1769,1228.4439,1836.4457,1246.7816,1283.4873,887.7849,1106.0016,1715.9489,1171.6851,1210.2452,810.9867,1013.3939,1674.7008,1097.8479,1140.7388,726.8742,917.5800,1650.0568,11.00000000000,55,031
55,083,01581102,55083,Oconto,Oconto County,06,H1,G4020,,24580,,A,2584775696.00000000000,390589546.00000000000,+44.9965754,-088.2065162,55083,2678.3619,2670.8349,2649.2473,2670.7829,2692.8885,2275.0734,2264.9315,2223.2912,2264.9206,2305.7919,2179.0226,2165.1164,2093.7843,2165.4424,2236.0254,2188.8390,2170.1935,2065.8094,2169.5653,2274.9492,2085.6705,2065.1401,1915.9352,2063.2055,2214.1320,2352.8337,2326.5102,2117.1736,2322.7922,2534.4634,1991.6875,1968.0905,1751.9992,1964.1077,2181.1923,1870.8160,1847.8037,1646.6785,1843.8896,2044.0380,1867.6689,1844.6617,1636.4700,1840.3831,2045.9721,1613.2980,1609.7217,1356.7170,1555.6824,1892.3835,1445.4227,1459.7880,1173.4975,1378.3571,1767.7388,1374.5702,1402.6337,1062.4353,1285.6048,1752.2119,1289.7069,1331.3560,943.3830,1171.7465,1716.4432,1223.5248,1261.3471,884.5414,1104.1772,1650.8756,1153.1065,1186.9323,820.8689,1022.7490,1587.0138,1047.1523,1081.4849,724.5623,905.5232,1496.6958,953.5404,990.6873,631.1403,796.8376,1433.1571,11.00000000000,55,083
55,061,01581090,55061,Kewaunee,Kewaunee County,06,H1,G4020,,24580,,A,887118289.00000000000,1921198771.00000000000,+44.5009489,-087.1618133,55061,1338.9487,1335.2134,1324.4356,1335.1861,1346.2146,1244.2145,1238.7108,1215.9602,1238.7020,1261.0264,1183.8675,1176.3851,1137.6442,1176.5538,1214.8781,1193.5160,1183.3372,1126.4199,1182.9955,1240.4620,975.2187,965.6975,895.9335,964.7960,1035.3365,1107.8709,1095.5963,997.0926,1093.8685,1193.4292,1066.1301,1053.7153,938.2132,1051.6325,1167.5951,1034.4439,1021.9406,910.9280,1019.8216,1130.2377,951.3098,939.8747,834.0900,937.7541,1042.1642,828.4036,826.9274,697.3015,799.2640,971.7970,729.2313,736.6654,592.3691,695.6299,891.8736,691.2905,705.5786,534.6191,646.7682,881.2328,643.9534,664.9119,471.3124,585.2601,857.0381,605.8864,624.7632,438.2769,546.9731,817.5226,576.1444,593.1807,410.3804,511.1837,792.9551,528.6295,546.0783,365.9845,457.2779,755.5789,472.6723,491.1804,313.0259,395.1101,710.4253,11.00000000000,55,061
55,057,01581088,55057,Juneau,Juneau County,06,H1,G4020,,,,A,1986327042.00000000000,96096159.00000000000,+43.9328362,-090.1139837,55057,1777.1508,1772.0882,1757.7291,1772.0567,1786.7798,1649.1114,1641.5746,1611.2962,1641.5798,1671.3251,1558.1036,1547.9937,1496.9555,1548.2460,1598.7698,1712.1752,1697.2464,1615.6095,1696.7785,1779.3136,1534.8229,1519.0476,1409.2386,1517.5986,1628.9165,1767.0837,1746.2427,1588.4347,1743.2467,1903.1842,1637.3380,1616.7396,1438.1559,1613.1935,1792.9893,1532.4600,1512.1589,1346.1167,1508.6559,1674.2687,1540.6944,1520.0960,1346.8744,1516.2318,1687.5853,1428.3807,1423.7554,1198.5830,1375.5655,1675.1234,1194.3117,1204.4973,966.6776,1136.7867,1460.3584,1137.5155,1159.0907,876.3243,1061.8176,1449.8307,1070.4313,1103.4218,780.2889,970.5481,1424.4746,991.8649,1021.0562,714.5261,893.2446,1338.1705,932.7416,958.7393,661.6085,825.5656,1283.6176,856.2892,883.1330,590.3185,738.9312,1223.8086,773.8189,802.8909,510.2700,645.3334,1162.9719,11.00000000000,55,057
42,105,01213684,42105,Potter,Potter County,06,H1,G4020,,,,A,2800614301.00000000000,559776.00000000000,+41.7482219,-077.8947350,42105,1012.7372,1009.9097,1001.7566,1009.8892,1018.2326,907.6466,903.5768,886.9522,903.5742,919.8951,806.3605,801.2930,774.9113,801.4046,827.4988,938.3349,930.2892,885.5431,930.0235,975.2160,852.7860,844.3597,783.3525,843.5675,905.2901,956.6223,945.6740,860.4267,944.1157,1030.3984,770.8286,761.6739,678.0244,760.1275,844.1688,740.4537,731.2466,651.5548,729.6772,809.0078,731.9812,722.9491,641.3404,721.2692,801.8604,643.5923,642.2140,541.3218,620.6676,754.9395,491.3281,496.2655,398.9905,468.5993,600.8986,462.8557,472.3633,357.8526,432.9714,590.0251,430.9762,444.9531,315.3478,391.6320,573.5822,394.4687,406.7185,285.2755,356.0615,532.2531,359.7272,370.3327,256.1741,319.1278,495.0947,320.1744,330.7249,221.6340,276.9368,457.6293,284.2956,295.4201,188.2607,237.6356,427.2951,11.00000000000,42,105
55,063,01581091,55063,La Crosse,La Crosse County,06,H1,G4020,,29100,,A,1169862598.00000000000,73139930.00000000000,+43.9082222,-091.1117584,55063,6527.1433,6508.8735,6456.3022,6508.7432,6562.5546,6045.7711,6019.0172,5908.4641,6018.9751,6127.4586,6547.0375,6505.9010,6291.7025,6506.8060,6718.6692,7839.5206,7773.2830,7399.3974,7770.9958,8148.2784,6947.4755,6878.5166,6381.4987,6872.0508,7375.0108,7422.0353,7338.2390,6677.4697,7326.3664,7994.7669,5843.7432,5773.1194,5138.0071,5761.1193,6399.6033,8154.3481,8054.5984,7178.4456,8037.6513,8909.4055,8844.1263,8735.3040,7749.5509,8715.0691,9688.4756,7820.1364,7804.3082,6579.1246,7542.7191,9173.3125,8567.7207,8653.2628,6956.5750,8170.6816,10478.3075,8663.6143,8840.8967,6697.0046,8103.3940,11043.8553,8509.9415,8785.1982,6225.5303,7732.1513,11325.7376,8472.1805,8734.5484,6125.7360,7646.3687,11431.3722,8545.2070,8796.3741,6083.9983,7579.8109,11760.7594,8465.7937,8743.8975,5858.7408,7321.4565,12100.2043,8453.8215,8783.6872,5596.4619,7065.1920,12706.0013,11.00000000000,55,063
55,085,01581103,55085,Oneida,Oneida County,06,H1,G4020,,,,A,2882578692.00000000000,318622517.00000000000,+45.7137913,-089.5366933,55085,2172.8695,2166.8355,2149.3592,2166.7900,2184.6646,1862.0664,1853.7850,1819.7139,1853.7749,1887.2139,1663.4135,1652.9845,1598.5673,1653.2118,1707.0328,1968.9981,1952.5167,1858.6035,1951.9317,2046.6458,1855.9529,1837.8200,1705.0508,1836.1035,1970.3553,2074.4000,2051.6431,1867.3267,2048.4509,2234.6670,1718.5956,1698.7462,1512.6850,1695.4257,1882.1753,1593.4720,1574.3210,1403.4129,1571.0792,1741.0405,1692.8031,1672.3883,1484.0894,1668.6010,1854.4654,1526.3942,1523.2682,1284.0982,1472.2006,1790.5087,1409.1341,1423.5738,1144.7979,1344.2974,1723.4288,1368.2490,1396.6189,1058.3119,1280.2409,1744.2066,1307.5280,1350.1817,957.1534,1188.4759,1740.1988,1244.7130,1283.5966,900.5608,1123.8155,1679.5007,1188.4880,1223.7357,846.7282,1054.6177,1635.7400,1093.0170,1129.1972,756.9063,945.6157,1562.2743,1008.0501,1047.6235,667.7601,842.7613,1515.1031,11.00000000000,55,085
55,095,01581108,55095,Polk,Polk County,06,H1,G4020,,,,A,2367150768.00000000000,109933269.00000000000,+45.4680297,-092.4531541,55095,2909.6144,2901.4152,2877.9524,2901.3598,2925.3920,2572.3925,2560.9298,2513.8503,2560.9175,2607.1269,2446.8322,2431.3732,2351.3042,2431.7212,2510.9284,2551.3841,2529.6659,2407.9917,2528.9325,2651.7670,2052.5071,2032.1453,1885.3104,2030.2354,2178.8219,2478.3699,2450.5446,2229.9857,2446.6100,2669.6622,2104.3442,2079.2735,1850.8506,2075.0340,2304.5522,2036.3780,2011.1034,1791.9781,2006.7967,2224.9166,2030.9630,2005.7267,1779.1337,2001.0291,2224.8292,1641.8315,1638.0598,1380.4747,1583.0335,1925.8209,1450.6199,1464.9033,1177.4830,1383.1458,1774.0731,1383.4761,1411.6199,1069.1411,1293.8064,1763.5522,1281.0816,1322.3959,936.9776,1163.8396,1704.9590,1205.4631,1242.7132,871.4598,1087.8596,1626.5040,1159.1856,1193.2056,825.2240,1028.1608,1595.3818,1064.5306,1099.4886,736.6854,920.6207,1521.5385,983.8071,1022.2120,651.3143,822.2272,1478.6524,11.00000000000,55,095
55,059,01581089,55059,Kenosha,Kenosha County,06,H1,G4020,176,16980,29404,A,704452046.00000000000,1248438057.00000000000,+42.5797028,-087.4248983,55059,11495.8703,11463.8431,11371.3291,11463.6066,11558.2596,10810.2050,10762.4598,10564.8317,10762.3782,10956.2936,10469.9532,10404.5183,10062.0418,10405.9245,10744.6213,11280.8445,11186.3164,10648.2708,11182.9715,11725.6407,11489.8192,11375.9396,10553.9671,11365.2523,12196.9915,10721.2575,10600.9395,9646.8451,10583.9277,11548.7898,10142.1508,10021.7476,8921.1699,10001.4120,11107.1273,10722.5007,10590.3088,9437.3037,10567.8144,11715.2981,10485.3807,10356.1561,9187.2820,10332.1234,11486.3953,9008.0969,8988.4418,7576.0026,8686.7789,10566.4901,9668.4872,9764.1584,7848.8351,9219.3575,11824.4034,9454.6513,9647.2848,7307.0154,8842.2270,12052.1213,8948.3708,9237.0211,6544.9192,8129.5211,11909.1659,8727.2529,8996.7665,6308.8627,7875.6198,11775.4697,8546.8740,8797.3861,6083.9527,7580.3966,11762.9974,8272.2416,8543.3475,5723.6612,7153.2650,11823.5145,7930.5898,8239.4969,5249.1133,6627.2408,11919.5565,11.00000000000,55,059
55,093,01581107,55093,Pierce,Pierce County,06,H1,G4020,378,33460,,A,1485999482.00000000000,46945602.00000000000,+44.7253365,-092.4262793,55093,2537.8904,2530.8130,2510.3858,2530.7611,2551.6628,2433.0642,2422.1857,2377.6371,2422.1765,2465.9067,2231.1026,2217.0724,2144.0753,2217.3821,2289.5847,2539.3903,2517.7893,2396.6863,2517.0583,2639.3111,2107.0803,2086.3039,1935.5668,2084.3480,2236.8372,1554.0345,1536.6946,1398.4545,1534.2478,1674.0135,1185.5630,1170.9986,1041.9638,1168.5104,1298.3073,1852.9090,1830.3279,1631.3158,1826.4944,2024.4853,1899.0412,1875.5401,1663.7532,1871.1674,2080.3265,1578.8928,1575.4690,1327.9209,1522.6001,1852.0450,1576.3921,1592.0450,1279.8032,1503.2321,1927.9108,1586.4982,1618.8752,1226.2157,1483.7994,2022.3622,1450.9683,1497.8414,1061.3690,1318.2790,1931.0640,1344.1333,1385.7261,971.8077,1213.0748,1813.6137,1294.8886,1332.9304,921.8995,1148.5748,1782.1524,1266.5700,1308.1642,876.5051,1095.3491,1810.3144,1243.1036,1291.6012,822.9252,1038.9010,1868.3706,11.00000000000,55,093
55,037,01581078,55037,Florence,Florence County,06,H1,G4020,,27020,,A,1264419915.00000000000,24160218.00000000000,+45.8496459,-088.4003217,55037,314.7500,313.8524,311.3088,313.8469,316.4553,207.9279,206.9977,203.1903,206.9969,210.7344,222.5609,221.1121,213.8209,221.1487,228.3670,244.4358,242.3450,230.6885,242.2755,254.0466,226.7525,224.3827,208.1591,224.1671,240.6279,262.3419,259.3271,235.9424,258.8975,282.5705,205.2820,202.6810,180.2766,202.2322,224.7947,186.2122,183.7736,163.6226,183.3537,203.4453,195.7380,193.2124,171.2887,192.7403,214.4109,139.8816,139.3805,117.2908,134.6499,164.0334,149.6334,150.9702,121.2196,142.5021,182.9759,141.1215,143.8523,108.8126,131.7985,179.8742,124.5570,128.4335,90.8601,112.9817,165.7574,110.6685,113.9497,79.7658,99.6956,149.3101,101.5376,104.3831,72.0493,89.8901,139.7350,84.8929,87.5526,58.5215,73.2559,121.3289,74.8424,77.6460,49.3378,62.4054,112.4801,11.00000000000,55,037
55,023,01581071,55023,Crawford,Crawford County,06,H1,G4020,,,,A,1478001974.00000000000,73945297.00000000000,+43.2499100,-090.9512302,55023,984.8089,982.0222,974.0748,982.0039,990.1475,834.8242,831.0498,815.7430,831.0495,846.0810,884.2062,878.6148,849.6794,878.7411,907.3657,1007.5775,999.0936,951.0385,998.7977,1047.2795,853.6484,845.2896,784.2219,844.4994,906.2557,1006.0645,994.8036,905.2892,993.2128,1083.7273,928.6263,917.4601,816.5790,915.5659,1016.9642,940.3685,928.5615,827.2519,926.5450,1027.4249,976.8988,964.6800,855.6150,962.4039,1070.1393,815.8342,813.8503,685.7673,786.4816,956.9233,730.1660,737.1524,592.3275,695.9486,892.9424,730.5560,745.2004,564.1886,682.9318,931.2320,699.3614,721.6828,511.1117,635.0655,930.7417,666.3927,686.7395,481.3284,601.0680,899.1266,646.9950,665.7342,460.1597,573.5482,890.4363,610.1936,629.9809,421.8276,527.3895,872.1349,573.2895,595.4300,379.1113,478.8394,861.6338,11.00000000000,55,023
42,081,01213677,42081,Lycoming,Lycoming County,06,H1,G4020,558,48700,,A,3182044798.00000000000,39473357.00000000000,+41.3436239,-077.0552534,42081,6927.7113,6908.3136,6852.5126,6908.1758,6965.2948,6368.0649,6339.7274,6223.2000,6339.6939,6454.0621,5931.8144,5894.3085,5700.1926,5895.1555,6087.1858,7243.6426,7182.3035,6836.8432,7180.1997,7528.8454,8635.3678,8547.2663,7929.4595,8539.1390,9165.1983,6647.4830,6572.4162,5980.5948,6561.7797,7160.4406,5695.4175,5628.7282,5011.4113,5617.5179,6237.4151,6682.0779,6600.4231,5882.5358,6586.5532,7300.8145,7000.3809,6913.5198,6132.6059,6897.3536,7668.6199,6822.6531,6808.2158,5738.8060,6579.8452,8003.0750,5668.1966,5724.3109,4601.4637,5404.9259,6932.1167,5595.8862,5709.9301,4324.8274,5233.4520,7133.2439,5534.3307,5712.8771,4047.9003,5027.9236,7365.5059,5325.6075,5490.1033,3849.8939,4805.9576,7185.7153,5094.3593,5243.7169,3626.4068,4518.3419,7011.3310,4923.7195,5085.1257,3406.8526,4257.7455,7037.4754,4704.9603,4888.2662,3114.2016,3931.7767,7071.4868,11.00000000000,42,081
42,015,01213660,42015,Bradford,Bradford County,06,H1,G4020,,42380,,A,2971749132.00000000000,35276067.00000000000,+41.7914949,-076.5021237,42015,3866.6567,3855.8344,3824.6917,3855.7573,3887.6344,3351.1992,3336.3541,3275.0660,3336.3319,3396.4745,3037.7825,3018.7028,2919.3175,3019.1219,3117.4227,3437.9751,3409.0528,3245.0818,3408.0411,3573.4594,3467.0950,3432.5333,3184.4970,3429.3008,3680.3562,3699.4551,3657.9956,3328.8091,3652.1364,3985.0183,3281.0685,3241.8272,2885.5547,3235.1827,3593.2129,3021.9577,2984.3314,2659.0464,2977.9160,3301.7395,3142.1886,3103.0738,2752.4379,3095.7914,3442.1187,2898.4408,2891.9659,2437.3796,2794.8674,3399.8320,2187.0315,2208.4015,1774.9477,2085.0978,2674.6602,2097.2717,2139.7365,1620.4082,1961.0864,2673.4214,2000.3644,2064.6322,1462.6419,1816.9902,2662.2127,1852.1932,1909.1524,1338.5217,1671.1451,2499.0977,1723.8126,1774.1174,1226.6814,1528.6044,2372.4523,1552.4531,1603.1364,1073.8151,1342.2099,2218.9075,1395.9176,1450.1230,923.6339,1166.3007,2098.0327,11.00000000000,42,015
42,007,01214112,42007,Beaver,Beaver County,06,H1,G4020,430,38300,,A,1125900054.00000000000,24167050.00000000000,+40.6841401,-080.3507209,42007,10577.9931,10548.5024,10463.3648,10548.2860,10635.3981,9593.5365,9551.1059,9375.6897,9551.0369,9723.1662,9526.8085,9466.9960,9155.3176,9468.3069,9776.5810,11254.7875,11159.5544,10622.7934,11156.2810,11697.9666,11247.9727,11136.7107,10332.0432,11126.2567,11940.4049,11378.8957,11251.0826,10238.4019,11233.0058,12257.1550,9515.0522,9401.4892,8368.4882,9382.2738,10420.2937,9350.5034,9235.0480,8229.4169,9215.3955,10216.2572,9646.8658,9526.9674,8450.6480,9504.6485,10567.7068,9124.9468,9105.3305,7674.8042,8799.8238,10703.6261,8097.7421,8177.6859,6573.3884,7721.3471,9903.3773,7818.8772,7978.0098,6042.5068,7312.1926,9966.9310,7472.5515,7713.4289,5465.2055,6788.5416,9945.0197,7049.0414,7266.5809,5095.4411,6360.9852,9511.0865,6613.6828,6807.4072,4707.6229,5865.6509,9102.3510,6106.9738,6307.0143,4225.3048,5280.7614,8728.6900,5682.9073,5904.1809,3761.2649,4748.8505,8541.3188,11.00000000000,42,007
42,013,01213659,42013,Blair,Blair County,06,H1,G4020,,11020,,A,1361815301.00000000000,3285521.00000000000,+40.4979262,-078.3106398,42013,7793.5125,7771.7652,7709.0289,7771.6067,7835.8040,7383.6986,7350.8441,7215.7331,7350.8051,7483.4121,7077.7320,7033.2866,6801.7302,7034.2619,7263.2903,7514.3376,7451.0345,7092.6492,7448.8295,7810.4079,8156.4837,8075.3035,7491.7899,8067.7038,8658.2735,7822.4068,7734.2015,7037.8487,7721.7099,8426.0658,5905.1849,5834.6550,5193.5193,5822.7180,6466.9855,6494.4419,6413.3120,5714.0084,6399.4700,7095.7011,6663.8641,6580.1251,5835.7888,6564.5183,7299.8519,6038.9488,6024.6240,5076.8179,5822.1206,7083.4032,5072.1957,5121.2914,4115.6688,4835.2056,6203.0354,4820.5341,4917.6807,3723.6716,4506.9384,6144.7465,4505.8311,4650.1530,3293.8525,4092.2260,5996.6087,4179.7246,4307.8509,3019.8478,3770.6437,5639.5155,3826.9671,3938.2694,2722.6452,3393.1143,5266.9558,3458.3697,3570.9423,2391.5268,2989.5968,4942.9938,3196.1960,3320.0243,2114.3133,2670.0989,4803.7930,11.00000000000,42,013
42,077,01209182,42077,Lehigh,Lehigh County,06,H1,G4020,,10900,,A,893975782.00000000000,7960045.00000000000,+40.6142409,-075.5906269,42077,23032.0768,22967.9233,22782.5786,22967.4498,23157.0758,22065.3135,21967.5648,21564.0242,21967.4181,22363.4194,22832.7372,22689.2366,21942.2145,22692.3965,23431.2800,26316.5783,26094.1730,24839.0743,26086.4990,27353.0188,28105.0410,27826.0628,25815.4445,27799.9048,29834.5656,29260.6402,28929.4670,26324.0016,28882.5056,31518.3412,28403.8759,28062.5737,24977.1126,28004.6922,31105.8945,29885.5411,29512.1969,26294.1946,29448.4972,32652.3613,31508.9870,31112.6561,27592.8335,31038.7830,34516.1039,30598.3843,30526.8060,25725.2319,29500.9922,35890.7102,32930.0884,33249.0397,26720.4193,31391.7465,40271.8420,33548.6523,34225.1825,25915.7685,31366.7230,42764.6024,33645.1467,34723.4652,24596.4086,30557.5782,44776.8776,34362.7048,35417.0408,24828.7056,31000.7710,46364.1472,34949.6010,35967.3634,24866.7050,30989.1068,48100.3375,35035.3789,36177.3833,24230.4029,30288.4006,50075.6307,34885.3108,36238.5295,23079.9477,29145.2132,52431.7485,11.00000000000,42,077
39,069,01074047,39069,Henry,Henry County,06,H1,G4020,,,,A,1077461447.00000000000,9687602.00000000000,+41.3350722,-084.0658816,39069,1669.4680,1664.8014,1651.3583,1664.7678,1678.5262,1640.5825,1633.2949,1603.2810,1633.2854,1662.7413,1548.2621,1538.5045,1487.8445,1538.7219,1588.8334,1655.9431,1642.1010,1563.1183,1641.6077,1721.2575,1556.4631,1541.2088,1429.8635,1539.7677,1652.3735,1682.0325,1663.5443,1514.0715,1660.9492,1811.9750,1490.3295,1472.9498,1311.4711,1470.0325,1632.1631,1403.9286,1387.0485,1236.4635,1384.1908,1533.9434,1419.0789,1401.9273,1244.0415,1398.7446,1554.5960,1226.7357,1224.6540,1032.7819,1183.7136,1439.1042,1174.5019,1186.5654,954.2292,1120.4964,1436.4686,1148.1356,1171.9596,888.0904,1074.3082,1463.6143,1102.4489,1138.4237,807.0478,1002.0835,1467.2585,1067.0656,1100.4015,772.0346,963.4251,1439.7998,1040.1088,1070.9499,741.0063,922.9443,1431.5222,985.7903,1018.4111,682.6347,852.8366,1409.0120,936.2317,972.9672,620.1528,782.6962,1407.1587,11.00000000000,39,069
42,025,01213664,42025,Carbon,Carbon County,06,H1,G4020,,10900,,A,987977465.00000000000,15350043.00000000000,+40.9178325,-075.7094276,42025,4495.0481,4482.4765,4446.2777,4482.3867,4519.4364,3872.8242,3855.6426,3784.8017,3855.6187,3925.1395,3463.5047,3441.5191,3328.1610,3442.0237,3554.1755,3767.4261,3735.5638,3555.8877,3734.4667,3915.7859,3795.9073,3758.0926,3486.5335,3754.5546,4029.4100,3744.8533,3702.4732,3369.0212,3696.4638,4033.8010,3448.3615,3407.0432,3032.5459,3400.0429,3776.4125,3287.1961,3246.4371,2892.7526,3239.4931,3591.5444,3324.4765,3283.2795,2912.4727,3275.6133,3641.8291,2803.8795,2797.6010,2357.8336,2703.6668,3288.9092,2728.9366,2755.6952,2214.9101,2601.8629,3337.4055,2623.8215,2677.0278,2027.3747,2453.5457,3344.6316,2494.1288,2574.3263,1823.7894,2265.5739,3319.3519,2392.5837,2466.2153,1729.1384,2158.7824,3228.2320,2292.5940,2359.5390,1631.5050,2033.0288,3155.2594,2166.3153,2237.0724,1498.4751,1872.9801,3096.2978,2031.9946,2110.9241,1344.5490,1697.7780,3054.0437,11.00000000000,42,025
42,087,01213679,42087,Mifflin,Mifflin County,06,H1,G4020,,30380,,A,1064565502.00000000000,9544860.00000000000,+40.6118896,-077.6206614,42087,3084.9539,3076.3540,3051.5251,3076.2910,3101.6955,2798.8052,2786.5025,2735.3659,2786.4772,2836.6449,2463.0513,2447.7342,2367.1816,2448.0562,2527.7098,2722.3285,2699.6044,2569.7576,2698.7912,2829.7240,2789.0761,2761.6162,2562.0910,2759.0289,2960.8584,2879.1950,2847.1544,2591.0804,2842.6372,3101.5076,2671.3663,2639.7692,2349.9761,2634.4392,2925.5472,2578.0379,2546.1911,2268.9145,2540.7696,2816.7349,2624.2591,2591.8887,2299.3198,2585.8683,2874.7874,2409.2614,2404.3965,2026.9459,2323.8079,2826.1567,1831.4133,1849.5927,1486.8336,1746.4106,2239.7981,1757.2143,1793.0730,1358.1597,1643.4620,2239.9794,1686.0792,1740.5217,1233.3062,1531.8569,2243.9660,1576.9079,1625.6556,1140.0204,1423.0916,2127.6878,1472.4215,1515.6252,1048.2004,1305.9794,2026.4861,1343.9241,1388.0091,929.9488,1162.1840,1920.8737,1213.2438,1260.5355,803.0851,1013.8959,1823.4892,11.00000000000,42,087
42,119,01213689,42119,Union,Union County,06,H1,G4020,526,30260,,A,818389897.00000000000,4648544.00000000000,+40.9621790,-077.0554751,42119,2504.4741,2497.3634,2477.1401,2497.3180,2518.0472,2250.4350,2240.4715,2199.3174,2240.4562,2280.8405,2083.0209,2069.9847,2001.8448,2070.2666,2137.6568,2472.1917,2451.5352,2333.6201,2450.7982,2569.7064,2676.3396,2649.7052,2458.2404,2647.2118,2840.9908,1316.1469,1299.4188,1181.2208,1296.9582,1417.1656,1935.9234,1909.0675,1695.9617,1904.3082,2119.6716,3573.4809,3525.5168,3137.7731,3517.2204,3904.1223,3419.4835,3372.8391,2987.5368,3364.0710,3745.3869,3269.2391,3257.3707,2740.9767,3146.7722,3833.6659,2929.8039,2953.5502,2369.2146,2787.1330,3582.2501,2840.3723,2892.9611,2185.9301,2649.7382,3620.0669,2719.4079,2801.9310,1980.1010,2464.0404,3618.7336,2577.9117,2652.4813,1854.8477,2319.9380,3477.8627,2432.3946,2498.8546,1722.9966,2151.2064,3347.2983,2467.0334,2543.3814,1698.9983,2127.6740,3525.8152,2443.4322,2534.5778,1610.0781,2036.9209,3672.1925,11.00000000000,42,119
42,123,01213691,42123,Warren,Warren County,06,H1,G4020,,47620,,A,2289898600.00000000000,37368011.00000000000,+41.8436691,-079.3131731,42123,2676.9274,2669.3808,2647.7927,2669.3299,2691.4428,2371.1610,2360.6390,2317.2649,2360.6244,2403.1906,2080.4160,2067.2969,1999.2231,2067.5899,2134.9277,2325.1348,2305.3772,2194.4910,2304.7064,2416.6382,2158.5655,2137.1360,1982.7134,2135.1268,2291.3970,2373.0779,2346.1459,2134.7989,2342.3234,2556.1593,2056.4973,2031.6783,1808.2003,2027.4630,2252.1164,1850.8158,1827.4470,1627.9353,1823.4515,2022.1508,1796.2268,1773.6548,1573.0208,1769.4480,1967.6555,1670.2219,1666.2193,1404.0473,1610.2023,1959.0819,1406.8832,1420.4364,1141.4569,1341.0681,1720.5354,1312.9056,1339.3038,1014.0621,1227.4198,1673.5567,1228.6450,1267.9445,898.0715,1115.7958,1635.1438,1141.2092,1176.1472,824.4452,1029.4589,1539.7785,1060.4082,1091.2129,754.3506,940.1471,1459.4096,961.9041,993.1885,665.1280,831.4876,1374.8327,871.2324,904.9655,576.2917,727.8014,1309.4365,11.00000000000,42,123
42,075,01214034,42075,Lebanon,Lebanon County,06,H1,G4020,276,30140,,A,937142582.00000000000,1723769.00000000000,+40.3673441,-076.4580089,42075,8407.2609,8383.7667,8316.0721,8383.5973,8452.8780,8302.0510,8265.2490,8113.4046,8265.1956,8414.2062,8117.5472,8066.6802,7801.1265,8067.7865,8330.4271,9285.2580,9207.2926,8764.4343,9204.5504,9651.2677,9552.5296,9458.3251,8774.9524,9449.4576,10140.7785,9344.6232,9239.5852,8407.9055,9224.7252,10065.8492,9572.4485,9458.0730,8418.7411,9438.7126,10483.1359,10419.1404,10289.6243,9168.2917,10267.5487,11383.7878,11396.8145,11253.8079,9981.0033,11227.1595,12484.5325,11037.9163,11011.6661,9279.2249,10641.5172,12946.9406,10246.5785,10345.3790,8313.5887,9767.3477,12530.9786,10436.4457,10646.4569,8061.1971,9757.1205,13303.3257,10463.9701,10798.9009,7648.9762,9503.1585,13926.0087,10506.0107,10827.9140,7590.3241,9477.5676,14175.2764,10569.7961,10877.1524,7519.6504,9371.4604,14546.9333,10565.3436,10909.3112,7306.2329,9133.3111,15100.8846,10419.4692,10823.2598,6892.7814,8704.5556,15660.1765,11.00000000000,42,075
42,125,01209190,42125,Washington,Washington County,06,H1,G4020,430,38300,,A,2219591093.00000000000,10146905.00000000000,+40.2000054,-080.2521319,42125,13955.2386,13916.3313,13804.0110,13916.0458,14030.9710,13051.0480,12992.9620,12754.1402,12992.8948,13227.2926,12640.8603,12561.0256,12147.3777,12562.8200,12972.0125,14289.4729,14167.8899,13486.4290,14163.7787,14851.7190,15706.5707,15549.1256,14425.4624,15534.4492,16672.1062,13628.0967,13473.6735,12260.0834,13451.7670,14679.5650,12555.2953,12404.1884,11040.1404,12378.5484,13749.6346,13387.2959,13220.5594,11779.4979,13192.1282,14626.7287,13558.6134,13388.9991,11875.2361,13357.4028,14852.7171,12910.6824,12880.8678,10855.2012,12448.1273,15143.8206,11920.1733,12036.6676,9674.1904,11364.6196,14577.9425,11567.0016,11801.2332,8937.0219,10815.9375,14744.6217,11122.1840,11479.5461,8132.4525,10102.6446,14802.1158,10713.3777,11042.8915,7742.3115,9666.2337,14455.1801,10186.5565,10483.8926,7248.9708,9033.0967,14019.5805,9724.0367,10041.5976,6726.1856,8407.2679,13898.4868,9233.2817,9591.9392,6109.5737,7714.6253,13877.4217,11.00000000000,42,125
42,069,01213675,42069,Lackawanna,Lackawanna County,06,H1,G4020,,42540,,A,1189006298.00000000000,15105278.00000000000,+41.4402497,-075.6095869,42069,13540.6692,13502.9236,13393.9443,13502.6470,13614.1524,12381.0696,12326.4577,12100.1479,12326.3590,12548.4072,11706.9999,11634.0473,11251.1481,11635.5955,12014.2405,13418.6212,13305.8617,12665.8680,13301.9044,13947.5048,14610.6714,14466.5537,13421.3292,14452.9894,15510.3817,12017.9296,11883.1382,10813.6947,11864.0840,12945.5696,10926.9542,10797.2149,9611.4592,10775.3016,11966.5986,12408.2873,12255.2135,10920.8444,12229.1618,13557.1663,13305.7207,13140.4626,11656.0234,13109.7025,14575.8315,12454.3349,12426.9943,10474.0634,12009.8847,14608.8836,12119.5260,12238.9301,9837.6664,11555.8865,14821.8999,12052.7838,12297.8200,9314.0466,11271.3957,15363.9718,11801.4906,12181.6329,8630.7887,10720.8767,15706.2643,11650.5119,12009.7708,8421.1483,10512.9434,15719.7043,11452.1371,11787.2947,8151.1264,10156.4879,15761.4477,11337.8197,11708.9104,7843.9160,9803.5604,16205.1118,11136.6593,11570.0060,7370.3665,9305.8692,16738.2031,11.00000000000,42,069
42,043,01213667,42043,Dauphin,Dauphin County,06,H1,G4020,276,25420,,A,1359864507.00000000000,85809611.00000000000,+40.4125646,-076.7926343,42043,17412.0806,17363.4985,17223.3365,17363.1441,17506.5676,16871.6638,16797.0349,16488.5354,16796.9150,17099.6347,16471.8411,16368.9203,15830.1250,16371.1306,16903.9766,19481.8725,19317.8961,18388.7312,19312.1694,20249.5645,20070.5874,19872.0040,18436.1760,19853.3479,21306.1119,20928.7686,20694.4954,18832.3525,20661.4009,22544.3527,18098.9573,17882.2852,15916.8584,17845.5859,19820.7772,17863.6567,17641.6317,15719.1296,17603.7888,19517.5502,19395.2155,19153.0988,16988.1708,19108.0071,21246.4569,19346.0826,19301.8835,16266.8920,18653.5527,22692.4564,17940.2188,18115.4847,14559.8398,17104.0165,21940.2305,17707.7592,18066.2723,13681.4398,16557.8792,22572.3243,17388.4502,17947.0875,12714.1882,15794.4199,23141.6583,17001.4548,17524.2908,12286.4196,15339.6002,22939.4518,16581.3041,17065.2062,11799.4498,14703.6282,22820.5541,15887.1156,16405.8351,10989.0347,13735.6417,22707.3178,15345.7523,15941.7415,10153.9569,12821.6157,23064.3250,11.00000000000,42,043
42,097,01209186,42097,Northumberland,Northumberland County,06,H1,G4020,526,44980,,A,1187166553.00000000000,49616087.00000000000,+40.8515244,-076.7098770,42097,5957.1413,5940.3507,5892.3106,5940.2372,5989.4439,5605.0168,5580.0131,5477.4167,5579.9879,5680.6921,5234.1847,5200.9957,5029.6912,5201.7539,5371.2303,5897.7448,5847.8362,5566.5624,5846.1209,6129.9771,6115.8528,6055.1049,5617.5800,6049.4114,6492.1830,6050.6646,5983.2438,5445.0536,5973.7344,6517.8322,5446.0550,5380.5868,4788.9698,5369.4827,5964.1270,5599.8911,5529.4571,4926.0496,5517.4238,6118.3045,5808.8919,5735.4816,5086.2649,5721.7916,6363.2322,5219.5597,5206.5787,4386.8952,5031.4102,6122.1526,4726.2086,4771.0573,3833.3556,4504.2588,5779.7648,4626.1389,4718.4601,3571.9200,4324.0469,5896.8410,4467.0285,4609.2151,3263.9589,4055.8658,5944.8892,4292.3285,4423.0310,3099.6920,3871.1129,5791.3684,4104.2154,4222.7319,2918.4031,3637.8541,5648.4574,3856.9860,3981.7344,2665.7623,3333.1792,5512.6740,3638.1130,3778.3366,2405.3515,3038.3852,5467.9371,11.00000000000,42,097
42,079,01209183,42079,Luzerne,Luzerne County,06,H1,G4020,,42540,,A,2305950580.00000000000,41263613.00000000000,+41.1727868,-075.9760345,42079,21126.2160,21067.1488,20897.0263,21066.7245,21240.8409,19478.3074,19392.0600,19035.8526,19391.9281,19741.4740,17752.6772,17641.3766,17060.6121,17643.8021,18218.2034,20285.1977,20113.8508,19146.3990,20107.9291,21084.1561,22465.9370,22241.5125,20634.2901,22220.5489,23847.5061,21544.9258,21301.0459,19382.5955,21266.4616,23207.2852,19581.9762,19346.0607,17218.4225,19306.0162,21444.7097,21124.3678,20859.6502,18584.2986,20814.4573,23080.0256,22103.0063,21824.4308,19354.8289,21772.4939,24212.3788,21215.5005,21164.1538,17833.5894,20452.4958,24884.5373,21948.4714,22159.3361,17806.6038,20920.9817,26841.5977,22067.8098,22511.1106,17044.0154,20630.4154,28129.7197,22047.7799,22752.7656,16115.3032,20022.4291,29342.2970,22343.3117,23027.2975,16141.4154,20155.3256,30146.7484,22557.3669,23212.7854,16047.0329,19999.2968,31045.0704,22517.7282,23250.3688,15570.8445,19465.0967,32184.2153,22421.3448,23289.9016,14831.7493,18730.6462,33698.6470,11.00000000000,42,079
42,101,01209187,42101,Philadelphia,Philadelphia County,06,H6,G4020,428,37980,37964,C,347321129.00000000000,22289408.00000000000,+40.0093755,-075.1333459,42101,90692.7698,90442.2622,89713.5161,90440.3015,91185.2778,90116.6372,89722.5166,88077.0410,89721.5674,91335.5825,97575.3228,96972.9590,93782.6768,96985.2065,100139.2974,120332.5977,119338.9307,113598.9409,119302.2480,125086.5942,143586.7007,142193.1260,131921.5186,142060.6855,152443.6191,116303.6016,115025.8906,104690.9932,114846.5728,125288.6240,92710.2861,91621.5410,81570.3501,91438.3428,101532.5835,103646.8589,102384.3213,91252.6318,102170.0049,113244.4238,112476.3989,111102.9502,98576.1030,110847.7861,123215.8047,114185.4033,113952.3887,96061.4028,110132.3594,133943.2896,119822.3130,121020.9126,97293.8931,114272.4341,146542.8535,118803.3584,121236.7402,91839.4829,111124.0308,151443.6729,116523.9648,120295.0352,85247.7783,105876.5171,155079.9541,115192.8120,118761.9434,83292.2964,103966.8984,155427.9043,111258.8984,114531.1680,79217.4893,98692.0269,153125.6729,108556.4048,112124.6196,75130.0376,93885.2705,155160.4053,107516.9282,111714.2549,71180.2598,89858.6475,161596.9004,11.00000000000,42,101
42,091,01213680,42091,Montgomery,Montgomery County,06,H1,G4020,428,37980,37964,A,1251067046.00000000000,10761519.00000000000,+40.2099992,-075.3702011,42091,55249.7793,55095.8964,54651.2925,55094.7605,55549.6321,51364.2488,51136.5471,50197.0917,51136.2168,52058.1427,50533.7837,50216.8728,48563.6835,50223.7870,51858.8741,58984.4194,58486.6930,55673.5588,58469.4423,61307.9231,58891.5513,58310.8638,54097.8580,58256.1976,62518.1722,60139.8879,59463.5319,54110.8357,59367.8308,64781.4309,58050.7123,57359.5095,51058.5210,57242.6495,63573.7218,59607.2668,58874.0771,52465.9196,58749.3727,65126.4075,61316.5103,60558.2927,53720.6230,60417.2285,67169.9475,56710.5486,56588.5217,47697.8661,54689.8044,66521.8396,54791.6794,55334.8025,44481.3113,52247.6396,67009.4924,54303.0171,55410.4255,41969.7926,50786.8206,69221.7703,52938.7781,54647.4331,38721.6002,48095.6875,70454.9990,51789.2422,53389.6377,37439.8510,46736.8193,69878.0530,50620.5830,52105.4082,36035.3916,44897.8420,69668.8091,48946.4963,50551.7283,33868.6233,42326.9541,69959.3027,46855.4197,48681.5610,31014.6401,39156.2893,70423.0532,11.00000000000,42,091
42,041,01209176,42041,Cumberland,Cumberland County,06,H1,G4020,276,25420,,A,1412732365.00000000000,12542956.00000000000,+40.1647822,-077.2634399,42041,15991.7499,15946.9724,15818.1629,15946.6539,16078.5064,15785.1788,15714.8920,15426.0212,15714.8124,15998.3365,16070.3482,15969.0790,15443.2509,15971.3342,16491.4686,19581.2687,19416.0784,18482.1890,19410.3475,20352.6367,21194.1107,20984.4929,19468.2904,20964.7957,22498.8521,17264.1718,17069.8862,15533.2354,17042.3895,18596.5686,16674.5524,16471.4072,14657.9053,16436.7972,18260.4575,20639.1978,20381.5207,18159.2835,20337.5618,22549.9951,22132.3986,21853.4813,19380.6219,21801.4824,24244.5801,21979.4903,21927.2673,18477.5443,21190.2115,25780.8882,21070.0616,21273.5275,17095.7800,20084.9976,25767.5270,21102.2553,21527.1390,16299.9858,19728.9847,26899.0511,20911.8673,21581.4159,15286.5486,18991.9724,27830.6444,20660.0588,21293.2286,14926.6188,18637.8141,27875.6802,20267.5814,20857.0005,14419.0396,17969.8541,27893.7452,20077.8083,20731.5032,13884.4362,17356.4976,28696.9093,19819.4174,20587.5302,13111.1932,16557.4414,29788.0455,11.00000000000,42,041
42,111,01209188,42111,Somerset,Somerset County,06,H1,G4020,,43740,,A,2782615877.00000000000,16984191.00000000000,+39.9812968,-079.0284859,42111,4857.5863,4843.7797,4804.5476,4843.6923,4883.9098,4672.4901,4651.4314,4565.7938,4651.4252,4735.5135,4105.7017,4079.3517,3944.9193,4079.9831,4213.0229,4169.9166,4134.0016,3935.1592,4132.8317,4333.7121,4196.2186,4153.6131,3853.4031,4149.6714,4453.8171,4492.9046,4441.0439,4040.4272,4433.6411,4839.2756,4420.8219,4365.0303,3882.7159,4355.4162,4841.0609,4065.9393,4012.2708,3571.8994,4003.0164,4442.1989,4050.9007,3996.8719,3541.5441,3986.7388,4437.1323,3647.1637,3635.3138,3060.3370,3512.2585,4277.1756,3307.5730,3335.9386,2677.4293,3148.4579,4044.3991,3094.4106,3153.1379,2383.9487,2888.5329,3944.0133,2888.0252,2976.9929,2105.1508,2618.4890,3843.2310,2712.0965,2791.8446,1953.6352,2442.3446,3659.0075,2538.8797,2609.5067,1800.6273,2246.9771,3493.9366,2317.5329,2390.0231,1597.4008,1999.7023,3312.2071,2110.0037,2189.1331,1391.1200,1759.4820,3171.1145,11.00000000000,42,111
42,023,01213663,42023,Cameron,Cameron County,06,H1,G4020,,,,A,1026232612.00000000000,5664007.00000000000,+41.4382888,-078.1983145,42023,267.8300,267.0787,264.9207,267.0735,269.2829,265.8172,264.6020,259.7213,264.6029,269.3977,187.5464,186.3495,180.2100,186.3776,192.4526,216.5061,214.6370,204.3131,214.5765,225.0077,178.0714,176.2139,163.4733,176.0447,188.9703,230.5669,227.8935,207.3280,227.5113,248.3385,179.6561,177.4963,157.9798,177.1300,196.7464,135.6935,133.9046,119.2099,133.5962,148.2506,133.7272,131.9911,117.0033,131.6664,146.4832,137.9506,137.6267,115.9781,133.0016,161.8104,99.7189,100.6575,80.8670,95.0263,121.9468,91.7278,93.5541,70.8170,85.7324,116.9230,88.2299,91.0366,64.4647,80.1067,117.4195,81.5216,84.0061,58.8743,73.5245,109.9922,78.6002,80.8752,55.8998,69.6755,108.1746,72.9712,75.3401,50.4497,63.0722,104.2961,67.1330,69.7309,44.4038,56.0792,100.8988,11.00000000000,42,023
42,055,01213670,42055,Franklin,Franklin County,06,H1,G4020,,16540,,A,2000050083.00000000000,1546381.00000000000,+39.9266863,-077.7244853,42055,10207.4043,10178.8159,10096.5941,10178.6131,10262.7793,10168.3079,10123.0647,9937.0000,10123.0105,10305.6269,9284.3850,9226.2154,8922.4916,9227.4795,9527.8702,10567.8680,10478.8431,9974.8242,10475.7417,10984.2509,10981.8231,10873.7415,10088.1235,10863.5558,11658.2320,11206.9524,11080.3693,10082.6061,11062.4320,12071.7371,9572.4897,9459.1369,8420.6009,9440.0084,10483.2989,10009.7645,9885.3723,8808.1288,9864.1709,10936.5121,10733.3101,10598.5255,9399.7263,10573.4064,11757.6898,9214.3219,9192.5012,7746.3537,8883.5269,10807.9754,7882.3350,7958.4346,6395.5213,7513.7998,9639.6597,7698.3262,7853.2776,5946.3190,7197.2787,9813.0525,7378.3676,7614.5134,5393.4197,6700.8526,9819.5226,6965.7530,7179.0897,5032.4174,6283.7502,9398.5615,6518.8623,6708.2546,4637.4079,5779.5826,8971.7255,6033.9169,6230.1293,4172.2180,5215.7892,8624.1696,5573.3150,5789.0431,3686.4509,4655.7017,8376.5240,11.00000000000,42,055
42,067,01209180,42067,Juniata,Juniata County,06,H1,G4020,,,,A,1013592984.00000000000,5606085.00000000000,+40.5306730,-077.4004377,42067,1604.5160,1600.0152,1587.0870,1599.9836,1613.2195,1460.6040,1454.1421,1427.4342,1454.1318,1480.3395,1376.4776,1367.8254,1322.7908,1368.0160,1412.5602,1444.6254,1432.3999,1363.5031,1431.9798,1501.5092,1487.2399,1472.5496,1366.1545,1471.1681,1578.8092,1452.9449,1436.7286,1307.4786,1434.4401,1565.1180,1363.9734,1348.0535,1200.2548,1345.3804,1493.7802,1322.1864,1305.9152,1163.7648,1303.1474,1444.6095,1272.3885,1256.7254,1114.9006,1253.8129,1393.8626,1087.2568,1084.9431,914.5117,1048.5468,1275.3655,916.2040,925.1634,743.5838,873.5102,1120.4853,881.4620,899.3116,681.0448,824.2273,1123.6122,831.5033,858.2134,607.9774,755.2735,1106.6173,779.1411,803.0900,563.0409,702.9671,1051.2661,725.9550,747.1206,516.5625,643.7217,999.1173,663.5983,685.2380,458.9597,573.6983,948.4735,594.0884,617.1282,393.0366,496.3295,892.8997,11.00000000000,42,067
42,027,01214720,42027,Centre,Centre County,06,H1,G4020,,44300,,A,2874682925.00000000000,7878533.00000000000,+40.9091603,-077.8478296,42027,9194.7072,9168.6384,9094.4118,9168.4703,9244.5435,9583.3256,9539.9280,9364.1790,9539.9298,9712.5281,10276.1997,10210.0090,9873.4907,10211.6168,10544.6799,12515.8799,12406.0070,11809.2807,12402.6370,13006.1816,16220.0099,16053.1083,14892.6448,16037.7886,17214.2675,5447.7043,5383.3141,4896.7346,5374.0514,5867.2448,3115.7509,3073.5612,2731.3881,3066.1353,3411.6012,10323.0919,10187.0024,9069.0866,10163.5410,11278.3945,10925.1715,10779.4956,9551.5241,10752.1750,11966.8324,10163.6402,10130.3343,8527.8056,9787.3464,11919.2412,11889.4081,11994.8034,9630.3047,11321.7538,14538.5617,11474.7806,11696.2479,8846.6911,10715.9878,14625.7483,10827.2718,11164.4196,7898.4308,9821.2969,14408.6786,10498.6623,10811.1347,7569.1197,9459.2274,14164.5387,9821.1142,10097.7221,6971.2995,8696.2685,13515.8217,10054.2548,10373.2612,6938.0719,8681.0618,14369.8102,10615.6427,11019.6693,7009.4198,8859.3981,15954.5649,11.00000000000,42,027
42,005,01213658,42005,Armstrong,Armstrong County,06,H1,G4020,430,38300,,A,1691787010.00000000000,27556878.00000000000,+40.8123792,-079.4641277,42005,4493.8273,4481.2167,4445.0057,4481.1285,4518.2028,4023.3653,4005.4381,3931.8035,4005.4186,4077.6919,3684.1912,3660.9031,3540.3410,3661.4284,3780.6944,3890.9113,3857.9449,3672.3821,3856.8160,4044.0956,3739.6541,3702.2884,3434.7520,3698.7987,3969.6231,4039.6967,3994.3341,3634.8228,3987.9190,4351.4972,3350.7054,3310.4803,2946.5283,3303.6607,3669.4573,2898.3768,2862.2388,2550.2110,2856.0754,3166.7143,3001.6869,2964.3192,2629.3599,2957.3619,3288.2054,2657.5766,2651.3011,2234.2206,2562.1917,3117.2192,2268.4648,2290.4011,1840.6353,2162.4481,2774.2127,2114.6230,2157.2111,1633.4149,1977.0238,2695.5118,1940.9424,2003.0785,1418.8124,1762.7364,2583.1104,1774.6194,1828.9828,1282.0984,1600.8865,2394.4114,1623.0142,1670.1798,1154.6062,1438.9698,2233.7095,1421.1428,1467.3599,982.6719,1228.4577,2031.2143,1256.1542,1304.7750,830.8763,1049.3340,1887.9617,11.00000000000,42,005
39,145,01074085,39145,Scioto,Scioto County,06,H1,G4020,,39020,,A,1580445008.00000000000,15370337.00000000000,+38.8150188,-082.9990277,39145,4546.1831,4533.5094,4496.9195,4533.4163,4570.8545,4663.4517,4642.9024,4557.6714,4642.8640,4726.4871,4136.1874,4110.5164,3975.2548,4111.0515,4244.7965,4165.7403,4131.0646,3932.3669,4129.8137,4330.1402,4150.7552,4110.0841,3813.1499,4106.2409,4406.5334,3634.3038,3593.8358,3270.5896,3588.1294,3914.9141,3317.1765,3277.4407,2917.1984,3270.7088,3632.7487,3316.2605,3275.1558,2918.3574,3268.1536,3623.3007,3317.9594,3277.1656,2907.3797,3269.5809,3634.7290,2836.4012,2830.4966,2385.9858,2735.5786,3327.1651,2536.0714,2560.9950,2058.4716,2418.0489,3101.5464,2341.7394,2389.3227,1809.5858,2189.8920,2985.0682,2123.2051,2191.6067,1552.7821,1928.8049,2825.7135,1935.8365,1995.5501,1399.2826,1746.8442,2611.9708,1753.6405,1804.9795,1248.1938,1555.2622,2413.5172,1590.3713,1642.4514,1100.3240,1375.1921,2273.1147,1442.9850,1499.1597,955.0293,1205.7996,2168.7827,11.00000000000,39,145
42,071,01209181,42071,Lancaster,Lancaster County,06,H1,G4020,,29540,,A,2444457103.00000000000,103581050.00000000000,+40.0419921,-076.2501980,42071,31995.5615,31906.3596,31648.8410,31905.7041,32169.1957,30952.3029,30815.4005,30249.4416,30815.1812,31370.5353,30578.0175,30386.9106,29386.6924,30391.0187,31380.1997,36649.3548,36340.3613,34592.4363,36329.6234,38093.2067,41346.1058,40938.6187,37980.7896,40900.2483,43892.3846,38440.6503,38010.6503,34590.5469,37949.9210,41408.1409,34796.0319,34383.3492,30607.7640,34313.6722,38106.7518,37791.4985,37326.7078,33263.9331,37247.6550,41290.6829,39637.0532,39148.5462,34729.9359,39057.6949,43421.1089,38044.3427,37961.1880,31995.8470,36687.1257,44625.9454,31970.2037,32288.2810,25956.2971,30487.2601,39099.3231,32254.2203,32913.1165,24930.6683,30167.1386,41115.6097,32010.1027,33044.3262,23415.3256,29082.9999,42601.6021,31380.5339,32351.2861,22687.6142,28320.4376,42341.1379,30284.6899,31174.0365,21560.6228,26862.2535,41680.7233,29227.9967,30187.5052,20226.0630,25276.3917,41775.6906,28181.8879,29281.0889,18655.7183,23552.1654,42357.0430,11.00000000000,42,071
42,127,01213692,42127,Wayne,Wayne County,06,H1,G4020,,,,A,1879304853.00000000000,64776959.00000000000,+41.6465894,-075.2924847,42127,3321.0060,3311.6637,3284.8916,3311.5996,3339.0166,2788.7955,2776.2203,2725.1039,2776.2171,2826.4094,2454.2863,2438.7088,2358.3820,2439.0662,2518.5379,2719.5876,2696.3920,2566.6982,2695.6134,2826.5593,2838.5100,2809.6808,2606.6051,2807.0142,3012.7553,3470.9982,3430.6131,3120.9409,3424.8333,3738.4944,3289.6835,3248.3575,2889.5998,3241.2464,3602.4195,2936.6518,2897.7984,2579.6563,2891.0957,3208.4024,2797.7353,2760.1064,2445.3496,2753.0432,3064.4462,2639.9293,2630.8018,2214.1759,2541.6007,3095.8180,2534.0348,2555.7534,2051.2392,2412.1153,3098.5380,2415.0370,2460.9300,1860.6598,2254.4341,3078.1178,2281.1584,2351.5344,1662.9679,2068.3900,3035.6539,2178.8012,2243.0267,1569.7548,1962.2943,2939.5297,2077.5978,2135.6079,1473.8530,1839.0031,2859.1505,1915.1143,1975.2646,1320.4643,1652.7822,2737.0897,1762.6482,1829.0160,1162.5818,1470.1557,2649.0919,11.00000000000,42,127
42,115,01213688,42115,Susquehanna,Susquehanna County,06,H1,G4020,,,,A,2132685970.00000000000,22553103.00000000000,+41.8196651,-075.8009686,42115,2681.2901,2673.8059,2652.2208,2673.7514,2695.8398,2278.3548,2268.1677,2226.4518,2268.1591,2309.1090,1987.0253,1974.5655,1909.5613,1974.8372,2039.1296,2196.7561,2177.9503,2073.1928,2177.3262,2283.1184,2131.7849,2110.5909,1958.0837,2108.6055,2262.9484,2352.3322,2325.3631,2115.7143,2321.5221,2533.7337,1956.5374,1932.9541,1720.3617,1928.9505,2142.6515,1685.4325,1664.2563,1482.6654,1660.6392,1841.4637,1670.1870,1649.3898,1463.0084,1645.5177,1829.6099,1419.2563,1416.1892,1193.6781,1368.6680,1664.7936,1284.5629,1297.0987,1042.4957,1224.6717,1570.9712,1215.3807,1239.9894,939.0358,1136.4606,1549.2627,1134.6426,1171.1123,829.6639,1030.6493,1510.0563,1064.7054,1097.4813,769.4873,960.6755,1436.5718,996.4084,1025.5356,709.1408,883.6361,1371.3430,916.3081,946.2872,633.9139,792.2961,1309.6757,841.4192,874.1636,556.8667,703.0998,1264.6384,11.00000000000,42,115
42,129,01209191,42129,Westmoreland,Westmoreland County,06,H1,G4020,430,38300,,A,2661353634.00000000000,22067359.00000000000,+40.3110682,-079.4666879,42129,24244.2237,24176.6592,23981.5416,24176.1619,24375.7966,21014.8734,20921.8393,20537.5417,20921.6957,21298.8054,18906.5523,18787.9998,18169.4843,18790.5846,19402.3265,21130.0257,20952.5185,19944.7309,20946.2839,21962.8817,20710.5590,20506.4839,19024.8859,20487.2636,21986.0330,21279.5110,21041.7362,19148.6193,21008.1680,22922.2942,18357.1116,18140.7527,16149.9527,18104.3015,20103.8820,18111.0821,17888.4498,15941.5192,17850.5879,19788.0262,18191.8802,17966.8663,15938.1563,17925.0022,19928.5176,16215.8091,16181.3912,13639.5778,15638.5847,19021.3642,15239.0993,15389.8953,12371.0391,14531.2026,18637.1726,14460.3025,14754.9651,11175.7001,13523.6907,18432.9768,13638.7310,14078.7363,9975.5885,12390.7460,18151.4547,12855.2641,13252.3472,9293.1231,11600.9194,17345.3017,12083.8336,12438.1378,8601.8948,10717.5538,16630.8982,11125.6628,11490.4283,7698.2332,9620.8886,15901.9193,10227.7010,10626.2365,6769.8024,8547.0224,15372.0893,11.00000000000,42,129
42,103,01213683,42103,Pike,Pike County,06,H1,G4020,408,35620,35084,A,1411441365.00000000000,56692061.00000000000,+41.3259485,-075.0315143,42103,3995.6359,3984.5005,3952.3437,3984.4187,4017.3202,3117.9265,3104.2088,3047.2353,3104.1815,3160.0772,2692.5790,2675.6954,2587.6095,2676.0637,2763.1848,2691.0715,2668.2251,2539.8864,2667.4474,2796.9891,2779.9264,2752.0113,2553.1320,2749.4119,2950.7857,3318.2357,3280.5061,2984.9441,3275.1476,3574.2146,2871.4784,2836.3479,2523.9343,2830.3543,3144.5658,2363.2403,2333.1505,2078.1776,2327.9974,2581.9973,2029.2853,2002.9200,1775.4645,1997.9886,2222.8517,1502.7016,1498.5768,1262.2814,1448.0546,1762.4625,1955.5688,1973.8347,1585.6218,1863.3673,2391.4526,1781.4748,1816.7470,1375.0172,1664.7905,2270.7742,1590.4119,1640.7938,1161.6658,1443.7216,2116.5586,1539.6760,1586.3715,1111.5477,1388.3450,2077.3710,1472.3783,1514.7825,1046.7722,1304.9284,2026.3627,1331.7608,1374.7505,920.2998,1150.7925,1903.4398,1225.5106,1272.6743,810.1241,1023.4031,1841.8885,11.00000000000,42,103
42,063,01213673,42063,Indiana,Indiana County,06,H1,G4020,,26860,,A,2141997762.00000000000,18814066.00000000000,+40.6514319,-079.0875451,42063,5036.0116,5021.8720,4981.2884,5021.7736,5063.3272,4614.7241,4594.2247,4509.7994,4594.1978,4677.0536,4345.2735,4317.8061,4175.6106,4318.4258,4459.0928,4853.5493,4812.3912,4580.9205,4810.9852,5044.6097,4395.0264,4350.8608,4036.4346,4346.7499,4665.1316,4120.4961,4073.6642,3706.6543,4067.0140,4438.3693,2763.4903,2729.3884,2428.4950,2723.5540,3026.2741,3946.1296,3896.7631,3471.7918,3888.3382,4311.4605,3939.5878,3890.2879,3450.4339,3881.1038,4315.6003,3538.3697,3529.3867,2973.5721,3410.5956,4150.1983,3252.2531,3283.6472,2638.7854,3100.1896,3977.3249,3233.0950,3298.1740,2497.3041,3022.6727,4121.2249,2990.4580,3086.1438,2185.9154,2715.8301,3979.8579,2747.1751,2831.2757,1984.6384,2478.1591,3706.6304,2606.1785,2681.8541,1853.9183,2310.5688,3586.8064,2495.1786,2576.2439,1725.1885,2156.7697,3566.3090,2417.9510,2511.4595,1599.1960,2019.7467,3634.1022,11.00000000000,42,063
42,031,01210234,42031,Clarion,Clarion County,06,H1,G4020,,,,A,1556153827.00000000000,23335960.00000000000,+41.1982385,-079.4204044,42031,2475.7457,2468.8212,2448.8838,2468.7717,2489.1779,2382.7824,2372.1964,2328.6035,2372.1828,2414.9655,2114.3396,2101.0649,2031.8923,2101.3559,2169.7730,2355.6004,2335.7949,2223.4462,2335.1009,2448.4375,2913.4119,2884.7173,2676.2971,2882.0142,3092.8451,2201.3776,2176.9886,1981.2591,2173.5557,2371.3852,1322.4540,1306.6322,1163.0302,1303.9529,1448.2650,1734.4381,1713.3733,1527.1502,1709.7997,1895.0485,1855.9249,1832.8207,1625.7175,1828.5192,2033.0776,1675.4639,1671.7231,1408.9481,1615.5952,1965.2971,1570.3122,1585.8422,1274.7577,1497.3560,1920.4651,1507.7879,1538.5134,1165.3010,1410.1276,1922.0221,1409.1779,1454.6560,1030.7229,1280.2540,1875.4420,1318.3715,1359.1290,953.1161,1189.7764,1778.8505,1182.5043,1217.2400,841.8794,1048.8836,1627.4778,1087.9959,1123.7413,752.9538,940.9349,1555.0787,1046.3480,1087.1864,692.7045,874.4868,1572.6503,11.00000000000,42,031
39,103,01074064,39103,Medina,Medina County,06,H1,G4020,184,17460,,A,1091310901.00000000000,4294303.00000000000,+41.1160512,-081.8995658,39103,12659.0086,12623.7716,12521.9136,12623.5107,12727.7150,11637.4873,11585.9391,11373.1103,11585.8615,11794.7130,10631.6360,10564.8275,10216.9921,10566.2975,10910.3419,11931.8472,11830.5435,11261.5077,11827.0963,12401.4683,12087.5259,11967.1179,11102.3771,11955.8519,12831.0875,14353.0924,14191.4172,12913.7937,14168.5285,15460.7776,13622.7616,13460.2699,11981.3927,13432.7815,14918.8131,12701.3928,12543.5709,11176.6740,12516.6725,13877.3444,11934.6130,11785.9124,10454.0089,11758.2244,13073.7863,10692.3523,10667.6187,8989.9701,10309.2218,12541.7795,10713.9988,10818.6614,8695.2058,10214.6060,13102.8269,10355.1380,10564.7824,8000.6163,9682.7030,13199.8364,9903.8738,10222.0436,7241.5528,8995.9537,13180.7057,9618.3804,9914.1684,6950.9019,8678.2042,12977.7349,9292.6964,9563.8975,6612.8037,8240.3954,12789.3731,8606.5041,8887.5103,5953.0754,7440.9903,12301.2020,7894.3375,8200.9167,5223.4861,6595.8226,11865.0132,11.00000000000,39,103
42,095,01209185,42095,Northampton,Northampton County,06,H1,G4020,,10900,,A,957444154.00000000000,20006520.00000000000,+40.7527913,-075.3074468,42095,20231.6027,20175.2339,20012.4172,20174.8186,20341.4010,18543.0774,18460.9957,18121.9037,18460.8685,18793.6155,17497.8447,17388.4801,16816.1174,17390.8315,17956.8783,19991.4452,19822.4398,18869.0048,19816.6146,20778.7448,21569.4599,21354.3632,19811.2814,21334.2511,22896.1445,19238.9995,19022.4684,17310.0303,18991.8227,20723.8014,18388.5647,18168.2228,16171.1872,18130.8898,20137.9130,20902.0739,20641.0030,18390.3618,20596.4605,22837.2017,20645.5179,20385.9197,18079.7202,20337.5336,22615.8708,18608.4405,18562.0648,15639.7054,17937.5426,21826.2835,20028.4309,20221.1037,16249.3376,19091.1446,24493.5503,19772.3424,20169.7219,15271.4516,18484.7036,25203.7222,19082.6241,19692.8709,13948.1172,17329.7496,25396.1247,18930.6793,19510.2067,13676.0566,17076.8926,25542.2487,18694.6361,19237.7780,13299.0588,16574.5562,25728.8994,18348.9333,18945.8551,12688.0082,15861.3444,26225.8198,17911.6804,18605.4268,11848.3950,14963.1602,26920.7413,11.00000000000,42,095
02,090,01419969,02090,Fairbanks North Star,Fairbanks North Star Borough,04,H1,G4020,,21820,,A,19005874393.00000000000,273188119.00000000000,+64.6908322,-146.5998673,02090,4779.0256,4765.5667,4727.0330,4765.4751,4804.9413,4724.2441,4703.0441,4616.5054,4703.0316,4787.9917,4695.2285,4665.4554,4511.7896,4666.1357,4818.1619,5752.7273,5703.3584,5429.0316,5701.7321,5978.8101,6276.2942,6213.3323,5764.3195,6207.4659,6662.0879,6538.5133,6462.4866,5879.1667,6451.6081,7042.4250,6769.7684,6683.7130,5944.6427,6668.8503,7413.2249,7098.9185,7005.0193,6235.9786,6988.8214,7755.8364,7276.8503,7179.1165,6360.5676,7160.7738,7970.5762,6946.5642,6924.0524,5828.9704,6689.6891,8146.5292,6899.1310,6959.5656,5586.9614,6568.8284,8436.2519,6890.7672,7023.3825,5311.8993,6434.6247,8782.9216,6803.8509,7015.7697,4963.4638,6171.7664,9054.4095,6783.9969,6986.3068,4891.6791,6112.8431,9152.8382,6708.0150,6897.8717,4763.1597,5940.9006,9231.6475,6592.0954,6801.9597,4550.2141,5692.6446,9421.6490,6467.8045,6714.2692,4271.1773,5398.1474,9720.6743,11.00000000000,02,090
02,110,01419971,02110,Juneau,Juneau City and Borough,03,H6,G4020,,27940,,C,6997968643.00000000000,1429575134.00000000000,+58.3727004,-134.1787807,02110,2131.0149,2125.0178,2107.8373,2124.9766,2142.5716,1991.3314,1982.3597,1945.8642,1982.3570,2018.1917,2077.2481,2064.0067,1996.0091,2064.3157,2131.5970,2819.4391,2795.6326,2661.1660,2794.8089,2930.4920,2870.9658,2842.5297,2637.1435,2839.8600,3047.6797,3136.1879,3100.8973,2821.7530,3095.9029,3378.2303,2883.0306,2848.8405,2536.0160,2843.0680,3157.3410,2926.8633,2890.9343,2576.3426,2884.8259,3197.8709,3103.3554,3064.6934,2718.3628,3057.4947,3399.5750,2962.0214,2955.2841,2490.6297,2856.0273,3474.3819,3550.3977,3585.1950,2881.6114,3385.0523,4342.0247,3639.1438,3712.9470,2811.9082,3402.9876,4638.8819,3662.9554,3780.7668,2678.5269,3327.3313,4874.9062,3718.3230,3832.8122,2687.3606,3355.0455,5017.0120,3783.4507,3894.0162,2692.6120,3355.2022,5207.1078,3782.9700,3906.6404,2616.9350,3270.8650,5406.9772,3774.7062,3921.4550,2497.9084,3154.0089,5673.3089,11.00000000000,02,110
02,180,01419977,02180,Nome,Nome Census Area,05,H5,G4020,,,,S,59470685832.00000000000,13768011766.00000000000,+64.7836858,-164.1889119,02180,448.3098,447.0207,443.3923,447.0133,450.7371,436.7690,434.8100,426.8098,434.8088,442.6629,497.6744,494.5133,478.2244,494.5861,510.7019,582.8961,577.8969,550.1005,577.7319,605.8059,660.5517,654.0126,606.7573,653.3984,701.2123,660.7172,653.3018,594.5035,652.2532,711.7152,597.0143,589.8270,524.9637,588.6073,653.8059,596.5964,589.3355,525.2666,588.1032,651.8408,700.6692,691.9606,613.7855,690.3395,767.5516,786.1452,784.3826,661.0798,758.0450,922.1362,420.9008,425.1624,341.8549,401.4700,514.7706,453.7050,463.0443,350.8123,424.4364,578.3625,489.3656,505.2417,358.0814,444.6982,651.2926,467.6349,482.1659,338.2042,422.1155,630.9764,436.2587,449.1341,310.6985,387.0390,600.4266,410.9599,424.5120,284.4961,355.4748,587.3908,390.4210,405.7042,258.5477,326.3505,586.8015,11.00000000000,02,180
02,198,01419980,02198,Prince of Wales-Hyder,Prince of Wales-Hyder Census Area,05,H5,G4020,,,,S,10160193695.00000000000,9739418122.00000000000,+55.4156834,-132.8757340,,0.0000,0.0000,0.0000,0.0000,0.0000,0.0000,0.0000,0.0000,0.0000,0.0000,0.0000,0.0000,0.0000,0.0000,0.0000,0.0000,0.0000,0.0000,0.0000,0.0000,0.0000,0.0000,0.0000,0.0000,0.0000,0.0000,0.0000,0.0000,0.0000,0.0000,0.0000,0.0000,0.0000,0.0000,0.0000,0.0000,0.0000,0.0000,0.0000,0.0000,0.0000,0.0000,0.0000,0.0000,0.0000,0.0000,0.0000,0.0000,0.0000,0.0000,0.0000,0.0000,0.0000,0.0000,0.0000,0.0000,0.0000,0.0000,0.0000,0.0000,0.0000,0.0000,0.0000,0.0000,0.0000,0.0000,0.0000,0.0000,0.0000,0.0000,0.0000,0.0000,0.0000,0.0000,0.0000,0.0000,0.0000,0.0000,0.0000,0.0000,0.0000,0.0000,0.0000,0.0000,0.0000,0.00000000000,,
02,220,01419981,02220,Sitka,Sitka City and Borough,03,H6,G4020,,,,C,7434143788.00000000000,5027404028.00000000000,+57.1425085,-135.3326236,02220,486.0239,484.6499,480.7283,484.6408,488.6587,531.2444,528.8803,519.1591,528.8775,538.4186,591.0847,587.2989,567.9466,587.3889,606.5397,639.3876,633.9015,603.4114,633.7207,664.5163,627.6883,621.3224,576.4158,620.7330,666.2257,631.3697,623.9919,567.6455,622.9345,680.0176,607.4705,599.7905,533.5044,598.4663,665.2145,604.3838,596.5465,531.2123,595.1996,660.3212,706.7535,697.3321,617.8964,695.5652,774.1392,514.0788,512.5972,431.7034,495.2968,602.9267,668.8973,674.8967,541.9226,637.0487,817.9499,649.1781,661.8020,500.6612,606.3690,827.4535,607.7213,626.7549,443.5173,551.3951,808.7509,593.3942,611.1767,428.0231,534.7986,800.6038,578.8748,595.3279,411.1628,512.7637,796.6597,561.9188,579.8661,387.9692,485.3214,803.1178,543.6464,564.4075,359.0903,453.7921,817.0667,11.00000000000,02,220
28,049,00695748,28049,Hinds,Hinds County,06,H1,G4020,298,27140,,A,2252618859.00000000000,19556755.00000000000,+32.2679235,-090.4658999,28049,13200.5643,13164.3674,13058.4326,13164.0700,13272.2873,13167.7805,13110.6547,12870.4556,13110.4832,13346.0246,13390.6634,13308.1911,12870.4123,13309.8498,13742.6365,14795.0522,14673.7947,13968.0141,14669.2228,15380.1470,15271.3779,15124.9330,14032.5095,15110.9150,16214.5356,13851.9001,13700.2534,12469.6443,13678.9969,14922.1815,11659.1225,11523.9419,10261.2769,11501.2973,12768.8028,12331.4130,12184.1224,10862.3280,12159.2214,13473.4556,12756.1814,12602.4281,11183.5704,12573.9057,13974.4037,10657.4144,10638.4916,8970.9094,10282.6192,12502.1878,10898.1611,11009.7773,8853.6971,10396.6446,13328.8885,10473.8584,10691.2808,8101.7521,9800.4796,13351.8207,9689.3145,10006.0411,7094.0006,8807.8992,12895.6384,9018.0286,9300.7494,6526.3622,8143.3986,12168.1837,8265.3092,8511.8596,5891.0383,7336.1157,11375.8263,7622.5182,7876.4573,5281.4133,6596.6025,10895.1545,7111.6734,7392.4064,4713.7279,5947.4804,10688.9672,11.00000000000,28,049
22,085,00559489,22085,Sabine,Sabine Parish,15,H1,G4020,,,,A,2244636736.00000000000,375445763.00000000000,+31.5602090,-093.5592284,22085,1454.1049,1450.0101,1438.2856,1449.9822,1461.9903,1366.4091,1360.4168,1335.4585,1360.4035,1384.8869,1363.6777,1355.1020,1310.4854,1355.2914,1399.4226,1667.7353,1653.6806,1574.1406,1653.1915,1733.4419,1581.6210,1565.9404,1452.7925,1564.4690,1678.9631,1655.8320,1637.0797,1489.6326,1634.4200,1783.5898,1474.0486,1456.6000,1296.6829,1453.6560,1614.3030,1472.8184,1454.2268,1295.4660,1451.0482,1609.1616,1584.4242,1564.8223,1388.1276,1561.1752,1735.6764,1453.5420,1450.2152,1222.1804,1401.5023,1704.9658,1255.2988,1267.6753,1018.9673,1196.9302,1535.2029,1239.7223,1264.9426,958.0506,1159.3711,1580.3058,1200.8173,1239.5233,878.2387,1090.8961,1598.1355,1139.8554,1175.0469,823.9764,1028.6128,1537.9783,1096.7749,1128.9304,780.7364,972.7629,1509.4836,1038.7992,1072.8651,718.7952,898.3088,1484.7572,974.3361,1012.3191,644.9512,814.2477,1464.4144,11.00000000000,22,085
22,081,00559472,22081,Red River,Red River Parish,15,H1,G4020,,,,A,1007738674.00000000000,34327566.00000000000,+32.1012125,-093.3490504,22081,537.0623,535.5778,531.2618,535.5662,539.9786,514.5432,512.2716,502.8655,512.2677,521.4970,513.6419,510.4480,493.6497,510.5151,527.1259,524.3861,519.9942,494.9832,519.8385,545.0637,458.3701,453.8815,421.0909,453.4572,486.6176,457.7362,452.5946,411.8577,451.8674,493.0657,384.7055,380.1730,338.4536,379.4094,421.3123,373.6615,369.0292,328.8261,368.2401,408.2574,373.5664,368.8028,327.0132,367.9136,409.2105,342.1187,341.2758,287.5557,329.7962,401.2816,316.6224,319.6676,256.8789,301.8043,387.2098,297.3239,303.3040,229.6504,277.9670,378.9981,274.9973,283.8013,201.0214,249.7492,365.9813,262.3664,270.4137,189.5676,236.6939,353.9997,253.3350,260.7149,180.2529,224.6304,348.6593,241.4244,249.3002,166.9800,208.7216,345.0654,229.6162,238.5317,151.9283,191.8452,345.1079,11.00000000000,22,081
51,001,01480091,51001,Accomack,Accomack County,06,H1,G4020,,,,A,1164189289.00000000000,2228794013.00000000000,+37.7659435,-075.7578073,51001,1977.7284,1972.2561,1956.3595,1972.2138,1988.4672,1839.4841,1831.4419,1797.8554,1831.4223,1864.3663,1754.7139,1743.8200,1686.4367,1744.0474,1800.7878,1918.8451,1902.8634,1811.3387,1902.2878,1994.5660,1961.2632,1942.1781,1801.8765,1940.3672,2082.2075,2010.3009,1988.2504,1809.6313,1985.1575,2165.6167,1736.7186,1716.3625,1528.1066,1712.9396,1901.9890,1722.3792,1701.3727,1516.3659,1697.8060,1881.8677,1660.8329,1641.1217,1456.6693,1637.4716,1819.4807,1573.5835,1571.0753,1325.0828,1518.5976,1846.0365,1417.7851,1432.8513,1152.7684,1353.2246,1734.0968,1357.6069,1386.3185,1051.0651,1270.9912,1730.7084,1296.0175,1338.8595,949.6924,1178.7206,1724.9292,1236.4435,1275.6315,895.5496,1117.0652,1668.3929,1167.3378,1202.5171,832.6384,1036.5590,1606.6755,1073.4828,1109.5613,744.3434,929.3990,1534.3919,997.9209,1037.5965,661.9417,834.9067,1499.9098,11.00000000000,51,001
51,073,01480126,51073,Gloucester,Gloucester County,06,H1,G4020,,47260,,A,564116907.00000000000,181748785.00000000000,+37.4035413,-076.5235051,51073,2408.7207,2402.0344,2382.6627,2401.9839,2421.7966,2243.3210,2233.3710,2192.3379,2233.3570,2273.6251,1849.0594,1837.4176,1776.9175,1837.6758,1897.5194,2313.0607,2293.3997,2183.0896,2292.7330,2404.0851,2397.1232,2373.5211,2202.0354,2371.2973,2544.7638,2637.8659,2608.2817,2373.5458,2604.0996,2841.4781,2116.3289,2091.3714,1861.8480,2087.1659,2317.7064,1951.8302,1927.9787,1718.2842,1923.9273,2132.5627,1821.4274,1799.5803,1597.0823,1795.5297,1995.3877,1789.2457,1786.3169,1506.5495,1726.6291,2099.0202,1716.9462,1734.9096,1395.5156,1638.4097,2099.9557,1634.6509,1668.9422,1265.0645,1530.0080,2083.8566,1594.3073,1646.7060,1167.7525,1449.6325,2121.9100,1543.8197,1592.4395,1117.6449,1394.3695,2083.1226,1467.1643,1511.0791,1045.9729,1302.4145,2019.3202,1359.6341,1405.0447,942.2535,1176.7853,1943.3847,1280.0596,1330.6842,848.6115,1070.6274,1923.9575,11.00000000000,51,073
51,690,01789072,51690,Martinsville,Martinsville city,25,C7,G4020,,32300,,F,28376620.00000000000,133615.00000000000,+36.6835269,-079.8636475,51690,892.5013,890.0284,882.8530,890.0095,897.3470,700.4306,697.4046,684.6343,697.3946,709.9155,699.8197,695.4650,672.5772,695.5568,718.1894,674.9903,669.3931,637.1964,669.1889,701.6423,753.8862,746.6340,692.7051,745.9411,800.4311,753.7271,745.5510,678.6310,744.4088,811.9865,655.5051,647.5671,576.3128,646.2174,717.8553,616.0100,608.3905,542.1277,607.0930,673.0450,759.5387,750.2610,665.6661,748.5373,832.0601,785.8666,784.0924,660.8234,757.7612,921.8065,573.8596,579.5989,465.9633,547.2784,701.8309,563.5758,575.1201,435.6670,527.1480,718.4140,556.6466,574.6622,407.2386,505.7837,740.8325,541.1934,557.9649,391.3255,488.4565,730.2243,514.1319,529.2591,366.0776,456.0674,707.6004,480.0932,495.8825,332.2798,415.2208,686.2011,462.3867,480.4470,306.1340,386.4570,694.9633,11.00000000000,51,690
51,193,01480179,51193,Westmoreland,Westmoreland County,06,H1,G4020,,,,A,594077407.00000000000,61102580.00000000000,+38.1091912,-076.8041695,51193,985.9850,983.2585,975.3342,983.2374,991.3390,992.7863,988.4734,970.3605,988.4609,1006.2233,911.6765,906.0327,876.2218,906.1489,935.6236,1078.4657,1069.4479,1018.0091,1069.1269,1121.0012,1199.4586,1187.6988,1101.8926,1186.5880,1273.3672,1198.9525,1185.6045,1078.9674,1183.7225,1291.5261,1041.8858,1029.5793,916.5676,1027.5044,1141.0233,995.0899,982.9751,876.1081,980.9188,1087.2343,1033.3069,1020.4804,905.2070,1018.0930,1131.9431,973.5180,971.6162,819.1497,939.0676,1141.9897,920.3354,929.7533,747.6692,877.9730,1125.6059,880.7599,899.0212,681.2479,824.1069,1122.7688,847.8683,875.5437,620.6958,770.6896,1128.4357,819.8576,845.5050,593.2362,740.2715,1106.2433,780.3388,803.5527,556.0700,692.5322,1074.0018,733.5427,757.9164,508.1368,634.7352,1048.4759,691.0709,718.3057,457.9719,577.8859,1038.6888,11.00000000000,51,193
51,660,01498563,51660,Harrisonburg,Harrisonburg city,25,C7,G4020,,25500,,F,45112613.00000000000,149955.00000000000,+38.4360126,-078.8741973,51660,2643.8605,2636.4098,2615.0895,2636.3594,2658.1969,3163.0222,3148.8147,3090.8676,3148.8074,3205.6993,4021.9479,3996.3580,3864.7109,3996.9509,4127.2047,5309.7844,5264.4181,5011.2045,5262.9034,5518.5881,6288.9768,6227.1000,5777.1989,6221.2675,6676.3491,2501.4928,2471.2604,2247.4667,2466.8806,2693.9450,1638.1363,1617.5280,1438.8575,1613.9804,1793.8634,3469.3341,3423.3351,3047.3974,3415.3966,3790.3722,3838.2473,3787.3877,3356.2666,3777.8555,4204.2440,3872.9066,3860.7158,3250.4647,3730.1366,4542.0087,4991.5631,5036.4516,4044.2393,4754.0460,6103.8687,4893.8494,4989.0250,3774.2676,4571.1436,6237.7848,4649.1631,4794.6768,3392.8115,4218.1375,6187.0627,4538.8555,4674.8708,3273.9322,4090.6565,6123.7957,4455.1689,4582.6813,3165.9640,3947.4844,6131.3686,4658.0675,4807.4596,3217.1905,4023.8808,6657.5470,5286.9087,5489.3161,3493.0235,4413.7071,7945.9258,11.00000000000,51,660
48,107,01383839,48107,Crosby,Crosby County,06,H1,G4020,352,31180,,A,2331501397.00000000000,3873555.00000000000,+33.6091440,-101.2987099,48107,324.4578,323.5640,320.9581,323.5569,326.2201,296.1000,294.8068,289.4012,294.8036,300.1056,338.2257,336.1148,325.0519,336.1599,347.1003,355.5747,352.5351,335.5785,352.4338,369.5564,332.5683,329.0549,305.2598,328.7373,352.8939,404.0294,399.2777,363.2036,398.5953,435.1515,333.4083,329.1013,292.6486,328.3537,365.0903,364.8391,359.9091,320.2926,359.0554,398.5945,381.3145,376.0801,333.0841,375.0956,417.6527,267.1694,266.1300,223.8736,257.0752,313.2787,253.5347,255.4590,204.7945,241.0248,309.9738,233.6566,237.8388,179.5684,217.7933,297.7790,193.1352,198.8060,140.3035,174.7604,256.9894,168.2325,172.9355,120.7639,151.1896,226.9480,153.4907,157.5660,108.5182,135.5965,211.2141,129.5650,133.4978,89.0928,111.6460,185.1653,110.3920,114.4620,72.6564,91.9674,165.9033,11.00000000000,48,107
48,391,01383981,48391,Refugio,Refugio County,06,H1,G4020,,,,A,1995440836.00000000000,123798787.00000000000,+28.3124958,-097.1604793,48391,430.1551,428.9907,425.5465,428.9803,432.4944,372.8736,371.2566,364.4552,371.2517,377.9211,331.6898,329.6558,318.8136,329.6959,340.4132,457.4932,453.7081,431.8855,453.5691,475.5628,518.9385,513.8205,476.6965,513.3388,550.8947,600.5934,593.8807,540.4483,592.9329,646.9588,543.9739,537.5051,478.4671,536.4119,595.7291,511.0525,504.7991,449.8869,503.7366,558.3736,563.3664,556.3950,493.5670,555.0979,617.1462,554.7659,553.6934,466.8183,535.1480,650.7734,558.7302,564.2356,453.5338,532.7462,683.3142,570.3746,581.9681,440.7650,533.3939,727.0699,581.7599,600.4989,425.4582,528.4902,774.2475,581.7390,599.6766,420.4869,524.9360,784.9238,581.5541,598.5740,413.9249,515.7596,800.3864,570.8073,589.4882,394.9020,493.5621,815.8530,558.9471,580.6919,369.9088,467.0541,840.0873,11.00000000000,48,391
48,053,01383812,48053,Burnet,Burnet County,06,H1,G4020,126,31920,,A,2575116582.00000000000,69940565.00000000000,+30.7896156,-098.2011948,48053,2548.3526,2541.2190,2520.6936,2541.1683,2562.1780,2697.4768,2685.4981,2636.1505,2685.4822,2733.9119,2788.1856,2770.7809,2679.5822,2771.1530,2861.3424,3169.3999,3142.6541,2991.4964,3141.7271,3294.2472,3092.8461,3062.0137,2840.7512,3059.1300,3283.0863,3595.3452,3555.5341,3235.8755,3549.9315,3873.0123,3720.5773,3676.8466,3273.4499,3669.4859,4074.6226,3719.2734,3673.7676,3274.1381,3666.0360,4063.6616,3836.0180,3788.5539,3360.7564,3779.7229,4202.2106,3641.6130,3634.3593,3063.9200,3512.5724,4271.7769,3772.7830,3810.6077,3063.5913,3598.1433,4614.1324,3806.8667,3884.9250,2942.9996,3560.9011,4852.7844,3772.8822,3895.0684,2760.3474,3428.2385,5021.2784,3793.9869,3911.6208,2743.4525,3424.3536,5119.1760,3846.2784,3959.4637,2738.6975,3411.9129,5293.6396,3762.0248,3885.7388,2603.7350,3253.6684,5377.0916,3619.7867,3761.1641,2396.5520,3025.3634,5440.5084,11.00000000000,48,053
48,431,01384001,48431,Sterling,Sterling County,06,H1,G4020,,,,A,2391727824.00000000000,167453.00000000000,+31.8357739,-101.0549111,48431,65.9166,65.7290,65.1965,65.7278,66.2738,64.7258,64.4354,63.2498,64.4353,65.5992,107.9066,107.2201,103.6880,107.2360,110.7306,132.5180,131.3594,125.0411,131.3234,137.7123,153.1564,151.6333,140.6766,151.4907,162.5795,150.1553,148.4263,135.0398,148.1797,161.7324,161.5399,159.5776,142.0132,159.2436,176.9046,203.2279,200.6833,178.7951,200.2490,222.0425,259.8798,256.6619,227.6776,256.0631,284.6880,246.6961,246.1204,207.4093,237.8502,289.3652,269.6465,272.2584,218.7992,257.0501,329.7641,291.4484,297.3283,225.1436,272.4966,371.5108,301.5631,311.2321,220.4656,273.8941,401.3377,317.5449,327.2932,229.4505,286.4840,428.4504,330.4631,340.0925,235.1358,293.0227,454.8093,342.5829,353.7567,236.9422,296.1749,489.6500,350.5486,364.1540,231.9344,292.8778,526.8662,11.00000000000,48,431
48,339,01383955,48339,Montgomery,Montgomery County,06,H1,G4020,288,26420,,A,2698080682.00000000000,91022528.00000000000,+30.3023644,-095.5035226,48339,40161.1153,40049.0533,39725.7654,40048.2371,40379.0500,45963.3754,45760.3470,44920.0499,45760.0011,46584.5153,49334.3158,49025.5292,47411.6967,49032.2103,50628.2916,58692.2590,58198.5542,55399.2798,58181.2773,61005.2443,62152.7584,61540.8378,57094.5465,61483.1791,65980.8174,70922.3068,70132.7343,63824.7686,70021.4049,76398.3708,74020.3627,73144.9849,65115.2738,72997.3285,81063.4253,78678.9497,77711.8154,69253.9042,77547.3425,85964.0088,87180.9043,86104.1350,76383.3850,85903.8342,95503.5796,87659.5474,87472.6304,73731.3860,84538.1165,102825.6265,91927.1992,92838.1162,74628.3433,87658.5220,112425.6865,94734.9429,96666.2446,73217.7539,88599.9143,120761.5459,96153.3518,99255.8291,70328.8518,87355.5686,127968.1938,98767.0256,101817.7708,71399.0054,89129.8347,133263.9927,101227.0547,104194.5586,72057.7090,89780.9717,139318.0596,101491.3186,104817.8774,70223.7234,87763.1912,145061.5688,100525.6001,104441.4917,66536.5740,84005.1174,151088.4761,11.00000000000,48,339
48,405,01383988,48405,San Augustine,San Augustine County,06,H1,G4020,,,,A,1374395555.00000000000,159647152.00000000000,+31.3824492,-094.1631796,48405,479.7909,478.4539,474.5926,478.4440,482.3947,418.5945,416.7412,409.0863,416.7384,424.2501,390.8550,388.4563,375.6798,388.5037,401.1334,373.4328,370.3742,352.5599,370.2586,388.2021,427.4974,423.4014,392.8208,423.0091,453.9019,457.5691,452.7189,412.1555,452.0470,492.9700,360.9847,356.9123,317.9064,356.2367,395.3552,327.7889,323.9560,288.8939,323.3109,358.1510,330.8208,327.0267,290.4063,326.3269,362.4378,323.1641,322.9528,272.6768,312.2473,379.1910,260.1196,262.9931,211.6889,248.4118,318.1707,254.0413,259.5030,196.8359,237.9455,323.8684,244.3587,252.5259,179.2138,222.3551,325.2362,232.9074,240.3760,168.8435,210.5307,314.2810,221.9407,228.6997,158.4292,197.1657,305.4756,198.1461,204.8552,137.4806,171.6130,283.2253,181.3328,188.5815,120.3517,151.7595,272.5519,11.00000000000,48,405
48,379,01383975,48379,Rains,Rains County,06,H1,G4020,,,,A,594278071.00000000000,76082424.00000000000,+32.8705795,-095.7954400,48379,731.2907,729.2251,723.3255,729.2113,735.2555,695.5307,692.3948,679.6466,692.3940,704.9118,642.7365,638.6353,617.5949,638.7314,659.5507,778.4666,771.7850,734.6628,771.5650,809.0598,757.2065,749.6032,695.4317,748.8952,803.7460,824.0792,814.8301,741.4941,813.5223,887.6864,733.7764,724.9596,645.2510,723.4643,803.5795,598.1025,590.7189,526.3952,589.4621,653.4803,677.1537,668.6806,593.0773,667.1022,741.7844,611.9113,610.4484,514.4005,589.9265,717.7405,580.7306,586.5176,471.5057,553.8048,710.2307,559.9224,571.3732,432.8100,523.7072,713.7547,535.9624,553.2937,392.0808,486.9709,713.3029,511.7888,527.6369,370.0427,461.9018,690.5480,488.6446,503.0103,347.9096,433.4439,672.5213,447.5362,462.2459,309.7310,387.0519,639.6664,412.4977,428.6048,273.0956,344.7547,619.9803,11.00000000000,48,379
48,355,01383963,48355,Nueces,Nueces County,06,H1,G4020,204,18580,,A,2171658351.00000000000,847226454.00000000000,+27.7394061,-097.5216428,48355,20271.3861,20214.9083,20051.7718,20214.4920,20381.4012,22334.3452,22235.7018,21827.3936,22235.5329,22636.1703,24328.0699,24175.7936,23379.9688,24179.0893,24966.1611,30914.8969,30653.3247,29178.9369,30644.3307,32132.2415,33235.8314,32906.0422,30528.3716,32875.1125,35281.1711,35142.4971,34745.4899,31616.6891,34689.2297,37854.2454,35052.7375,34634.5148,30829.1251,34563.7587,38387.5937,36025.6643,35577.1648,31699.3930,35500.6970,39361.0316,37987.9059,37512.5414,33271.2170,37423.9878,41613.6487,37521.8619,37435.2049,31548.0734,36177.5429,44011.9481,42854.7688,43271.7704,34776.9579,40855.2010,52409.5423,43702.1373,44585.3867,33762.6083,40862.3246,55707.5304,43728.0705,45131.4856,31970.8942,39717.6437,58195.9791,44645.4255,46017.1688,32261.7576,40279.8909,60238.3596,45381.2542,46704.6437,32292.0843,40240.9910,62457.3299,45408.6404,46890.4968,31407.5880,39258.3436,64902.1259,44931.0118,46675.4366,29728.8623,37539.8516,67530.2788,11.00000000000,48,355
48,237,01383904,48237,Jack,Jack County,06,H1,G4020,,,,A,2358603193.00000000000,24512768.00000000000,+33.2322769,-098.1719017,48237,543.0164,541.4503,537.0530,541.4416,545.9558,499.7273,497.4855,488.3319,497.4842,506.4707,350.3343,348.1136,336.6480,348.1643,359.5074,416.8872,413.3884,393.5050,413.2651,433.3212,395.2493,391.5105,363.2376,391.1497,419.6938,423.6421,419.0587,381.4520,418.4190,456.3911,561.5185,554.6140,493.4944,553.4342,614.9168,573.5362,565.9474,503.8128,564.6383,626.6098,631.6287,623.1926,552.1857,621.6101,691.8497,629.1342,627.2851,528.2579,606.1042,737.8583,563.8321,568.8303,456.6986,536.9123,689.4631,554.1537,564.8599,427.2538,517.5228,706.3253,558.0222,575.4456,407.1547,506.2349,742.6071,551.7545,568.2342,397.8928,497.2007,744.4189,545.6660,561.1226,387.4831,483.2808,750.9529,532.0261,548.9629,367.2315,459.4336,760.3899,510.1798,529.6051,336.8818,425.7860,766.7650,11.00000000000,48,237
48,437,01384004,48437,Swisher,Swisher County,06,H1,G4020,,,,A,2305501907.00000000000,27278704.00000000000,+34.5304596,-101.7328522,48437,364.3208,363.2939,360.3558,363.2869,366.2963,293.9710,292.6505,287.2649,292.6498,297.9374,327.7561,325.7058,314.9843,325.7500,336.3534,329.4215,326.7482,311.0323,326.6446,342.4660,314.3005,311.3113,288.8285,311.0237,333.7280,334.4275,330.9305,301.3098,330.4485,360.3152,372.3406,368.0070,327.6701,367.2800,407.7770,385.1720,380.2591,338.6946,379.4174,420.8255,402.7296,397.6761,352.6988,396.7344,441.1663,319.8855,318.9734,268.6451,308.2105,375.1735,282.7201,285.3355,229.1919,269.3587,345.7325,285.6462,291.2803,220.4360,266.9096,364.0991,268.3467,276.8173,195.9536,243.5581,357.1196,251.1966,258.7759,181.2805,226.4574,338.9176,235.3363,242.0652,167.2246,208.5103,323.8780,212.7070,219.5227,146.8996,183.7396,304.0112,189.3817,196.6203,125.1021,158.0884,284.6293,11.00000000000,48,437
48,063,01383817,48063,Camp,Camp County,06,H1,G4020,,,,A,507188128.00000000000,19183611.00000000000,+32.9745813,-094.9790850,48063,729.6831,727.6804,721.8237,727.6640,733.6474,747.0760,743.8045,730.1612,743.7969,757.1800,822.5143,817.4374,790.5450,817.5406,844.1279,845.6006,838.6026,798.2672,838.3458,878.9981,862.1768,854.0005,792.3269,853.2125,915.4850,976.1314,965.6393,879.0259,964.1784,1051.6097,956.4796,945.6770,842.3162,943.8843,1047.5476,921.6874,911.1835,812.8385,909.4256,1007.0765,963.1168,952.0172,845.3554,949.9689,1055.1568,979.0764,977.7963,824.9654,945.2113,1148.6634,904.0819,913.9074,735.4703,863.1869,1105.8205,933.8435,953.7567,723.2720,874.4699,1190.5048,944.7749,976.1230,692.5101,859.4141,1257.4546,964.3770,995.0010,698.5949,871.3415,1301.2857,977.3598,1006.8138,697.1308,867.8645,1345.1977,964.7432,997.1049,668.8342,835.1765,1378.9596,941.7649,979.1102,624.5181,787.8041,1415.4993,11.00000000000,48,063
48,041,01383806,48041,Brazos,Brazos County,06,H1,G4020,,17780,,A,1516296157.00000000000,15002941.00000000000,+30.6567254,-096.3023887,48041,10347.5468,10318.7505,10235.4942,10318.5368,10403.7086,11989.8917,11936.9485,11717.7597,11936.8573,12151.9262,14062.3243,13973.8273,13513.7257,13975.7873,14430.8912,18002.8365,17851.2799,16992.6564,17845.9901,18712.2281,19334.0377,19144.7561,17761.6520,19126.8616,20525.5488,17641.1350,17447.5138,15879.9989,17420.3495,19004.0525,12310.6952,12163.7299,10827.1924,12138.8606,13481.9038,22057.8313,21785.0555,19412.4016,21738.6101,24100.1191,24391.9027,24088.3348,21366.5120,24031.8180,26720.1814,24306.5642,24251.3295,20438.3812,23436.8317,28511.0453,29329.0437,29615.5391,23802.6719,27961.9619,35868.3408,30091.2821,30700.5796,23249.3629,28137.3434,38357.7797,30240.0972,31211.7566,22111.3667,27468.1068,40245.4624,31026.2037,31980.6011,22422.1265,27993.7988,41862.5645,31651.9606,32576.0602,22524.5735,28068.1606,43562.0602,32043.6385,33090.3752,22165.3037,27704.8354,45799.7321,32884.6263,34162.3644,21760.0994,27476.3372,49424.9006,11.00000000000,48,041
48,361,01383966,48361,Orange,Orange County,06,H1,G4020,,13140,,A,864197805.00000000000,118779621.00000000000,+30.1209180,-093.8933577,48361,5056.5175,5042.2930,5001.5298,5042.1953,5083.9404,5115.4780,5092.8642,4999.3346,5092.8270,5184.6026,5032.0551,5000.5822,4835.9773,5001.2610,5164.0525,5872.6020,5823.5058,5543.4036,5821.7566,6104.2271,6166.4148,6106.1245,5664.9975,6100.4199,6546.4889,6820.0979,6744.4711,6138.0434,6733.8225,7346.7800,6047.7964,5977.6173,5322.6045,5965.8580,6623.4009,5888.3780,5816.8645,5184.6424,5804.7328,6433.6465,6383.7698,6306.0519,5595.2851,6291.6180,6993.3297,6444.4369,6431.9480,5422.7394,6216.5080,7559.7006,5659.8231,5717.1481,4596.9322,5398.5624,6922.0863,5687.0552,5804.2576,4397.5649,5320.3530,7249.6172,5686.1387,5870.8586,4161.1196,5167.4413,7567.6565,5594.0750,5768.1011,4046.1073,5049.8040,7548.0625,5477.1533,5638.9244,3900.9823,4859.3641,7538.2631,5239.6126,5412.4905,3627.4032,4532.3110,7489.0593,4994.8103,5190.4138,3307.8448,4175.2283,7507.1892,11.00000000000,48,361
48,089,01383830,48089,Colorado,Colorado County,06,H1,G4020,,,,A,2487097169.00000000000,34737183.00000000000,+29.5959081,-096.5083889,48089,1191.0339,1187.7065,1178.1170,1187.6825,1197.4964,1119.4502,1114.4325,1093.9294,1114.4291,1134.5574,1162.1101,1154.8261,1116.8090,1154.9847,1192.5850,1257.4690,1246.7082,1186.7426,1246.3506,1306.9071,1271.5596,1258.7700,1167.8008,1257.5802,1349.6981,1539.5116,1521.8419,1384.6242,1519.3245,1658.2263,1469.2301,1451.2717,1291.4342,1448.2088,1608.9609,1386.4322,1368.8336,1219.2977,1365.8215,1514.7726,1469.3481,1450.3404,1285.7216,1446.7867,1609.5141,1385.3162,1381.6487,1163.9198,1335.1049,1624.8182,1232.5927,1244.0682,999.3501,1174.4314,1507.3236,1228.1424,1252.4511,947.9182,1147.6908,1565.4627,1189.2426,1226.9254,868.6605,1079.5656,1582.6736,1159.2016,1194.3609,836.8744,1045.2702,1564.0253,1133.6391,1166.2716,805.9211,1004.6928,1560.1711,1076.2718,1111.0136,743.7457,930.0203,1538.2780,1009.5116,1048.3794,667.3677,843.0465,1517.2526,11.00000000000,48,089
48,371,01383971,48371,Pecos,Pecos County,06,H1,G4020,,,,A,12338306457.00000000000,2532276.00000000000,+30.7708943,-102.7198600,48371,840.2573,837.8453,831.0468,837.8313,844.8074,855.1446,851.2690,835.5849,851.2694,866.6727,788.7310,783.5485,757.6999,783.6837,809.2804,1074.2546,1064.8380,1013.6196,1064.5478,1116.3467,1228.6180,1215.8443,1127.9405,1214.6789,1303.8435,1478.6483,1461.0155,1328.8600,1458.4718,1592.4772,1506.5272,1486.6094,1321.5387,1483.1281,1649.6321,1573.4842,1551.9782,1380.9018,1548.2461,1719.0506,1876.6100,1851.0596,1639.6500,1846.2577,2055.4713,1803.9099,1797.5363,1512.7392,1736.5513,2115.3934,1713.6152,1728.0021,1386.6040,1630.7924,2095.3059,1734.2169,1766.9580,1335.7484,1618.6197,2210.3434,1750.7717,1804.6898,1276.1525,1587.3544,2329.8329,1749.8867,1801.4417,1260.6890,1575.9663,2360.8572,1741.3704,1790.0211,1235.3825,1541.4249,2396.4431,1703.6849,1757.2952,1174.8628,1470.4406,2434.9209,1680.8408,1744.3150,1108.9574,1402.1525,2526.1548,11.00000000000,48,371
48,079,01383825,48079,Cochran,Cochran County,06,H1,G4020,,,,A,2007629814.00000000000,229068.00000000000,+33.6084401,-102.8304490,48079,156.0715,155.6337,154.3761,155.6306,156.9181,126.9564,126.3868,124.0612,126.3864,128.6695,137.2562,136.3591,131.8618,136.3821,140.8349,176.2089,174.6930,166.2904,174.6435,183.1316,212.0171,209.8712,194.7029,209.6723,225.0369,202.6252,200.2283,182.1292,199.8834,218.2293,141.1443,139.2935,123.8402,138.9708,154.5534,137.6279,135.9319,121.1333,135.6434,150.3709,140.1642,138.3384,122.6235,137.9968,153.5334,128.5926,128.2464,108.0311,123.9246,150.8231,106.2261,107.2179,86.1299,101.2172,129.9031,106.8762,108.9877,82.4836,99.8702,136.2302,95.6959,98.7559,69.9468,86.9052,127.3569,91.5425,94.3294,66.1061,82.5585,123.5125,78.6287,80.9035,55.9183,69.6995,108.2137,65.3566,67.4855,45.1980,56.4996,93.4133,65.1338,67.6523,43.0779,54.4067,97.8939,11.00000000000,48,079
48,369,01383970,48369,Parmer,Parmer County,06,H1,G4020,,,,A,2281204393.00000000000,11344140.00000000000,+34.5321628,-102.7848533,48369,587.1104,585.5003,580.7886,585.4871,590.3004,550.2648,547.8870,537.8543,547.8792,557.7160,488.8140,485.7966,469.8145,485.8579,501.6586,543.2284,538.7338,512.8216,538.5688,564.6842,484.4665,479.7516,445.0946,479.3042,514.3415,499.5600,493.9809,449.5395,493.1934,538.1270,413.5529,408.7477,363.9524,407.9421,452.9124,394.4057,389.5757,347.1935,388.7549,430.9257,405.6909,400.6420,355.3722,399.7020,444.4153,335.0885,334.3202,281.7496,323.0899,393.0495,289.9748,292.8077,235.3365,276.4590,354.6285,265.1026,270.4739,204.8317,247.8928,337.9304,238.8221,246.5019,174.6357,216.9379,317.8403,214.5643,221.1712,155.0736,193.6020,289.5046,195.1806,200.8873,138.9114,173.0917,268.6244,173.9632,179.6552,120.3507,150.4197,248.6450,153.3210,159.2871,101.4698,128.1163,230.4388,11.00000000000,48,369
48,161,01383866,48161,Freestone,Freestone County,06,H1,G4020,,,,A,2273333089.00000000000,36915821.00000000000,+31.7016540,-096.1442374,48161,1043.8208,1040.8766,1032.4578,1040.8568,1049.4806,1042.9186,1038.2742,1019.1884,1038.2690,1057.0017,1127.2467,1120.0966,1083.2036,1120.2602,1156.7598,1140.8329,1131.2988,1076.8851,1130.9588,1185.8315,1271.9748,1259.1867,1168.1878,1257.9967,1350.1425,1441.9294,1425.0034,1296.2770,1422.5740,1553.0098,1351.8913,1335.0537,1187.7363,1332.1643,1480.4265,1393.5130,1375.7318,1225.3497,1372.6854,1522.5035,1431.2804,1412.7085,1252.3031,1409.2353,1567.8082,1287.5722,1284.2729,1081.9939,1241.0390,1510.2022,1194.0412,1205.1308,968.0462,1137.6651,1460.1751,1183.5273,1206.9027,913.3950,1105.9351,1508.5876,1150.2880,1186.6732,840.0983,1044.1241,1530.8263,1109.7925,1143.3796,801.0769,1000.6235,1497.3546,1074.1727,1105.0126,763.5039,951.8878,1478.3239,1029.4072,1062.5553,711.2171,889.4225,1471.2905,975.5082,1012.9861,644.7450,814.5512,1466.1419,11.00000000000,48,161
48,495,01384033,48495,Winkler,Winkler County,06,H1,G4020,,,,A,2178456075.00000000000,414376.00000000000,+31.8314155,-103.0559860,48495,421.5014,420.3009,416.8954,420.2934,423.7851,513.2841,510.9228,501.4907,510.9255,520.1936,590.8800,587.0125,567.6508,587.1120,606.2830,757.6515,750.9169,714.7977,750.7186,787.2787,854.7026,845.7728,784.6208,844.9605,907.0054,1037.2635,1025.0364,932.4080,1023.2791,1117.1552,1079.2641,1065.8460,948.2560,1063.5448,1181.8812,1162.8900,1147.7829,1022.0492,1145.1856,1270.5173,1403.9730,1385.7083,1228.3202,1382.2916,1537.8902,1441.2777,1437.1565,1210.3879,1388.6605,1690.3806,1394.2783,1407.1099,1130.1786,1328.3006,1705.0230,1471.1255,1500.1206,1135.2448,1374.6020,1875.1684,1523.5762,1571.7530,1112.6973,1382.9402,2027.6044,1580.6331,1628.4999,1140.9935,1425.1862,2132.6251,1640.1647,1687.3250,1165.9250,1453.5363,2257.2729,1665.0974,1718.8140,1150.5898,1438.7915,2379.8637,1666.0435,1730.1702,1101.3546,1391.2956,2503.9907,11.00000000000,48,495
48,485,01384028,48485,Wichita,Wichita County,06,H1,G4020,,48660,,A,1625932680.00000000000,13830886.00000000000,+33.9911025,-098.7168508,48485,6296.5222,6279.0441,6228.4050,6278.9118,6330.7031,6084.2773,6057.5897,5946.4540,6057.5310,6166.5526,6080.8490,6042.9137,5844.0201,6043.7228,6240.4123,6997.8491,6939.6812,6605.8940,6937.5742,7274.0702,7194.1947,7124.6113,6609.9714,7117.9845,7638.1151,5268.2377,5211.6881,4744.2725,5203.8177,5675.6208,5711.7218,5643.5302,5023.4208,5631.9908,6255.1202,7306.8483,7214.3271,6426.4386,7198.4993,7983.2480,7695.5362,7596.4269,6734.6591,7577.9068,8429.6926,7224.0733,7204.4870,6068.7171,6961.6642,8472.9040,6329.4264,6388.0857,5131.2436,6030.4289,7740.1403,6253.5970,6377.0930,4826.2258,5843.5895,7971.1695,6089.1254,6281.7497,4447.1453,5527.1609,8103.5312,5843.9871,6020.8817,4218.3934,5269.1598,7884.8294,5569.0563,5728.9572,3958.4113,4935.0838,7664.3822,5383.3623,5556.7455,3719.4215,4651.3428,7694.2262,5157.1733,5355.3598,3408.6385,4306.3151,7750.9870,11.00000000000,48,485
48,179,01383875,48179,Gray,Gray County,06,H1,G4020,,37420,,A,2398261524.00000000000,8700871.00000000000,+35.4025424,-100.8123736,48179,1343.6019,1339.6806,1328.7765,1339.6611,1350.8684,1450.3355,1443.5144,1416.7865,1443.5323,1469.8166,1613.7233,1602.9544,1550.0368,1603.2503,1655.6737,1922.0567,1904.7674,1813.1472,1904.2783,1997.0861,2057.8665,2036.0724,1888.8323,2034.1054,2183.6022,2424.8085,2395.5170,2178.5916,2391.2741,2611.3651,2375.5795,2344.8438,2085.0759,2339.5064,2601.3129,2575.8720,2541.5788,2262.3318,2535.6560,2814.2245,2847.0802,2809.0443,2488.9702,2801.9094,3118.5263,2742.2555,2733.2524,2300.8602,2640.7068,3215.9308,2518.7569,2540.4994,2039.1433,2397.7665,3079.8818,2610.1299,2660.0980,2011.6124,2437.0159,3326.8206,2640.7619,2722.7809,1926.0590,2395.1409,3514.2450,2657.1333,2736.1317,1915.5392,2393.9506,3584.9316,2676.5510,2752.0714,1900.1290,2370.1695,3683.4815,2646.8027,2730.8355,1826.5566,2285.3744,3782.8849,2599.9879,2698.8402,1716.5682,2169.7225,3907.5927,11.00000000000,48,179
48,413,01383992,48413,Schleicher,Schleicher County,06,H1,G4020,,,,A,3394517068.00000000000,87401.00000000000,+30.8962331,-100.5272161,48413,160.7344,160.2828,158.9873,160.2797,161.6062,147.3375,146.6695,143.9670,146.6696,149.3237,139.3251,138.4321,133.8705,138.4534,142.9677,187.1756,185.5268,176.6030,185.4768,194.5045,191.1386,189.1685,175.4934,188.9878,202.8529,175.0654,173.0468,157.4380,172.7587,188.5623,147.0291,145.2756,129.3144,144.9789,161.0173,177.7221,175.4965,156.3550,175.1166,194.1754,194.0988,191.6388,169.9395,191.1800,212.6207,160.6315,160.2157,134.9770,154.8211,188.4048,179.4855,181.1849,145.5712,171.0518,219.4954,187.1993,190.9385,144.5456,174.9792,238.6194,186.5617,192.5081,136.3303,169.3999,248.2840,187.9819,193.7192,135.7733,169.5516,253.6334,188.3572,193.8137,133.9665,166.9763,259.2294,186.9885,193.0575,129.2749,161.6206,267.2585,185.4645,192.6360,122.6617,154.9198,278.7472,11.00000000000,48,413
48,197,01383884,48197,Hardeman,Hardeman County,06,H1,G4020,,,,A,1800337037.00000000000,4549262.00000000000,+34.2899036,-099.7456973,48197,211.1685,210.5793,208.8794,210.5750,212.3144,243.6592,242.5354,238.0565,242.5369,246.9384,243.0930,241.5477,233.5910,241.5834,249.4557,288.0408,285.4817,271.7500,285.4063,299.3052,223.7746,221.5024,205.4929,221.2922,237.5116,239.7178,236.9729,215.6102,236.5822,258.2048,242.9522,239.8555,213.3253,239.3202,266.0435,210.0324,207.2630,184.5175,206.7855,229.4688,204.3779,201.7105,178.7916,201.2114,223.8714,154.7767,154.3836,130.0709,149.1874,181.5395,154.3893,155.8094,125.1441,147.0827,188.7982,146.2886,149.1642,112.8752,136.6806,186.4657,130.2558,134.3705,95.1213,118.2272,173.3465,119.0801,122.6840,85.9551,107.3664,160.6653,111.2819,114.4820,79.1065,98.6201,153.1514,97.4875,100.6324,67.3642,84.2378,139.3354,87.2097,90.5681,57.6538,72.8299,131.0725,11.00000000000,48,197
38,029,01035615,38029,Emmons,Emmons County,06,H1,G4020,,,,A,3912008054.00000000000,115480694.00000000000,+46.2842552,-100.2378424,38029,177.2655,176.7768,175.3530,176.7730,178.2283,158.0163,157.3038,154.4076,157.3037,160.1476,126.7977,125.9501,121.7918,125.9735,130.0931,104.6836,103.7761,98.7845,103.7471,108.7918,144.6169,143.1133,132.7664,142.9761,153.4714,255.7701,252.9050,230.1467,252.5002,275.5135,223.9267,221.2515,196.9389,220.7987,245.2303,184.4746,182.1870,162.3384,181.7973,201.5543,197.6410,195.0082,172.7960,194.5145,216.4854,184.9323,184.5158,155.5086,178.3197,216.9223,181.8734,183.5825,147.4854,173.3113,222.4135,177.1437,180.6620,136.7461,165.5548,225.7993,183.5126,189.3419,134.0682,166.6064,244.2245,189.4786,195.2418,136.8203,170.8765,255.6509,192.7613,198.3262,137.0652,170.8561,265.2890,177.0512,182.7755,122.3653,153.0036,253.0539,165.5553,171.9341,109.4536,138.2615,248.8228,11.00000000000,38,029
38,039,01034219,38039,Griggs,Griggs County,06,H1,G4020,,,,A,1835821650.00000000000,19759408.00000000000,+47.4634630,-098.2324438,38039,122.7546,122.4001,121.4058,122.3981,123.4190,106.9689,106.4857,104.5246,106.4856,108.4114,105.2808,104.5890,101.1387,104.6071,108.0237,103.7346,102.8669,97.9192,102.8361,107.8258,76.8481,76.0914,70.5938,76.0201,81.5812,156.2754,154.6403,140.7983,154.4149,168.3722,148.8067,147.1072,131.0118,146.8240,162.9727,114.4721,113.1496,100.9195,112.9277,125.0762,160.1553,158.3150,140.5833,157.9755,175.4611,127.4196,127.2241,107.3112,122.9766,149.4831,128.1474,129.4955,104.1698,122.2950,156.7352,140.1783,143.1235,108.4927,131.2105,178.7002,144.0651,148.8058,105.5307,130.9993,191.7410,150.3752,155.1155,108.8716,135.8238,202.9062,159.5022,164.2777,113.7148,141.5931,219.5297,150.4093,155.4298,104.2312,130.1779,214.9864,145.5637,151.3157,96.4924,121.7419,218.7850,11.00000000000,38,039
38,097,01034221,38097,Traill,Traill County,06,H1,G4020,,,,A,2232438235.00000000000,1462184.00000000000,+47.4462146,-097.1647538,38097,460.0368,458.7403,455.0305,458.7315,462.5314,435.6167,433.6427,425.6533,433.6429,441.4893,426.8116,424.0512,410.0721,424.1193,437.9564,462.5982,458.5415,436.4857,458.4166,480.7229,519.5588,514.2684,477.0973,513.7798,551.4436,437.0397,432.0054,393.0418,431.2873,470.7354,378.4692,373.8454,332.6735,373.0569,414.4637,475.2514,469.3248,418.1602,468.3140,519.2511,538.6992,531.9514,471.7999,530.6942,590.1143,486.0173,484.8152,408.4960,468.5060,570.0635,496.1046,500.9137,402.5604,472.9338,606.7116,510.7710,521.0760,394.5707,477.5579,651.0825,509.7801,526.1272,372.6918,463.0094,678.4451,525.8579,542.0053,379.9796,474.4259,709.5190,538.9512,554.6651,383.4983,477.9015,741.7477,553.6394,571.7066,382.9330,478.6524,791.3114,572.5744,594.8058,378.8497,478.3876,860.5663,11.00000000000,38,097
34,029,00882279,34029,Ocean,Ocean County,06,H1,G4020,408,35620,20764,A,1628534966.00000000000,742342470.00000000000,+39.8658498,-074.2630272,34029,35008.1233,34910.9336,34629.3795,34910.1997,35198.1656,31839.0748,31698.4886,31116.4375,31698.2451,32269.3556,30664.0165,30471.4231,29468.2081,30475.6529,31467.9212,34736.2374,34444.2361,32787.5139,34434.0006,36105.2707,35171.2225,34824.3671,32308.2750,34791.7194,37337.0761,36046.9317,35646.4962,32440.8940,35590.0792,38830.4463,34314.2517,33907.2727,30183.9556,33838.5583,37579.1309,35601.2402,35163.6185,31336.5132,35089.1945,38897.6377,37594.2901,37129.2721,32936.8426,37042.7548,41183.1228,37467.6157,37385.8499,31511.0411,36131.1325,43949.4766,25485.3892,25737.4887,20688.7829,24301.4159,31168.2051,25145.8932,25658.1796,19433.8897,23517.0105,32054.2016,24748.3370,25546.6104,18101.0872,22483.6084,32936.9479,23393.4269,24115.8681,16910.9411,21110.6335,31564.1814,22167.5099,22817.3051,15779.6802,19660.8876,30508.9788,20570.8190,21245.0765,14233.3528,17788.3421,29401.8773,18899.4973,19635.7720,12509.4372,15793.6082,28405.6659,11.00000000000,34,029
38,025,01035623,38025,Dunn,Dunn County,06,H1,G4020,,,,A,5201886375.00000000000,190579197.00000000000,+47.3546096,-102.6123649,38025,332.7267,331.7710,329.0786,331.7655,334.5283,338.1472,336.5794,330.3594,336.5820,342.6957,416.2144,413.5032,399.8674,413.5718,427.0715,562.6945,557.7978,530.9680,557.6433,584.7652,793.2202,785.0166,728.2649,784.2659,841.8159,940.1464,929.2074,845.3301,927.6418,1012.5997,925.3592,913.9570,813.2157,912.0072,1013.3547,971.2667,958.7968,853.9136,956.6578,1061.1675,1129.6904,1115.2765,988.8940,1112.5857,1237.4795,1213.9753,1211.1187,1020.6052,1170.4161,1423.9416,1256.2217,1268.1775,1018.9637,1197.2716,1536.2616,1335.4388,1362.1638,1031.2450,1248.3267,1702.2644,1411.7609,1456.8160,1031.7453,1281.9655,1878.8349,1485.8393,1531.2490,1073.2800,1340.2411,2004.7641,1546.4702,1591.3367,1100.0224,1371.0109,2128.3580,1583.0003,1634.4472,1094.5308,1368.3272,2262.5520,1609.7099,1672.0187,1064.7394,1344.6821,2419.3455,11.00000000000,38,025
38,065,01034205,38065,Oliver,Oliver County,06,H1,G4020,,,,A,1871293986.00000000000,22476269.00000000000,+47.1180789,-101.3314198,38065,92.0223,91.7708,91.0327,91.7687,92.5224,69.8472,69.5419,68.2667,69.5412,70.7920,84.0547,83.5476,80.8016,83.5568,86.2700,87.6763,86.9208,82.7400,86.8962,91.1200,105.0622,104.0083,96.4920,103.9101,111.5202,119.8745,118.6135,107.9920,118.4393,129.1517,131.0141,129.5101,115.3332,129.2590,143.4853,115.4936,114.1164,101.7388,113.8837,126.1899,140.9314,139.3299,123.7429,139.0348,154.4022,141.6715,141.5671,119.5173,136.8712,166.2302,127.7844,129.1219,103.8627,121.9400,156.2901,142.5234,145.4999,110.2762,133.3829,181.6875,153.5304,158.5533,112.4142,139.5695,204.3360,165.2517,170.4227,119.5761,149.2121,222.9762,177.2043,182.4626,126.2528,157.2478,243.8900,182.5840,188.6273,126.4374,157.9607,260.9714,185.4523,192.7290,122.8421,155.0394,278.7353,11.00000000000,38,065
38,087,01035896,38087,Slope,Slope County,06,H1,G4020,,,,A,3146633069.00000000000,10978014.00000000000,+46.4458339,-103.4624620,38087,45.5209,45.3865,45.0164,45.3859,45.7668,29.6364,29.5081,28.9676,29.5077,30.0376,38.6133,38.3601,37.0947,38.3666,39.6196,65.8256,65.2758,62.1362,65.2562,68.4222,36.5646,36.2054,33.5897,36.1715,38.8172,62.7177,62.0119,56.4295,61.9120,67.5581,58.9388,58.2623,51.8847,58.1494,64.5492,57.1191,56.4211,50.2844,56.3025,62.4082,67.3195,66.5256,59.0536,66.3787,73.7507,57.3661,57.3152,48.3799,55.4117,67.3084,54.0028,54.5948,43.9401,51.5664,66.0540,58.1495,59.3920,45.0419,54.4556,74.1318,62.1078,64.1677,45.5229,56.4953,82.6628,61.2617,63.2085,44.3805,55.3535,82.6639,64.8339,66.7869,46.2432,57.5693,89.2346,64.8022,66.9750,44.9242,56.0979,92.6252,63.5954,66.1165,42.1711,53.1979,95.5857,11.00000000000,38,087
38,035,01034218,38035,Grand Forks,Grand Forks County,06,H1,G4020,,24220,,A,3720196548.00000000000,8098075.00000000000,+47.9260026,-097.4508510,38035,2866.1243,2858.1068,2835.0249,2858.0494,2881.6744,2657.5629,2645.6223,2596.9333,2645.6162,2693.4191,3021.6582,3002.2712,2903.3344,3002.7352,3100.6460,4188.7750,4152.6989,3952.9571,4151.5236,4353.3121,4322.6052,4278.1620,3968.9011,4274.0806,4587.5969,4127.0251,4082.3614,3715.9985,4076.1268,4446.0545,3082.2084,3045.9465,2711.7372,3039.8411,3375.5035,5113.1374,5049.9094,4499.9167,5039.1436,5586.5522,6080.3676,6004.3662,5325.5753,5990.2099,6660.7166,6352.4358,6339.0947,5343.4697,6126.4873,7451.5277,7498.0256,7571.6240,6085.8208,7148.9740,9169.8673,7961.7899,8123.3762,6152.1546,7445.2713,10149.0505,8396.0097,8666.1750,6139.7749,7626.8684,11173.9825,8951.2504,9226.9952,6469.6039,8076.8861,12077.6422,9590.4788,9870.8820,6825.6047,8505.1058,13199.2469,10016.2786,10343.8592,6929.1732,8660.5326,14316.2189,10597.2150,11009.3333,7012.9322,8854.8141,15927.4130,11.00000000000,38,035
38,041,01034209,38041,Hettinger,Hettinger County,06,H1,G4020,,,,A,2932439374.00000000000,4036933.00000000000,+46.4349387,-102.4583854,38041,136.3983,136.0214,134.9254,136.0185,137.1390,135.8909,135.2741,132.7812,135.2742,137.7226,134.6908,133.8266,129.4165,133.8473,138.2117,203.8805,202.0668,192.3473,202.0135,211.8521,240.8685,238.3997,221.1669,238.1726,255.6397,301.7446,298.2725,271.3729,297.7774,325.0101,323.6373,319.8624,284.7954,319.2287,354.4375,346.7028,342.4804,305.2452,341.7636,378.8070,436.7466,431.4611,382.8628,430.4802,478.4536,441.9751,441.0489,371.7792,426.2571,518.4457,458.3627,462.9243,372.1424,437.1030,560.5744,501.2221,511.4576,387.4098,468.7849,638.9253,533.6509,550.8848,390.3510,484.8422,710.2245,569.5137,587.1181,411.7260,513.9601,768.4324,609.3214,627.1947,433.7598,540.4372,838.6055,635.0217,655.8442,439.3983,549.1367,907.6373,643.1927,668.2545,425.7329,537.4980,966.7094,11.00000000000,38,041
38,037,01035300,38037,Grant,Grant County,06,H1,G4020,,,,A,4297150375.00000000000,17563260.00000000000,+46.3578269,-101.6390494,38037,123.5284,123.1769,122.1790,123.1747,124.1977,115.9631,115.4353,113.3073,115.4355,117.5258,123.6087,122.8189,118.7722,122.8375,126.8417,158.2403,156.8748,149.3293,156.8306,164.4544,158.8148,157.1872,145.8249,157.0375,168.5542,186.3921,184.2692,167.6648,183.9675,200.7700,158.7969,156.9913,139.8216,156.6909,173.9148,139.3839,137.6760,122.6971,137.3857,152.2901,177.2308,175.1467,155.4811,174.7612,194.1627,202.4180,202.1112,170.4805,195.3644,237.4689,176.2977,178.0784,143.1812,168.1536,215.6151,186.4942,190.3334,144.2009,174.4637,237.7344,199.2665,205.7318,145.8096,181.0791,265.2021,203.8342,210.1652,147.4127,183.9895,275.0318,210.1192,216.3124,149.6304,186.4028,289.1882,211.7622,218.7342,146.5773,183.1574,302.6739,210.2410,218.4587,139.2055,175.7240,315.9908,11.00000000000,38,037
38,013,01034235,38013,Burke,Burke County,06,H1,G4020,,,,A,2858226820.00000000000,65673353.00000000000,+48.7864534,-102.5200874,38013,134.1308,133.7364,132.6464,133.7346,134.8558,148.9765,148.2845,145.5434,148.2857,150.9800,191.3414,190.0759,183.8036,190.1096,196.3219,263.1146,260.7603,248.2176,260.6925,273.3935,331.9148,328.5150,304.7683,328.2020,352.2708,366.2490,362.0033,329.3362,361.3964,394.4789,384.6121,379.9294,338.1019,379.1318,421.1926,396.9993,391.9333,349.0905,391.0653,433.7475,480.6621,474.4670,420.6367,473.3092,526.5168,517.7826,516.4799,435.1549,499.0996,607.3166,508.4889,513.2443,412.3053,484.5220,621.8288,535.5165,546.1471,413.3826,500.4757,682.6047,562.0324,579.8832,410.5982,510.2521,747.9704,584.6795,602.4630,422.1898,527.2780,788.8694,597.4169,614.6646,424.8015,529.5278,822.1992,604.0946,623.6470,417.5457,522.0716,863.4152,603.0954,626.3658,398.7839,503.7087,906.4296,11.00000000000,38,013
38,027,01034222,38027,Eddy,Eddy County,06,H1,G4020,,,,A,1632134239.00000000000,36114074.00000000000,+47.7234355,-098.9004745,38027,121.2977,120.9590,119.9825,120.9566,121.9558,102.9928,102.5329,100.6474,102.5325,104.3832,110.6442,109.9348,106.3121,109.9517,113.5368,118.6520,117.6376,111.9794,117.6038,123.3175,141.4003,139.9465,129.8300,139.8130,150.0686,175.5889,173.6151,157.9875,173.3359,189.1410,158.9742,157.1243,139.9024,156.8140,174.1041,176.1244,173.9139,154.9402,173.5364,192.4295,190.7799,188.3135,166.9409,187.8524,208.9792,191.4737,190.8942,160.7423,184.4439,224.5592,191.9431,193.7547,155.6650,182.9169,234.7290,198.5260,202.4820,153.2751,185.5547,253.0561,200.5910,206.9736,146.5635,182.1250,266.9538,210.3407,216.7503,151.9049,189.7054,283.7999,219.9331,226.2961,156.4098,194.9574,302.6856,220.8431,228.0029,152.6661,190.8723,315.6456,220.4315,228.9475,145.7746,184.1187,331.3009,11.00000000000,38,027
38,073,01035301,38073,Ransom,Ransom County,06,H1,G4020,,,,A,2233494202.00000000000,3581125.00000000000,+46.4492764,-097.6475541,38073,331.2240,330.2756,327.5969,330.2700,333.0179,310.9260,309.5262,303.8284,309.5257,315.1202,317.2205,315.2498,304.8757,315.2910,325.5491,333.6968,330.8899,314.9746,330.7917,346.8475,318.0351,314.8371,292.0844,314.5396,337.5792,446.6624,441.4981,401.6661,440.7606,481.0944,461.3558,455.7654,405.6126,454.8146,505.2385,404.5012,399.2966,355.6061,398.4035,441.9413,389.9654,385.0575,341.4925,384.1427,427.1821,400.6163,399.6661,336.7899,386.2323,469.9041,401.4323,405.3622,325.8068,382.7315,490.9383,402.1143,410.2645,310.6989,376.0137,512.5817,395.2473,407.9547,289.0151,359.0259,526.0211,400.0276,412.3399,289.1054,360.9390,539.7438,410.8721,422.8747,292.4021,364.3597,565.4770,403.4983,416.6848,279.1192,348.8708,576.7176,389.4210,404.5563,257.6915,325.3810,585.2918,11.00000000000,38,073
38,103,01034204,38103,Wells,Wells County,06,H1,G4020,,,,A,3291995693.00000000000,50053244.00000000000,+47.5808513,-099.6715023,38103,237.3112,236.6491,234.7388,236.6443,238.5990,169.7374,168.9763,165.8673,168.9758,172.0279,175.8409,174.7350,168.9819,174.7595,180.4500,195.8106,194.0823,184.7470,194.0303,203.4754,233.6428,231.2144,214.4980,230.9928,247.9487,312.6580,309.0338,281.1468,308.5157,336.7573,300.9874,297.1691,264.3157,296.5100,329.5967,309.0069,305.0810,271.7494,304.4089,337.6111,356.4958,351.7374,311.6634,350.8449,390.4853,341.3565,340.3513,286.6194,328.8584,400.3477,319.7349,322.5537,258.9550,304.4498,390.9745,324.9684,331.2412,250.5417,303.4802,414.2046,326.7397,336.9359,238.3921,296.4094,434.8195,332.4643,342.3971,239.7586,299.5961,448.5561,334.2853,343.7617,237.3924,296.0763,460.0485,322.4020,332.6690,222.5445,278.4161,460.7882,314.7396,326.7308,207.8420,262.6845,473.0322,11.00000000000,38,103
38,067,01034212,38067,Pembina,Pembina County,06,H1,G4020,,,,A,2897404213.00000000000,6996073.00000000000,+48.7668959,-097.5454045,38067,318.3546,317.4510,314.8804,317.4452,320.0799,283.9429,282.6584,277.4518,282.6584,287.7714,324.5363,322.4188,311.7858,322.4727,333.0001,370.2981,367.0376,349.3832,366.9386,384.7981,313.0583,309.8851,287.4880,309.5912,332.2799,342.2756,338.3145,307.7894,337.7486,368.6597,285.8034,282.2360,251.0856,281.6234,312.9761,268.6684,265.1707,236.1153,264.5692,293.5336,262.3567,258.8704,229.3929,258.2168,287.3725,266.6331,265.7660,223.7306,256.7696,312.6912,246.6485,248.8667,199.8384,234.9121,301.6110,244.2828,249.0532,188.4318,228.1992,311.3695,240.7152,248.2949,175.7444,218.4556,320.3456,242.2338,249.5521,174.8286,218.3894,326.8257,246.8563,253.9534,175.4784,218.7663,339.7354,246.7813,254.7586,170.5555,213.2610,352.7167,252.9262,262.6937,167.2569,211.2556,380.1390,11.00000000000,38,067
38,007,01035616,38007,Billings,Billings County,06,H1,G4020,,19860,,A,2975515808.00000000000,11971761.00000000000,+47.0092826,-103.3649241,38007,50.2277,50.0807,49.6729,50.0800,50.4993,68.8853,68.5520,67.2778,68.5535,69.8079,95.6525,95.0235,91.8886,95.0399,98.1443,104.4957,103.5277,98.5479,103.5031,108.5569,139.6731,138.1992,128.2057,138.0659,148.2106,166.2656,164.2887,149.4317,164.0038,179.0667,152.2433,150.3822,133.8195,150.0648,166.7224,169.7341,167.5802,149.2737,167.2115,185.4462,182.6101,180.2395,159.7731,179.7961,200.0289,198.0875,197.5069,166.3288,190.8383,232.3205,204.2248,206.1046,165.5418,194.5613,249.7407,215.7552,220.0082,166.4959,201.5998,275.0122,220.6570,227.6333,161.1483,200.2876,293.6544,233.0519,240.1107,168.2326,210.1340,314.4389,240.3060,247.2160,170.8243,212.9630,330.7206,242.9817,250.8203,167.9013,209.9576,347.2850,244.1017,253.4976,161.3665,203.8472,366.8743,11.00000000000,38,007
38,019,01035304,38019,Cavalier,Cavalier County,06,H1,G4020,,,,A,3855846875.00000000000,54931561.00000000000,+48.7684388,-098.4637903,38019,186.8558,186.3307,184.8246,186.3271,187.8693,160.4913,159.7609,156.8158,159.7612,162.6540,157.6108,156.6007,151.4403,156.6248,161.7315,187.2805,185.6509,176.7212,185.5995,194.6263,199.7087,197.6208,183.3320,197.4309,211.9287,291.7456,288.5168,262.5790,288.0625,314.2775,220.0291,217.4426,193.5860,217.0072,240.9668,210.6000,208.0218,185.3918,207.5837,230.1006,223.4605,220.6820,195.7491,220.1648,244.7908,264.0555,263.4525,222.0279,254.6034,309.7303,216.9398,219.1027,176.1392,206.8827,265.3166,225.4002,230.0117,174.2337,210.8240,287.3265,237.5080,245.1911,173.7527,215.8014,316.0955,242.0948,249.5930,175.0462,218.4982,326.6546,249.4574,256.7925,177.6133,221.2786,343.3281,236.7707,244.5500,163.8592,204.7676,338.4177,232.0984,241.1562,153.6525,193.9755,348.8414,11.00000000000,38,019
38,079,01034228,38079,Rolette,Rolette County,06,H1,G4020,,,,A,2338963694.00000000000,93918521.00000000000,+48.7682715,-099.8404634,38079,792.0667,789.9251,783.5842,789.9058,796.3747,756.6762,753.3389,739.5080,753.3329,766.9033,896.9098,891.3386,862.0069,891.4551,920.4586,998.4597,990.1857,942.5594,989.8833,1037.8874,1087.7279,1077.1509,999.3390,1076.1469,1154.8095,1158.3471,1145.3715,1042.3022,1143.5380,1247.7624,942.0941,931.1000,829.0170,929.2541,1031.7517,1111.8923,1098.3517,978.9375,1096.0534,1214.8522,1394.7735,1377.9942,1222.8841,1374.8821,1527.9791,1346.5969,1343.8675,1132.8927,1298.8220,1579.6077,1135.3992,1146.8945,922.1682,1082.9829,1388.6172,1237.4270,1262.8947,956.7917,1157.5947,1577.4154,1279.6669,1321.1919,936.3819,1162.8759,1703.0988,1282.4907,1322.3358,927.5160,1157.6458,1730.4548,1290.2896,1328.3391,918.8754,1144.6768,1775.8342,1298.7523,1341.5297,898.9998,1123.3392,1856.3217,1315.1782,1366.5952,870.8297,1099.2680,1976.7046,11.00000000000,38,079
38,071,01034215,38071,Ramsey,Ramsey County,06,H1,G4020,,,,A,3073936800.00000000000,295415855.00000000000,+48.2655513,-098.7373289,38071,581.5102,579.8866,575.2051,579.8749,584.6657,565.6853,563.1200,552.7441,563.1204,573.3109,604.2333,600.3736,580.5928,600.4644,620.0379,742.5011,736.1393,700.7316,735.9287,771.6880,697.1708,690.3294,640.4555,689.6835,740.1252,804.0629,795.0503,723.5020,793.7765,866.1286,617.1959,609.7493,542.6806,608.4846,675.9053,725.5065,716.5978,638.6148,715.0831,792.6833,878.6096,867.6901,769.6624,865.6575,962.4774,959.0035,956.8271,806.3913,924.6922,1124.8900,851.6933,859.9855,691.1636,811.9600,1041.5851,894.7017,912.7914,691.2251,836.5721,1140.4856,938.2995,968.4245,686.0376,852.2592,1248.7471,956.9890,986.4033,691.5594,863.4258,1291.2293,982.4375,1011.0981,699.0956,871.1724,1352.1104,996.2061,1028.7274,689.0613,861.2908,1423.8684,1027.5565,1067.4639,679.9119,858.5393,1544.3946,11.00000000000,38,071
38,011,01035619,38011,Bowman,Bowman County,06,H1,G4020,,,,A,3009066810.00000000000,13587996.00000000000,+46.1078074,-103.5065860,38011,139.0171,138.6141,137.4874,138.6120,139.7693,158.1020,157.3730,154.4669,157.3740,160.2298,199.2421,197.9543,191.4288,197.9860,204.4451,256.7997,254.5621,242.3178,254.4918,266.8704,242.6274,240.1597,222.8013,239.9316,257.5191,285.0044,281.7396,256.3403,281.2747,306.9835,287.0162,283.5259,252.3155,282.9317,314.3148,310.0345,306.1497,272.7555,305.4865,338.7370,404.6160,399.4549,354.1903,398.4914,443.2226,413.6772,412.5922,347.5830,398.6959,485.1987,389.4901,393.1964,315.9274,371.2119,476.3161,415.8349,424.1565,321.1134,388.7094,530.0586,435.3787,449.2722,318.1820,395.3490,579.4214,453.0413,466.8844,327.2451,408.6443,611.2644,475.4049,489.1959,338.1584,421.4645,654.2846,489.0742,504.9680,338.1580,422.7489,699.0243,499.7337,519.0771,330.5472,417.4555,751.0847,11.00000000000,38,011
32,013,00863310,32013,Humboldt,Humboldt County,06,H1,G4020,,,,A,24969444419.00000000000,44197034.00000000000,+41.4079136,-118.1275915,32013,972.8542,970.0833,962.2231,970.0661,978.1254,1024.3890,1019.7113,1000.9051,1019.7142,1038.1887,972.0203,965.7838,933.9575,965.9331,997.4295,1283.7295,1272.4435,1211.2392,1272.0990,1334.0082,1295.1971,1281.8731,1189.2080,1280.6498,1374.5926,1303.9204,1288.8983,1172.6481,1286.7554,1404.4517,1226.6617,1211.7582,1078.3800,1209.2213,1343.3333,1191.6980,1176.6844,1048.2527,1174.1185,1302.0187,1375.2928,1358.1954,1204.7475,1355.0127,1506.5708,1400.0400,1396.8543,1177.2282,1349.9390,1642.2139,1061.1363,1071.6467,861.4439,1011.8564,1297.7542,1096.6986,1119.0518,847.5971,1025.6708,1397.9949,1117.1997,1153.2411,817.1360,1014.9711,1486.8538,1101.6906,1135.7220,796.4194,994.1958,1486.4850,1094.8855,1126.9900,779.3991,971.0927,1506.8836,1068.5247,1103.5607,739.3554,924.0083,1527.2436,1031.4890,1071.6856,682.7572,861.9924,1550.3135,11.00000000000,32,013
04,007,00040471,04007,Gila,Gila County,06,H1,G4020,,37740,,A,12322988718.00000000000,97111978.00000000000,+33.7896177,-110.8118696,04007,2686.0394,2678.6218,2657.0394,2678.5636,2700.6262,2192.6717,2183.0655,2143.0200,2183.0435,2222.3256,2109.6157,2096.5373,2027.5514,2096.8084,2165.0189,2586.1481,2564.2404,2440.9033,2563.4898,2687.9667,2817.4378,2789.8959,2588.3447,2787.2897,2991.0968,2973.0959,2940.1062,2675.7335,2935.4601,3202.6868,2470.4765,2441.4650,2173.6286,2436.5834,2705.5668,2400.7112,2371.4210,2113.5426,2366.4474,2623.0111,2601.2074,2569.5159,2279.8769,2563.6297,2849.5831,2504.5406,2499.8122,2107.6976,2416.1141,2938.0026,1891.0231,1910.5671,1536.5818,1804.2224,2312.8259,1925.0741,1965.1368,1489.2624,1801.4355,2454.0499,1939.0837,2002.4584,1419.6759,1762.6764,2580.7515,1886.7582,1945.8329,1365.3182,1703.6704,2545.8291,1804.3136,1857.9855,1285.7487,1601.2807,2483.3260,1695.1269,1751.4221,1174.1895,1466.7579,2422.8968,1610.9509,1674.3689,1067.4528,1347.0216,2421.2761,11.00000000000,04,007
04,027,00023901,04027,Yuma,Yuma County,06,H1,G4020,,49740,,A,14281174361.00000000000,13253868.00000000000,+32.7739424,-113.9109050,04027,10251.2756,10222.6989,10140.1928,10222.4892,10306.9082,9793.5848,9750.3406,9571.3040,9750.2660,9925.9377,9617.5999,9556.0847,9241.2173,9557.5395,9869.1170,11701.9261,11600.2881,11042.3201,11597.0630,12161.0377,12695.6898,12565.6021,11657.2955,12553.6319,13474.2753,14656.3365,14484.8954,13176.7990,14460.3159,15785.5769,13920.2243,13743.5760,12224.1114,13713.0830,15243.3550,13865.9548,13681.0227,12177.5374,13649.0726,15148.9905,13922.6143,13733.9637,12166.3395,13698.5258,15249.7010,13305.9769,13259.8020,11159.7554,12810.1635,15603.7402,12474.6734,12579.6143,10094.4800,11872.0047,15253.3160,12093.0685,12321.0213,9313.8338,11286.5325,15413.1588,11725.7815,12086.0206,8545.5216,10630.1956,15603.9623,11323.2071,11655.5814,8155.5731,10196.2355,15276.5802,10801.7968,11101.9146,7660.2186,9559.4144,14865.1077,9982.4728,10294.4569,6880.1399,8613.1348,14266.8851,9262.5524,9609.8661,6106.6859,7723.7596,13920.6430,11.00000000000,04,027
32,009,00858641,32009,Esmeralda,Esmeralda County,06,H1,G4020,,,,A,9277017113.00000000000,18552056.00000000000,+37.7789658,-117.6323824,32009,42.9677,42.8491,42.5039,42.8482,43.2010,53.4802,53.2305,52.2458,53.2310,54.1991,61.2519,60.8622,58.8573,60.8712,62.8549,79.4111,78.7111,74.9251,78.6899,82.5202,87.3344,86.4651,80.2172,86.3838,92.7072,116.4659,115.1470,104.7760,114.9599,125.4520,103.7800,102.5538,91.2966,102.3470,113.6548,89.2907,88.2265,78.6575,88.0466,97.5602,114.4376,113.0628,100.3383,112.8079,125.3670,91.4388,91.2524,76.9256,88.1934,107.2609,110.3262,111.4398,89.6007,105.2287,134.9308,117.4903,119.9053,90.8395,109.9066,149.7709,117.3866,121.1951,85.8951,106.6722,156.2288,120.7121,124.4624,87.3008,108.9613,162.8759,122.7479,126.3687,87.4164,108.8968,168.9389,120.1246,124.0833,83.1542,103.9028,171.6957,117.3491,121.9400,77.7068,98.0879,176.3752,11.00000000000,32,009
32,019,00858645,32019,Lyon,Lyon County,06,H1,G4020,456,22280,,A,5183049296.00000000000,59602504.00000000000,+39.0222136,-119.1974170,32019,3130.4940,3121.7157,3096.4938,3121.6540,3147.4754,2825.5489,2812.9797,2761.2780,2812.9646,2863.7076,2576.3772,2560.1253,2475.8221,2560.4889,2643.8814,2934.7213,2909.7926,2769.8348,2908.9455,3050.2201,3080.1286,3048.9073,2828.5465,3046.0160,3269.2465,3216.0059,3179.0443,2892.3721,3173.7758,3463.9836,2594.5464,2563.3591,2281.5095,2558.0695,2841.3606,2622.4260,2588.8770,2305.7984,2583.1263,2865.1658,2601.3661,2567.4223,2275.7111,2561.0706,2849.4836,2149.7150,2142.8554,1804.0519,2070.3535,2521.0876,1880.1147,1896.5097,1522.3990,1790.0093,2298.9907,1802.2989,1836.8132,1389.0413,1682.7775,2297.1762,1662.6878,1714.1709,1212.4229,1507.8407,2212.6400,1533.1145,1578.4111,1104.7387,1380.9019,2068.4108,1427.3950,1467.3145,1012.7099,1263.5521,1964.3589,1281.4133,1321.6681,883.5436,1105.8953,1831.4021,1132.9835,1175.5944,747.1902,944.9175,1702.7630,11.00000000000,32,019
32,031,00858608,32031,Washoe,Washoe County,06,H1,G4020,456,39900,,A,16323051686.00000000000,621198199.00000000000,+40.7033108,-119.7103147,32031,29085.2341,29003.7901,28769.5136,29003.2125,29243.0246,28554.6587,28428.0648,27905.7961,28427.8831,28940.4088,29167.1855,28984.7234,28030.6196,28988.6610,29932.2575,35035.0499,34740.8130,33069.8272,34730.4692,36416.0356,40832.9741,40430.4708,37509.3488,40392.5726,43347.6035,38573.3015,38145.7760,34716.0400,38085.5887,41552.1839,34858.6813,34447.4295,30666.7465,34378.1191,38175.6121,35662.2847,35224.3973,31391.1630,35149.9461,38964.3621,38201.2087,37732.3104,33475.5101,37645.1471,41848.4199,35354.6707,35280.3647,29739.1397,34097.0783,41471.6857,35818.0441,36175.7849,29082.7389,34158.3467,43805.4262,36101.4396,36840.3230,27906.7928,33767.1718,46019.9666,35535.3768,36684.9092,25996.4722,32287.6824,47293.4432,35197.5768,36287.7349,25449.5654,31766.9471,47491.5167,34348.6643,35358.5853,24456.0487,30468.5241,47274.0563,33166.7995,34256.7571,22953.7792,28684.1052,47405.5154,32057.6055,33308.9932,21223.1645,26792.4305,48182.2637,11.00000000000,32,031
04,025,00042809,04025,Yavapai,Yavapai County,06,H1,G4020,,39140,,A,21039764981.00000000000,11501683.00000000000,+34.6300439,-112.5737449,04025,12589.5062,12554.6543,12453.4533,12554.3854,12657.8628,12472.4795,12417.6897,12189.8250,12417.5752,12641.1172,12491.7279,12413.9612,12005.4107,12415.6040,12819.6057,14149.4387,14030.6570,13355.8023,14026.4768,14707.2033,15161.6780,15012.4196,13927.7817,14998.3555,16095.5129,14968.5554,14802.6105,13471.6619,14779.2462,16124.5135,13893.3436,13730.3203,12224.1763,13702.8966,15215.4480,13582.2375,13415.9178,11956.4066,13387.6545,14839.8836,13714.3094,13546.9304,12019.6035,13515.8357,15023.7819,12447.1876,12422.5274,10472.8495,12006.2866,14601.1464,12174.4699,12296.9839,9886.7654,11611.4948,14889.5123,11950.8032,12196.3777,9239.8111,11179.3136,15234.2906,11475.0729,11847.2908,8396.5038,10427.5968,15272.0735,11101.6102,11446.4804,8028.7757,10020.8647,14979.3136,10616.5405,10929.7090,7560.7018,9418.5557,14611.6236,9983.0862,10312.1506,6910.7586,8635.0546,14268.9570,9325.4507,9690.4106,6175.4158,7794.9770,14016.1178,11.00000000000,04,025
32,021,00858644,32021,Mineral,Mineral County,06,H1,G4020,,,,A,9719820866.00000000000,155746727.00000000000,+38.5166470,-118.4162794,32021,203.5640,202.9975,201.3597,202.9933,204.6689,167.9094,167.1808,164.1178,167.1786,170.1823,166.0988,165.0220,159.5814,165.0488,170.4345,232.4258,230.4767,219.3911,230.4079,241.5892,286.6768,283.7688,263.2591,283.4996,304.2772,260.3114,257.4023,234.2436,256.9915,280.4074,212.1119,209.6990,186.7638,209.2975,232.3054,229.7856,226.9109,202.1646,226.4203,251.0590,218.3966,215.5339,191.0316,214.9980,239.2256,257.3826,256.8108,216.4459,248.1892,301.9071,197.6222,199.4645,160.2305,188.3002,241.6704,193.1131,196.9388,149.0565,180.4671,246.1538,200.4834,206.8445,146.4541,182.0047,266.8090,191.3135,197.1222,138.1275,172.5181,258.1257,181.8862,187.1249,129.3108,161.2013,250.3212,170.9474,176.4658,118.1317,147.7182,244.3293,157.5509,163.6139,104.1485,131.5677,236.7920,11.00000000000,32,021
32,005,00858643,32005,Douglas,Douglas County,06,H1,G4020,472,23820,,A,1838164305.00000000000,72317550.00000000000,+38.9051292,-119.6090191,32005,2751.1072,2743.4471,2721.3096,2743.3905,2766.0384,2286.6715,2276.5182,2234.6865,2276.5047,2317.5580,2314.3964,2299.7034,2223.9545,2300.0407,2374.9837,2722.6792,2699.5013,2569.6582,2698.7189,2829.8007,2799.3239,2771.0674,2570.7980,2768.4443,2971.2788,2893.8442,2861.0179,2603.2999,2856.3594,3117.1069,2484.2389,2453.8465,2183.5647,2448.6614,2720.4986,2364.7367,2334.8765,2079.9635,2329.7710,2583.6467,2271.9396,2242.6384,1988.1825,2237.1622,2488.6784,1696.6556,1691.9827,1425.1760,1634.9358,1989.9400,1784.3607,1801.1047,1446.9375,1700.3282,2182.0960,1695.2326,1728.8585,1308.5590,1584.2741,2160.8521,1550.7568,1599.8876,1132.7098,1407.7305,2063.7850,1427.4152,1470.6380,1030.3850,1287.0314,1925.8998,1305.2577,1342.6980,927.6955,1156.6226,1796.3505,1203.7979,1242.7735,832.0788,1040.3643,1720.5550,1130.0097,1173.8251,747.5763,944.0533,1698.3752,11.00000000000,32,005
32,011,00858640,32011,Eureka,Eureka County,06,H1,G4020,,21220,,A,10814970882.00000000000,11082875.00000000000,+39.9777878,-116.2722082,32011,137.2382,136.8476,135.7390,136.8452,137.9819,136.4630,135.8376,133.3312,135.8382,138.3007,151.7283,150.7331,145.7609,150.7589,155.6824,109.1116,108.1567,102.9544,108.1271,113.3879,173.6582,171.9443,159.5211,171.7831,184.3513,162.8429,161.0336,146.5520,160.7787,175.4174,164.8434,162.8726,144.9738,162.5390,180.5258,165.9777,163.7897,145.8156,163.4125,181.3374,232.5431,229.4005,203.2248,228.8103,254.7098,177.1425,176.5634,148.6340,170.5858,207.7413,162.3301,163.7571,131.4648,154.5647,198.4980,165.6137,168.8031,127.6707,154.6534,211.0903,159.0011,163.9652,116.0127,144.2445,211.5960,160.3865,165.1841,115.6738,144.5378,216.3916,150.5812,154.8696,106.9695,133.3946,207.2337,139.7438,144.2268,96.5191,120.7195,199.7290,128.8268,133.7762,85.1458,107.5706,193.6205,11.00000000000,32,011
32,015,00863368,32015,Lander,Lander County,06,H1,G4020,,,,A,14219305794.00000000000,76103225.00000000000,+39.9002105,-117.0472398,32015,389.1541,388.0493,384.9070,388.0422,391.2631,333.3497,331.8529,325.7461,331.8521,337.8476,325.8818,323.8117,313.1456,323.8594,334.4122,433.4250,429.7457,409.0754,429.6204,450.4843,473.3347,468.5335,434.6698,468.0891,502.3950,492.8821,487.1409,443.1638,486.3189,530.8647,435.9772,430.5729,383.0840,429.6470,477.4321,408.0848,402.8015,358.6948,401.8937,445.8547,462.0198,456.3404,404.8494,455.2845,506.1295,445.1824,443.9615,373.9588,428.9944,522.1380,351.1696,354.4501,284.7374,334.6131,429.4431,362.1408,369.3252,279.5402,338.4389,461.6081,357.9987,369.3608,261.5251,325.0056,476.4352,343.8296,354.2766,248.2563,310.0600,463.9056,332.0228,341.5987,236.0722,294.2800,456.9479,320.3439,330.7056,221.4075,276.8397,457.8579,306.3310,318.1453,202.5451,255.8427,460.4036,11.00000000000,32,015
04,021,00025447,04021,Pinal,Pinal County,06,H1,G4020,,38060,,A,13896869603.00000000000,22331525.00000000000,+32.9189100,-111.3672569,04021,21443.2249,21383.1791,21210.4568,21382.7524,21559.5567,23465.8637,23362.5963,22933.7949,23362.3934,23783.0872,21592.2086,21460.8097,20755.2056,21463.3002,22160.6499,19637.7076,19482.6035,18545.5460,19476.1351,20418.0453,15556.1095,15415.2453,14302.5849,15401.2798,16522.3296,17580.0610,17392.2663,15833.0038,17366.1764,18939.7601,22633.1207,22362.1588,19904.3450,22316.2631,24786.2914,24215.4445,23909.9301,21299.7957,23857.7025,26457.1490,23601.7101,23301.3135,20661.5836,23245.2504,25853.7533,16416.8931,16374.0727,13794.3588,15822.6508,19255.3031,14382.5966,14516.1225,11660.3269,13703.4643,17588.2540,14576.6259,14864.7406,11249.9867,13621.2533,18580.1793,14188.9128,14637.8693,10362.9372,12879.5484,18882.9017,13986.4033,14409.8517,10096.0234,12610.7813,18870.7548,13799.6637,14195.9994,9808.8178,12228.8767,18991.7191,13214.6765,13640.2084,9130.0240,11417.6739,18887.2075,12346.6356,12820.8107,8159.9900,10309.2559,18556.3892,11.00000000000,04,021
32,017,00863992,32017,Lincoln,Lincoln County,06,H1,G4020,,,,A,27539866410.00000000000,9802762.00000000000,+37.6346050,-114.8630367,32017,294.2271,293.3993,291.0273,293.3936,295.8227,270.5999,269.4016,264.4530,269.3998,274.2559,307.5815,305.6435,295.5794,305.6867,315.6418,326.4037,323.7131,308.1431,323.6133,339.3020,295.2167,292.3676,271.2493,292.0959,313.4373,323.2540,319.7961,291.1224,319.3154,348.2541,245.3949,242.5579,215.9885,242.0832,268.7518,243.7390,240.7137,214.4859,240.1982,266.3056,247.9409,244.8816,217.2387,244.3125,271.6108,170.9939,170.6008,143.7736,164.8699,200.5708,199.5430,201.5040,161.9644,190.2567,244.0356,200.9717,205.0483,155.2890,187.9310,256.1823,188.5562,194.6111,137.8648,171.2674,250.9423,183.9739,189.6241,132.9392,165.9813,248.2288,178.5823,183.7848,127.0653,158.3480,245.7788,166.1607,171.5735,114.9104,143.6432,237.4912,160.4880,166.7055,106.1639,134.0713,241.2090,11.00000000000,32,017
32,033,00858615,32033,White Pine,White Pine County,06,H1,G4020,,,,A,22987820587.00000000000,54678887.00000000000,+39.4178040,-114.9009447,32033,523.4651,521.9731,517.7433,521.9639,526.3012,462.4931,460.3834,451.8938,460.3845,468.7241,484.8930,481.7051,465.8137,481.7885,497.5252,525.7383,521.2268,496.1562,521.0782,546.4000,591.0163,585.0311,542.7482,584.4765,627.3080,617.1966,609.9982,554.9242,608.9671,664.7564,670.2866,661.8007,588.6511,660.3369,734.0003,683.9144,674.8276,600.7016,673.2588,747.2000,783.7743,773.1137,684.8271,771.1103,858.4778,686.0106,683.6753,575.4404,660.5042,804.4865,571.1327,575.8936,462.0829,543.4858,698.3412,573.9647,584.7675,442.0272,535.6641,731.5418,567.5147,584.9523,413.5979,514.4926,755.2145,551.3360,567.5368,397.1312,496.4848,743.8304,533.6180,548.4815,378.4869,472.2907,734.3520,510.9717,527.0086,352.2923,440.9641,730.2821,483.1218,501.3166,318.6579,402.9581,726.0862,11.00000000000,32,033
32,003,00863600,32003,Clark,Clark County,06,H1,G4020,332,29820,,A,20438710673.00000000000,438695269.00000000000,+36.2142360,-115.0138188,32003,147032.6240,146620.6636,145436.2139,146617.7520,147830.2588,159184.2383,158480.2344,155569.6064,158479.0967,161335.1807,162008.3477,160996.2705,155696.9980,161017.9834,166258.7129,185064.3350,183519.5938,174692.5801,183464.3135,192365.1328,196197.5762,194283.6416,180248.3145,194102.3076,208293.2881,206535.0439,204262.0313,185906.8311,203942.8262,222489.7188,199938.2451,197606.1514,175942.2451,197214.6611,218966.1758,204663.1211,202183.3623,180214.3428,201762.8936,223615.4277,221920.5430,219221.4063,194515.2197,218720.1777,243111.1348,213314.3926,212893.3379,179481.8672,205760.3613,250228.3691,227322.5742,229618.6641,184621.2773,216821.3105,278019.4219,230481.7715,235224.6660,178209.7520,215611.4492,293807.5449,229540.5410,236990.7715,167966.5469,208593.2188,305493.8926,232366.5605,239586.8652,168052.6396,209747.9805,313530.4980,234021.1113,240923.1016,166658.9590,207612.3281,322084.8945,231091.1348,238704.5195,159965.1904,199881.6641,330301.3496,226624.5283,235487.5938,150062.3838,189423.9004,340615.4473,11.00000000000,32,003
35,013,00929109,35013,Do0a Ana,Do0a Ana County,06,H1,G4020,,29740,,A,9861408558.00000000000,17789635.00000000000,+32.3509119,-106.8321821,35013,10123.2939,10095.4258,10014.1304,10095.2027,10178.2818,10065.5393,10021.5331,9837.7501,10021.4261,10201.6930,9900.2055,9838.5167,9514.7130,9839.8252,10160.0308,11176.2402,11082.5041,10549.4513,11079.1964,11616.8583,9700.6644,9604.6062,8910.6299,9595.5862,10297.7762,13470.5255,13319.4697,12120.7784,13298.1179,14510.2963,11202.7827,11070.3208,9855.0651,11047.9795,12268.7344,12183.0730,12032.4059,10721.9263,12006.7516,13311.0776,12451.6283,12296.3554,10906.6331,12267.4409,13640.1359,11164.0443,11138.0042,9386.1750,10763.7467,13095.0070,11714.3308,11827.9511,9505.6222,11167.2901,14326.0638,11585.8546,11819.6215,8950.1065,10832.5007,14768.5510,11215.0892,11574.6257,8198.9970,10186.0170,14925.6881,11044.4377,11383.3709,7980.2436,9963.9648,14901.7991,11071.0881,11393.5439,7877.1985,9816.5827,15236.8899,10465.9816,10807.1230,7238.2446,9047.9291,14958.8974,9970.6727,10357.3981,6596.4724,8330.0268,14985.6685,11.00000000000,35,013
35,005,01702364,35005,Chaves,Chaves County,06,H1,G4020,,40740,,A,15708988921.00000000000,25507475.00000000000,+33.3616045,-104.4698374,35005,3513.6724,3503.9212,3475.6640,3503.8473,3532.7469,3517.7340,3502.2770,3438.0081,3502.2450,3565.2954,3711.8302,3688.5639,3567.1354,3689.0705,3809.1679,4436.0298,4398.8452,4187.2670,4397.5308,4610.9312,4259.2237,4217.5662,3912.8735,4213.6254,4521.7363,4340.3260,4292.2609,3906.3639,4285.4963,4675.5262,3636.0254,3593.3989,3199.2561,3586.2305,3982.0375,4555.4421,4499.0530,4008.9973,4489.4497,4977.2177,4721.1318,4662.0684,4134.9703,4651.0658,5171.7403,3877.4711,3868.7563,3260.5784,3738.8476,4548.2086,3592.3110,3627.2920,2915.2318,3424.7290,4393.2463,3639.0146,3712.5850,2811.4056,3402.5771,4638.6891,3532.7792,3646.1728,2582.9406,3208.7930,4701.6386,3385.0305,3489.0275,2446.0814,3054.0229,4567.2909,3265.4960,3360.6989,2323.5969,2895.5876,4494.2362,3091.8721,3192.7346,2138.4757,2673.0524,4419.1800,2938.8794,3052.9379,1944.4514,2455.3815,4417.0656,11.00000000000,35,005
35,061,00933052,35061,Valencia,Valencia County,06,H1,G4020,,10740,,A,2761380350.00000000000,5489464.00000000000,+34.7168404,-106.8065821,35061,4367.6499,4355.4835,4320.3354,4355.3935,4391.3539,4011.3420,3993.6131,3920.2731,3993.5837,4065.5475,3658.2680,3635.5044,3515.8603,3635.9843,3754.2948,3983.9538,3950.5037,3760.4900,3949.3270,4140.9959,3982.7320,3943.2498,3658.3283,3939.5449,4227.8547,4476.9651,4426.4873,4027.9491,4419.3387,4822.4561,4148.6134,4099.2410,3648.9580,4090.8951,4543.3198,3666.3373,3620.2600,3225.2322,3612.3890,4005.7528,3701.6638,3655.1459,3241.6779,3646.4762,4054.9438,2837.4974,2830.8065,2385.4966,2735.6665,3328.2607,3034.9496,3064.8938,2463.6060,2893.8581,3711.6800,2899.8857,2958.9298,2241.1039,2711.9961,3696.5646,2646.5037,2731.8757,1935.6817,2404.3304,3522.1666,2500.1252,2577.3728,1807.3885,2256.2047,3373.3614,2357.1372,2426.2963,1678.0130,2090.6823,3244.1156,2108.0393,2177.2229,1458.7487,1823.0087,3013.0273,1847.9957,1920.0901,1223.3555,1544.4259,2777.5165,11.00000000000,35,061
35,039,01702368,35039,Rio Arriba,Rio Arriba County,06,H1,G4020,492,21580,,A,15179497392.00000000000,91459754.00000000000,+36.5096687,-106.6939829,35039,2226.5835,2220.3621,2202.4341,2220.3171,2238.6648,2158.9145,2149.3837,2109.9173,2149.3670,2188.0913,1938.8789,1926.7777,1863.3594,1927.0363,1989.7525,1945.6655,1929.4447,1836.6414,1928.8621,2022.4348,1959.1334,1940.1317,1799.9835,1938.3251,2079.9877,1905.7974,1884.7235,1715.2968,1881.7592,2052.9897,1705.8997,1686.0052,1501.1684,1682.6657,1868.2489,1570.8825,1551.7589,1383.0562,1548.5131,1716.3448,1506.2006,1487.9061,1320.2449,1484.5093,1650.0266,1433.4819,1430.7627,1206.3243,1382.8548,1681.5722,1234.8332,1247.1882,1002.6707,1177.6422,1510.2032,1141.0093,1164.3779,882.0397,1067.2530,1454.4926,1056.8658,1091.0678,773.1902,960.2924,1406.5663,972.9327,1003.0725,703.4874,878.1102,1312.7628,887.7521,913.8500,632.0677,787.4638,1221.8127,799.0084,825.2581,552.9562,691.0075,1142.0272,710.8751,738.6146,470.6044,594.1080,1068.4375,11.00000000000,35,039
35,047,00929114,35047,San Miguel,San Miguel County,06,H1,G4020,,29780,,A,12213918594.00000000000,51380222.00000000000,+35.4768758,-104.8035146,35047,1568.4461,1564.0231,1551.3737,1563.9933,1576.9506,1548.6163,1541.7826,1513.4745,1541.7705,1569.5460,1384.1693,1375.4501,1330.1602,1375.6440,1420.4430,1444.6021,1432.5106,1363.6089,1432.0814,1501.5704,1439.2978,1424.9336,1321.9658,1423.5911,1527.8181,1371.2057,1355.7415,1233.6749,1353.5513,1477.0217,1019.4715,1007.0795,896.2251,1004.9698,1116.4360,1055.0728,1041.8324,928.1714,1039.5713,1152.7485,981.7734,969.5131,859.9216,967.2296,1075.4815,877.4906,875.2874,737.4689,845.8338,1029.2257,967.3253,976.6056,784.7598,922.0249,1182.9758,895.5368,913.4881,691.5984,837.1574,1141.5314,818.1671,844.2658,597.9130,742.9304,1088.8525,772.1168,795.6728,557.6593,696.4044,1041.7725,727.4519,748.4933,517.3338,644.8361,1001.1639,681.5407,703.6116,471.0966,589.0169,974.1076,647.8861,672.8823,428.3963,541.1151,973.7481,11.00000000000,35,047
35,003,00929108,35003,Catron,Catron County,06,H1,G4020,,,,A,17932273698.00000000000,14194494.00000000000,+33.9018135,-108.3920974,35003,130.3855,130.0168,128.9648,130.0144,131.0924,119.9079,119.3806,117.1897,119.3796,121.5290,116.9264,116.2085,112.3863,116.2228,120.0011,73.4479,72.8655,69.3609,72.8415,76.3650,77.6044,76.8151,71.2630,76.7421,82.3675,94.2816,93.2477,84.8707,93.1027,101.5659,81.5633,80.5741,71.7070,80.4059,89.3212,74.7945,73.9268,65.9325,73.7810,81.7229,60.3523,59.6532,52.9661,59.5241,66.1195,45.0901,45.0479,38.0229,43.5512,52.9043,45.3040,45.7992,36.8597,43.2583,55.4137,43.8148,44.7571,33.9490,41.0391,55.8580,37.1742,38.4101,27.2525,33.8186,49.4775,34.5557,35.6564,25.0380,31.2263,46.6282,34.6904,35.7431,24.7567,30.8132,47.7471,29.9687,30.9776,20.7831,25.9485,42.8361,28.7382,29.8831,19.0669,24.0466,43.1946,11.00000000000,35,003
35,043,00929113,35043,Sandoval,Sandoval County,06,H1,G4020,,10740,,A,9610539961.00000000000,13708090.00000000000,+35.6850734,-106.8826177,35043,8566.7915,8542.9395,8474.0057,8542.7630,8613.2867,9037.6193,8997.7175,8832.5027,8997.6484,9159.7572,8710.6245,8656.0224,8371.0628,8657.2114,8939.0473,10218.6452,10132.4119,9645.0555,10129.4232,10621.1725,10754.7206,10647.5756,9878.1833,10637.5513,11416.2856,11598.8654,11468.1381,10435.6370,11449.6269,12493.9737,11440.1305,11302.9337,10060.4228,11279.6816,12528.4441,11112.1362,10974.3981,9778.8329,10950.9346,12140.9666,11100.8821,10961.1972,9721.0841,10935.1596,12160.3082,9353.0724,9330.0699,7861.4641,9016.2418,10970.5160,10417.9451,10518.2410,8452.3520,9930.5029,12740.5245,10330.3239,10537.9926,7978.8652,9657.6463,13168.0272,9962.3315,10280.9335,7281.8210,9047.2392,13258.3772,9827.1265,10127.9388,7099.3465,8864.7707,13259.2635,9712.8355,9994.9857,6909.4827,8611.2929,13367.4976,9540.3680,9850.6761,6596.9194,8246.8969,13635.8822,9250.0774,9608.2696,6118.6946,7727.2867,13902.5953,11.00000000000,35,043
35,049,00933322,35049,Santa Fe,Santa Fe County,06,H1,G4020,492,42140,,A,4945359181.00000000000,3774631.00000000000,+35.5137223,-105.9664409,35049,9055.3737,9030.2588,8957.4433,9030.0677,9104.5343,8568.9766,8531.2021,8374.5840,8531.1325,8684.7980,7949.1211,7899.7270,7639.7634,7900.7617,8157.8183,8135.4239,8067.5928,7679.5541,8065.1574,8456.4151,7917.0693,7840.6610,7274.3130,7833.3749,8405.7048,8328.0187,8237.8008,7498.4595,8225.2029,8971.7695,8194.7122,8100.2494,7213.2044,8084.4580,8974.7240,7978.5465,7884.0114,7029.4778,7868.0567,8717.5037,8192.1354,8094.4818,7184.2715,8076.3893,8974.6209,6363.3801,6352.9125,5357.8894,6140.6228,7465.0685,8054.5296,8137.6776,6544.6703,7684.6935,9851.1196,7868.1267,8031.9281,6086.9864,7362.8659,10030.1542,7413.3178,7655.9080,5428.0852,6739.2736,9866.5072,7372.4606,7603.4983,5335.3004,6657.3103,9947.7822,7300.0043,7517.2153,5202.0703,6478.6398,10047.2007,7006.5405,7239.2012,4853.2805,6062.5799,10014.6607,6671.0570,6933.6386,4420.3285,5578.0629,10026.6668,11.00000000000,35,049
35,053,01702371,35053,Socorro,Socorro County,06,H1,G4020,,,,A,17214817782.00000000000,5360180.00000000000,+33.9916142,-106.9390026,35053,896.3915,893.9200,886.7195,893.9004,901.2600,822.3196,818.7253,803.7113,818.7165,833.4431,785.8122,780.9291,755.2302,781.0314,806.4429,831.3630,824.4609,784.8057,824.2101,864.1842,795.0477,787.3715,730.4977,786.6397,844.1154,700.3336,692.8802,630.7793,691.8461,754.5078,582.2645,575.7031,512.7930,574.6152,637.7045,669.7154,661.7719,590.0355,660.4310,731.7427,678.2246,670.3046,595.0989,668.8407,743.0264,620.9599,620.1415,523.2062,599.4735,728.5156,530.9350,536.5904,431.7145,506.7750,649.3902,518.3335,529.2958,401.2964,485.2639,660.7835,500.8375,517.3879,366.9929,455.5019,666.5871,474.3688,489.4019,343.5800,428.5665,640.0885,450.9725,464.5587,321.6618,400.4437,620.6995,419.8163,433.9193,291.0854,363.4600,600.0676,392.1836,407.7705,260.1333,328.1119,589.4653,11.00000000000,35,053
35,027,00929116,35027,Lincoln,Lincoln County,06,H1,G4020,,40760,,A,12512467751.00000000000,564272.00000000000,+33.7409407,-105.4490834,35027,983.7116,980.9636,973.0434,980.9438,989.0493,858.4024,854.6049,838.9086,854.5988,870.0010,722.0329,717.3990,693.7576,717.5100,740.9065,888.5011,880.8558,838.4873,880.6060,923.4063,761.5640,753.9143,699.4311,753.2021,808.3695,837.9662,828.2953,753.5777,826.9149,902.5679,678.2152,669.8685,596.0410,668.4417,742.7101,663.2662,654.7264,583.0813,653.2607,724.6570,598.6346,590.6766,523.4131,589.1846,655.7144,560.0527,558.2402,469.9533,539.3457,656.7981,454.8629,458.8069,368.2800,433.0351,556.1994,413.2727,421.2299,318.5868,385.9202,526.7548,381.4216,393.3274,278.2942,346.0194,507.5894,342.1058,352.3880,246.8175,308.3624,461.5698,309.1874,318.0759,219.7855,274.0039,425.5183,268.9382,277.7146,186.0153,232.5123,384.3907,231.3302,240.4013,153.2211,193.3866,347.6895,11.00000000000,35,027
35,031,00929107,35031,McKinley,McKinley County,06,H1,G4020,,23700,,A,14114940579.00000000000,14160591.00000000000,+35.5737323,-108.2553073,35031,4155.5924,4144.1849,4110.8296,4144.0917,4178.1695,4358.4422,4339.6698,4260.2357,4339.6039,4417.4785,4720.6615,4691.8128,4537.5246,4692.3712,4844.8707,5824.0859,5776.2538,5498.4272,5774.4608,6054.3457,7419.8530,7348.5124,6817.7372,7341.6941,7877.9781,7767.8819,7684.2811,6994.9682,7672.6349,8368.4943,6884.0748,6805.9854,6061.8010,6793.0061,7539.4793,7638.7104,7547.5114,6728.7605,7532.0951,8346.1526,9074.5702,8965.3878,7956.2100,8945.1372,9941.2205,8883.6892,8866.6479,7475.5890,8569.7045,10421.1281,8240.4209,8325.1347,6695.0969,7861.6067,10078.4171,8625.1788,8804.0940,6671.5292,8070.4889,10995.1528,8814.4749,9101.9139,6452.3066,8011.7755,11731.2419,8960.1388,9239.8600,6482.4217,8089.6166,12089.9662,8931.0066,9195.6906,6362.4904,7924.7868,12291.9100,8746.3247,9035.6883,6056.5003,7566.6307,12501.3124,8578.7391,8915.3351,5682.4670,7171.8689,12893.8661,11.00000000000,35,031
35,029,00933057,35029,Luna,Luna County,06,H1,G4020,,19700,,A,7679802477.00000000000,431981.00000000000,+32.1844822,-107.7466387,35029,1234.0134,1230.5413,1220.5929,1230.5175,1240.7057,1077.6397,1072.8543,1053.1401,1072.8480,1092.1955,1008.8553,1002.5168,969.5103,1002.6562,1035.3028,1183.6106,1173.5309,1117.0853,1173.1910,1230.1763,1190.2855,1178.4124,1093.2591,1177.3023,1263.4949,1413.9628,1397.7091,1271.6679,1395.3922,1522.9889,1195.7589,1180.8050,1050.4540,1178.2355,1309.4422,1164.3870,1149.0163,1022.9033,1146.3658,1272.1385,1250.6796,1234.1509,1093.7115,1231.0539,1369.9436,1260.2561,1256.8669,1058.7515,1214.5125,1478.1241,805.6212,812.5572,652.1854,766.8996,985.0933,773.0406,787.7586,595.6362,721.6676,985.2927,769.5268,793.3413,561.1125,697.8440,1024.0551,688.5086,708.8049,496.0492,620.0926,928.9015,602.6740,619.4206,427.3965,533.3591,829.3819,500.6995,516.2644,344.9452,431.9117,715.5906,427.3614,443.2572,281.5245,356.2056,642.2713,11.00000000000,35,029
35,033,01702367,35033,Mora,Mora County,06,H1,G4020,,,,A,5001977314.00000000000,6079125.00000000000,+35.9828413,-104.9218975,35033,263.5050,262.7742,260.6553,262.7686,264.9355,197.9280,197.0461,193.4237,197.0451,200.6006,173.5276,172.4263,166.7468,172.4515,178.0704,207.8563,206.0803,196.1680,206.0210,216.0300,174.9099,173.1145,160.6007,172.9495,185.6345,203.9058,201.5777,183.4102,201.2466,219.6329,175.3787,173.2438,154.1711,172.8801,192.0591,142.5296,140.7545,125.4122,140.4519,155.7253,115.2830,113.8614,101.0094,113.5971,126.2887,97.8171,97.6227,82.3006,94.3515,114.7440,101.0938,102.0797,82.0422,96.3796,123.6337,91.3343,93.1845,70.5689,85.4047,116.4252,82.3076,84.9543,60.1863,74.7654,109.5404,74.0530,76.3352,53.5242,66.8207,99.9175,68.5327,70.5376,48.7772,60.7782,94.3207,60.0050,61.9709,41.5171,51.8874,85.7651,52.2665,54.3039,34.5970,43.6787,78.5559,11.00000000000,35,033
35,059,00929115,35059,Union,Union County,06,H1,G4020,,,,A,9903449966.00000000000,18468287.00000000000,+36.4880853,-103.4757229,35059,180.0026,179.4993,178.0498,179.4957,180.9793,158.8457,158.1532,155.2538,158.1513,160.9949,145.5124,144.6106,139.8523,144.6293,149.3340,157.7993,156.5623,149.0321,156.5097,164.0757,127.7264,126.5502,117.4142,126.4348,135.6468,133.7024,132.2873,120.4357,132.0913,144.0472,182.7649,180.3641,160.3507,179.9453,200.1275,174.4426,172.0950,153.1613,171.6887,190.5828,175.5696,173.3087,153.6480,172.8862,192.3191,131.3471,130.9347,110.2392,126.5064,154.0395,115.2414,116.2936,93.3981,109.7777,140.9240,110.1844,112.3407,85.0006,102.9356,140.4445,100.5942,103.7521,73.4265,91.2799,133.8707,87.6249,90.2470,63.1985,78.9674,118.2226,79.5545,81.8060,56.4890,70.4566,109.4839,71.0682,73.3228,49.0410,61.3614,101.5725,65.5169,68.0022,43.2455,54.6676,98.4668,11.00000000000,35,059
24,001,01713506,24001,Allegany,Allegany County,06,H1,G4020,,19060,,A,1098563627.00000000000,14954037.00000000000,+39.6123087,-078.7031084,24001,4104.4076,4092.7921,4059.6689,4092.7159,4126.6569,3745.9518,3729.4401,3660.9749,3729.4096,3796.5838,3374.8217,3353.6805,3243.2793,3354.1395,3463.3289,3723.9165,3693.0133,3515.3855,3691.8886,3870.9405,3657.3007,3621.2337,3359.5963,3617.8389,3882.5191,3495.3828,3455.9430,3144.7685,3450.3560,3765.1157,3059.0776,3021.2460,2688.1046,3014.7690,3349.9597,3744.7510,3696.0294,3291.0753,3687.6508,4091.3292,3769.7877,3720.2108,3297.1221,3710.9262,4129.3020,3494.3869,3484.1142,2934.0876,3366.4689,4098.2703,3319.0897,3348.9282,2689.1591,3161.1428,4058.7044,3150.3761,3211.5559,2429.4988,2942.5250,4015.5130,2969.0821,3061.9113,2166.5708,2693.6923,3951.2178,2795.9228,2879.4372,2016.2659,2519.4889,3772.2174,2636.3209,2710.9602,1872.0137,2334.8668,3628.1369,2481.9278,2560.8003,1712.9079,2143.1067,3547.2464,2386.0956,2476.7095,1575.1625,1991.0963,3586.1217,11.00000000000,24,001
24,510,01702381,24510,Baltimore,Baltimore city,25,C7,G4020,548,12580,,F,209643241.00000000000,28768302.00000000000,+39.3002135,-076.6105159,24510,35367.3908,35269.9018,34985.8174,35269.1286,35559.4824,33000.9120,32857.1176,32254.8127,32856.7317,33447.4449,35755.9299,35535.6448,34366.6700,35540.0806,36695.7360,45583.8412,45209.6334,43035.1387,45195.5878,47386.1389,49288.3150,48816.2200,45290.4354,48770.9960,52332.7198,36442.3929,36047.2408,32811.7716,35992.0436,39259.2606,28902.1736,28567.1025,25437.0652,28510.9732,31653.0009,33265.2325,32867.0291,29300.5789,32799.6785,36345.9571,36861.8843,36419.6581,32321.4412,36337.6647,40382.4678,36266.1105,36201.1244,30526.0345,34989.9861,42543.5475,35510.8079,35873.5420,28847.3995,33875.4518,43430.9888,34920.9038,35643.7898,27008.5190,32673.2444,44516.0770,33802.6306,34903.9458,24742.2658,30723.1235,44988.0536,32211.2297,33216.1749,23302.8640,29080.9354,43462.7384,30349.9705,31248.8129,21620.3669,26929.7728,41771.1769,29653.2932,30633.2484,20531.8490,25652.3182,42384.0216,29235.0941,30380.8666,19362.7076,24439.0926,43940.3386,11.00000000000,24,510
24,021,01711211,24021,Frederick,Frederick County,06,H1,G4020,548,47900,13644,A,1709964627.00000000000,18537350.00000000000,+39.4704273,-077.3976265,24021,18097.3980,18046.8638,17901.1651,18046.4973,18195.5985,16396.5302,16323.9128,16024.0549,16323.8026,16618.0552,15662.4903,15564.1525,15051.7397,15566.3085,16073.1257,18710.3722,18552.6674,17660.3079,18547.1826,19447.5209,19451.7797,19258.9368,17867.3716,19240.8412,20648.9592,20292.2700,20063.5081,18257.1136,20031.1130,21858.2506,20327.2014,20084.1046,17876.9007,20042.9434,22261.0313,20626.3972,20370.5490,18151.1779,20326.9595,22536.1072,21213.8949,20949.7906,18582.5123,20900.6191,23238.8126,20102.1605,20056.1869,16902.5457,19382.5076,23579.3046,20071.4318,20267.2875,16289.0753,19135.6034,24546.5879,20025.4116,20430.6504,15471.7683,18724.7833,25526.6443,19757.9871,20392.5826,14446.4732,17946.5269,26295.1749,19607.5536,20210.4172,14169.5644,17690.8098,26455.7565,19447.6521,20015.1375,13839.0601,17245.3053,26765.4518,19042.8262,19664.5698,13171.8030,16463.9840,27217.7468,18406.5699,19121.4386,12179.2451,15378.9835,27664.6664,11.00000000000,24,021
44,005,01219779,44005,Newport,Newport County,06,H4,G4020,148,39300,,N,265178425.00000000000,547026490.00000000000,+41.5027319,-071.2840630,44005,5391.5438,5376.5788,5333.2187,5376.4658,5420.8125,4669.7217,4648.9698,4563.5345,4648.9435,4732.7917,4391.0927,4363.3805,4219.6940,4364.0015,4506.1373,5219.3776,5174.3279,4925.4462,5172.8699,5424.3349,5791.8879,5733.7665,5319.4083,5728.3520,6147.8935,5134.6703,5075.0367,4616.9960,5066.5072,5530.4107,4731.5526,4673.2825,4158.1958,4663.3198,5181.4954,5242.1984,5175.3284,4609.6301,5163.8722,5727.4435,4998.6560,4934.6484,4375.2215,4922.6948,5475.5742,4466.6740,4455.4470,3753.9027,4305.5175,5239.0455,4053.7365,4091.5675,3286.8090,3862.5694,4957.2832,3956.8238,4035.1667,3054.0429,3697.6568,5043.6041,3809.0088,3929.6541,2782.1376,3457.6647,5069.1193,3672.3493,3783.6293,2651.0363,3311.2813,4954.8210,3492.5061,3592.8654,2482.5691,3095.0277,4806.5484,3346.2619,3454.0805,2312.0465,2891.2995,4782.6826,3177.9286,3300.0716,2100.4860,2653.6382,4776.2770,11.00000000000,44,005
44,007,01219781,44007,Providence,Providence County,06,H4,G4020,148,39300,,N,1060604571.00000000000,67737918.00000000000,+41.8704877,-071.5782416,44007,40729.2850,40616.3474,40288.8507,40615.4866,40950.4030,38172.5627,38004.7957,37307.3651,38004.4500,38688.6621,37910.0925,37673.5944,36433.6252,37678.6376,38904.8663,44715.5000,44339.7115,42207.0306,44326.5282,46477.9041,50810.8940,50308.8834,46673.9397,50261.6820,53939.2380,41436.2651,40971.0758,37283.5295,40905.2938,44634.5183,37355.2888,36907.4355,32850.3892,36831.5417,40908.9576,43256.0043,42720.7831,38067.6748,42629.6396,47260.9680,44506.8728,43954.1062,38988.7517,43851.2173,48755.3215,42141.7122,42045.7244,35434.8156,40633.5316,49431.2122,41473.4585,41880.2063,33661.5969,39542.3364,50720.7781,41312.9768,42150.9553,31922.1167,38632.2129,52662.4075,40537.9570,41841.7803,29643.2841,36823.6055,53950.6284,40119.1387,41354.2856,28995.2388,36199.3435,54131.4346,39203.0295,40348.3638,27899.5229,34765.2434,53954.5313,38587.0452,39848.1372,26692.6013,33363.0076,55152.2163,37947.9048,39422.8174,25111.3055,31707.4341,57034.9304,11.00000000000,44,007
24,047,01668802,24047,Worcester,Worcester County,06,H1,G4020,480,36180,,A,1212841011.00000000000,586834971.00000000000,+38.2221332,-075.3099315,24047,3227.9174,3218.9717,3193.0193,3218.9034,3245.4424,2743.5052,2731.4953,2681.3946,2731.4672,2780.6115,2580.0916,2564.0941,2479.7230,2564.4260,2647.8492,2915.4799,2891.2083,2752.1459,2890.3331,3030.5367,3259.8822,3228.0687,2994.8671,3225.0552,3460.8475,3481.5581,3443.2848,3133.8951,3437.9122,3750.5183,3207.4022,3169.9979,2822.4719,3163.7192,3512.6481,3117.7257,3080.0035,2745.3868,3073.6092,3406.4377,3212.3134,3173.1779,2815.4948,3165.9092,3519.0407,3016.0679,3010.3646,2538.1573,2909.5699,3538.0579,3063.4264,3094.6405,2488.4546,2922.2507,3746.6675,3015.5520,3077.9003,2332.1553,2821.3629,3844.1224,2945.0661,3040.9637,2155.5848,2676.6942,3919.5952,2912.4070,3003.2285,2106.8776,2629.3260,3929.7186,2842.7601,2926.9438,2025.0803,2522.3946,3912.5381,2713.4764,2803.2205,1878.9296,2347.4500,3878.4289,2583.8441,2685.2306,1711.5232,2160.1147,3883.5245,11.00000000000,24,047
41,053,01135862,41053,Polk,Polk County,06,H1,G4020,,41420,,A,1918629058.00000000000,8099319.00000000000,+44.9043946,-123.3973288,41053,4445.4016,4433.0597,4397.3072,4432.9665,4469.5334,4669.8682,4649.3454,4564.0253,4649.3030,4733.0059,4949.6970,4919.0393,4757.1863,4919.6722,5079.7024,5654.7988,5607.7207,5337.9981,5606.0231,5877.9591,5403.2868,5350.5381,4964.0043,5345.5427,5736.3773,6583.6800,6511.2545,5926.1662,6501.0854,7092.2731,5919.9466,5850.0508,5207.9463,5838.2679,6483.2449,6778.6018,6696.2506,5968.4241,6682.2795,7406.3041,7300.3838,7211.3778,6398.4382,7194.8451,7997.4514,6673.8186,6660.7450,5615.5034,6437.6040,7828.7444,6938.1550,7007.9738,5634.4040,6617.3173,8485.4405,7104.4511,7250.3660,5492.7066,6645.7280,9056.3931,7075.4718,7304.8435,5177.0092,6429.4328,9416.6708,7140.3604,7361.9685,5163.6107,6444.9813,9634.4127,7255.1386,7468.8449,5166.2999,6436.0691,9985.2767,7135.4591,7370.2948,4938.8523,6171.4894,10198.7804,7048.5460,7323.9772,4666.8754,5891.2375,10593.9120,11.00000000000,41,053
41,039,01135855,41039,Lane,Lane County,06,H1,G4020,,21660,,A,11792524334.00000000000,437051225.00000000000,+43.9282763,-122.8976779,41039,20301.6781,20244.9687,20081.5128,20244.5586,20411.8365,20868.9551,20776.3700,20394.6396,20776.2411,21150.8589,22702.5453,22560.0585,21817.3336,22563.1786,23297.7857,25079.3344,24869.2319,23673.0577,24861.7929,26068.2276,24294.1862,24052.4591,22314.4581,24029.8265,25788.8184,28446.9058,28128.7746,25597.8679,28083.8478,30642.9359,23755.4655,23472.0015,20893.0378,23424.0417,26015.5166,26459.7507,26133.5788,23288.3583,26078.0774,28909.6635,27715.9012,27373.2508,24282.5988,27309.5033,30361.7422,26411.5137,26352.9887,22211.0349,25468.3097,30980.4655,28900.3803,29185.7981,23460.2272,27557.1768,35344.6082,28919.7116,29508.3827,22349.5941,27045.7441,36864.7371,28235.3735,29145.6208,20650.6656,25650.9143,37577.7138,28191.7249,29061.8090,20378.6649,25440.0146,38038.3600,28375.1560,29206.3381,20197.5088,25165.8629,39052.4703,27665.0703,28571.2919,19141.0000,23922.2908,39541.6540,27189.0510,28247.6956,17995.2178,22720.1822,40864.7071,11.00000000000,41,039
41,063,01155135,41063,Wallowa,Wallowa County,06,H1,G4020,,,,A,8148590560.00000000000,14199323.00000000000,+45.5937530,-117.1855796,41063,315.9209,315.0600,312.5275,315.0527,317.6382,282.5169,281.2789,276.1191,281.2761,286.3376,334.6878,332.5747,321.6228,332.6221,343.4560,399.0229,395.6654,376.6344,395.5480,414.7472,372.8666,369.2092,342.5352,368.8638,395.8408,311.9846,308.4525,280.6717,307.9515,336.0565,288.0059,284.6710,253.4837,284.1125,315.4180,278.5804,275.1963,245.2850,274.6222,304.3772,310.2968,306.3852,271.7145,305.6559,339.9095,249.9576,249.3345,210.0798,240.9456,293.1812,209.0306,211.0078,169.5304,199.2063,255.6262,203.5149,207.5709,157.1278,190.2183,259.4155,188.9449,194.9528,138.0471,171.5458,251.4545,169.8696,175.0350,122.6585,153.1908,229.1937,154.9514,159.4194,110.1707,137.3361,213.2525,143.4554,148.0904,99.1409,123.9670,205.0361,127.5431,132.4540,84.3167,106.5120,191.6918,11.00000000000,41,063
41,025,01135852,41025,Harney,Harney County,06,H1,G4020,,,,A,26244789736.00000000000,241492856.00000000000,+43.0643552,-118.9859493,41025,384.3837,383.3407,380.2616,383.3315,386.4738,388.3130,386.6523,379.5811,386.6456,393.5762,386.7216,384.3438,371.7015,384.3912,396.8888,407.8490,404.5986,385.1385,404.4662,424.0370,419.4250,415.4896,385.4878,415.1078,445.3857,446.7756,442.0638,402.4703,441.4123,481.3484,347.2153,343.3004,305.7842,342.6512,380.2750,326.4456,322.4975,287.4624,321.8282,356.6757,312.1816,308.3456,273.5552,307.6325,341.9862,315.7058,315.1484,265.7520,304.6071,370.3545,258.2152,260.8162,209.6985,246.2780,315.8004,239.5066,244.4236,185.1674,224.0394,305.3106,223.5345,230.7792,163.5535,203.1220,297.4996,204.0488,210.3735,147.5455,184.1667,275.3201,186.4301,191.9117,132.7374,165.3705,256.5837,164.3587,169.7586,113.7454,142.1428,234.9188,146.8733,152.6105,97.2419,122.7555,220.7493,11.00000000000,41,025
41,013,01155128,41013,Crook,Crook County,06,H1,G4020,140,39260,,A,7715797890.00000000000,21192731.00000000000,+44.1630537,-120.3715849,41013,1259.3644,1255.8840,1245.7637,1255.8569,1266.2031,1318.4430,1312.7077,1288.6495,1312.6917,1336.2855,1389.1537,1380.6683,1335.2665,1380.8322,1425.7070,1401.8032,1390.2226,1323.3553,1389.7956,1457.1812,1522.5397,1507.7036,1398.7864,1506.2971,1616.4162,1634.2363,1616.2440,1471.0024,1613.7170,1760.4778,1613.9317,1595.2253,1420.4438,1592.0921,1767.5416,1395.1904,1378.2701,1228.4929,1375.4004,1524.3876,1410.6612,1393.5286,1236.5036,1390.3476,1545.3644,1283.3823,1281.0778,1080.2443,1238.2170,1505.5266,1224.9836,1237.5213,995.1657,1168.6014,1498.2028,1188.7753,1213.4189,919.4839,1112.3049,1515.4179,1123.4372,1160.0951,822.4092,1021.1588,1495.1918,1085.7698,1119.7101,785.6020,980.3382,1465.0393,1036.9460,1067.7374,738.8301,920.1937,1427.1727,958.2052,989.9834,663.6572,829.0601,1369.5889,868.2701,902.4310,575.2995,725.9928,1305.0180,11.00000000000,41,013
41,071,01135866,41071,Yamhill,Yamhill County,06,H1,G4020,,38900,,A,1854068926.00000000000,6429807.00000000000,+45.2481382,-123.3161171,41071,6130.4352,6113.3622,6064.0304,6113.2361,6163.7068,5927.7608,5901.5915,5793.2284,5901.5460,6007.8717,6266.4078,6227.4627,6022.5285,6228.2794,6430.9229,6649.1980,6594.1325,6276.9660,6592.1166,6911.7874,6810.9515,6744.5196,6257.2868,6738.2249,7230.8578,6375.8249,6304.2632,5736.8676,6294.1447,6867.9471,6364.7520,6289.1522,5598.4482,6276.3814,6970.3225,7170.4833,7082.3364,6311.5107,7067.3456,7834.4137,7348.8746,7258.3927,6439.2456,7241.5671,8050.4650,6365.9125,6353.3645,5356.2845,6140.5001,7467.5353,6193.4655,6255.5710,5029.2651,5906.7892,7574.6415,6206.7602,6334.0481,4798.3373,5805.7608,7912.0393,5999.8182,6194.1751,4389.7231,5451.8125,7985.0823,5854.3735,6035.9739,4233.4735,5284.1111,7899.2353,5725.9225,5894.5393,4077.2838,5079.4368,7880.6064,5609.6838,5794.2671,3882.7112,4851.7928,8017.9726,5408.6666,5620.0078,3581.0866,4520.6000,8129.1851,11.00000000000,41,071
41,041,01135856,41041,Lincoln,Lincoln County,06,H1,G4020,,,,A,2537580591.00000000000,554304210.00000000000,+44.6410762,-123.9111826,41041,2637.6245,2630.3961,2609.2312,2630.3364,2651.9563,2592.1857,2580.7388,2533.3504,2580.7191,2627.2170,2820.3131,2802.9614,2710.7608,2803.3085,2894.4552,3114.3563,3088.9230,2940.3523,3087.9543,3237.5771,3025.0830,2996.2770,2779.8837,2993.5077,3212.0454,2995.1924,2962.8548,2697.0089,2958.3448,3226.7509,2665.5660,2635.4097,2347.3187,2630.4023,2919.3529,2857.2716,2823.3077,2517.1856,2817.5717,3121.9002,3216.6748,3178.7116,2821.6615,3171.6862,3523.9673,3064.5722,3059.7097,2580.6544,2957.5143,3595.1831,2865.4670,2895.8282,2329.6894,2734.8731,3504.7461,2910.8943,2972.2241,2253.2210,2724.8867,3710.8467,2863.6205,2957.9821,2097.8827,2604.0701,3811.2977,2818.1517,2907.1176,2040.5630,2545.6106,3802.6365,2791.1065,2874.7815,1990.0716,2477.8576,3841.5283,2731.1726,2822.4216,1892.8107,2363.9121,3903.7869,2661.6522,2766.8896,1764.4855,2226.1424,4000.5196,11.00000000000,41,041
41,059,01156673,41059,Umatilla,Umatilla County,06,H1,G4020,,37820,,A,8328130471.00000000000,41173770.00000000000,+45.5911997,-118.7338795,41059,4251.0220,4239.0296,4204.7428,4238.9492,4274.0716,4259.9777,4241.0220,4163.0704,4240.9996,4317.5065,4160.2584,4133.9776,3997.8398,4134.5688,4269.2411,4622.0533,4583.1288,4362.6862,4581.7715,4804.1738,4482.3870,4438.2746,4117.6133,4434.1172,4758.4746,4952.6622,4897.1217,4456.4016,4889.2707,5334.9507,4898.7754,4839.6062,4307.2224,4829.5542,5364.7535,4910.6994,4849.4059,4320.6816,4838.9501,5365.3377,5182.8398,5117.3895,4538.1860,5105.1849,5677.4420,4612.5591,4601.5166,3877.5003,4446.8205,5410.2905,3898.9434,3936.4091,3163.1921,3716.4288,4768.1634,3919.9457,3998.7213,3027.6148,3664.6581,4996.7377,3862.3691,3985.9149,2823.1846,3507.6212,5140.2394,3740.8041,3855.3766,2702.5569,3374.5555,5047.2906,3650.4613,3756.5996,2597.0190,3236.5795,5024.0332,3479.4772,3592.7665,2406.1755,3007.8803,4973.1647,3287.3337,3414.7558,2174.7138,2746.3125,4940.7743,11.00000000000,41,059
41,029,01135853,41029,Jackson,Jackson County,06,H1,G4020,,32780,,A,7209356169.00000000000,46880700.00000000000,+42.4117820,-122.6757974,41029,12665.5628,12630.0722,12528.0402,12629.8207,12734.2706,12995.4454,12937.5893,12699.7754,12937.5229,13170.9341,14107.9527,14019.3893,13557.8376,14021.3299,14477.8402,16543.1429,16403.0368,15614.0699,16398.2331,17194.4808,18014.6485,17836.8585,16548.1176,17820.1310,19123.9093,18021.1720,17819.2232,16215.6621,17790.6836,19412.2408,16782.0768,16582.0663,14760.3455,16548.2406,18378.7206,16632.6080,16426.9286,14637.8444,16391.9076,18172.5865,18081.2501,17856.4859,15839.0923,17814.6456,19807.1909,17424.8109,17385.6855,14652.6486,16801.9029,20439.0195,16919.8530,17085.7303,13732.7519,16131.9376,20692.4552,17080.9792,17427.4284,13198.2702,15972.5886,21773.4349,16826.4355,17367.6550,12304.3426,15284.7254,22393.7502,16650.3274,17163.0215,12033.8038,15023.6288,22465.7462,16324.1650,16801.2215,11617.6201,14476.4438,22466.7105,15826.4043,16343.7883,10948.1855,13683.9628,22620.5890,15280.3248,15874.3656,10111.7216,12767.6774,22966.0262,11.00000000000,41,029
41,015,01155129,41015,Curry,Curry County,06,H1,G4020,,15060,,A,4215100613.00000000000,934686544.00000000000,+42.4666711,-124.2114065,41015,1184.6667,1181.4106,1171.8998,1181.3842,1191.1023,1145.3673,1140.3131,1119.3761,1140.3041,1160.8470,1114.7318,1107.7927,1071.3348,1107.9393,1143.9912,1332.1080,1320.9089,1257.3749,1320.5163,1384.6087,1378.4418,1364.9855,1266.3762,1363.7111,1463.4174,1430.5213,1414.5589,1287.3056,1412.3064,1540.9643,1250.3307,1235.3643,1099.5882,1232.8294,1369.2794,1132.2199,1118.3986,996.7716,1116.0514,1237.0603,1199.7505,1184.8889,1051.0758,1182.1234,1314.2787,1190.9037,1188.5058,1001.9366,1148.6722,1396.9777,1093.2044,1104.0713,887.5453,1042.4839,1336.9793,1073.1081,1095.0141,829.4238,1003.6505,1367.9274,1050.1252,1084.0345,768.1311,954.0741,1397.5888,1016.5600,1047.9737,734.8987,917.3869,1371.6214,973.9574,1002.5097,693.3049,863.8293,1340.4506,919.4225,949.5469,636.1454,795.0435,1314.1300,876.3233,910.4439,579.9986,732.2879,1317.0998,11.00000000000,41,015
41,057,01135864,41057,Tillamook,Tillamook County,06,H1,G4020,,,,A,2855668955.00000000000,596172498.00000000000,+45.4557425,-123.7593269,41057,1484.7250,1480.5855,1468.6356,1480.5552,1492.7823,1455.6312,1449.1613,1422.5290,1449.1531,1475.2908,1438.7608,1429.6966,1382.6202,1429.8982,1476.4645,1742.8400,1728.1486,1645.0268,1727.6379,1811.5033,1814.2740,1796.4554,1666.6664,1794.7741,1926.0460,2002.6062,1980.4548,1802.4177,1977.3384,2157.2735,1769.9108,1749.1786,1557.3349,1745.6932,1938.3413,1820.8343,1798.4594,1602.7278,1794.6545,1989.4298,1972.3058,1947.8791,1727.9042,1943.3339,2160.5827,1846.9902,1842.9171,1553.2807,1781.0550,2166.5075,1681.1187,1697.7595,1364.7350,1603.0333,2055.9819,1697.9122,1732.5114,1312.2385,1587.9367,2164.3789,1685.8916,1740.2769,1233.0814,1531.6223,2243.7118,1663.0082,1714.3695,1202.1835,1500.7324,2243.8568,1629.4800,1677.2482,1159.9320,1445.2286,2242.6415,1556.2577,1607.2714,1076.8117,1345.7577,2224.3599,1489.3321,1547.3550,985.7822,1244.5826,2238.4444,11.00000000000,41,057
41,009,01135847,41009,Columbia,Columbia County,06,H1,G4020,,38900,,A,1702546794.00000000000,80219744.00000000000,+45.9419320,-123.0810790,41009,3372.8733,3363.4572,3336.3036,3363.3888,3391.1756,3077.2101,3063.5698,3007.2881,3063.5500,3118.7812,3006.1943,2987.3608,2889.0182,2987.7698,3085.0331,3021.9483,2996.5176,2852.3891,2995.6290,3141.0325,3233.4012,3201.3749,2970.0605,3198.3681,3432.4235,3442.0806,3403.4488,3097.1330,3397.9865,3707.7605,3303.7533,3264.3487,2905.6973,3257.6828,3618.0683,2954.0827,2917.8137,2600.2909,2911.6471,3227.6103,2939.1829,2902.7203,2574.8517,2895.9340,3219.7506,2561.8222,2556.3451,2154.7502,2470.5815,3005.0425,2446.4395,2470.7607,1986.2073,2332.9373,2991.9744,2374.4179,2422.9244,1835.2917,2220.7775,3026.7556,2269.7805,2343.1391,1660.3804,2062.2544,3020.8072,2208.8423,2277.2070,1597.0166,1993.4894,2980.3507,2129.3450,2191.9204,1516.0258,1888.7669,2930.6143,2004.8246,2070.6994,1387.4640,1733.8484,2865.5077,1872.5383,1945.6456,1239.7013,1565.0049,2814.4072,11.00000000000,41,009
41,011,01135848,41011,Coos,Coos County,06,H1,G4020,,18300,,A,4134068696.00000000000,544389499.00000000000,+43.1841928,-124.0925574,41011,3323.0199,3313.7516,3287.0040,3313.6838,3341.0529,3352.2208,3337.3511,3276.0343,3337.3302,3397.5041,3548.8912,3526.7896,3410.7191,3527.2572,3642.0365,3988.3412,3954.8160,3764.5947,3953.6406,4145.5317,4056.1606,4016.1723,3726.0013,4012.4075,4305.9489,4116.3193,4070.8904,3704.9952,4064.5045,4434.2648,3599.4033,3557.0419,3166.7405,3549.9085,3941.9115,3581.9585,3538.2383,3153.4571,3530.8138,3913.6381,3810.4636,3763.8841,3339.4552,3755.2294,4174.2860,3508.3695,3501.0382,2951.1965,3383.6264,4115.3929,3265.6134,3298.2803,2651.6292,3114.3587,3993.8497,3273.5751,3340.6223,2530.5908,3061.9699,4172.9643,3174.5741,3277.3065,2322.4758,2884.4873,4224.9912,3103.3704,3199.5120,2243.9268,2800.9202,4187.3291,3033.2523,3122.4359,2159.6577,2690.6058,4174.6642,2888.3953,2983.3037,1998.9520,2497.9952,4128.4007,2761.3377,2869.1109,1828.0633,2307.7913,4150.2621,11.00000000000,41,011
41,051,01135861,41051,Multnomah,Multnomah County,06,H1,G4020,,38900,,A,1117054236.00000000000,88853180.00000000000,+45.5476932,-122.4171728,41051,54212.3315,54059.8672,53622.8561,54058.8181,54506.3445,63190.4584,62908.7972,61752.2499,62908.4968,64043.6761,70989.6106,70543.7773,68221.2620,70553.5642,72850.7321,84759.0411,84045.6067,80003.1228,84020.6943,88098.9916,87277.4531,86416.7094,80173.0208,86335.6908,92652.0103,81513.5747,80599.2249,73345.4895,80469.9646,87805.4163,77660.4944,76734.2078,68303.4681,76577.5095,85049.0173,82028.2981,81014.0608,72190.8151,80841.3718,89623.1345,87772.1985,86682.3843,76890.4600,86479.5383,96150.6206,83678.1914,83489.9307,70364.9307,80686.3784,98153.0652,93538.0474,94456.8838,75921.9734,89184.4883,114394.4241,93696.0869,95598.3179,72401.0400,87618.4038,119436.3264,91162.3999,94096.3877,66665.5918,82811.9275,121325.1963,90406.3718,93191.8716,65342.9814,81576.0698,121982.5391,89464.9517,92081.1423,63673.5544,79340.5950,123129.4429,87979.4795,90857.2151,60864.1033,76071.5608,125748.6733,85881.7996,89221.9895,56834.6509,71761.4316,129078.7314,11.00000000000,41,051
41,045,01135858,41045,Malheur,Malheur County,06,H1,G4020,,36620,,A,25608588996.00000000000,109215531.00000000000,+43.1876999,-117.6039759,41045,1508.9662,1504.5883,1492.3556,1504.5652,1517.1307,1537.3264,1530.2578,1502.0098,1530.2655,1558.0221,1491.9559,1482.2270,1433.3463,1482.4742,1530.8686,1505.1501,1491.9952,1420.2307,1491.5859,1564.1506,1384.8115,1370.5970,1271.5210,1369.2904,1469.7210,1490.1352,1472.5430,1339.4583,1470.0134,1604.9000,1548.7609,1528.7102,1359.3446,1525.2276,1695.9265,1551.3784,1530.2171,1361.5821,1526.5462,1694.9021,1636.9782,1614.6157,1430.1335,1610.4115,1792.9909,1472.7226,1467.4504,1234.8854,1417.6457,1727.0028,1158.3718,1167.8128,936.8202,1102.0288,1416.3413,1101.6552,1122.1033,847.9157,1027.7812,1404.0705,1028.2538,1059.4919,748.7690,931.7387,1368.3070,944.5952,971.9520,679.7081,850.1108,1274.3571,875.8330,899.8110,620.4835,774.6461,1205.2664,798.5367,823.1769,549.8087,688.6010,1141.2412,722.7402,749.5519,475.9790,602.3167,1086.1847,11.00000000000,41,045
41,019,01135849,41019,Douglas,Douglas County,06,H1,G4020,,40700,,A,13043372940.00000000000,253020349.00000000000,+43.2859035,-123.1543801,41019,6084.4371,6067.5105,6018.5583,6067.3845,6117.4614,5861.5104,5835.5341,5728.3309,5835.4960,5940.6973,6183.4909,6144.6476,5942.3449,6145.5010,6345.5970,6736.9004,6680.2486,6358.9373,6678.2646,7002.4041,7266.3375,7194.3002,6674.4722,7187.5408,7713.5520,7155.7190,7075.6895,6439.0462,7064.3875,7708.1210,6085.3980,6013.4805,5353.3771,6001.3527,6664.4315,5752.6173,5681.8258,5063.3544,5669.7840,6285.2601,5959.0054,5885.2659,5220.7038,5871.5460,6527.8614,5639.0682,5627.1816,4743.3281,5438.4390,6614.7237,4912.2059,4960.9148,3987.8857,4684.1473,6007.5650,4809.1240,4907.2176,3716.9185,4497.7523,6130.3445,4618.9971,4768.1050,3378.5671,4196.4605,6147.3191,4409.3254,4545.6142,3187.6749,3979.2028,5949.4061,4174.9156,4297.4148,2972.0747,3702.9838,5745.9150,3885.9814,4013.4707,2688.9940,3360.4977,5554.2424,3630.7882,3772.3409,2403.3822,3034.2460,5457.0275,11.00000000000,41,019
41,065,01155136,41065,Wasco,Wasco County,06,H1,G4020,,45520,,A,6168106312.00000000000,35946723.00000000000,+45.1645359,-121.1650693,41065,1373.1377,1369.2895,1358.2275,1369.2624,1380.5867,1333.6076,1327.6696,1303.2644,1327.6628,1351.6163,1337.5488,1329.1439,1285.3834,1329.3289,1372.6124,1576.4074,1563.0821,1487.8997,1562.6226,1638.4901,1729.2218,1712.3943,1588.6922,1710.7976,1835.8567,1866.5951,1845.6817,1679.5904,1842.7264,2010.6803,1737.2403,1717.0739,1528.9145,1713.6943,1902.5829,1723.2111,1701.9338,1516.6053,1698.3120,1882.7614,1878.5679,1855.5612,1646.2776,1851.2855,2057.9280,1757.2556,1753.1418,1477.3863,1694.2289,2061.1914,1579.0618,1594.7682,1282.0181,1505.8118,1931.1802,1627.6290,1660.8697,1258.0487,1522.2985,2074.7960,1626.9219,1679.4757,1190.0715,1478.1376,2165.2368,1626.9689,1677.2834,1176.2451,1468.2940,2195.2358,1607.0556,1654.2281,1144.0772,1425.4180,2211.7839,1573.7773,1625.4191,1089.0290,1360.9750,2249.4044,1512.2946,1571.2593,1001.0653,1263.8295,2272.9596,11.00000000000,41,065
41,043,01135857,41043,Linn,Linn County,06,H1,G4020,102,10540,,A,5931407318.00000000000,48773626.00000000000,+44.4948239,-122.5437555,41043,7186.6868,7166.5708,7108.6874,7166.4275,7225.6764,7703.6917,7669.5430,7528.6431,7669.4935,7807.7637,7715.2006,7666.9072,7414.5255,7667.9526,7917.5587,8844.2388,8769.7947,8347.9790,8767.1951,9192.7480,9615.3644,9520.4485,8832.5796,9511.5198,10207.4219,9713.2374,9604.6233,8740.4483,9589.2855,10463.0782,9105.5646,8997.3794,8009.2185,8979.1023,9971.9048,8708.6617,8600.4181,7663.1805,8581.9687,9514.9461,9327.7167,9210.2368,8168.1118,9188.3362,10217.9055,8564.0358,8544.8129,7201.5709,8257.8937,10045.4763,7647.0787,7721.1303,6205.0317,7289.8226,9351.9904,7537.1034,7689.0469,5822.2034,7046.8481,9607.5706,7320.7174,7555.2694,5351.7091,6648.8114,9742.8210,7046.4523,7262.5300,5091.1839,6356.8912,9507.4695,6707.3792,6902.5292,4772.0074,5947.0769,9231.1987,6285.4096,6490.0765,4346.6045,5433.5289,8983.6433,5844.6524,6071.1384,3866.3814,4882.6783,8784.3517,11.00000000000,41,043
41,055,01135863,41055,Sherman,Sherman County,06,H1,G4020,,,,A,2133357976.00000000000,19403364.00000000000,+45.3992158,-120.6785124,41055,75.0430,74.8332,74.2290,74.8317,75.4502,87.1190,86.7051,85.0975,86.7064,88.2880,90.4196,89.8292,86.8667,89.8443,92.7775,97.1043,96.2891,91.6577,96.2604,100.9321,90.7283,89.8469,83.3565,89.7631,96.3242,93.5344,92.5287,84.2290,92.3886,100.7668,82.5073,81.5334,72.5845,81.3693,90.3581,69.4683,68.6066,61.1319,68.4598,75.9001,72.0644,71.2125,63.2121,71.0548,78.9486,54.9520,54.8408,46.2315,53.0027,64.4608,57.3653,57.9592,46.6149,54.7334,70.1611,58.9041,60.1307,45.5704,55.1220,75.0900,55.9626,57.7928,40.9743,50.8729,74.4814,54.3965,56.0989,39.3617,49.1169,73.3979,53.9875,55.5897,38.4648,47.9077,74.3042,50.4734,52.1445,34.9531,43.6672,72.1429,47.6921,49.5641,31.5921,39.8718,71.6814,11.00000000000,41,055
41,031,01155132,41031,Jefferson,Jefferson County,06,H1,G4020,,,,A,4612211364.00000000000,26231709.00000000000,+44.6437900,-121.1830211,41031,1271.3847,1267.8661,1257.6466,1267.8389,1278.2880,1210.0268,1204.7118,1182.6056,1204.7007,1226.3874,1173.3385,1166.0501,1127.6784,1166.2026,1204.1449,1375.0663,1363.5582,1297.9730,1363.1495,1429.2934,1543.2362,1528.0813,1417.6816,1526.6511,1638.3115,1737.0378,1717.4480,1562.8147,1714.6734,1871.0850,1654.3843,1634.3073,1454.4399,1630.8912,1811.7407,1513.3380,1494.1197,1330.8883,1490.8300,1653.4255,1775.0402,1752.2797,1553.5969,1748.0286,1944.3917,1699.9444,1695.8966,1429.0800,1638.8889,1993.9511,1299.3083,1311.8003,1054.1336,1238.4944,1588.9737,1291.3147,1317.2575,997.3484,1207.2079,1646.0322,1287.7737,1328.9503,941.2670,1169.4758,1713.8341,1241.7530,1279.7507,897.0493,1120.1337,1675.4358,1186.5332,1220.9785,844.0323,1051.9386,1632.9898,1108.9081,1144.9447,766.7258,958.5243,1584.9409,1029.5432,1069.3743,680.9528,860.0108,1547.3711,11.00000000000,41,031
41,037,01135854,41037,Lake,Lake County,06,H1,G4020,,,,A,21079871249.00000000000,567917619.00000000000,+42.7884009,-120.3897896,41037,410.4965,409.3368,406.0251,409.3291,412.7220,411.4173,409.5455,401.9960,409.5462,416.9615,424.8521,422.1211,408.2094,422.1869,435.9551,425.9960,422.2927,401.9806,422.1755,442.7074,440.9861,436.4525,404.9021,436.0361,468.0204,520.7686,514.6510,468.1574,513.7727,560.8852,459.2996,453.5567,403.4888,452.5701,502.9664,426.9404,421.2145,374.8931,420.2243,466.4440,450.5407,444.6703,394.1554,443.5719,493.5141,489.8169,488.2377,411.0277,471.7142,574.4310,390.3742,393.8786,316.2762,371.7910,477.3630,383.6053,391.0686,295.8517,358.3136,488.9503,367.6749,379.1959,268.3401,333.6042,489.2995,355.9398,366.6194,256.7665,320.8085,480.2329,346.9954,356.8801,246.5026,307.3946,477.5442,327.2822,337.7566,226.0053,282.6958,467.7668,308.0645,319.8467,203.5148,257.1690,463.0028,11.00000000000,41,037
41,061,01164165,41061,Union,Union County,06,H1,G4020,,29260,,A,5274784008.00000000000,4995881.00000000000,+45.3040466,-117.9991356,41061,1213.1456,1209.7202,1199.9340,1209.6974,1219.7229,1244.7408,1239.2293,1216.4663,1239.2209,1261.5582,1369.7375,1361.0167,1316.1811,1361.2192,1405.5812,1650.3352,1636.2039,1557.5039,1635.7352,1715.2137,1460.0404,1445.4264,1340.9741,1444.0630,1549.8083,1603.8632,1585.6042,1442.7326,1583.0099,1727.5836,1235.6385,1221.0377,1087.0054,1218.5756,1353.2113,1553.9090,1534.3109,1366.8241,1530.9608,1697.7600,1663.5936,1642.5065,1456.5213,1638.5728,1822.3419,1466.1233,1462.4387,1232.1671,1413.2266,1719.6436,1266.1611,1278.1307,1026.8841,1206.6432,1548.4036,1268.3436,1293.6207,979.2492,1185.4760,1616.7264,1225.5407,1264.5262,895.4348,1112.7073,1630.9935,1160.0983,1195.4269,837.7671,1046.2594,1565.2478,1110.7893,1142.8936,789.9035,984.6063,1528.7344,1051.8846,1085.9581,727.1036,909.0961,1503.4307,1002.4681,1041.1728,662.9043,837.2972,1506.6731,11.00000000000,41,061
41,021,01135850,41021,Gilliam,Gilliam County,06,H1,G4020,,,,A,3120439560.00000000000,46700614.00000000000,+45.3816660,-120.2118514,41021,74.2481,74.0422,73.4452,74.0406,74.6512,72.2538,71.9454,70.6301,71.9442,73.2333,99.1547,98.5662,95.3289,98.5759,101.7734,112.8652,111.9624,106.5773,111.9260,117.3428,105.2714,104.2931,96.7631,104.1976,111.7935,117.0392,115.7555,105.3565,115.5755,126.0817,108.7315,107.4952,95.7388,107.2896,119.0831,99.9296,98.8369,88.2154,98.6558,109.1902,131.9461,130.4541,115.8678,130.1795,144.5590,126.6168,126.6008,106.9560,122.4222,148.5846,110.4248,111.7172,89.9922,105.5456,135.0802,117.3281,119.9196,91.0287,109.9812,149.5859,121.2397,125.3480,89.0137,110.3928,161.3724,122.2149,126.1809,88.6793,110.5328,164.9188,125.1408,128.9931,89.4023,111.2239,172.2451,127.1198,131.4575,88.2593,110.1396,181.7044,127.7607,132.8909,84.8367,106.9527,192.0319,11.00000000000,41,021
17,121,00424259,17121,Marion,Marion County,06,H1,G4020,,16460,,A,1482413602.00000000000,9512893.00000000000,+38.6483956,-088.9202214,17121,2154.3271,2148.3498,2131.0254,2148.3045,2166.0225,2174.5751,2164.9468,2125.1798,2164.9320,2203.9554,2119.1971,2105.9430,2036.6214,2106.2288,2174.7866,2303.7234,2284.4180,2174.5407,2283.7349,2394.5568,2326.6716,2303.9440,2137.5011,2301.7924,2470.0923,2468.3908,2441.0289,2221.5505,2437.1768,2659.0151,1996.3480,1973.2226,1757.0375,1969.3499,2186.3569,1841.6974,1819.4339,1621.7873,1815.6606,2012.2461,2063.7642,2038.5979,1808.7814,2033.9232,2260.8195,1915.8682,1911.9654,1611.7857,1847.8724,2247.3790,1488.5600,1503.5880,1208.9294,1419.7862,1820.5333,1445.7082,1475.4568,1117.8270,1352.4316,1842.9220,1377.9992,1422.7326,1008.3653,1252.2557,1833.9700,1292.4098,1332.5925,934.7402,1166.6367,1743.8412,1205.8700,1241.4741,858.8335,1069.8401,1659.6504,1097.0408,1133.2322,759.4769,948.9439,1568.0171,1001.1328,1040.3409,663.0109,836.8632,1504.7006,11.00000000000,17,121
17,127,01784730,17127,Massac,Massac County,06,H1,G4020,424,37140,,A,614390561.00000000000,11904547.00000000000,+37.2161190,-088.7056578,17127,886.0661,883.5616,876.4125,883.5450,890.8698,851.2087,847.4127,831.8325,847.4088,862.7015,744.0641,739.4311,715.0958,739.5290,763.5935,786.1498,779.5340,742.0395,779.3029,817.1291,713.9262,706.9570,655.8850,706.2970,757.9371,735.3241,727.0049,661.5310,725.8254,792.0614,609.5519,602.3828,536.2897,601.1758,667.5556,607.0041,599.6421,534.4783,598.3935,663.2137,606.3631,599.0239,531.5508,597.6617,664.2674,513.7096,512.6055,432.0709,495.4063,602.5850,456.3077,460.8960,370.5567,435.2025,558.0688,433.9053,442.8226,335.4775,405.8957,553.1211,399.7740,412.7483,292.5330,363.2901,532.0563,375.9156,387.6044,271.8843,339.3341,507.2208,356.8309,367.3694,254.1437,316.5816,491.1100,331.8575,342.8100,229.7516,287.0635,474.3292,307.1288,319.1625,203.4090,256.7406,461.6142,11.00000000000,17,127
17,019,00424211,17019,Champaign,Champaign County,06,H1,G4020,,16580,,A,2580316235.00000000000,5509218.00000000000,+40.1391496,-088.1972014,17019,9853.9124,9826.4487,9747.1432,9826.2469,9907.3891,10782.0154,10734.2901,10537.1237,10734.2159,10927.6931,11614.1351,11541.3934,11161.4604,11542.9717,11918.7322,13239.3984,13128.7464,12497.2735,13124.8017,13761.6022,12118.4037,11999.4460,11132.5239,11988.2178,12865.0230,8177.1564,8088.0274,7361.7805,8075.5540,8809.0870,5625.6383,5559.8824,4950.2198,5548.8359,6161.0087,12703.2314,12549.9113,11186.8480,12523.9350,13879.6164,13576.2982,13412.4643,11902.2072,13382.0678,14872.8185,12845.8430,12820.7684,10808.9466,12391.2850,15068.8794,14085.1616,14227.5807,11439.6054,13434.6806,17226.4192,14067.9303,14357.6332,10877.7683,13160.5539,17933.1754,13682.8896,14127.2928,10012.9769,12434.5932,18210.4874,13503.8651,13923.8479,9766.9469,12189.8786,18220.7000,13461.3269,13858.7410,9587.2289,11942.7507,18526.9504,13745.8239,14198.9503,9515.5606,11889.7459,19647.0907,14239.8715,14796.8533,9429.2491,11902.4745,21402.4540,11.00000000000,17,019
17,069,00424236,17069,Hardin,Hardin County,06,H1,G4020,,,,A,459794312.00000000000,10491249.00000000000,+37.5178517,-088.2661478,17069,273.1782,272.4083,270.2054,272.4031,274.6595,266.7488,265.5395,260.6470,265.5397,270.3447,265.3176,263.6385,254.9559,263.6766,272.2662,253.0798,250.9007,238.8326,250.8297,263.0212,236.7231,234.1792,217.2411,233.9516,251.1626,244.7090,241.6409,219.6877,241.1915,263.5035,242.7988,239.5815,212.9722,239.0187,265.8614,235.7746,232.4509,206.7263,231.8710,257.5807,228.2378,224.9832,199.1367,224.3687,249.9735,163.1022,162.4131,136.5727,156.8725,191.2379,167.4436,168.6948,135.2192,159.1569,204.7149,153.7034,156.4416,118.1007,143.2521,195.8826,134.7356,138.7183,97.9244,121.9502,179.2842,123.3942,126.8694,88.6215,110.9263,166.4628,115.2807,118.3463,81.5121,101.8472,158.6348,106.9633,110.1849,73.5067,92.1385,152.8627,96.5913,100.1066,63.4914,80.4137,145.1599,11.00000000000,17,069
17,111,01784815,17111,McHenry,McHenry County,06,H1,G4020,176,16980,16974,A,1562206475.00000000000,19791771.00000000000,+42.3242982,-088.4522450,17111,23036.7450,22972.4957,22787.0711,22972.0256,23161.7590,19849.1579,19761.2894,19398.3112,19761.1539,20117.3405,17613.4106,17502.8463,16926.6110,17505.2686,18075.2077,18377.6221,18222.7142,17346.2251,18217.3275,19101.6565,17149.3886,16979.5507,15752.6997,16963.6046,18204.9838,21102.5999,20868.4287,18991.9414,20835.4480,22732.1987,19832.7642,19599.7812,17449.5505,19560.5731,21720.0385,18362.5894,18137.8778,16164.8120,18099.6977,20062.8807,17079.2317,16869.1918,14965.6675,16830.1386,18709.8001,14178.7679,14148.5937,11926.0203,13673.9554,16631.8672,13970.4709,14109.6440,11342.8009,13322.6712,17085.8116,13370.0981,13643.4003,10334.6277,12505.1761,17043.3643,12608.1420,13015.6773,9223.1309,11455.4349,16779.9387,12122.8107,12497.9584,8764.8194,10940.8117,16357.0820,11707.8223,12051.6938,8335.2671,10384.8079,16113.4431,10734.0631,11086.4507,7428.0865,9282.8313,15342.2386,9725.8223,10105.1461,6438.2192,8128.0385,14617.7940,11.00000000000,17,111
17,149,01784941,17149,Pike,Pike County,06,H1,G4020,,,,A,2153268105.00000000000,45333457.00000000000,+39.6251059,-090.8890344,17149,945.7639,943.1044,935.4806,943.0861,950.8932,882.6494,878.6882,862.5196,878.6859,894.5595,796.2212,791.2369,765.1907,791.3448,817.1047,949.3752,941.2593,895.9856,940.9887,986.7058,931.5307,922.4092,855.7700,921.5469,988.9376,941.1416,930.4798,846.6720,928.9675,1013.7556,904.5062,893.3559,794.8808,891.4489,990.5182,886.6928,875.3059,779.5529,873.3526,968.7653,898.8416,887.2152,786.5144,885.0416,984.5852,811.5928,809.2475,681.5329,781.9332,951.8583,626.7524,632.5051,508.0080,597.0750,766.4351,599.6253,611.3934,462.6336,560.2195,764.3057,560.4696,578.1110,409.1829,508.6328,745.8765,515.9195,531.4346,372.2334,465.0434,696.0803,469.8773,483.2583,333.7893,416.2472,646.6572,423.3080,436.8276,292.2662,365.6045,605.0093,379.2284,393.6928,250.4569,316.5273,569.9555,11.00000000000,17,149
17,049,00424226,17049,Effingham,Effingham County,06,H1,G4020,,20820,,A,1240027936.00000000000,3183199.00000000000,+39.0476943,-088.5927862,17049,1982.6415,1977.0826,1961.1091,1977.0435,1993.3965,1869.4448,1861.1098,1826.8931,1861.1011,1894.6860,1951.9455,1939.7039,1875.8468,1939.9710,2003.1289,2272.5698,2253.2092,2144.8322,2252.5572,2361.9729,2249.6037,2227.3909,2066.4575,2225.3016,2388.1169,2445.5471,2418.0114,2200.3301,2414.1137,2634.2830,2098.3483,2073.2621,1845.4221,2069.0150,2297.9757,1978.0189,1953.5974,1740.8668,1949.4406,2161.1618,2089.1465,2063.3243,1830.3649,2058.5204,2288.5833,1952.8902,1948.7140,1642.5752,1883.3357,2290.7591,1498.4617,1513.2933,1216.4517,1428.8588,1832.5950,1475.7968,1505.8715,1140.5783,1380.2099,1881.2422,1417.7030,1463.4378,1036.9267,1287.9758,1886.7863,1332.8491,1374.0073,963.5016,1202.7820,1798.3804,1246.7206,1283.2544,887.4437,1105.7317,1715.8513,1135.1896,1172.3789,785.4259,981.6160,1622.5255,1035.4083,1075.7218,685.2877,865.2238,1556.2019,11.00000000000,17,049
72,105,01804533,72105,Naranjito,Naranjito Municipio,13,H1,G4020,490,41980,,A,70969180.00000000000,898356.00000000000,+18.2899272,-066.2534401,,0.0000,0.0000,0.0000,0.0000,0.0000,0.0000,0.0000,0.0000,0.0000,0.0000,0.0000,0.0000,0.0000,0.0000,0.0000,0.0000,0.0000,0.0000,0.0000,0.0000,0.0000,0.0000,0.0000,0.0000,0.0000,0.0000,0.0000,0.0000,0.0000,0.0000,0.0000,0.0000,0.0000,0.0000,0.0000,0.0000,0.0000,0.0000,0.0000,0.0000,0.0000,0.0000,0.0000,0.0000,0.0000,0.0000,0.0000,0.0000,0.0000,0.0000,0.0000,0.0000,0.0000,0.0000,0.0000,0.0000,0.0000,0.0000,0.0000,0.0000,0.0000,0.0000,0.0000,0.0000,0.0000,0.0000,0.0000,0.0000,0.0000,0.0000,0.0000,0.0000,0.0000,0.0000,0.0000,0.0000,0.0000,0.0000,0.0000,0.0000,0.0000,0.0000,0.0000,0.0000,0.0000,0.00000000000,,
72,145,01804553,72145,Vega Baja,Vega Baja Municipio,13,H1,G4020,490,41980,,A,118766810.00000000000,57805843.00000000000,+18.4550267,-066.3977734,,0.0000,0.0000,0.0000,0.0000,0.0000,0.0000,0.0000,0.0000,0.0000,0.0000,0.0000,0.0000,0.0000,0.0000,0.0000,0.0000,0.0000,0.0000,0.0000,0.0000,0.0000,0.0000,0.0000,0.0000,0.0000,0.0000,0.0000,0.0000,0.0000,0.0000,0.0000,0.0000,0.0000,0.0000,0.0000,0.0000,0.0000,0.0000,0.0000,0.0000,0.0000,0.0000,0.0000,0.0000,0.0000,0.0000,0.0000,0.0000,0.0000,0.0000,0.0000,0.0000,0.0000,0.0000,0.0000,0.0000,0.0000,0.0000,0.0000,0.0000,0.0000,0.0000,0.0000,0.0000,0.0000,0.0000,0.0000,0.0000,0.0000,0.0000,0.0000,0.0000,0.0000,0.0000,0.0000,0.0000,0.0000,0.0000,0.0000,0.0000,0.0000,0.0000,0.0000,0.0000,0.0000,0.00000000000,,
72,117,01804539,72117,Rinc7n,Rinc7n Municipio,13,H1,G4020,,10380,,A,37005238.00000000000,103924651.00000000000,+18.3405618,-067.2773016,,0.0000,0.0000,0.0000,0.0000,0.0000,0.0000,0.0000,0.0000,0.0000,0.0000,0.0000,0.0000,0.0000,0.0000,0.0000,0.0000,0.0000,0.0000,0.0000,0.0000,0.0000,0.0000,0.0000,0.0000,0.0000,0.0000,0.0000,0.0000,0.0000,0.0000,0.0000,0.0000,0.0000,0.0000,0.0000,0.0000,0.0000,0.0000,0.0000,0.0000,0.0000,0.0000,0.0000,0.0000,0.0000,0.0000,0.0000,0.0000,0.0000,0.0000,0.0000,0.0000,0.0000,0.0000,0.0000,0.0000,0.0000,0.0000,0.0000,0.0000,0.0000,0.0000,0.0000,0.0000,0.0000,0.0000,0.0000,0.0000,0.0000,0.0000,0.0000,0.0000,0.0000,0.0000,0.0000,0.0000,0.0000,0.0000,0.0000,0.0000,0.0000,0.0000,0.0000,0.0000,0.0000,0.00000000000,,
72,129,01804545,72129,San Lorenzo,San Lorenzo Municipio,13,H1,G4020,490,41980,,A,137547908.00000000000,256426.00000000000,+18.1471305,-065.9762887,,0.0000,0.0000,0.0000,0.0000,0.0000,0.0000,0.0000,0.0000,0.0000,0.0000,0.0000,0.0000,0.0000,0.0000,0.0000,0.0000,0.0000,0.0000,0.0000,0.0000,0.0000,0.0000,0.0000,0.0000,0.0000,0.0000,0.0000,0.0000,0.0000,0.0000,0.0000,0.0000,0.0000,0.0000,0.0000,0.0000,0.0000,0.0000,0.0000,0.0000,0.0000,0.0000,0.0000,0.0000,0.0000,0.0000,0.0000,0.0000,0.0000,0.0000,0.0000,0.0000,0.0000,0.0000,0.0000,0.0000,0.0000,0.0000,0.0000,0.0000,0.0000,0.0000,0.0000,0.0000,0.0000,0.0000,0.0000,0.0000,0.0000,0.0000,0.0000,0.0000,0.0000,0.0000,0.0000,0.0000,0.0000,0.0000,0.0000,0.0000,0.0000,0.0000,0.0000,0.0000,0.0000,0.00000000000,,
72,097,01804529,72097,Mayag,Mayag,13,H1,G4020,364,32420,,A,201100328.00000000000,508775331.00000000000,+18.0838502,-067.8863370,,0.0000,0.0000,0.0000,0.0000,0.0000,0.0000,0.0000,0.0000,0.0000,0.0000,0.0000,0.0000,0.0000,0.0000,0.0000,0.0000,0.0000,0.0000,0.0000,0.0000,0.0000,0.0000,0.0000,0.0000,0.0000,0.0000,0.0000,0.0000,0.0000,0.0000,0.0000,0.0000,0.0000,0.0000,0.0000,0.0000,0.0000,0.0000,0.0000,0.0000,0.0000,0.0000,0.0000,0.0000,0.0000,0.0000,0.0000,0.0000,0.0000,0.0000,0.0000,0.0000,0.0000,0.0000,0.0000,0.0000,0.0000,0.0000,0.0000,0.0000,0.0000,0.0000,0.0000,0.0000,0.0000,0.0000,0.0000,0.0000,0.0000,0.0000,0.0000,0.0000,0.0000,0.0000,0.0000,0.0000,0.0000,0.0000,0.0000,0.0000,0.0000,0.0000,0.0000,0.0000,0.0000,0.00000000000,,
72,147,01804554,72147,Vieques,Vieques Municipio,13,H1,G4020,,,,A,131488427.00000000000,552246103.00000000000,+18.1254180,-065.4324740,,0.0000,0.0000,0.0000,0.0000,0.0000,0.0000,0.0000,0.0000,0.0000,0.0000,0.0000,0.0000,0.0000,0.0000,0.0000,0.0000,0.0000,0.0000,0.0000,0.0000,0.0000,0.0000,0.0000,0.0000,0.0000,0.0000,0.0000,0.0000,0.0000,0.0000,0.0000,0.0000,0.0000,0.0000,0.0000,0.0000,0.0000,0.0000,0.0000,0.0000,0.0000,0.0000,0.0000,0.0000,0.0000,0.0000,0.0000,0.0000,0.0000,0.0000,0.0000,0.0000,0.0000,0.0000,0.0000,0.0000,0.0000,0.0000,0.0000,0.0000,0.0000,0.0000,0.0000,0.0000,0.0000,0.0000,0.0000,0.0000,0.0000,0.0000,0.0000,0.0000,0.0000,0.0000,0.0000,0.0000,0.0000,0.0000,0.0000,0.0000,0.0000,0.0000,0.0000,0.0000,0.0000,0.00000000000,,
72,039,01804499,72039,Ciales,Ciales Municipio,13,H1,G4020,490,41980,,A,172309970.00000000000,459612.00000000000,+18.2910881,-066.5133062,,0.0000,0.0000,0.0000,0.0000,0.0000,0.0000,0.0000,0.0000,0.0000,0.0000,0.0000,0.0000,0.0000,0.0000,0.0000,0.0000,0.0000,0.0000,0.0000,0.0000,0.0000,0.0000,0.0000,0.0000,0.0000,0.0000,0.0000,0.0000,0.0000,0.0000,0.0000,0.0000,0.0000,0.0000,0.0000,0.0000,0.0000,0.0000,0.0000,0.0000,0.0000,0.0000,0.0000,0.0000,0.0000,0.0000,0.0000,0.0000,0.0000,0.0000,0.0000,0.0000,0.0000,0.0000,0.0000,0.0000,0.0000,0.0000,0.0000,0.0000,0.0000,0.0000,0.0000,0.0000,0.0000,0.0000,0.0000,0.0000,0.0000,0.0000,0.0000,0.0000,0.0000,0.0000,0.0000,0.0000,0.0000,0.0000,0.0000,0.0000,0.0000,0.0000,0.0000,0.0000,0.0000,0.00000000000,,
72,111,01804536,72111,Pe1uelas,Pe1uelas Municipio,13,H1,G4020,434,49500,,A,115558665.00000000000,60209983.00000000000,+18.0266179,-066.7281249,,0.0000,0.0000,0.0000,0.0000,0.0000,0.0000,0.0000,0.0000,0.0000,0.0000,0.0000,0.0000,0.0000,0.0000,0.0000,0.0000,0.0000,0.0000,0.0000,0.0000,0.0000,0.0000,0.0000,0.0000,0.0000,0.0000,0.0000,0.0000,0.0000,0.0000,0.0000,0.0000,0.0000,0.0000,0.0000,0.0000,0.0000,0.0000,0.0000,0.0000,0.0000,0.0000,0.0000,0.0000,0.0000,0.0000,0.0000,0.0000,0.0000,0.0000,0.0000,0.0000,0.0000,0.0000,0.0000,0.0000,0.0000,0.0000,0.0000,0.0000,0.0000,0.0000,0.0000,0.0000,0.0000,0.0000,0.0000,0.0000,0.0000,0.0000,0.0000,0.0000,0.0000,0.0000,0.0000,0.0000,0.0000,0.0000,0.0000,0.0000,0.0000,0.0000,0.0000,0.0000,0.0000,0.00000000000,,
72,007,01804483,72007,Aguas Buenas,Aguas Buenas Municipio,13,H1,G4020,490,41980,,A,77919468.00000000000,28384.00000000000,+18.2565236,-066.1284959,,0.0000,0.0000,0.0000,0.0000,0.0000,0.0000,0.0000,0.0000,0.0000,0.0000,0.0000,0.0000,0.0000,0.0000,0.0000,0.0000,0.0000,0.0000,0.0000,0.0000,0.0000,0.0000,0.0000,0.0000,0.0000,0.0000,0.0000,0.0000,0.0000,0.0000,0.0000,0.0000,0.0000,0.0000,0.0000,0.0000,0.0000,0.0000,0.0000,0.0000,0.0000,0.0000,0.0000,0.0000,0.0000,0.0000,0.0000,0.0000,0.0000,0.0000,0.0000,0.0000,0.0000,0.0000,0.0000,0.0000,0.0000,0.0000,0.0000,0.0000,0.0000,0.0000,0.0000,0.0000,0.0000,0.0000,0.0000,0.0000,0.0000,0.0000,0.0000,0.0000,0.0000,0.0000,0.0000,0.0000,0.0000,0.0000,0.0000,0.0000,0.0000,0.0000,0.0000,0.0000,0.0000,0.00000000000,,
72,011,01804485,72011,A2asco,A2asco Municipio,13,H1,G4020,,10380,,A,101747783.00000000000,14607706.00000000000,+18.2869359,-067.1312460,,0.0000,0.0000,0.0000,0.0000,0.0000,0.0000,0.0000,0.0000,0.0000,0.0000,0.0000,0.0000,0.0000,0.0000,0.0000,0.0000,0.0000,0.0000,0.0000,0.0000,0.0000,0.0000,0.0000,0.0000,0.0000,0.0000,0.0000,0.0000,0.0000,0.0000,0.0000,0.0000,0.0000,0.0000,0.0000,0.0000,0.0000,0.0000,0.0000,0.0000,0.0000,0.0000,0.0000,0.0000,0.0000,0.0000,0.0000,0.0000,0.0000,0.0000,0.0000,0.0000,0.0000,0.0000,0.0000,0.0000,0.0000,0.0000,0.0000,0.0000,0.0000,0.0000,0.0000,0.0000,0.0000,0.0000,0.0000,0.0000,0.0000,0.0000,0.0000,0.0000,0.0000,0.0000,0.0000,0.0000,0.0000,0.0000,0.0000,0.0000,0.0000,0.0000,0.0000,0.0000,0.0000,0.00000000000,,
72,115,01804538,72115,Quebradillas,Quebradillas Municipio,13,H1,G4020,490,41980,,A,58747764.00000000000,30224044.00000000000,+18.4663508,-066.9276050,,0.0000,0.0000,0.0000,0.0000,0.0000,0.0000,0.0000,0.0000,0.0000,0.0000,0.0000,0.0000,0.0000,0.0000,0.0000,0.0000,0.0000,0.0000,0.0000,0.0000,0.0000,0.0000,0.0000,0.0000,0.0000,0.0000,0.0000,0.0000,0.0000,0.0000,0.0000,0.0000,0.0000,0.0000,0.0000,0.0000,0.0000,0.0000,0.0000,0.0000,0.0000,0.0000,0.0000,0.0000,0.0000,0.0000,0.0000,0.0000,0.0000,0.0000,0.0000,0.0000,0.0000,0.0000,0.0000,0.0000,0.0000,0.0000,0.0000,0.0000,0.0000,0.0000,0.0000,0.0000,0.0000,0.0000,0.0000,0.0000,0.0000,0.0000,0.0000,0.0000,0.0000,0.0000,0.0000,0.0000,0.0000,0.0000,0.0000,0.0000,0.0000,0.0000,0.0000,0.0000,0.0000,0.00000000000,,
72,079,01804520,72079,Lajas,Lajas Municipio,13,H1,G4020,364,41900,,A,155276656.00000000000,106657044.00000000000,+17.9785111,-067.0401109,,0.0000,0.0000,0.0000,0.0000,0.0000,0.0000,0.0000,0.0000,0.0000,0.0000,0.0000,0.0000,0.0000,0.0000,0.0000,0.0000,0.0000,0.0000,0.0000,0.0000,0.0000,0.0000,0.0000,0.0000,0.0000,0.0000,0.0000,0.0000,0.0000,0.0000,0.0000,0.0000,0.0000,0.0000,0.0000,0.0000,0.0000,0.0000,0.0000,0.0000,0.0000,0.0000,0.0000,0.0000,0.0000,0.0000,0.0000,0.0000,0.0000,0.0000,0.0000,0.0000,0.0000,0.0000,0.0000,0.0000,0.0000,0.0000,0.0000,0.0000,0.0000,0.0000,0.0000,0.0000,0.0000,0.0000,0.0000,0.0000,0.0000,0.0000,0.0000,0.0000,0.0000,0.0000,0.0000,0.0000,0.0000,0.0000,0.0000,0.0000,0.0000,0.0000,0.0000,0.0000,0.0000,0.00000000000,,
72,137,01804549,72137,Toa Baja,Toa Baja Municipio,13,H1,G4020,490,41980,,A,60193398.00000000000,48089053.00000000000,+18.4568031,-066.1930391,,0.0000,0.0000,0.0000,0.0000,0.0000,0.0000,0.0000,0.0000,0.0000,0.0000,0.0000,0.0000,0.0000,0.0000,0.0000,0.0000,0.0000,0.0000,0.0000,0.0000,0.0000,0.0000,0.0000,0.0000,0.0000,0.0000,0.0000,0.0000,0.0000,0.0000,0.0000,0.0000,0.0000,0.0000,0.0000,0.0000,0.0000,0.0000,0.0000,0.0000,0.0000,0.0000,0.0000,0.0000,0.0000,0.0000,0.0000,0.0000,0.0000,0.0000,0.0000,0.0000,0.0000,0.0000,0.0000,0.0000,0.0000,0.0000,0.0000,0.0000,0.0000,0.0000,0.0000,0.0000,0.0000,0.0000,0.0000,0.0000,0.0000,0.0000,0.0000,0.0000,0.0000,0.0000,0.0000,0.0000,0.0000,0.0000,0.0000,0.0000,0.0000,0.0000,0.0000,0.0000,0.0000,0.00000000000,,
72,019,01804489,72019,Barranquitas,Barranquitas Municipio,13,H1,G4020,490,41980,,A,88714061.00000000000,77809.00000000000,+18.1990137,-066.3097816,,0.0000,0.0000,0.0000,0.0000,0.0000,0.0000,0.0000,0.0000,0.0000,0.0000,0.0000,0.0000,0.0000,0.0000,0.0000,0.0000,0.0000,0.0000,0.0000,0.0000,0.0000,0.0000,0.0000,0.0000,0.0000,0.0000,0.0000,0.0000,0.0000,0.0000,0.0000,0.0000,0.0000,0.0000,0.0000,0.0000,0.0000,0.0000,0.0000,0.0000,0.0000,0.0000,0.0000,0.0000,0.0000,0.0000,0.0000,0.0000,0.0000,0.0000,0.0000,0.0000,0.0000,0.0000,0.0000,0.0000,0.0000,0.0000,0.0000,0.0000,0.0000,0.0000,0.0000,0.0000,0.0000,0.0000,0.0000,0.0000,0.0000,0.0000,0.0000,0.0000,0.0000,0.0000,0.0000,0.0000,0.0000,0.0000,0.0000,0.0000,0.0000,0.0000,0.0000,0.0000,0.0000,0.00000000000,,
72,133,01804547,72133,Santa Isabel,Santa Isabel Municipio,13,H1,G4020,434,42180,,A,88119917.00000000000,111164892.00000000000,+17.9529217,-066.3875885,,0.0000,0.0000,0.0000,0.0000,0.0000,0.0000,0.0000,0.0000,0.0000,0.0000,0.0000,0.0000,0.0000,0.0000,0.0000,0.0000,0.0000,0.0000,0.0000,0.0000,0.0000,0.0000,0.0000,0.0000,0.0000,0.0000,0.0000,0.0000,0.0000,0.0000,0.0000,0.0000,0.0000,0.0000,0.0000,0.0000,0.0000,0.0000,0.0000,0.0000,0.0000,0.0000,0.0000,0.0000,0.0000,0.0000,0.0000,0.0000,0.0000,0.0000,0.0000,0.0000,0.0000,0.0000,0.0000,0.0000,0.0000,0.0000,0.0000,0.0000,0.0000,0.0000,0.0000,0.0000,0.0000,0.0000,0.0000,0.0000,0.0000,0.0000,0.0000,0.0000,0.0000,0.0000,0.0000,0.0000,0.0000,0.0000,0.0000,0.0000,0.0000,0.0000,0.0000,0.0000,0.0000,0.00000000000,,
72,123,01804542,72123,Salinas,Salinas Municipio,13,H1,G4020,434,17620,,A,179654880.00000000000,115916687.00000000000,+17.9714853,-066.2622515,,0.0000,0.0000,0.0000,0.0000,0.0000,0.0000,0.0000,0.0000,0.0000,0.0000,0.0000,0.0000,0.0000,0.0000,0.0000,0.0000,0.0000,0.0000,0.0000,0.0000,0.0000,0.0000,0.0000,0.0000,0.0000,0.0000,0.0000,0.0000,0.0000,0.0000,0.0000,0.0000,0.0000,0.0000,0.0000,0.0000,0.0000,0.0000,0.0000,0.0000,0.0000,0.0000,0.0000,0.0000,0.0000,0.0000,0.0000,0.0000,0.0000,0.0000,0.0000,0.0000,0.0000,0.0000,0.0000,0.0000,0.0000,0.0000,0.0000,0.0000,0.0000,0.0000,0.0000,0.0000,0.0000,0.0000,0.0000,0.0000,0.0000,0.0000,0.0000,0.0000,0.0000,0.0000,0.0000,0.0000,0.0000,0.0000,0.0000,0.0000,0.0000,0.0000,0.0000,0.0000,0.0000,0.00000000000,,
72,089,01804525,72089,Luquillo,Luquillo Municipio,13,H1,G4020,490,21940,,A,66851455.00000000000,53659318.00000000000,+18.3679604,-065.7099453,,0.0000,0.0000,0.0000,0.0000,0.0000,0.0000,0.0000,0.0000,0.0000,0.0000,0.0000,0.0000,0.0000,0.0000,0.0000,0.0000,0.0000,0.0000,0.0000,0.0000,0.0000,0.0000,0.0000,0.0000,0.0000,0.0000,0.0000,0.0000,0.0000,0.0000,0.0000,0.0000,0.0000,0.0000,0.0000,0.0000,0.0000,0.0000,0.0000,0.0000,0.0000,0.0000,0.0000,0.0000,0.0000,0.0000,0.0000,0.0000,0.0000,0.0000,0.0000,0.0000,0.0000,0.0000,0.0000,0.0000,0.0000,0.0000,0.0000,0.0000,0.0000,0.0000,0.0000,0.0000,0.0000,0.0000,0.0000,0.0000,0.0000,0.0000,0.0000,0.0000,0.0000,0.0000,0.0000,0.0000,0.0000,0.0000,0.0000,0.0000,0.0000,0.0000,0.0000,0.0000,0.0000,0.00000000000,,
72,037,01804498,72037,Ceiba,Ceiba Municipio,13,H1,G4020,490,21940,,A,75201055.00000000000,336178778.00000000000,+18.2737491,-065.5308947,,0.0000,0.0000,0.0000,0.0000,0.0000,0.0000,0.0000,0.0000,0.0000,0.0000,0.0000,0.0000,0.0000,0.0000,0.0000,0.0000,0.0000,0.0000,0.0000,0.0000,0.0000,0.0000,0.0000,0.0000,0.0000,0.0000,0.0000,0.0000,0.0000,0.0000,0.0000,0.0000,0.0000,0.0000,0.0000,0.0000,0.0000,0.0000,0.0000,0.0000,0.0000,0.0000,0.0000,0.0000,0.0000,0.0000,0.0000,0.0000,0.0000,0.0000,0.0000,0.0000,0.0000,0.0000,0.0000,0.0000,0.0000,0.0000,0.0000,0.0000,0.0000,0.0000,0.0000,0.0000,0.0000,0.0000,0.0000,0.0000,0.0000,0.0000,0.0000,0.0000,0.0000,0.0000,0.0000,0.0000,0.0000,0.0000,0.0000,0.0000,0.0000,0.0000,0.0000,0.0000,0.0000,0.00000000000,,
72,054,01804507,72054,Florida,Florida Municipio,13,H1,G4020,490,41980,,A,39391492.00000000000,34016.00000000000,+18.3725510,-066.5583405,,0.0000,0.0000,0.0000,0.0000,0.0000,0.0000,0.0000,0.0000,0.0000,0.0000,0.0000,0.0000,0.0000,0.0000,0.0000,0.0000,0.0000,0.0000,0.0000,0.0000,0.0000,0.0000,0.0000,0.0000,0.0000,0.0000,0.0000,0.0000,0.0000,0.0000,0.0000,0.0000,0.0000,0.0000,0.0000,0.0000,0.0000,0.0000,0.0000,0.0000,0.0000,0.0000,0.0000,0.0000,0.0000,0.0000,0.0000,0.0000,0.0000,0.0000,0.0000,0.0000,0.0000,0.0000,0.0000,0.0000,0.0000,0.0000,0.0000,0.0000,0.0000,0.0000,0.0000,0.0000,0.0000,0.0000,0.0000,0.0000,0.0000,0.0000,0.0000,0.0000,0.0000,0.0000,0.0000,0.0000,0.0000,0.0000,0.0000,0.0000,0.0000,0.0000,0.0000,0.0000,0.0000,0.00000000000,,
72,041,01804500,72041,Cidra,Cidra Municipio,13,H1,G4020,490,41980,,A,93294621.00000000000,1123784.00000000000,+18.1742703,-066.1613352,,0.0000,0.0000,0.0000,0.0000,0.0000,0.0000,0.0000,0.0000,0.0000,0.0000,0.0000,0.0000,0.0000,0.0000,0.0000,0.0000,0.0000,0.0000,0.0000,0.0000,0.0000,0.0000,0.0000,0.0000,0.0000,0.0000,0.0000,0.0000,0.0000,0.0000,0.0000,0.0000,0.0000,0.0000,0.0000,0.0000,0.0000,0.0000,0.0000,0.0000,0.0000,0.0000,0.0000,0.0000,0.0000,0.0000,0.0000,0.0000,0.0000,0.0000,0.0000,0.0000,0.0000,0.0000,0.0000,0.0000,0.0000,0.0000,0.0000,0.0000,0.0000,0.0000,0.0000,0.0000,0.0000,0.0000,0.0000,0.0000,0.0000,0.0000,0.0000,0.0000,0.0000,0.0000,0.0000,0.0000,0.0000,0.0000,0.0000,0.0000,0.0000,0.0000,0.0000,0.0000,0.0000,0.00000000000,,
72,031,01804495,72031,Carolina,Carolina Municipio,13,H1,G4020,490,41980,,A,117379800.00000000000,38854473.00000000000,+18.3967757,-065.9687781,,0.0000,0.0000,0.0000,0.0000,0.0000,0.0000,0.0000,0.0000,0.0000,0.0000,0.0000,0.0000,0.0000,0.0000,0.0000,0.0000,0.0000,0.0000,0.0000,0.0000,0.0000,0.0000,0.0000,0.0000,0.0000,0.0000,0.0000,0.0000,0.0000,0.0000,0.0000,0.0000,0.0000,0.0000,0.0000,0.0000,0.0000,0.0000,0.0000,0.0000,0.0000,0.0000,0.0000,0.0000,0.0000,0.0000,0.0000,0.0000,0.0000,0.0000,0.0000,0.0000,0.0000,0.0000,0.0000,0.0000,0.0000,0.0000,0.0000,0.0000,0.0000,0.0000,0.0000,0.0000,0.0000,0.0000,0.0000,0.0000,0.0000,0.0000,0.0000,0.0000,0.0000,0.0000,0.0000,0.0000,0.0000,0.0000,0.0000,0.0000,0.0000,0.0000,0.0000,0.0000,0.0000,0.00000000000,,
72,069,01804515,72069,Humacao,Humacao Municipio,13,H1,G4020,490,41980,,A,115914077.00000000000,69003613.00000000000,+18.1354025,-065.7862286,,0.0000,0.0000,0.0000,0.0000,0.0000,0.0000,0.0000,0.0000,0.0000,0.0000,0.0000,0.0000,0.0000,0.0000,0.0000,0.0000,0.0000,0.0000,0.0000,0.0000,0.0000,0.0000,0.0000,0.0000,0.0000,0.0000,0.0000,0.0000,0.0000,0.0000,0.0000,0.0000,0.0000,0.0000,0.0000,0.0000,0.0000,0.0000,0.0000,0.0000,0.0000,0.0000,0.0000,0.0000,0.0000,0.0000,0.0000,0.0000,0.0000,0.0000,0.0000,0.0000,0.0000,0.0000,0.0000,0.0000,0.0000,0.0000,0.0000,0.0000,0.0000,0.0000,0.0000,0.0000,0.0000,0.0000,0.0000,0.0000,0.0000,0.0000,0.0000,0.0000,0.0000,0.0000,0.0000,0.0000,0.0000,0.0000,0.0000,0.0000,0.0000,0.0000,0.0000,0.0000,0.0000,0.00000000000,,
72,003,01804481,72003,Aguada,Aguada Municipio,13,H1,G4020,,10380,,A,79904246.00000000000,38043834.00000000000,+18.3756809,-067.1837074,,0.0000,0.0000,0.0000,0.0000,0.0000,0.0000,0.0000,0.0000,0.0000,0.0000,0.0000,0.0000,0.0000,0.0000,0.0000,0.0000,0.0000,0.0000,0.0000,0.0000,0.0000,0.0000,0.0000,0.0000,0.0000,0.0000,0.0000,0.0000,0.0000,0.0000,0.0000,0.0000,0.0000,0.0000,0.0000,0.0000,0.0000,0.0000,0.0000,0.0000,0.0000,0.0000,0.0000,0.0000,0.0000,0.0000,0.0000,0.0000,0.0000,0.0000,0.0000,0.0000,0.0000,0.0000,0.0000,0.0000,0.0000,0.0000,0.0000,0.0000,0.0000,0.0000,0.0000,0.0000,0.0000,0.0000,0.0000,0.0000,0.0000,0.0000,0.0000,0.0000,0.0000,0.0000,0.0000,0.0000,0.0000,0.0000,0.0000,0.0000,0.0000,0.0000,0.0000,0.0000,0.0000,0.00000000000,,
72,103,01804532,72103,Naguabo,Naguabo Municipio,13,H1,G4020,490,41980,,A,133800312.00000000000,53351790.00000000000,+18.2110697,-065.7357490,,0.0000,0.0000,0.0000,0.0000,0.0000,0.0000,0.0000,0.0000,0.0000,0.0000,0.0000,0.0000,0.0000,0.0000,0.0000,0.0000,0.0000,0.0000,0.0000,0.0000,0.0000,0.0000,0.0000,0.0000,0.0000,0.0000,0.0000,0.0000,0.0000,0.0000,0.0000,0.0000,0.0000,0.0000,0.0000,0.0000,0.0000,0.0000,0.0000,0.0000,0.0000,0.0000,0.0000,0.0000,0.0000,0.0000,0.0000,0.0000,0.0000,0.0000,0.0000,0.0000,0.0000,0.0000,0.0000,0.0000,0.0000,0.0000,0.0000,0.0000,0.0000,0.0000,0.0000,0.0000,0.0000,0.0000,0.0000,0.0000,0.0000,0.0000,0.0000,0.0000,0.0000,0.0000,0.0000,0.0000,0.0000,0.0000,0.0000,0.0000,0.0000,0.0000,0.0000,0.0000,0.0000,0.00000000000,,
72,125,01804543,72125,San Germ,San Germ,13,H1,G4020,364,41900,,A,141148287.00000000000,29361.00000000000,+18.1077999,-067.0372633,,0.0000,0.0000,0.0000,0.0000,0.0000,0.0000,0.0000,0.0000,0.0000,0.0000,0.0000,0.0000,0.0000,0.0000,0.0000,0.0000,0.0000,0.0000,0.0000,0.0000,0.0000,0.0000,0.0000,0.0000,0.0000,0.0000,0.0000,0.0000,0.0000,0.0000,0.0000,0.0000,0.0000,0.0000,0.0000,0.0000,0.0000,0.0000,0.0000,0.0000,0.0000,0.0000,0.0000,0.0000,0.0000,0.0000,0.0000,0.0000,0.0000,0.0000,0.0000,0.0000,0.0000,0.0000,0.0000,0.0000,0.0000,0.0000,0.0000,0.0000,0.0000,0.0000,0.0000,0.0000,0.0000,0.0000,0.0000,0.0000,0.0000,0.0000,0.0000,0.0000,0.0000,0.0000,0.0000,0.0000,0.0000,0.0000,0.0000,0.0000,0.0000,0.0000,0.0000,0.0000,0.0000,0.00000000000,,
72,135,01804548,72135,Toa Alta,Toa Alta Municipio,13,H1,G4020,490,41980,,A,69972197.00000000000,1405877.00000000000,+18.3645557,-066.2446686,,0.0000,0.0000,0.0000,0.0000,0.0000,0.0000,0.0000,0.0000,0.0000,0.0000,0.0000,0.0000,0.0000,0.0000,0.0000,0.0000,0.0000,0.0000,0.0000,0.0000,0.0000,0.0000,0.0000,0.0000,0.0000,0.0000,0.0000,0.0000,0.0000,0.0000,0.0000,0.0000,0.0000,0.0000,0.0000,0.0000,0.0000,0.0000,0.0000,0.0000,0.0000,0.0000,0.0000,0.0000,0.0000,0.0000,0.0000,0.0000,0.0000,0.0000,0.0000,0.0000,0.0000,0.0000,0.0000,0.0000,0.0000,0.0000,0.0000,0.0000,0.0000,0.0000,0.0000,0.0000,0.0000,0.0000,0.0000,0.0000,0.0000,0.0000,0.0000,0.0000,0.0000,0.0000,0.0000,0.0000,0.0000,0.0000,0.0000,0.0000,0.0000,0.0000,0.0000,0.0000,0.0000,0.00000000000,,
72,139,01804550,72139,Trujillo Alto,Trujillo Alto Municipio,13,H1,G4020,490,41980,,A,53778923.00000000000,1599798.00000000000,+18.3370627,-066.0002036,,0.0000,0.0000,0.0000,0.0000,0.0000,0.0000,0.0000,0.0000,0.0000,0.0000,0.0000,0.0000,0.0000,0.0000,0.0000,0.0000,0.0000,0.0000,0.0000,0.0000,0.0000,0.0000,0.0000,0.0000,0.0000,0.0000,0.0000,0.0000,0.0000,0.0000,0.0000,0.0000,0.0000,0.0000,0.0000,0.0000,0.0000,0.0000,0.0000,0.0000,0.0000,0.0000,0.0000,0.0000,0.0000,0.0000,0.0000,0.0000,0.0000,0.0000,0.0000,0.0000,0.0000,0.0000,0.0000,0.0000,0.0000,0.0000,0.0000,0.0000,0.0000,0.0000,0.0000,0.0000,0.0000,0.0000,0.0000,0.0000,0.0000,0.0000,0.0000,0.0000,0.0000,0.0000,0.0000,0.0000,0.0000,0.0000,0.0000,0.0000,0.0000,0.0000,0.0000,0.0000,0.0000,0.00000000000,,
72,087,01804524,72087,Lo0za,Lo0za Municipio,13,H1,G4020,490,41980,,A,50158284.00000000000,119757390.00000000000,+18.4750387,-065.9032800,,0.0000,0.0000,0.0000,0.0000,0.0000,0.0000,0.0000,0.0000,0.0000,0.0000,0.0000,0.0000,0.0000,0.0000,0.0000,0.0000,0.0000,0.0000,0.0000,0.0000,0.0000,0.0000,0.0000,0.0000,0.0000,0.0000,0.0000,0.0000,0.0000,0.0000,0.0000,0.0000,0.0000,0.0000,0.0000,0.0000,0.0000,0.0000,0.0000,0.0000,0.0000,0.0000,0.0000,0.0000,0.0000,0.0000,0.0000,0.0000,0.0000,0.0000,0.0000,0.0000,0.0000,0.0000,0.0000,0.0000,0.0000,0.0000,0.0000,0.0000,0.0000,0.0000,0.0000,0.0000,0.0000,0.0000,0.0000,0.0000,0.0000,0.0000,0.0000,0.0000,0.0000,0.0000,0.0000,0.0000,0.0000,0.0000,0.0000,0.0000,0.0000,0.0000,0.0000,0.0000,0.0000,0.00000000000,,
72,061,01804511,72061,Guaynabo,Guaynabo Municipio,13,H1,G4020,490,41980,,A,71428222.00000000000,481992.00000000000,+18.3443567,-066.1140555,,0.0000,0.0000,0.0000,0.0000,0.0000,0.0000,0.0000,0.0000,0.0000,0.0000,0.0000,0.0000,0.0000,0.0000,0.0000,0.0000,0.0000,0.0000,0.0000,0.0000,0.0000,0.0000,0.0000,0.0000,0.0000,0.0000,0.0000,0.0000,0.0000,0.0000,0.0000,0.0000,0.0000,0.0000,0.0000,0.0000,0.0000,0.0000,0.0000,0.0000,0.0000,0.0000,0.0000,0.0000,0.0000,0.0000,0.0000,0.0000,0.0000,0.0000,0.0000,0.0000,0.0000,0.0000,0.0000,0.0000,0.0000,0.0000,0.0000,0.0000,0.0000,0.0000,0.0000,0.0000,0.0000,0.0000,0.0000,0.0000,0.0000,0.0000,0.0000,0.0000,0.0000,0.0000,0.0000,0.0000,0.0000,0.0000,0.0000,0.0000,0.0000,0.0000,0.0000,0.0000,0.0000,0.00000000000,,
72,047,01804503,72047,Corozal,Corozal Municipio,13,H1,G4020,490,41980,,A,110263030.00000000000,16292.00000000000,+18.3039098,-066.3261795,,0.0000,0.0000,0.0000,0.0000,0.0000,0.0000,0.0000,0.0000,0.0000,0.0000,0.0000,0.0000,0.0000,0.0000,0.0000,0.0000,0.0000,0.0000,0.0000,0.0000,0.0000,0.0000,0.0000,0.0000,0.0000,0.0000,0.0000,0.0000,0.0000,0.0000,0.0000,0.0000,0.0000,0.0000,0.0000,0.0000,0.0000,0.0000,0.0000,0.0000,0.0000,0.0000,0.0000,0.0000,0.0000,0.0000,0.0000,0.0000,0.0000,0.0000,0.0000,0.0000,0.0000,0.0000,0.0000,0.0000,0.0000,0.0000,0.0000,0.0000,0.0000,0.0000,0.0000,0.0000,0.0000,0.0000,0.0000,0.0000,0.0000,0.0000,0.0000,0.0000,0.0000,0.0000,0.0000,0.0000,0.0000,0.0000,0.0000,0.0000,0.0000,0.0000,0.0000,0.0000,0.0000,0.00000000000,,
72,151,01804556,72151,Yabucoa,Yabucoa Municipio,13,H1,G4020,490,41980,,A,143005172.00000000000,72593044.00000000000,+18.0566352,-065.8621579,,0.0000,0.0000,0.0000,0.0000,0.0000,0.0000,0.0000,0.0000,0.0000,0.0000,0.0000,0.0000,0.0000,0.0000,0.0000,0.0000,0.0000,0.0000,0.0000,0.0000,0.0000,0.0000,0.0000,0.0000,0.0000,0.0000,0.0000,0.0000,0.0000,0.0000,0.0000,0.0000,0.0000,0.0000,0.0000,0.0000,0.0000,0.0000,0.0000,0.0000,0.0000,0.0000,0.0000,0.0000,0.0000,0.0000,0.0000,0.0000,0.0000,0.0000,0.0000,0.0000,0.0000,0.0000,0.0000,0.0000,0.0000,0.0000,0.0000,0.0000,0.0000,0.0000,0.0000,0.0000,0.0000,0.0000,0.0000,0.0000,0.0000,0.0000,0.0000,0.0000,0.0000,0.0000,0.0000,0.0000,0.0000,0.0000,0.0000,0.0000,0.0000,0.0000,0.0000,0.0000,0.0000,0.00000000000,,
72,057,01804509,72057,Guayama,Guayama Municipio,13,H1,G4020,,25020,,A,168327829.00000000000,108327957.00000000000,+17.9739287,-066.1374675,,0.0000,0.0000,0.0000,0.0000,0.0000,0.0000,0.0000,0.0000,0.0000,0.0000,0.0000,0.0000,0.0000,0.0000,0.0000,0.0000,0.0000,0.0000,0.0000,0.0000,0.0000,0.0000,0.0000,0.0000,0.0000,0.0000,0.0000,0.0000,0.0000,0.0000,0.0000,0.0000,0.0000,0.0000,0.0000,0.0000,0.0000,0.0000,0.0000,0.0000,0.0000,0.0000,0.0000,0.0000,0.0000,0.0000,0.0000,0.0000,0.0000,0.0000,0.0000,0.0000,0.0000,0.0000,0.0000,0.0000,0.0000,0.0000,0.0000,0.0000,0.0000,0.0000,0.0000,0.0000,0.0000,0.0000,0.0000,0.0000,0.0000,0.0000,0.0000,0.0000,0.0000,0.0000,0.0000,0.0000,0.0000,0.0000,0.0000,0.0000,0.0000,0.0000,0.0000,0.0000,0.0000,0.00000000000,,
72,017,01804488,72017,Barceloneta,Barceloneta Municipio,13,H1,G4020,490,41980,,A,48414485.00000000000,31656877.00000000000,+18.4699891,-066.5582299,,0.0000,0.0000,0.0000,0.0000,0.0000,0.0000,0.0000,0.0000,0.0000,0.0000,0.0000,0.0000,0.0000,0.0000,0.0000,0.0000,0.0000,0.0000,0.0000,0.0000,0.0000,0.0000,0.0000,0.0000,0.0000,0.0000,0.0000,0.0000,0.0000,0.0000,0.0000,0.0000,0.0000,0.0000,0.0000,0.0000,0.0000,0.0000,0.0000,0.0000,0.0000,0.0000,0.0000,0.0000,0.0000,0.0000,0.0000,0.0000,0.0000,0.0000,0.0000,0.0000,0.0000,0.0000,0.0000,0.0000,0.0000,0.0000,0.0000,0.0000,0.0000,0.0000,0.0000,0.0000,0.0000,0.0000,0.0000,0.0000,0.0000,0.0000,0.0000,0.0000,0.0000,0.0000,0.0000,0.0000,0.0000,0.0000,0.0000,0.0000,0.0000,0.0000,0.0000,0.0000,0.0000,0.00000000000,,
72,149,01804555,72149,Villalba,Villalba Municipio,13,H1,G4020,434,38660,,A,92298550.00000000000,3622647.00000000000,+18.1293988,-066.4735212,,0.0000,0.0000,0.0000,0.0000,0.0000,0.0000,0.0000,0.0000,0.0000,0.0000,0.0000,0.0000,0.0000,0.0000,0.0000,0.0000,0.0000,0.0000,0.0000,0.0000,0.0000,0.0000,0.0000,0.0000,0.0000,0.0000,0.0000,0.0000,0.0000,0.0000,0.0000,0.0000,0.0000,0.0000,0.0000,0.0000,0.0000,0.0000,0.0000,0.0000,0.0000,0.0000,0.0000,0.0000,0.0000,0.0000,0.0000,0.0000,0.0000,0.0000,0.0000,0.0000,0.0000,0.0000,0.0000,0.0000,0.0000,0.0000,0.0000,0.0000,0.0000,0.0000,0.0000,0.0000,0.0000,0.0000,0.0000,0.0000,0.0000,0.0000,0.0000,0.0000,0.0000,0.0000,0.0000,0.0000,0.0000,0.0000,0.0000,0.0000,0.0000,0.0000,0.0000,0.0000,0.0000,0.00000000000,,
72,081,01804521,72081,Lares,Lares Municipio,13,H1,G4020,,10380,,A,159155311.00000000000,485273.00000000000,+18.2708993,-066.8663750,,0.0000,0.0000,0.0000,0.0000,0.0000,0.0000,0.0000,0.0000,0.0000,0.0000,0.0000,0.0000,0.0000,0.0000,0.0000,0.0000,0.0000,0.0000,0.0000,0.0000,0.0000,0.0000,0.0000,0.0000,0.0000,0.0000,0.0000,0.0000,0.0000,0.0000,0.0000,0.0000,0.0000,0.0000,0.0000,0.0000,0.0000,0.0000,0.0000,0.0000,0.0000,0.0000,0.0000,0.0000,0.0000,0.0000,0.0000,0.0000,0.0000,0.0000,0.0000,0.0000,0.0000,0.0000,0.0000,0.0000,0.0000,0.0000,0.0000,0.0000,0.0000,0.0000,0.0000,0.0000,0.0000,0.0000,0.0000,0.0000,0.0000,0.0000,0.0000,0.0000,0.0000,0.0000,0.0000,0.0000,0.0000,0.0000,0.0000,0.0000,0.0000,0.0000,0.0000,0.0000,0.0000,0.00000000000,,
72,065,01804513,72065,Hatillo,Hatillo Municipio,13,H1,G4020,490,41980,,A,108211415.00000000000,43978009.00000000000,+18.4411409,-066.7982102,,0.0000,0.0000,0.0000,0.0000,0.0000,0.0000,0.0000,0.0000,0.0000,0.0000,0.0000,0.0000,0.0000,0.0000,0.0000,0.0000,0.0000,0.0000,0.0000,0.0000,0.0000,0.0000,0.0000,0.0000,0.0000,0.0000,0.0000,0.0000,0.0000,0.0000,0.0000,0.0000,0.0000,0.0000,0.0000,0.0000,0.0000,0.0000,0.0000,0.0000,0.0000,0.0000,0.0000,0.0000,0.0000,0.0000,0.0000,0.0000,0.0000,0.0000,0.0000,0.0000,0.0000,0.0000,0.0000,0.0000,0.0000,0.0000,0.0000,0.0000,0.0000,0.0000,0.0000,0.0000,0.0000,0.0000,0.0000,0.0000,0.0000,0.0000,0.0000,0.0000,0.0000,0.0000,0.0000,0.0000,0.0000,0.0000,0.0000,0.0000,0.0000,0.0000,0.0000,0.0000,0.0000,0.00000000000,,
72,071,01804516,72071,Isabela,Isabela Municipio,13,H1,G4020,,10380,,A,143235859.00000000000,94656903.00000000000,+18.4850623,-067.0141415,,0.0000,0.0000,0.0000,0.0000,0.0000,0.0000,0.0000,0.0000,0.0000,0.0000,0.0000,0.0000,0.0000,0.0000,0.0000,0.0000,0.0000,0.0000,0.0000,0.0000,0.0000,0.0000,0.0000,0.0000,0.0000,0.0000,0.0000,0.0000,0.0000,0.0000,0.0000,0.0000,0.0000,0.0000,0.0000,0.0000,0.0000,0.0000,0.0000,0.0000,0.0000,0.0000,0.0000,0.0000,0.0000,0.0000,0.0000,0.0000,0.0000,0.0000,0.0000,0.0000,0.0000,0.0000,0.0000,0.0000,0.0000,0.0000,0.0000,0.0000,0.0000,0.0000,0.0000,0.0000,0.0000,0.0000,0.0000,0.0000,0.0000,0.0000,0.0000,0.0000,0.0000,0.0000,0.0000,0.0000,0.0000,0.0000,0.0000,0.0000,0.0000,0.0000,0.0000,0.0000,0.0000,0.00000000000,,
72,029,01804494,72029,Can2vanas,Can2vanas Municipio,13,H1,G4020,490,41980,,A,85120182.00000000000,364682.00000000000,+18.3298291,-065.8851422,,0.0000,0.0000,0.0000,0.0000,0.0000,0.0000,0.0000,0.0000,0.0000,0.0000,0.0000,0.0000,0.0000,0.0000,0.0000,0.0000,0.0000,0.0000,0.0000,0.0000,0.0000,0.0000,0.0000,0.0000,0.0000,0.0000,0.0000,0.0000,0.0000,0.0000,0.0000,0.0000,0.0000,0.0000,0.0000,0.0000,0.0000,0.0000,0.0000,0.0000,0.0000,0.0000,0.0000,0.0000,0.0000,0.0000,0.0000,0.0000,0.0000,0.0000,0.0000,0.0000,0.0000,0.0000,0.0000,0.0000,0.0000,0.0000,0.0000,0.0000,0.0000,0.0000,0.0000,0.0000,0.0000,0.0000,0.0000,0.0000,0.0000,0.0000,0.0000,0.0000,0.0000,0.0000,0.0000,0.0000,0.0000,0.0000,0.0000,0.0000,0.0000,0.0000,0.0000,0.0000,0.0000,0.00000000000,,
72,095,01804528,72095,Maunabo,Maunabo Municipio,13,H1,G4020,490,41980,,A,54561503.00000000000,44548521.00000000000,+17.9997862,-065.8964028,,0.0000,0.0000,0.0000,0.0000,0.0000,0.0000,0.0000,0.0000,0.0000,0.0000,0.0000,0.0000,0.0000,0.0000,0.0000,0.0000,0.0000,0.0000,0.0000,0.0000,0.0000,0.0000,0.0000,0.0000,0.0000,0.0000,0.0000,0.0000,0.0000,0.0000,0.0000,0.0000,0.0000,0.0000,0.0000,0.0000,0.0000,0.0000,0.0000,0.0000,0.0000,0.0000,0.0000,0.0000,0.0000,0.0000,0.0000,0.0000,0.0000,0.0000,0.0000,0.0000,0.0000,0.0000,0.0000,0.0000,0.0000,0.0000,0.0000,0.0000,0.0000,0.0000,0.0000,0.0000,0.0000,0.0000,0.0000,0.0000,0.0000,0.0000,0.0000,0.0000,0.0000,0.0000,0.0000,0.0000,0.0000,0.0000,0.0000,0.0000,0.0000,0.0000,0.0000,0.0000,0.0000,0.00000000000,,
06,093,00277311,06093,Siskiyou,Siskiyou County,06,H1,G4020,,,,A,16259652221.00000000000,179889482.00000000000,+41.5879861,-122.5332868,06093,2236.4320,2230.2407,2212.2632,2230.1931,2248.5750,2050.7049,2041.6221,2004.1188,2041.6084,2078.4108,2000.3715,1987.8263,1922.3849,1988.1000,2052.8248,2453.5735,2433.0327,2316.0073,2432.3039,2550.3284,2221.5246,2199.7018,2040.7789,2197.6428,2358.3831,2171.0880,2147.0528,1954.0263,2143.6705,2338.7618,1927.5026,1905.3236,1696.7104,1901.6183,2110.9761,1711.0532,1690.5501,1507.0853,1687.0815,1869.5142,1875.0484,1852.2986,1643.6024,1848.0752,2054.0984,1716.8746,1713.9754,1445.4528,1656.6808,2014.0978,1323.4893,1337.1652,1075.4185,1262.7361,1618.7003,1309.8906,1337.1442,1013.3370,1225.7542,1669.8242,1286.4404,1328.4737,941.8321,1169.3930,1712.1392,1209.0495,1246.8854,874.8726,1091.7004,1631.3856,1154.7586,1189.0693,822.8089,1024.7680,1589.3227,1086.5894,1122.6296,752.5840,940.1461,1553.0924,1005.9638,1045.5352,666.5207,841.1153,1511.9723,11.00000000000,06,093
06,097,01657246,06097,Sonoma,Sonoma County,06,H1,G4020,488,42220,,A,4081430136.00000000000,497530353.00000000000,+38.5325740,-122.9451943,06097,32715.1569,32623.8629,32360.5086,32623.1979,32892.6847,31910.0323,31768.8454,31185.3478,31768.6217,32341.1908,34343.7568,34128.4581,33004.9330,34133.1472,35244.3591,40014.1919,39678.8076,37770.3138,39666.9494,41591.8713,40798.7263,40398.5325,37479.8909,40360.7413,43312.5465,38677.6046,38249.6978,34811.1108,38189.4943,41664.7675,32811.7208,32428.3728,28872.6335,32363.9833,35934.3057,34295.1978,33880.1971,30199.3423,33809.8478,37471.0488,35208.1172,34780.8560,30862.0518,34701.5342,38570.1615,31299.0580,31240.0627,26339.9122,30194.1166,36716.0233,33249.1771,33586.5483,27006.1904,31715.1412,40664.5655,32907.1871,33586.1255,25447.1119,30786.2927,41948.7804,31501.6166,32526.1542,23054.9156,28629.4703,41925.4634,30412.8214,31360.2488,21999.3900,27455.5035,41036.0116,29301.4116,30168.2516,20871.7455,25998.1749,40327.9511,27927.3240,28850.1062,19336.5560,24159.0568,39917.0505,26712.1292,27759.3874,17692.3737,22330.4673,40148.3462,11.00000000000,06,097
06,085,00277307,06085,Santa Clara,Santa Clara County,06,H1,G4020,488,41940,,A,3341343470.00000000000,36174996.00000000000,+37.2207774,-121.6906224,06085,134040.6483,133664.8698,132584.9707,133662.2239,134767.7689,142250.3873,141618.4192,139015.9503,141617.5970,144171.6980,141792.3344,140897.4136,136257.6387,140917.4714,145507.1873,169326.6805,167881.6586,159806.7146,167833.2363,175986.4117,183170.4994,181322.3253,168217.9412,181150.7109,194422.6686,189034.3806,186880.0979,170039.7379,186573.8947,203615.6462,182837.7382,180628.9536,160758.3973,180253.6927,200229.4663,195454.6313,193003.3456,171948.7477,192584.7836,213549.3660,205843.6189,203249.2365,180249.9915,202765.5488,225488.0443,191326.1880,190857.4624,160817.1464,184438.2283,224413.0144,187942.6354,189745.7319,152471.8052,179141.1782,229841.5880,186811.5862,190560.8038,144277.3613,174639.1724,238127.3174,182469.0494,188298.8715,133363.4094,165701.2184,242838.5876,179645.2617,185138.7014,129770.3333,162045.7834,242386.1097,176292.1244,181407.3452,125399.6908,156291.1320,242625.3317,170017.0580,175540.8970,117551.6295,146958.7166,243001.9985,162304.9802,168584.0320,107350.1420,135578.3263,243939.2762,11.00000000000,06,085
13,173,00348102,13173,Lanier,Lanier County,06,H1,G4020,,46660,,A,479824426.00000000000,37625302.00000000000,+31.0381973,-083.0631635,13173,594.4497,592.7999,588.0193,592.7874,597.6767,638.1768,635.3687,623.7072,635.3631,646.8041,679.8939,675.5723,653.3187,675.6720,697.6895,855.0025,847.8810,807.0992,847.6245,888.7421,847.4743,839.4028,778.7804,838.6270,899.8507,795.8417,787.0362,716.2824,785.7973,857.3062,702.2817,693.9386,617.7257,692.5291,769.0997,675.3579,666.9148,594.1884,665.4741,737.8826,791.3108,781.5037,693.2411,779.6787,866.8487,625.9307,624.3747,526.0787,603.3686,734.1700,528.2347,533.2840,428.5074,503.4740,645.9936,533.2077,543.9015,411.7912,498.4552,679.6749,506.5311,522.7112,370.2088,459.9796,674.1156,461.5099,475.6207,333.3777,416.2944,622.6914,415.2710,427.3202,295.3894,368.1568,571.5245,375.6578,387.8656,259.7386,324.7131,536.9205,339.2138,352.3406,224.3662,283.3603,509.8279,11.00000000000,13,173
13,029,00350496,13029,Bryan,Bryan County,06,H1,G4020,496,42340,,A,1129148153.00000000000,47887043.00000000000,+32.0179692,-081.4385431,13029,2109.0079,2103.1650,2086.2096,2103.1202,2120.4584,2565.6998,2554.4530,2507.5916,2554.4278,2600.3969,3085.5695,3066.2341,2965.2940,3066.6546,3166.4874,4054.7855,4020.3736,3826.9981,4019.2010,4214.3852,4643.7169,4597.4420,4265.2305,4593.1131,4929.3626,5072.8151,5015.1563,4563.3217,5006.9682,5464.1537,5089.7488,5028.3677,4475.3037,5017.9454,5573.9034,5542.2191,5472.8939,4876.0419,5461.0626,6055.3157,6179.3812,6101.7835,5411.6117,6087.3225,6769.1371,6259.2952,6244.0519,5261.3466,6034.0663,7341.7629,6405.5341,6467.3077,5197.1637,6105.9603,7833.6027,6631.2405,6764.7106,5122.0785,6199.6408,8452.8386,6715.6760,6930.6747,4909.1138,6099.0905,8937.5835,6865.2067,7075.6222,4960.0505,6193.2491,9262.9132,6976.2693,7179.2081,4963.2503,6185.4434,9601.2626,6984.3108,7211.7697,4829.9823,6037.7488,9982.5744,6923.4036,7191.7846,4580.1660,5783.9906,10405.6908,11.00000000000,13,029
13,001,00349113,13001,Appling,Appling County,06,H1,G4020,,,,A,1313333924.00000000000,13417422.00000000000,+31.7397120,-082.2901025,13001,1084.8105,1081.7793,1073.0446,1081.7574,1090.6966,1061.1755,1056.5779,1037.2237,1056.5637,1075.5417,967.0783,961.1369,929.5233,961.2550,992.5062,1009.0226,1000.7546,952.6203,1000.4426,1048.9272,946.4288,937.4768,869.7769,936.6127,1004.9617,1057.5757,1045.9997,952.0453,1044.3772,1139.2910,1077.7818,1065.2019,948.4143,1063.0896,1180.3522,1064.8140,1052.0653,937.9019,1049.9089,1163.4273,1113.9373,1100.6651,976.9039,1098.2063,1220.3377,1065.0927,1063.2529,896.6372,1027.6994,1249.4703,790.8542,798.8931,642.3857,754.3841,967.2365,765.7842,781.6471,592.2913,716.5085,976.1991,743.2307,767.5179,544.1408,675.6110,989.1750,698.1224,720.0125,505.2385,630.4183,941.9891,655.5281,675.0787,467.2165,581.8285,902.2254,602.6099,622.7089,417.5717,521.5340,861.3349,541.3159,562.7464,358.9032,452.7777,813.6111,11.00000000000,13,001
13,241,00351489,13241,Rabun,Rabun County,06,H1,G4020,,,,A,958276574.00000000000,17845339.00000000000,+34.8830262,-083.4047353,13241,973.6126,970.8994,963.0638,970.8794,978.8964,1117.9259,1113.0139,1092.5896,1113.0037,1133.0408,914.5984,908.8865,878.9704,909.0089,938.5942,972.1316,963.9862,917.6199,963.6980,1010.4625,1058.6357,1048.3063,972.5749,1047.3278,1123.8998,1094.1179,1082.2850,985.1627,1080.6336,1178.6983,834.4138,824.8265,734.5288,823.2256,913.8409,729.8372,721.5335,643.6713,720.1443,797.4534,669.6115,661.9199,587.7859,660.5010,733.6059,546.5973,546.0532,460.8674,527.9019,641.3155,587.7126,594.2646,478.3928,561.3348,718.8828,524.9216,536.3391,406.9498,491.8293,669.2204,481.1673,497.4018,353.1513,438.0312,640.4367,455.7821,470.5525,330.6814,412.1896,615.0378,410.0784,422.7701,293.0843,364.5597,564.4417,352.0083,364.1740,244.6725,305.1815,503.1695,310.3791,323.0354,206.4448,260.0656,466.5301,11.00000000000,13,241
13,023,00347451,13023,Bleckley,Bleckley County,06,H1,G4020,,,,A,559100179.00000000000,8447354.00000000000,+32.4354034,-083.3317174,13023,759.8185,757.7080,751.5966,757.6921,763.9430,705.0436,701.9385,689.0537,701.9326,714.5741,719.4104,714.9107,691.3778,715.0078,738.2813,752.5774,746.2561,710.3623,746.0340,782.2414,777.3515,769.5660,713.9536,768.8399,825.1424,631.1689,624.1888,568.0770,623.2069,679.9164,414.4062,409.4730,364.4931,408.6391,453.8334,645.1471,637.3820,568.1765,636.0672,704.8923,664.9466,656.7111,582.5482,655.1787,728.4225,621.8892,620.5182,522.9968,599.6891,729.4721,561.5485,567.2094,456.0452,535.5936,686.7817,555.5083,566.9165,429.4815,519.6386,708.1337,514.8028,531.5029,376.6921,467.8118,685.1467,484.9277,499.9963,350.7112,437.7253,654.3094,470.3687,484.2421,334.9762,417.2897,647.3717,449.5276,464.3351,311.1664,388.8147,642.5150,438.9726,456.1368,290.6651,366.9105,659.7732,11.00000000000,13,023
13,113,01687740,13113,Fayette,Fayette County,06,H1,G4020,122,12060,,A,503344101.00000000000,12896707.00000000000,+33.4127172,-084.4939407,13113,7805.5277,7783.9302,7721.1909,7783.7630,7847.9102,6741.8401,6711.9502,6588.6399,6711.9072,6832.9166,6060.6944,6021.9832,5823.5743,6022.8938,6219.2222,7159.8689,7098.4255,6756.9968,7096.4013,7441.2532,7848.8196,7769.8828,7208.3668,7762.5389,8331.1422,10310.1908,10194.2615,9276.6250,10177.8590,11105.9292,9696.9401,9581.1529,8528.3640,9561.5583,10619.4800,8925.6701,8814.6578,7854.0015,8795.7339,9752.0423,8374.7719,8270.5193,7335.9792,8251.1090,9174.1655,7898.9127,7879.9703,6640.0812,7615.0486,9265.0035,9410.5439,9502.1277,7636.7489,8971.4729,11508.6933,9304.4244,9492.4595,7188.2206,8699.7956,11860.4367,9171.4006,9465.7234,6705.4397,8330.2329,12205.8561,9316.6016,9602.8271,6732.3286,8405.5647,12570.5301,9382.1729,9655.7366,6676.0407,8319.4241,12912.4978,9026.9687,9321.4919,6243.5347,7804.2497,12902.1537,8663.1001,8999.3676,5731.8592,7237.9287,13020.4362,11.00000000000,13,113
13,163,00345714,13163,Jefferson,Jefferson County,06,H1,G4020,,,,A,1363589314.00000000000,8241842.00000000000,+33.0518742,-082.4190497,13163,950.8005,948.1850,940.5505,948.1639,955.9653,863.6731,859.8754,844.0947,859.8677,875.3496,745.3317,740.7496,716.3843,740.8410,764.9274,756.9163,750.6084,714.5053,750.3816,786.7832,769.8638,762.2383,707.1629,761.5224,817.2503,745.7484,737.3380,670.9505,736.1468,803.2978,690.3970,682.0372,606.9907,680.6159,756.0661,667.6817,659.2511,587.2769,657.8096,729.4908,623.6778,615.7605,546.0243,614.2833,683.1908,537.8817,536.6144,452.2015,518.5797,630.9120,438.5394,442.7818,355.8345,418.0464,536.3108,408.5801,416.8143,315.6123,382.0005,520.8181,376.2742,388.3287,275.0681,341.7378,500.7667,348.9413,359.6434,252.1194,314.7965,470.8114,326.5370,336.0429,232.3261,289.5298,449.4052,301.8719,311.7093,208.7698,260.9680,431.4616,276.4328,287.1535,182.8826,230.9452,415.4714,11.00000000000,13,163
13,253,00351263,13253,Seminole,Seminole County,06,H1,G4020,,,,A,609232736.00000000000,55244218.00000000000,+30.9338940,-084.8675915,13253,504.3182,502.9262,498.8744,502.9153,507.0570,469.0290,466.9822,458.4203,466.9769,475.3745,430.4301,427.7970,413.7285,427.8483,441.7540,414.4543,411.0121,391.2431,410.8871,430.8156,445.6712,441.2705,409.3878,440.8566,473.1121,518.9047,513.0682,466.8832,512.2423,558.9531,489.6290,483.7267,430.5244,482.7246,536.2045,421.4458,416.1205,370.6865,415.2099,460.4599,394.2954,389.1580,344.9495,388.1968,431.9041,386.4433,385.4255,324.6928,372.4431,453.2553,327.4261,330.4506,265.4256,311.9462,400.4018,297.8743,303.7448,229.8641,278.3296,379.6851,272.1988,280.7950,198.7732,247.0593,362.2464,250.9891,258.5743,181.1517,226.2858,338.6387,228.8055,235.3650,162.6143,202.7459,314.8915,200.2573,206.6982,138.3442,173.0156,286.2193,172.8041,179.4374,114.2017,144.2848,259.7159,11.00000000000,13,253
13,039,01671316,13039,Camden,Camden County,06,H1,G4020,,41220,,A,1587727882.00000000000,437293017.00000000000,+30.9163582,-081.6365160,13039,2796.9674,2789.1140,2766.5739,2789.0594,2812.1382,2389.1010,2378.5648,2334.8961,2378.5456,2421.3917,2105.5865,2092.3687,2023.4828,2092.6583,2160.7916,2809.8524,2785.9130,2651.9134,2785.1068,2920.3912,3340.4988,3306.9569,3067.9735,3303.8334,3545.8134,3271.5939,3234.2576,2942.7750,3228.9483,3523.9348,3462.3185,3417.3439,3038.6024,3409.5244,3791.2960,3251.5726,3206.2666,2851.9706,3198.3774,3552.3322,3369.6470,3322.1410,2941.0471,3313.1823,3690.6134,3090.7996,3078.2741,2589.0219,2973.4040,3624.1026,2112.4472,2126.9012,1703.5780,2006.2353,2582.4403,2034.4247,2069.6198,1561.3513,1894.7711,2592.5841,1957.3180,2014.4985,1421.4013,1770.7353,2604.4197,1797.5572,1847.7706,1290.2910,1615.4054,2424.9264,1598.6374,1640.9415,1129.9934,1412.0876,2199.8272,1390.0561,1431.8673,955.1680,1197.3295,1986.5448,1231.0872,1276.1209,809.6295,1025.1816,1850.1249,11.00000000000,13,039
13,127,01671513,13127,Glynn,Glynn County,06,H1,G4020,,15260,,A,1087155362.00000000000,428629840.00000000000,+31.2127465,-081.4965167,13127,5186.5523,5172.2893,5130.6461,5172.1744,5214.7270,5330.1950,5307.0084,5209.7461,5306.9434,5402.3285,5220.2940,5188.3273,5017.6968,5188.9523,5357.6130,5882.9115,5834.9905,5554.3398,5833.1523,6115.7489,6126.8531,6068.4377,5630.1641,6062.8261,6505.4691,6326.9203,6258.7028,5697.1909,6249.1932,6816.0811,5970.5420,5901.3587,5254.7902,5889.7716,6538.8053,6309.9570,6234.1115,5557.3272,6221.2723,6894.3100,6645.6872,6565.4616,5826.1549,6550.5763,7280.3393,6028.0462,6017.1069,5073.6999,5815.7625,7071.4300,5860.0665,5919.9835,4760.5585,5590.2692,7167.0805,5841.3161,5962.2803,4517.8688,5465.4008,7446.3326,5688.4781,5873.8936,4163.8923,5170.3442,7570.8246,5537.5190,5710.4052,4006.2710,4999.5386,7471.8071,5376.9812,5536.4031,3830.7037,4771.2639,7400.4444,5135.7676,5305.7891,3556.5193,4443.1986,7340.6724,4904.0201,5096.5770,3248.6261,4099.9604,7370.7628,11.00000000000,13,127
13,233,00343585,13233,Polk,Polk County,06,H1,G4020,122,16340,,A,803754838.00000000000,4686006.00000000000,+33.9959611,-085.1868259,13233,2476.8728,2469.9552,2450.0136,2469.9051,2490.3127,2451.0514,2440.2263,2395.4174,2440.2078,2484.1749,2294.8044,2280.4520,2205.3861,2280.7616,2355.0004,2474.5648,2453.6364,2335.6194,2452.9158,2572.0120,2614.1742,2588.5464,2401.5351,2586.1256,2775.2566,2407.2303,2380.7532,2166.8262,2377.0358,2593.1916,2403.7695,2375.6614,2115.1507,2370.9387,2632.5258,2460.8256,2431.1859,2167.1923,2426.1663,2688.7143,2572.0485,2541.1686,2255.1930,2535.4426,2817.6953,2027.6984,2024.7717,1708.0335,1957.2219,2378.8518,1742.4281,1760.5875,1416.1033,1662.6376,2131.1107,1759.8263,1796.5851,1361.6610,1646.9709,2243.4115,1703.4442,1759.2646,1247.4071,1548.6585,2267.1488,1638.3251,1689.7452,1185.7580,1479.5025,2210.6258,1570.3316,1617.1226,1119.1525,1393.7284,2161.2967,1488.2517,1537.7155,1030.9589,1287.8019,2127.2065,1384.2166,1438.7311,917.2532,1157.4616,2080.4936,11.00000000000,13,233
13,211,00346008,13211,Morgan,Morgan County,06,H1,G4020,,,,A,899630975.00000000000,18832334.00000000000,+33.5937317,-083.4923244,13211,1205.4266,1202.0778,1192.3820,1202.0526,1211.9699,1153.0919,1148.0787,1127.0392,1148.0644,1168.6975,974.7424,968.7189,936.8479,968.8419,1000.3522,1012.7235,1004.2926,955.9878,1003.9885,1052.6898,1044.2289,1033.8705,959.1670,1032.8988,1108.4930,1286.2816,1272.0031,1157.6216,1269.9919,1385.6103,1191.0155,1176.9107,1047.6944,1174.5305,1304.3388,1054.0962,1041.1977,927.9357,1039.0062,1151.7007,986.5993,974.4787,864.5311,972.2253,1080.7923,864.3099,862.4750,726.9949,833.5431,1013.8471,867.0816,875.5427,703.6848,826.6542,1060.4075,802.5286,818.7671,620.0360,750.4031,1022.9931,751.0739,775.1945,549.1591,682.2102,999.5762,713.9513,735.8999,515.9379,644.1550,963.3082,674.2742,693.9475,479.8136,597.9134,927.9912,598.7454,618.2942,414.1483,517.6612,855.7817,527.9716,548.4762,349.3467,441.1279,793.5295,11.00000000000,13,211
13,263,00326757,13263,Talbot,Talbot County,06,H1,G4020,,,,A,1013691766.00000000000,8737087.00000000000,+32.7046026,-084.5300288,13263,369.7134,368.7050,365.7408,368.6964,371.7229,349.7646,348.2267,341.8360,348.2236,354.4933,288.0498,286.2507,276.8287,286.2893,295.6071,266.5504,264.3835,251.6672,264.2999,277.1029,325.6068,322.4522,299.1596,322.1520,345.6950,346.6663,342.9118,312.1361,342.3876,373.4636,282.7327,279.4891,248.8965,278.9477,309.6464,232.6858,230.0599,205.2552,229.6215,254.2444,236.6856,233.9193,207.6720,233.4080,259.2997,225.4060,225.1408,189.9792,217.6459,264.4560,234.6900,237.1978,190.8452,224.0204,287.0522,231.3836,236.2826,179.1479,216.6282,294.9738,233.4760,241.1864,171.0731,212.3357,310.7432,235.4054,242.8477,170.4707,212.6533,317.6422,232.7122,239.6982,165.9414,206.6066,320.2933,224.5194,232.0304,155.6182,194.3406,320.9163,220.2674,228.9834,146.0341,184.2350,331.0669,11.00000000000,13,263
13,249,00344129,13249,Schley,Schley County,06,H1,G4020,,11140,,A,432283853.00000000000,2376378.00000000000,+32.2634410,-084.3227238,13249,413.6345,412.4807,409.1512,412.4723,415.8792,370.8129,369.2062,362.4431,369.2013,375.8329,342.1999,340.1160,328.9331,340.1557,351.2079,383.3059,380.1612,361.8762,380.0430,398.4624,405.9333,402.0620,373.0243,401.6902,431.0178,446.9823,442.1797,402.5194,441.5110,481.5452,445.9808,440.9353,392.7343,440.0975,488.4424,462.7375,457.3354,407.8464,456.4266,505.6000,437.4546,432.4034,383.9479,431.4710,479.2587,404.1237,403.4983,340.3382,390.0256,474.0990,463.8162,468.7040,377.0465,442.6444,567.2882,468.6707,478.5202,362.7377,438.6909,597.4646,465.0961,480.3940,340.6809,422.9062,619.0110,472.9411,487.8327,342.3798,427.1543,638.1535,478.8827,493.1943,341.3669,425.0802,659.1047,471.7915,487.5100,326.8920,408.2944,674.3496,460.2430,478.4002,305.0370,384.8872,691.7524,11.00000000000,13,249
13,291,00353193,13291,Union,Union County,06,H1,G4020,,,,A,833785120.00000000000,18333198.00000000000,+34.8337696,-083.9895727,13291,1286.2477,1282.7303,1272.4132,1282.7009,1293.2377,1219.4780,1214.2105,1191.9774,1214.1931,1235.9919,1044.0094,1037.7107,1003.6044,1037.8248,1071.5249,1176.2904,1166.7711,1110.6521,1166.3993,1222.8863,1193.3743,1182.2268,1096.8645,1181.1425,1267.2722,1251.1683,1238.1600,1127.3833,1236.3710,1348.0416,1301.4806,1286.8023,1146.1758,1284.3678,1425.3990,1221.3334,1207.0132,1076.3381,1204.6018,1334.4597,1225.8868,1211.5660,1075.6271,1208.9189,1343.0150,1057.1305,1055.6718,890.5956,1020.4709,1240.2189,1131.9407,1144.0962,920.5771,1080.5554,1384.5004,1103.2954,1126.7399,854.3707,1033.0448,1406.5198,1063.8500,1099.1183,779.7381,967.6921,1415.9357,1046.3961,1079.6366,758.0302,945.4632,1411.9596,1019.8791,1050.6654,727.5482,905.6849,1403.7235,966.3478,998.8526,670.1046,836.6775,1381.2595,905.8967,941.9339,600.9362,757.9398,1361.5955,11.00000000000,13,291
13,315,00345499,13315,Wilcox,Wilcox County,06,H1,G4020,,,,A,978250169.00000000000,11444222.00000000000,+31.9627168,-083.4382617,13315,523.9596,522.4556,518.2162,522.4468,526.7969,459.8129,457.6802,449.2218,457.6838,465.9977,444.7534,441.8717,427.3039,441.9432,456.3637,414.4272,410.8172,391.0571,410.7037,430.6801,404.8503,400.7706,371.8069,400.3915,429.7237,396.5938,391.9121,356.4922,391.2389,427.1381,536.3914,529.2037,470.3560,527.9424,587.3322,499.2465,492.1069,437.5451,490.8582,545.4144,534.2718,526.5476,465.9484,525.0875,585.1391,514.2754,511.9228,430.3016,494.4101,602.9460,429.5465,432.6310,346.6614,408.1315,525.1389,408.9992,416.1850,314.0858,381.0620,521.2244,379.3559,390.4882,275.5731,343.2561,504.7778,355.8703,365.8198,255.4594,319.8198,480.0740,333.1973,342.0010,235.4961,294.2983,458.4997,308.0901,317.3263,211.6477,265.3359,440.2928,281.1008,291.3070,184.7306,233.9913,422.4444,11.00000000000,13,315
13,299,00357722,13299,Ware,Ware County,06,H1,G4020,,48180,,A,2311462171.00000000000,40215551.00000000000,+31.0508810,-082.4215072,13299,2004.5811,1998.9415,1982.7814,1998.9028,2015.4524,2001.5111,1992.6869,1956.1042,1992.6707,2028.5640,1796.1634,1785.0688,1726.3409,1785.2950,1843.3574,1837.7995,1822.7342,1735.0643,1822.1664,1910.4764,1869.8791,1852.0521,1718.2936,1850.3396,1985.4312,1832.5798,1812.9109,1650.3195,1810.1736,1974.2905,1654.0038,1634.9902,1455.9920,1631.8148,1811.4458,1630.2473,1610.5245,1435.5565,1607.1814,1781.2139,1779.3942,1757.7478,1559.6456,1753.7279,1949.3032,1676.9549,1673.5966,1410.8963,1617.5098,1967.1396,1329.1350,1342.5323,1079.4156,1267.7002,1625.5505,1284.7397,1311.1511,993.3218,1201.8173,1637.7239,1232.6681,1272.6481,901.9567,1120.1415,1640.5468,1176.8657,1213.3954,851.0680,1062.2599,1587.9328,1123.4779,1156.5599,799.9963,996.6288,1546.2463,1050.0415,1084.5737,726.7470,908.1530,1500.8327,984.0910,1022.5126,651.5124,822.4715,1479.0795,11.00000000000,13,299
13,059,01672699,13059,Clarke,Clarke County,06,H6,G4020,,12020,,C,308727523.00000000000,4752204.00000000000,+33.9522337,-083.3671299,13059,5705.0090,5689.2320,5643.3808,5689.1096,5735.9874,6761.5489,6731.8610,6608.3391,6731.7977,6852.9743,7718.7235,7671.1263,7418.7680,7672.0888,7921.5772,8784.2663,8712.0322,8292.9999,8709.3340,9131.5015,8970.9472,8887.1040,8245.4101,8878.9515,9526.4304,4307.6688,4258.6825,3874.9861,4251.7248,4639.9736,3545.3440,3503.8537,3119.5981,3496.8808,3882.7350,7719.3735,7623.1963,6792.2222,7606.7955,8434.0523,8751.2074,8642.9937,7667.1093,8622.8610,9586.6209,8356.6913,8338.1147,7027.5388,8058.1849,9802.3086,11099.3444,11208.9286,9009.9690,10583.4398,13574.2790,10993.4981,11217.2481,8495.8971,10281.0976,14013.7056,10510.0728,10848.8807,7686.7874,9548.0398,13987.5769,10467.5989,10790.6489,7566.5848,9445.8719,14123.6572,10308.2115,10610.1648,7337.4093,9142.3287,14187.0981,10754.9133,11107.1770,7441.0855,9299.8498,15371.9828,11421.5450,11866.1938,7559.2927,9544.1871,17166.3949,11.00000000000,13,059
13,169,00345367,13169,Jones,Jones County,06,H1,G4020,356,31420,,A,1020281755.00000000000,3842707.00000000000,+33.0202261,-083.5623393,13169,1853.4978,1848.3150,1833.3891,1848.2778,1863.5543,1757.8452,1750.1504,1718.0495,1750.1323,1781.6204,1616.7384,1606.6436,1553.7613,1606.8597,1659.1571,1687.8821,1673.7486,1593.2437,1673.2475,1754.4406,1691.7210,1675.0961,1554.0740,1673.5279,1795.9364,1954.7197,1932.7366,1758.7588,1929.6261,2105.5834,1810.6777,1789.2976,1592.9019,1785.6933,1982.9681,1718.3916,1697.2799,1512.5643,1693.6900,1877.5019,1696.4137,1675.4019,1486.1959,1671.4920,1858.3536,1305.4563,1302.5968,1097.8966,1258.8770,1531.2965,1404.3814,1418.1286,1139.8090,1338.9566,1717.5114,1344.3683,1371.6184,1038.7470,1257.1099,1713.6886,1253.4309,1293.7344,916.5503,1138.5701,1668.1488,1203.6674,1240.7226,869.9210,1086.0618,1624.0688,1151.4800,1185.1278,819.4828,1021.1410,1584.7649,1062.3010,1097.0307,734.8680,918.4981,1518.3408,968.2820,1005.9310,640.7691,809.0681,1455.3090,11.00000000000,13,169
13,045,00326650,13045,Carroll,Carroll County,06,H1,G4020,122,12060,,A,1292600278.00000000000,12327627.00000000000,+33.5822366,-085.0805272,13045,7105.1218,7085.2725,7028.0655,7085.1292,7143.6743,7262.7457,7230.6638,7097.8862,7230.6090,7360.8928,6897.0595,6853.8769,6628.2565,6854.8123,7077.9531,7539.9349,7476.7760,7117.1539,7474.5387,7837.2436,8044.0579,7965.6961,7390.2525,7958.2657,8540.0513,8037.8343,7947.2898,7231.8085,7934.4708,8658.1446,6938.8171,6854.2487,6099.5662,6839.8389,7598.7595,8641.6608,8533.9279,7603.6139,8515.5546,9441.7236,9084.2846,8969.8525,7954.9083,8948.5197,9951.2391,8190.9583,8171.0784,6885.1574,7896.3056,9607.4998,8017.9560,8094.7017,6504.3982,7642.2483,9805.4090,7915.8074,8074.4816,6113.1592,7399.7812,10090.1963,7677.3953,7922.4835,5610.9272,6971.6346,10217.4294,7506.2782,7735.6071,5421.9496,6770.6383,10127.8164,7279.3307,7490.3244,5177.5301,6453.1843,10018.2973,7040.2457,7268.7817,4867.3463,6085.1694,10062.4692,6865.6890,7131.1500,4540.7677,5734.9361,10318.9050,11.00000000000,13,045
13,247,00357592,13247,Rockdale,Rockdale County,06,H1,G4020,122,12060,,A,336161686.00000000000,5969943.00000000000,+33.6520811,-084.0263696,13247,6197.2469,6180.1765,6130.4042,6180.0403,6230.9078,6272.2300,6245.0317,6130.6242,6244.9494,6357.1368,5714.5160,5679.5709,5492.7957,5680.2496,5864.8624,5935.8315,5887.4920,5604.3162,5885.6363,6170.7714,6241.2198,6181.4553,5734.9968,6175.7294,6626.7327,7272.7994,7194.1513,6548.5659,7183.1760,7835.0226,7251.8546,7169.1055,6384.7818,7155.3220,7942.2179,7540.2171,7450.5894,6642.7475,7435.4527,8238.5608,8296.8819,8198.2247,7276.6004,8179.9519,9089.4021,7538.7490,7526.4922,6347.7956,7275.0250,8843.9630,8392.9694,8480.3475,6820.9579,8008.5165,10265.1694,8491.7347,8669.1133,6570.4673,7947.1769,10825.1911,8475.3419,8753.0182,6206.2767,7705.1522,11280.0015,8693.2369,8965.8519,6291.4416,7850.2049,11729.9436,8907.3726,9172.4394,6347.5506,7905.1906,12259.4690,8872.9820,9167.4886,6145.8914,7677.3987,12682.4133,8736.0674,9079.6789,5788.1824,7304.4306,13130.3830,11.00000000000,13,247
13,083,00347465,13083,Dade,Dade County,06,H1,G4020,174,16860,,A,450609395.00000000000,463485.00000000000,+34.8524237,-085.5062006,13083,917.9453,915.3983,908.0163,915.3790,922.9286,916.9861,912.9334,896.1680,912.9267,929.3775,854.4682,849.1182,821.1663,849.2341,876.8788,872.0657,864.6747,823.0848,864.4218,906.3973,849.8007,841.4041,780.6104,840.6145,902.1211,593.2667,586.5150,533.6682,585.5558,639.0314,543.0560,536.4427,477.3827,535.3161,594.7060,637.8606,630.0242,561.4586,628.6917,696.9218,616.2532,608.7462,540.1288,607.3520,675.0961,574.9433,573.8605,483.8485,554.6473,674.4497,525.7215,530.9824,426.8813,501.3738,642.9584,493.1431,503.2395,381.2106,461.2613,628.6299,454.6289,469.3320,332.5848,413.0743,605.0578,421.8492,434.9025,304.9961,380.7167,569.1932,387.4957,398.8667,275.8558,343.6947,533.3085,373.2364,385.4766,258.2611,322.7594,533.4674,353.5709,367.3476,234.0305,295.4692,531.4120,11.00000000000,13,083
13,213,01688005,13213,Murray,Murray County,06,H1,G4020,,19140,,A,892163642.00000000000,5688079.00000000000,+34.7970974,-084.7379899,13213,2738.4412,2730.7202,2708.6354,2730.6682,2753.2898,2672.4206,2660.5713,2611.6916,2660.5545,2708.5223,2343.6811,2328.8379,2252.1374,2329.1754,2405.0551,2417.0923,2396.8416,2281.5570,2396.1248,2512.3988,2481.6075,2457.2187,2279.6898,2454.9183,2634.4813,2551.1867,2522.5202,2295.4681,2518.4654,2748.0924,2301.7938,2274.5700,2024.8702,2269.9779,2520.8101,2315.3051,2287.0337,2038.3086,2282.2322,2529.6954,2278.7019,2250.7586,1996.8646,2245.5646,2496.2611,1945.1790,1941.3804,1636.7393,1876.3455,2281.8015,2027.6777,2048.1470,1646.7696,1933.9939,2479.8829,1975.0442,2015.6899,1527.1199,1847.6210,2517.6957,1904.3654,1966.1900,1393.5460,1730.5954,2534.5078,1877.4182,1935.7763,1357.8269,1694.6971,2533.1885,1865.8295,1920.8777,1328.7906,1655.2990,2567.9558,1824.2119,1884.3273,1262.7787,1577.8673,2607.3691,1758.4957,1827.2858,1164.4411,1469.8578,2643.0107,11.00000000000,13,213
06,029,02054176,06029,Kern,Kern County,06,H1,G4020,,12540,,A,21061565098.00000000000,79577235.00000000000,+35.3466288,-118.7295064,06029,47012.7930,46881.8635,46503.5508,46880.8972,47267.9445,47563.8318,47355.3979,46486.6972,47354.9252,48207.0752,48937.7751,48634.2840,47033.9656,48640.5861,50222.9315,57024.5123,56552.2196,53832.1563,56534.9352,59276.4920,62726.6161,62120.2639,57633.0979,62062.5006,66597.4143,68627.0659,67876.4557,61779.9818,67771.2779,73929.8118,66768.1670,65981.3689,58740.5784,65848.8197,73121.5068,68827.4071,67981.9091,60583.5134,67838.1398,75200.3207,78043.3660,77079.5516,68377.7334,76900.2643,85493.7417,74162.8513,74001.6533,62373.6614,71518.2366,86993.1124,64204.3084,64838.5057,52118.8213,61220.4360,78520.6502,66446.7346,67799.2894,51351.0662,62141.0656,84701.4454,67225.8263,69392.9293,49167.1431,61072.3262,89469.0673,67043.5952,69112.6640,48462.9399,60499.5366,90460.1654,66438.6612,68384.7739,47291.1241,58924.2402,91438.9199,64381.2804,66490.1844,44544.2887,55671.1691,92020.0891,62172.5433,64593.3478,41149.2713,51953.7214,93444.3345,11.00000000000,06,029
55,001,01581060,55001,Adams,Adams County,06,H1,G4020,,,,A,1672214172.00000000000,111125910.00000000000,+43.9737629,-089.7672232,55001,1083.8168,1080.7842,1072.0555,1080.7625,1089.6969,963.6757,959.4093,941.7865,959.4027,976.6959,769.2837,764.5358,739.3838,764.6322,789.4988,804.1373,797.5132,759.1543,797.2670,835.9169,706.6465,699.8431,649.2934,699.1934,750.2711,744.2697,735.9371,669.7147,734.7599,801.7228,642.4196,634.8399,565.1642,633.5624,703.5481,574.7122,567.7066,505.9780,566.5172,627.9295,568.3569,561.3252,497.9419,560.0169,622.6133,432.9104,432.0953,364.3200,417.6286,507.8349,428.4263,432.7211,347.8917,408.5941,523.9674,385.4357,393.3717,298.0287,360.5736,491.3362,344.0375,355.2332,251.7999,312.6781,457.8797,312.1297,321.8765,225.8220,281.8081,421.1586,284.1411,292.5841,202.4620,252.1561,391.0704,255.5144,264.0021,176.9947,221.0938,365.2147,228.3754,237.3694,151.3331,190.9640,343.2508,11.00000000000,55,001
55,121,01581120,55121,Trempealeau,Trempealeau County,06,H1,G4020,,,,A,1898370021.00000000000,23371308.00000000000,+44.3030501,-091.3588668,55121,2031.8192,2026.0816,2009.6909,2026.0433,2042.8351,1836.4543,1828.2649,1794.6512,1828.2564,1861.2497,1801.6815,1790.3298,1731.3784,1790.5824,1848.8953,2005.7962,1988.9256,1893.2609,1988.3352,2084.8432,1711.6039,1694.8691,1572.4260,1693.2857,1817.1005,2116.4785,2092.9258,1904.6875,2089.6054,2279.8992,1971.9025,1948.8418,1735.1332,1944.9671,2159.5596,2082.5031,2057.1871,1833.5716,2052.8915,2275.3432,2219.7907,2192.9543,1945.9751,2187.9741,2431.7722,2239.1357,2234.8115,1884.1716,2159.9600,2626.6405,1728.5528,1746.2110,1404.2019,1648.9508,2114.0822,1768.2156,1804.7985,1367.5375,1654.3801,2254.0635,1811.1999,1870.1658,1325.6550,1646.1393,2410.5290,1780.2290,1835.7343,1287.8263,1607.1810,2402.0668,1787.2144,1840.1076,1273.0910,1585.7630,2459.7704,1750.8608,1808.7171,1212.2825,1514.6199,2502.5386,1697.0302,1763.5593,1123.9959,1418.6575,2550.6371,11.00000000000,55,121
55,123,01581121,55123,Vernon,Vernon County,06,H1,G4020,,,,A,2050180266.00000000000,64301270.00000000000,+43.5998583,-090.8152256,55123,1821.3126,1816.2649,1801.6213,1816.2263,1831.2008,1750.9077,1743.1680,1711.1552,1743.1552,1774.5675,1751.0529,1740.0675,1682.7818,1740.3076,1796.9665,1944.3265,1928.2488,1835.5035,1927.6577,2021.1272,1705.7081,1689.0271,1567.0057,1687.4490,1810.8387,1966.8543,1944.9011,1769.9346,1941.8030,2118.7030,1949.1636,1926.1989,1714.8218,1922.3303,2134.6372,2031.5876,2006.2456,1787.5229,2001.9232,2219.6752,2024.0412,1999.2630,1773.7820,1994.6583,2217.2919,1922.5226,1918.3183,1616.8657,1853.9347,2255.1150,1128.4859,1139.6152,916.0347,1076.0178,1380.1140,1129.7090,1152.6890,873.0290,1056.4853,1440.0687,1104.4840,1140.0747,807.7662,1003.3682,1469.9272,985.6978,1016.1104,712.5055,889.4751,1329.9755,909.2392,935.8683,647.1904,806.3961,1251.3772,805.4780,831.8622,557.2955,696.5048,1151.2687,682.9527,709.5485,452.0229,570.7056,1026.4672,11.00000000000,55,123
55,141,01581130,55141,Wood,Wood County,06,H1,G4020,,32270,,A,2054162108.00000000000,42280594.00000000000,+44.4614126,-090.0388252,55141,4578.8861,4566.1256,4529.2745,4566.0315,4603.7357,3980.6887,3963.0180,3890.1988,3962.9942,4034.4580,3926.6287,3901.8722,3773.3889,3902.4247,4029.5184,4401.6792,4364.6649,4154.7304,4363.3687,4575.1510,3925.9403,3887.1296,3606.2727,3883.4817,4167.6393,4079.5583,4033.9443,3670.9929,4027.5031,4394.4925,3525.2598,3483.2496,3100.5804,3476.1451,3860.6528,3261.6788,3221.4495,2870.7009,3214.6033,3563.6770,3486.3503,3443.2200,3054.4245,3435.1955,3819.1641,3138.2709,3131.6711,2639.7989,3026.6353,3681.2491,2549.0911,2574.3845,2069.4633,2430.7660,3117.5085,2458.9176,2509.0890,1900.4980,2299.7324,3134.4630,2346.0480,2421.7937,1716.0380,2131.4512,3122.3034,2168.5693,2235.6089,1567.7629,1957.0427,2926.0039,2047.7733,2107.8389,1457.7520,1816.2683,2818.3383,1892.7672,1954.8064,1309.6413,1636.7443,2705.3326,1750.7471,1818.9304,1158.7686,1463.0083,2631.3457,11.00000000000,55,141
55,107,01581114,55107,Rusk,Rusk County,06,H1,G4020,,,,A,2366174321.00000000000,44800571.00000000000,+45.4727340,-091.1367448,55107,877.4517,874.9973,867.9309,874.9798,882.2124,747.7852,744.4415,730.7497,744.4387,757.8790,692.7991,688.4495,665.7840,688.5449,710.9629,684.2057,678.4986,645.8639,678.2940,711.2002,596.5103,590.6084,547.9347,590.0540,633.2309,720.4445,712.3377,648.2129,711.1904,776.0465,615.8831,608.4775,541.5713,607.2213,674.4705,563.3677,556.5465,496.0776,555.3901,615.5372,589.3698,581.8990,516.0089,580.5054,645.6104,520.2245,518.9168,437.2093,501.4548,610.1810,445.5857,449.8036,361.3895,424.6472,544.9129,421.8056,430.2041,325.6495,394.2370,537.6643,396.5023,409.0958,289.6688,359.9725,527.6778,374.1722,385.5326,270.1500,337.4116,504.8440,360.0581,370.4217,255.9691,319.1019,495.5300,335.2336,346.0400,231.6332,289.6611,479.1367,313.3953,325.4383,207.1379,261.6889,471.0183,11.00000000000,55,107
55,133,01581126,55133,Waukesha,Waukesha County,06,H1,G4020,376,33340,,A,1423388982.00000000000,80346783.00000000000,+43.0193081,-088.3067069,55133,26996.8069,26921.6790,26704.4650,26921.1215,27143.3335,23893.9473,23788.0168,23350.9921,23787.8633,24216.7354,24199.8969,24047.5302,23255.7268,24050.9120,24834.1258,28140.6161,27902.7618,26560.6722,27894.5583,29248.8720,26466.2293,26203.3374,24309.9563,26178.6978,28094.7856,29711.2401,29377.0630,26732.6248,29329.7778,32004.3177,28068.5284,27739.2438,24696.4548,27683.8547,30739.5654,27638.3411,27299.1358,24328.5133,27241.4682,30197.4680,26146.7138,25825.5529,22911.7907,25765.8459,28643.0099,23779.6282,23729.0226,20001.4820,22932.9946,27893.7934,24429.6320,24672.3380,19833.5674,23296.0201,29877.2024,24061.1257,24552.3701,18597.3835,22503.8433,30671.5450,23145.7498,23893.3863,16930.7518,21028.9978,30804.1964,22506.9178,23203.0081,16271.8622,20311.9380,30368.1272,22090.3381,22738.8506,15726.4615,19593.6855,30402.8460,21045.3868,21736.1213,14563.3481,18199.8751,30080.2418,19711.1100,20479.8471,13048.1430,16472.8794,29625.5600,11.00000000000,55,133
55,113,01581116,55113,Sawyer,Sawyer County,06,H1,G4020,,,,A,3256403571.00000000000,240766843.00000000000,+45.8649127,-091.1471302,55113,934.8030,932.1970,924.6733,932.1779,939.8760,811.0461,807.4423,792.6040,807.4377,822.0004,696.6897,692.3674,669.5846,692.4573,714.9845,789.9200,783.3487,745.6709,783.1112,821.0966,712.1105,705.1601,654.2180,704.5018,756.0101,759.8223,751.4102,683.8559,750.2264,818.5035,658.9383,651.3202,579.9753,650.0453,721.6566,655.0757,647.0784,576.7074,645.7203,715.7338,737.3462,728.3177,646.1747,726.6399,807.7460,619.6127,618.2562,521.0993,597.5055,726.8041,465.5653,470.2584,378.0950,444.0465,569.3928,466.7034,476.3097,360.8617,436.5954,594.9322,452.1654,466.8588,330.9024,410.9237,601.7853,424.0652,437.2802,306.7589,382.8350,572.1915,405.5397,417.5520,288.8970,359.8410,558.1513,382.3836,395.0441,264.8034,330.8203,546.5499,356.5605,370.5734,236.2228,298.1145,535.9127,11.00000000000,55,113
55,131,01581125,55131,Washington,Washington County,06,H1,G4020,376,33340,,A,1115515204.00000000000,13005075.00000000000,+43.3911560,-088.2329166,55131,9728.9028,9701.6198,9623.2344,9701.4282,9781.6768,8309.5671,8272.3767,8120.2125,8272.3478,8421.7220,8138.3126,8086.4930,7820.1004,8087.6970,8351.2752,8926.3058,8850.3668,8424.6734,8847.7980,9277.5352,8087.8852,8006.4002,7427.7784,7998.8267,8584.8037,9253.5978,9148.5464,8324.4004,9133.6345,9967.4967,9059.8746,8951.7277,7968.1305,8933.4279,9921.8100,8576.0966,8468.8305,7545.2627,8450.5247,9370.0690,8324.5219,8220.6648,7291.5227,8201.3241,9119.0913,6920.8584,6904.7625,5818.7990,6672.7621,8117.9194,6468.1474,6530.6446,5248.1754,6165.7955,7910.1945,6304.0589,6430.9956,4869.4489,5893.8195,8035.7867,5964.1983,6155.1178,4359.7528,5416.5819,7937.4744,5634.9925,5807.6069,4071.0666,5083.3252,7603.0324,5430.4424,5588.2756,3863.2344,4814.6759,7473.7692,5023.7221,5187.1426,3473.8102,4342.6373,7180.3201,4530.5648,4705.9623,2996.7834,3784.6728,6809.3038,11.00000000000,55,131
55,033,01581076,55033,Dunn,Dunn County,06,H1,G4020,232,32860,,A,2201762202.00000000000,35638625.00000000000,+44.9477408,-091.8977203,55033,2372.3958,2365.7140,2346.5851,2365.6686,2385.2606,2285.1210,2274.9436,2233.1243,2274.9321,2315.9777,2286.4172,2272.0192,2197.2085,2272.3388,2346.3380,2633.9822,2611.7993,2486.1752,2611.0259,2737.7670,2514.4311,2489.4420,2309.5606,2487.1004,2669.1439,1044.7279,1033.5809,940.9259,1032.0329,1125.5344,337.7701,333.7160,297.0281,333.0287,369.9022,2151.1625,2124.8773,1893.7695,2120.4126,2350.3526,2186.8903,2159.6965,1915.6885,2154.6340,2395.6382,2030.0448,2025.8090,1707.6597,1957.8727,2381.2878,1956.4399,1975.8836,1588.3772,1865.6634,2392.7080,1887.7306,1926.2828,1459.0891,1765.5672,2406.3565,1800.4568,1858.6266,1317.0278,1635.8154,2396.1916,1704.2288,1756.9548,1232.1399,1538.0472,2299.4830,1623.8902,1671.5859,1156.1129,1440.3868,2234.9556,1647.7675,1701.8592,1140.2682,1424.9882,2355.1603,1733.4462,1801.0397,1147.4677,1448.6541,2605.3479,11.00000000000,55,033
55,125,01581122,55125,Vilas,Vilas County,06,H1,G4020,,,,A,2218594892.00000000000,417610669.00000000000,+46.0498480,-089.5012540,55125,1318.4361,1314.7219,1304.0907,1314.6967,1325.5855,1141.5336,1136.4650,1115.5821,1136.4583,1156.9526,922.6679,916.8186,886.6217,916.9521,946.8266,921.6671,913.8543,869.8989,913.5871,957.9505,918.2959,909.2878,843.5951,908.4371,974.8765,1113.1454,1100.7838,1001.7954,1099.0423,1199.1027,900.9229,890.1943,792.4045,888.3804,986.6375,915.8760,904.6887,806.2959,902.7885,1000.6831,915.4033,904.0769,801.9902,901.9696,1002.7892,860.0262,858.2057,723.4012,829.4183,1008.8235,743.7621,751.1432,603.8204,709.2391,909.6125,703.2669,717.6183,543.5587,657.7414,896.4776,689.6807,711.9489,504.4746,626.5955,917.8808,672.4749,693.2640,486.1645,606.8804,907.3559,648.7310,667.7683,461.8284,575.4016,892.8454,603.9148,623.7290,417.8950,522.2517,863.1769,573.2084,595.5561,379.4327,479.0299,861.5248,11.00000000000,55,125
55,067,01581093,55067,Langlade,Langlade County,06,H1,G4020,,,,A,2254946857.00000000000,44657283.00000000000,+45.2592039,-089.0681897,55067,1165.6550,1162.3516,1152.9423,1162.3302,1171.9732,976.9927,972.6573,954.7858,972.6513,990.1899,901.0135,895.3224,865.8383,895.4504,924.6169,927.7417,919.9322,875.6847,919.6595,964.2992,750.6713,743.2429,689.5407,742.5451,796.8811,789.4040,780.5743,710.3406,779.3273,850.3435,691.7235,683.4616,608.3598,682.0633,757.5319,648.9831,641.0039,571.2373,639.6469,709.0737,609.0491,601.5980,533.7536,600.2135,667.2002,525.2438,524.0721,441.6951,506.4767,616.1043,418.5167,422.7834,339.9698,399.2326,511.8596,396.8876,405.0995,306.9540,371.3373,505.9394,369.1669,381.1978,270.2218,335.5388,491.3260,341.0118,351.6616,246.7198,307.8858,460.1295,324.6301,334.2591,231.2821,288.0656,446.7951,306.4718,316.6210,212.2377,265.1476,438.0475,286.5912,297.8482,189.8570,239.6068,430.7480,11.00000000000,55,067
36,007,00974102,36007,Broome,Broome County,06,H1,G4020,,13780,,A,1827925580.00000000000,25248569.00000000000,+42.1619773,-075.8302910,36007,10960.8946,10930.2415,10841.9733,10930.0216,11020.3643,9352.7416,9311.3596,9140.3382,9311.2942,9479.1132,9295.8924,9237.5747,8933.4598,9238.8492,9539.6365,10412.7424,10325.2993,9828.6671,10322.2252,10823.1890,9050.3987,8961.3393,8313.8917,8952.9456,9607.8535,8522.7227,8429.0989,7671.7621,8415.9600,9181.1466,7803.2832,7712.4879,6867.1528,7697.2591,8545.9398,9621.1895,9503.5884,8469.9118,9483.6118,10512.0752,9920.7580,9799.3992,8694.2957,9776.8483,10867.9800,9492.8502,9473.6938,7986.4913,9156.1649,11135.4827,8661.3949,8748.6717,7034.0341,8261.0168,10593.0013,8553.9124,8729.7657,6613.6328,8001.8124,10904.1129,8307.7882,8577.3025,6079.0061,7549.4728,11056.7653,8058.8792,8309.2237,5828.2412,7274.3400,10873.7808,7893.4143,8126.1812,5621.2631,7002.6161,10863.7588,7718.7040,7972.9672,5342.9600,6676.2318,11032.4344,7505.9173,7799.4379,4970.0904,6273.7791,11281.3513,11.00000000000,36,007
36,099,00974147,36099,Seneca,Seneca County,06,H1,G4020,464,42900,,A,838393327.00000000000,172838984.00000000000,+42.7822943,-076.8270880,36099,2093.3251,2087.4771,2070.6227,2087.4348,2104.6835,1860.6445,1852.4137,1818.3914,1852.4005,1885.7854,1600.0794,1590.0864,1537.7486,1590.3005,1642.0598,1827.1759,1811.9819,1724.8285,1811.4321,1899.2948,1942.1711,1923.3442,1784.4096,1921.5537,2061.9858,1986.7357,1965.0664,1788.6082,1962.0330,2140.2665,1934.9767,1911.9003,1701.8436,1907.9967,2119.0682,1933.6029,1909.1573,1700.6932,1904.9765,2112.6000,2032.9711,2007.0377,1779.6070,2002.1965,2226.9473,1882.6265,1877.8963,1582.2087,1814.7039,2208.1684,1565.3246,1579.9664,1269.2392,1491.5487,1914.2288,1520.2587,1550.3654,1173.4108,1420.6918,1937.8133,1474.8553,1521.5668,1077.2444,1338.8110,1962.7723,1408.6779,1451.3214,1016.8388,1270.1217,1900.6179,1333.6534,1371.8934,947.8516,1181.7660,1835.4287,1236.1193,1275.8167,853.8451,1067.8905,1766.7283,1142.9544,1186.7277,755.1700,954.1999,1717.7969,11.00000000000,36,099
55,039,01581079,55039,Fond du Lac,Fond du Lac County,06,H1,G4020,252,22540,,A,1863633125.00000000000,119883005.00000000000,+43.7547219,-088.4932840,55039,6691.5515,6672.8144,6618.9154,6672.6813,6727.8539,6018.8104,5991.9672,5881.7999,5991.9398,6100.0739,6342.0001,6302.0253,6094.5105,6302.9162,6508.1854,7177.9012,7117.1948,6774.8660,7115.1045,7460.5638,6245.0866,6183.3322,5736.5663,6177.5289,6629.5516,5764.0796,5699.8707,5187.1819,5690.8155,6209.1256,5270.5783,5208.6730,4637.2547,5198.2556,5772.1247,5786.8808,5716.3352,5094.7746,5704.3583,6322.7352,6212.6344,6136.8707,5445.0405,6122.7972,6805.8374,5663.2459,5652.3690,4765.5750,5463.0680,6643.3414,5275.0852,5328.3535,4284.1664,5031.3839,6451.5180,5283.5002,5392.2333,4085.2453,4942.6273,6735.1639,5141.8422,5308.7770,3762.6264,4672.6667,6843.2457,4980.4574,5135.3235,3602.1647,4495.7976,6720.1044,4922.6529,5067.9691,3505.9159,4367.3096,6775.0923,4840.7020,5000.3117,3351.0475,4187.1164,6918.8829,4721.3711,4906.1451,3126.5416,3946.5080,7096.2032,11.00000000000,55,039
55,035,01581077,55035,Eau Claire,Eau Claire County,06,H1,G4020,232,20740,,A,1652369085.00000000000,18811805.00000000000,+44.7263547,-091.2864137,55035,5446.0105,5430.7630,5386.8975,5430.6546,5475.5558,5348.5329,5324.7611,5226.9044,5324.7309,5420.7700,6002.7280,5964.6340,5768.1706,5965.5073,6159.8782,7632.5940,7567.7144,7203.7151,7565.5141,7932.9526,7322.9823,7250.3771,6726.4965,7243.5647,7773.6788,6193.1156,6123.3729,5572.1096,6113.5004,6671.0683,4646.4154,4589.2922,4083.5504,4579.5310,5088.2735,7108.9299,7020.2870,6254.9618,7005.1686,7767.0883,7731.3015,7634.4113,6771.0851,7616.3591,8469.1952,7394.9020,7377.5844,6217.1426,7129.6649,8673.9269,7574.9062,7648.3452,6146.6200,7221.1297,9263.7413,7621.7819,7775.5417,5887.8062,7126.1559,9715.5237,7498.1407,7738.4989,5481.6199,6810.1029,9978.9567,7359.9597,7585.7901,5317.9385,6639.8958,9930.4837,7253.0397,7464.2364,5160.5198,6431.1015,9982.1912,7182.6296,7416.7281,4967.4497,6209.4170,10266.0414,7211.3295,7491.0464,4770.9542,6024.7454,10838.4466,11.00000000000,55,035
55,101,01581111,55101,Racine,Racine County,06,H1,G4020,376,39540,,A,861173331.00000000000,1190399042.00000000000,+42.7540747,-087.4146760,55101,12798.9273,12763.3165,12660.3405,12763.0517,12868.3953,11464.0848,11413.4589,11203.8805,11413.3721,11619.0119,11190.5089,11120.7411,10754.7282,11122.2245,11484.1756,12211.3171,12110.1167,11527.6410,12106.4191,12693.5196,11030.5936,10923.6394,10134.5574,10913.4690,11711.0658,11662.6205,11535.5258,10499.7342,11517.7405,12563.9153,11627.5680,11492.2132,10232.5425,11469.5069,12734.1832,11065.2001,10930.4164,9742.0151,10907.5371,12089.8230,11324.4262,11185.9337,9924.5050,11160.1998,12405.6726,10172.2250,10152.0675,8558.7266,9811.9013,11932.5054,10192.0664,10294.7195,8277.0297,9720.8727,12465.0251,10085.5219,10292.8214,7797.7561,9434.5149,12856.5299,9727.8414,10043.4133,7118.0750,8839.8938,12946.7013,9494.5498,9789.4874,6866.5200,8570.2400,12810.9189,9400.1419,9677.3262,6694.2482,8339.2864,12937.4769,9076.4320,9375.4420,6282.8305,7850.6149,12973.0526,8639.4535,8977.3637,5720.7798,7221.3156,12985.0536,11.00000000000,55,101
36,093,00974144,36093,Schenectady,Schenectady County,06,H1,G4020,104,10580,,A,529693619.00000000000,12614136.00000000000,+42.8175421,-074.0435834,36093,9726.2061,9699.2075,9620.9857,9699.0033,9779.0055,9173.7528,9133.2413,8965.5331,9133.1716,9297.7279,9316.1122,9257.5378,8952.7367,9258.8300,9560.3136,10821.1649,10729.5140,10213.4368,10726.3721,11247.2133,11118.6206,11007.4781,10212.0461,10997.1002,11802.3253,10695.3828,10574.6606,9622.4882,10557.5578,11520.7156,9953.3070,9834.1012,8753.1989,9813.9075,10900.1958,10177.0120,10050.8046,8955.7967,10029.3029,11119.2593,10498.5322,10367.3014,9195.2778,10342.8577,11500.5788,9910.0300,9887.0085,8332.0299,9554.8110,11624.1173,8910.1180,8997.1082,7231.1333,8494.7424,10896.7390,8756.8410,8934.0571,6765.6132,8188.1074,11162.4567,8479.7713,8752.1030,6200.1223,7702.2937,11285.4119,8179.8613,8431.2943,5911.1270,7380.1483,11036.7820,7880.5911,8110.4393,5607.6831,6988.0164,10845.9061,7505.6518,7750.5748,5191.3739,6489.0429,10727.7537,7087.5463,7362.6653,4689.4233,5921.5801,10652.4163,11.00000000000,36,093
36,063,00974130,36063,Niagara,Niagara County,06,H1,G4020,160,15380,,A,1352903595.00000000000,1598826734.00000000000,+43.4567309,-078.7921425,36063,13920.2591,13881.5205,13769.5181,13881.2321,13995.8120,12290.4388,12236.1681,12011.4845,12236.0739,12456.5343,11703.7245,11630.8070,11248.0177,11632.3533,12010.8874,12989.8331,12881.0211,12261.4622,12877.1669,13502.0365,14036.3169,13897.8339,12893.6971,13884.8017,14900.6391,12941.4159,12796.7832,11645.4440,12776.3628,13940.4884,10883.0129,10753.2097,9571.7644,10731.2516,11918.4092,10812.8472,10679.6310,9516.9908,10656.9655,11814.0146,10726.9578,10594.9683,9399.3577,10570.4259,11751.0614,9619.5729,9598.7644,8090.5922,9276.6671,11283.7944,8860.6642,8947.9564,7192.3732,8448.5774,10836.3860,8447.9982,8619.7453,6528.3660,7900.3062,10768.8654,7894.2075,8148.4865,5773.2668,7171.3624,10506.1735,7380.4237,7607.9947,5334.6457,6659.7730,9958.1945,6802.3273,7001.3763,4841.5486,6032.7041,9361.9644,6230.9827,6434.8876,4310.7543,5387.7452,8905.9223,5743.9120,5967.3759,3801.3112,4799.6010,8632.9964,11.00000000000,36,063
55,119,01581119,55119,Taylor,Taylor County,06,H1,G4020,,,,A,2524917815.00000000000,24721890.00000000000,+45.2116558,-090.5048529,55119,1265.2768,1261.7000,1251.4910,1261.6763,1272.1362,1094.0002,1089.1258,1069.1039,1089.1205,1108.7723,1113.0678,1106.0709,1069.6543,1106.2252,1142.2453,1137.7998,1128.1594,1073.8962,1127.8293,1182.5947,958.1713,948.7225,880.1765,947.8331,1017.1762,983.7105,972.6985,885.1724,971.1429,1059.6473,889.3365,878.8151,782.3370,877.0401,973.9568,930.2021,918.9420,819.1013,917.0331,1016.3417,984.2846,972.2712,862.6537,970.0395,1078.2661,821.7540,820.1665,691.4826,792.6961,963.9666,653.5968,660.2780,530.9615,623.5032,799.3730,638.7011,651.9270,493.9918,597.5971,814.1968,604.0702,623.7601,442.1721,549.0490,803.9602,567.1478,584.8564,410.3218,512.0506,765.2560,545.9265,562.1116,388.9307,484.4266,751.3692,516.7919,533.8967,357.8717,447.0967,738.6624,484.8186,503.8508,321.1563,405.3228,728.6842,11.00000000000,55,119
36,083,00974140,36083,Rensselaer,Rensselaer County,06,H1,G4020,104,10580,,A,1689789426.00000000000,33571435.00000000000,+42.7104206,-073.5138454,36083,10510.7304,10481.5365,10396.9972,10481.3166,10567.7861,9428.7436,9387.3090,9215.0437,9387.2234,9556.2229,9399.7989,9341.4517,9034.0581,9342.6685,9646.6169,11101.8692,11009.7264,10480.1770,11006.3747,11540.1739,12686.6569,12561.7089,11654.1293,12549.9388,13468.0147,10130.8219,10020.6484,9121.0254,10005.2423,10913.8045,8455.0907,8358.4695,7443.8993,8342.3674,9259.9833,9758.6248,9640.9568,8593.9515,9621.0249,10662.3303,9945.2711,9824.2613,8717.0196,9801.7888,10894.9122,9323.4426,9305.6951,7845.8872,8994.0848,10937.0197,8996.2633,9087.4555,7306.9337,8581.0844,11002.6374,8810.1918,8991.8940,6812.7960,8242.2809,11230.8754,8492.3068,8768.4093,6215.0538,7717.9041,11302.3925,8149.3230,8403.1056,5894.7365,7356.7787,10995.8719,7710.5279,7938.5839,5492.2154,6841.2346,10612.1057,7334.0762,7576.3618,5077.9427,6344.4191,10482.7300,6999.6630,7274.0433,4636.0419,5851.4356,10520.4949,11.00000000000,36,083
36,111,00974153,36111,Ulster,Ulster County,06,H1,G4020,408,28740,,A,2911755518.00000000000,94599622.00000000000,+41.9472321,-074.2654470,36111,11737.8242,11705.2695,11610.8841,11705.0218,11801.5480,10084.8056,10040.7056,9856.5659,10040.5990,10221.2175,9280.9492,9223.5360,8920.0667,9224.7145,9524.7568,10451.7849,10364.3594,9865.8490,10361.2500,10863.9911,11468.3191,11355.9147,10535.5006,11345.2953,12175.0000,10291.1371,10175.6928,9259.9009,10159.3723,11085.4838,8875.2245,8768.1433,7803.7030,8749.9587,9719.4617,9711.4286,9591.4157,8546.8775,9570.9838,10610.5943,9676.3294,9556.5835,8477.4504,9534.3036,10600.0459,8376.8353,8357.7345,7043.6161,8077.0170,9825.8210,8505.0466,8588.2849,6902.7473,8108.8089,10401.3842,8202.6851,8368.8241,6337.7081,7670.1153,10456.0837,7731.3489,7979.7077,5653.0089,7022.5701,10289.3698,7406.3645,7634.0407,5352.1969,6682.2974,9993.1335,6998.9683,7203.0458,4980.2370,6206.1760,9632.5406,6637.1339,6853.6137,4590.4728,5738.0344,9486.3825,6322.5448,6567.8632,4183.0781,5282.2992,9502.6303,11.00000000000,36,111
55,081,01581101,55081,Monroe,Monroe County,06,H1,G4020,,,,A,2332998070.00000000000,19275338.00000000000,+43.9451751,-090.6199687,55081,2722.0394,2714.3738,2692.4257,2714.3216,2736.8005,2584.6179,2573.1497,2525.8715,2573.1337,2619.5313,2803.6561,2785.8289,2694.0613,2786.2409,2877.0358,3433.1634,3403.8913,3240.1676,3402.9078,3568.2088,2914.6100,2885.5421,2677.0307,2882.8242,3093.8788,3120.6122,3085.6090,2807.9125,3080.6608,3361.4852,2901.6090,2866.8926,2551.8129,2861.0137,3177.6520,2888.9149,2852.7790,2541.6669,2846.6121,3156.3694,3056.9610,3019.3640,2678.6556,3012.3736,3348.8114,2804.2755,2798.2863,2358.6891,2704.4075,3289.4441,2110.2417,2131.1706,1713.1686,2012.2747,2580.7992,2124.2248,2167.5528,1641.7886,1986.6888,2707.8174,2075.3459,2142.3381,1518.0074,1885.4938,2762.0308,1944.2553,2004.3542,1405.5848,1754.6007,2623.3413,1875.6329,1930.6694,1335.2454,1663.6143,2581.4241,1764.2103,1822.0922,1220.7904,1525.6473,2521.5900,1643.9032,1707.9982,1088.1817,1373.8139,2470.7656,11.00000000000,55,081
36,085,00974141,36085,Richmond,Richmond County,06,H6,G4020,408,35620,35644,C,151178512.00000000000,113754972.00000000000,+40.5638553,-074.1370633,36085,33046.1611,32954.7043,32689.0757,32953.9984,33225.5935,31458.2039,31320.0626,30745.3660,31319.7698,31883.5571,30029.9955,29843.6124,28861.5701,29847.4955,30818.5297,31877.0400,31610.1377,30089.7365,31600.6709,33134.0647,34321.8619,33985.1232,31529.8199,33953.3291,36436.5596,33190.8319,32824.5974,29874.3362,32773.1188,35754.5219,29164.0762,28822.2717,25660.9811,28764.7975,31939.4039,29085.3341,28733.2183,25611.3888,28673.5223,31778.7242,29105.5403,28750.8977,25510.0210,28685.0265,31884.6719,26491.4006,26439.6606,22290.7480,25553.9489,31075.8602,26044.8380,26308.6525,21153.7656,24842.6207,31853.4056,24930.7703,25444.8797,19278.4965,23323.6343,31780.7284,23485.5788,24249.2171,17187.9348,21344.0516,31256.9122,22543.1452,23245.2142,16306.4432,20350.8136,30417.4429,21312.8370,21943.2107,15181.1510,18910.0038,29333.1509,19795.2223,20449.2845,13705.9523,17124.2081,28293.6827,18442.9045,19166.0625,12215.5523,15417.7857,27719.7021,11.00000000000,36,085
55,007,01581063,55007,Bayfield,Bayfield County,06,H1,G4020,,,,A,3827647135.00000000000,1460263062.00000000000,+46.6341992,-091.1772815,55007,956.3294,953.6699,945.9762,953.6500,961.5202,742.1012,738.8172,725.2472,738.8120,752.1281,752.3506,747.6628,723.0558,747.7622,772.0957,891.7984,884.3701,841.8333,884.1027,926.9899,733.5925,726.4628,673.9844,725.7858,778.8365,927.8267,917.8982,835.5953,916.5180,999.5829,895.5021,885.2214,788.3197,883.5053,980.7451,792.9663,783.5925,698.6821,782.0113,866.4106,752.6758,743.7912,660.2431,742.1470,824.5795,721.7399,720.4146,607.4478,696.3039,846.6608,677.3898,684.7566,551.0652,646.7552,828.5446,672.1842,686.5499,520.6702,629.4873,856.9340,648.8563,670.4470,475.7099,590.3089,863.6052,629.7851,649.8772,456.3772,569.1469,849.8112,627.6266,646.6420,447.8502,557.4407,863.8474,585.4250,605.1902,406.0874,506.9613,836.7885,545.7910,567.5715,362.1786,456.7331,820.3479,11.00000000000,55,007
36,075,00974136,36075,Oswego,Oswego County,06,H1,G4020,532,45060,,A,2464761256.00000000000,933517775.00000000000,+43.4614428,-076.2092580,36075,8241.8790,8218.8723,8152.5227,8218.7053,8286.6020,6911.6194,6881.0226,6754.6310,6880.9755,7005.0027,6459.6412,6419.1370,6207.8139,6420.0202,6629.0284,7152.9405,7092.5352,6751.3928,7090.4463,7434.6776,7747.7368,7670.5119,7116.2384,7663.2890,8224.3060,5601.7586,5538.6887,5040.0710,5529.7612,6034.0769,4699.3962,4642.8533,4132.3080,4633.2599,5146.4343,5662.9128,5592.7805,4983.5568,5580.8352,6187.2238,5651.4928,5581.3283,4950.8502,5568.2686,6190.9651,5051.5832,5040.0904,4247.6426,4870.8120,5925.3882,4225.9831,4267.4264,3429.9804,4029.2059,5168.2483,4002.6177,4083.8324,3092.8288,3742.9248,5102.2133,3704.3758,3823.5753,2708.9111,3365.0265,4930.0363,3391.0874,3495.5781,2450.9893,3059.8788,4575.4909,3067.9235,3157.6775,2183.5570,2720.7906,4222.3463,2873.0297,2967.0590,1987.6559,2484.2374,4106.4124,2692.8496,2797.6433,1782.1763,2250.1762,4047.3063,11.00000000000,36,075
55,075,01581097,55075,Marinette,Marinette County,06,H1,G4020,,31940,,A,3624293202.00000000000,390213400.00000000000,+45.3468989,-087.9911980,55075,2505.7966,2498.7610,2478.5675,2498.7121,2519.3882,2220.1833,2210.1666,2169.4698,2210.1644,2250.1264,2248.1951,2233.8977,2160.3106,2234.2282,2307.0356,2572.2681,2550.2475,2427.5829,2549.5167,2673.3930,2257.8321,2235.2983,2073.7724,2233.1922,2396.6939,1880.2171,1858.7175,1691.1765,1855.6582,2025.2276,1723.5726,1702.6605,1515.2743,1699.1025,1887.5104,1718.4087,1696.8455,1511.7261,1693.1632,1877.4943,1672.1631,1651.0725,1464.2251,1647.1402,1831.7420,1486.5782,1482.9711,1249.5898,1433.1028,1743.6668,1282.2527,1294.5871,1040.3077,1222.2452,1568.1168,1211.9468,1236.3129,936.0797,1133.0319,1544.8646,1113.5457,1149.1777,813.9645,1011.2860,1481.9650,1005.0581,1035.8587,726.1386,906.6792,1356.0791,918.1791,944.8965,653.2498,814.1046,1263.6673,855.7940,883.6798,591.8489,739.8298,1223.1750,790.3201,820.9785,522.8744,660.2811,1187.8315,11.00000000000,55,075
55,017,01581068,55017,Chippewa,Chippewa County,06,H1,G4020,232,20740,,A,2611672690.00000000000,85235029.00000000000,+45.0690918,-091.2835054,55017,4029.9487,4018.5597,3986.0456,4018.4844,4051.7968,3737.0298,3720.4373,3652.0735,3720.4152,3787.5070,3804.5618,3780.5131,3656.0122,3781.0555,3904.2182,4546.5506,4508.0234,4291.1927,4506.7047,4725.5439,4068.7307,4028.6622,3737.5925,4024.8873,4319.3219,4318.9041,4270.3756,3885.9993,4263.5111,4652.2460,4147.3366,4096.9808,3646.0554,4088.4111,4541.8069,4171.5253,4119.5482,3670.4896,4110.6847,4557.7352,4463.5320,4407.1869,3908.3890,4396.6805,4889.4928,3793.6990,3784.7391,3189.3540,3657.5346,4449.8400,3148.7518,3179.0529,2554.6428,3001.4099,3850.7333,3097.8448,3160.1026,2392.6614,2896.1008,3948.8096,2975.1437,3070.2709,2174.6039,2701.8363,3959.4708,2774.0463,2858.9092,2003.9466,2502.3222,3742.8812,2610.0682,2685.8081,1856.6000,2313.9554,3592.1556,2407.5132,2485.7155,1664.5497,2080.9754,3441.0095,2210.1862,2295.6571,1461.7787,1846.1946,3321.8381,11.00000000000,55,017
36,113,00974154,36113,Warren,Warren County,06,H1,G4020,104,24020,,A,2245395916.00000000000,167449107.00000000000,+43.5551053,-073.8381388,36113,4420.0822,4407.7881,4372.2276,4407.6962,4444.0731,3628.0470,3612.1180,3545.8401,3612.0840,3677.1034,3323.8538,3303.0046,3194.2655,3303.4599,3411.0090,3717.0826,3685.9784,3508.6883,3684.8733,3863.6721,3912.6227,3873.6927,3593.7845,3870.0476,4153.3364,4317.8783,4269.6705,3885.5551,4262.8665,4651.2311,3636.6786,3593.8509,3199.4859,3586.6373,3982.7307,3296.4321,3255.4131,2900.6055,3248.4201,3601.6269,3186.3132,3147.0165,2791.7920,3139.7077,3490.4997,2835.4314,2829.3779,2384.8983,2734.4566,3325.9910,2744.5588,2771.6647,2227.9297,2617.0009,3356.5426,2611.2735,2664.4184,2018.0173,2442.0550,3328.6597,2462.9638,2542.3492,1801.3258,2237.5031,3277.8922,2329.8354,2401.7176,1684.1033,2102.3969,3143.5841,2193.7691,2257.9996,1561.4768,1945.6101,3019.2620,1989.2945,2054.4167,1376.2873,1720.1136,2843.2935,1806.0037,1876.2796,1195.2357,1509.1106,2714.3919,11.00000000000,36,113
55,078,01581099,55078,Menominee,Menominee County,06,H1,G4020,,,,A,926201079.00000000000,19038425.00000000000,+44.9913041,-088.6692512,55078,257.0383,256.3313,254.2674,256.3256,258.4346,211.0504,210.1303,206.2781,210.1278,213.9060,197.0413,195.8658,189.4313,195.8858,202.2419,222.0724,220.2970,209.7012,220.2253,230.8831,257.7248,255.4388,237.0056,255.2092,273.7641,284.7895,281.9532,256.8067,281.5697,306.8760,211.5238,209.1400,186.2860,208.7447,231.6639,264.7203,261.7704,233.5842,261.2792,289.2491,350.8344,346.7230,307.8070,345.9627,384.3535,368.7857,368.2454,310.6325,355.9580,432.6494,189.4541,191.6841,154.4204,181.0987,231.7571,210.2274,214.8676,163.0989,197.0593,268.0262,230.6413,238.4307,169.2916,209.9742,306.9856,229.2544,236.6741,166.3131,207.3154,309.3578,218.7836,225.5242,156.3116,194.4597,301.1365,203.8496,210.8365,141.5878,176.6590,291.3837,205.6245,213.9082,136.5884,172.1681,309.0675,11.00000000000,55,078
55,025,01581072,55025,Dane,Dane County,06,H1,G4020,358,31540,,A,3100835926.00000000000,106205344.00000000000,+43.0674684,-089.4178523,55025,30850.3173,30764.3052,30516.0028,30763.6744,31017.7366,30950.0963,30813.0916,30247.1157,30812.8788,31368.2662,34593.1140,34376.0869,33244.3734,34380.8301,35500.1630,42032.0217,41677.9540,39673.2977,41665.6186,43688.1271,39291.0137,38900.8724,36090.0139,38864.2977,41708.8138,46728.4804,46202.6983,42043.5322,46128.2911,50334.8700,44330.8562,43800.4274,38986.6108,43710.6013,48548.2454,51126.8835,50492.3494,44990.8453,50384.2267,55860.4812,54431.5114,53752.7372,47677.6471,53626.3362,59626.9943,52723.6544,52603.6725,44332.8223,50836.8945,61843.6027,58856.0541,59431.3643,47766.6862,56113.1458,71978.8514,59863.1118,61075.6003,46252.5410,55976.4343,76308.3947,59528.8856,61441.9586,43527.6930,54072.5103,79224.8911,60285.3624,62140.0713,43567.7067,54393.6039,81340.9397,61560.0291,63357.5765,43808.5972,54590.2134,84724.0498,61236.1639,63236.7003,42358.7777,52944.8536,87524.4026,60581.7589,62935.7654,40087.7390,50618.4384,91053.1138,11.00000000000,55,025
36,019,00974108,36019,Clinton,Clinton County,06,H1,G4020,,38460,,A,2688025469.00000000000,206355454.00000000000,+44.7527103,-073.7056478,36019,4803.5154,4790.0154,4751.2982,4789.9220,4829.5678,4238.7066,4219.8260,4142.2534,4219.8051,4295.9426,4118.0712,4091.9186,3957.1346,4092.5200,4225.8710,4325.0158,4288.4713,4082.2010,4287.2096,4495.3546,3885.7159,3846.3513,3568.3568,3842.7046,4124.3113,3508.7783,3469.3208,3157.0272,3463.7380,3779.5838,3263.0889,3222.3725,2866.7307,3215.3814,3573.3283,3987.9887,3936.5400,3505.6719,3927.7065,4357.1040,4125.2051,4071.6720,3609.3496,4061.6603,4518.7016,3803.7985,3793.0606,3194.6871,3665.1032,4461.2608,3593.2313,3625.8717,2911.8627,3422.6617,4393.9896,3456.1624,3523.6636,2665.9852,3228.6189,4405.3187,3251.2605,3353.2886,2373.1242,2950.1702,4326.7705,3065.4974,3157.4308,2211.3018,2762.8774,4135.9563,2926.4189,3009.5996,2078.5826,2592.2095,4027.3999,2811.2048,2900.9247,1940.8376,2427.9130,4017.8860,2694.0474,2796.8291,1779.2981,2248.6499,4048.9791,11.00000000000,36,019
55,137,01581128,55137,Waushara,Waushara County,06,H1,G4020,,,,A,1621729475.00000000000,29151283.00000000000,+44.1128248,-089.2397520,55137,1538.4936,1534.1373,1521.7202,1534.1089,1546.8332,1282.4746,1276.7101,1253.2130,1276.7073,1299.7773,1174.6183,1167.0873,1128.6284,1167.2670,1205.3265,1206.6365,1196.3085,1138.7671,1195.9655,1254.0747,1056.9819,1046.2989,970.6800,1045.3079,1121.9004,1195.8674,1181.9386,1075.2387,1179.9445,1288.0239,1137.3560,1123.2243,999.3116,1120.8011,1245.4975,1110.4933,1096.2172,976.2827,1093.7677,1213.2799,1044.8369,1031.2410,914.1097,1028.6976,1144.4978,1016.8889,1013.8456,853.7412,979.5974,1192.6098,878.0577,885.8448,711.2242,836.1396,1073.7038,837.7318,853.9094,645.8804,782.3465,1067.7735,797.5863,822.4510,581.8839,723.5179,1061.4116,754.1689,776.6385,543.7661,679.5309,1017.5083,728.2512,748.8203,517.0347,644.9159,1002.2243,689.2413,711.1196,475.6373,595.1181,985.0828,644.6883,669.1733,425.5904,537.9683,968.9180,11.00000000000,55,137
55,139,01581129,55139,Winnebago,Winnebago County,06,H1,G4020,118,36780,,A,1125316243.00000000000,373177955.00000000000,+44.0857068,-088.6681488,55139,10294.8865,10265.9536,10182.9756,10265.7537,10350.7222,9463.8503,9421.5017,9248.2044,9421.4679,9591.5871,9555.2268,9494.6437,9181.9213,9496.0276,9805.4121,11028.6314,10934.8165,10408.8637,10931.6423,11462.5885,10387.9306,10284.1904,9541.0340,10274.4983,11026.7686,10807.9124,10685.4980,9723.0762,10668.1354,11641.8059,9135.4936,9024.9732,8032.0162,9006.1873,10004.4538,11112.2337,10973.4927,9777.0254,10949.8239,12141.0146,11574.2363,11428.8588,10136.1068,11401.7651,12678.8697,10615.1360,10589.5367,8923.1684,10233.4815,12450.9542,10535.9250,10637.4200,8548.1835,10043.0421,12884.8168,10494.0790,10705.1134,8105.4743,9810.8306,13376.7744,10230.0503,10557.3092,7477.6690,9290.4863,13614.6793,10028.7572,10335.8214,7245.1472,9046.7573,13531.3214,9909.1271,10197.0378,7049.2216,8785.3966,13637.6528,9627.6339,9940.8151,6657.3228,8322.3751,13760.6129,9395.3645,9759.2242,6214.8722,7848.7068,14120.9606,11.00000000000,55,139
55,091,01581106,55091,Pepin,Pepin County,06,H1,G4020,,,,A,600833973.00000000000,43282761.00000000000,+44.6274362,-091.8348898,55091,445.8659,444.6287,441.0432,444.6194,448.2864,363.0132,361.3940,354.7493,361.3923,367.9144,338.5606,336.4299,325.3526,336.4771,347.4341,378.6519,375.4493,357.3906,375.3390,393.5629,296.4058,293.4493,272.2444,293.1729,314.6366,354.6597,350.6308,319.0425,350.0587,382.0203,327.1674,323.2313,287.6880,322.5636,358.2898,291.3422,287.7355,256.3938,287.1212,318.3168,323.5478,319.6065,283.5807,318.8745,354.4417,272.4972,271.9174,229.2027,262.7956,319.6425,220.6607,222.8751,179.1856,210.4491,269.8695,217.5077,221.9683,168.1513,203.4552,277.2669,207.5918,214.3130,151.8771,188.6267,276.2810,195.3522,201.4047,141.2526,176.3141,263.5857,190.2215,195.8142,135.4362,168.7332,261.8018,180.2062,186.1264,124.7121,155.8479,257.5697,168.2572,174.8226,111.3871,140.6193,252.8887,11.00000000000,55,091
55,129,01581124,55129,Washburn,Washburn County,06,H1,G4020,,,,A,2064513144.00000000000,145566458.00000000000,+45.8924633,-091.7964225,55129,907.4178,904.8576,897.5387,904.8404,912.3378,845.8282,842.0837,826.6161,842.0779,857.2562,761.5652,756.8076,731.8969,756.9097,781.5452,768.8606,762.3900,725.7201,762.1640,799.1584,637.2854,630.9869,585.3963,630.3948,676.5207,726.0939,718.0210,653.4466,716.8832,782.1602,607.8573,600.7915,534.9474,599.6068,665.7092,577.2582,570.2417,508.2576,569.0512,630.7124,628.7306,620.9204,550.7756,619.4667,688.7465,539.1070,537.9296,453.3985,519.8757,632.3718,446.7945,451.2158,362.7061,426.0398,546.4224,422.3697,430.9741,326.4259,395.0093,538.4069,394.9826,407.7203,288.8880,358.8342,525.6723,370.2860,381.7162,267.6685,334.1461,499.6174,356.1979,366.6325,253.5436,315.9119,490.2320,328.7225,339.4890,227.4352,284.2482,469.8426,304.4054,316.2552,201.4676,254.3692,457.5162,11.00000000000,55,129
55,103,01581112,55103,Richland,Richland County,06,H1,G4020,,,,A,1518123695.00000000000,8153431.00000000000,+43.3761994,-090.4356927,55103,999.8319,997.0550,989.0133,997.0341,1005.2594,979.6929,975.2715,957.3126,975.2706,992.9055,912.6530,906.8024,876.9209,906.9420,936.5131,894.6347,887.1681,844.4967,886.9008,929.9287,803.2239,795.3337,737.8728,794.5893,852.7071,822.6033,813.3684,740.1623,812.0625,886.0959,714.8267,706.4463,628.9595,705.0370,782.8511,791.1900,781.4852,696.4515,779.8355,864.4493,776.2054,766.7121,680.2500,764.9481,850.3168,590.2463,588.9405,496.3775,569.1701,692.3541,506.0929,511.2138,411.0420,482.7251,618.9618,487.0567,497.1018,376.6340,455.6607,620.8801,448.2681,462.8423,328.0629,407.3912,596.5991,416.9207,429.8975,301.5640,376.3654,562.5501,394.1735,405.8202,280.7494,349.7189,542.5055,365.6414,377.7069,253.1373,316.2848,522.6170,334.4993,347.5981,221.5230,279.6116,502.7517,11.00000000000,55,103
36,013,00974105,36013,Chautauqua,Chautauqua County,06,H1,G4020,,27460,,A,2745973829.00000000000,1139483300.00000000000,+42.3042159,-079.4075949,36013,7879.1463,7857.0913,7793.6301,7856.9343,7921.8927,7218.7625,7186.6930,7054.6266,7186.6517,7316.2633,6707.2073,6665.1664,6445.7476,6666.0817,6883.0954,7505.1919,7442.1872,7084.2283,7439.9697,7801.0432,8129.9531,8049.9658,7468.3651,8042.4260,8630.7228,6268.8883,6198.2194,5640.1714,6188.2120,6752.6672,5362.8074,5297.9199,4715.0174,5286.8898,5872.9120,6179.1207,6102.1178,5436.9346,6088.9864,6751.1980,6100.2175,6023.8642,5342.7626,6009.6401,6682.4486,5500.8538,5488.1880,4625.1418,5303.8190,6452.3358,4727.9159,4773.8513,3836.6158,4507.2276,5782.0266,4558.0141,4650.0345,3521.1732,4261.7034,5810.1317,4305.8179,4443.8925,3147.9111,3910.7721,5730.4342,4018.2053,4141.5460,2903.4360,3625.1433,5421.5994,3706.5929,3814.5669,2637.3088,3286.6055,5101.3020,3497.2967,3611.3153,2418.7621,3023.4716,4998.6443,3297.5913,3425.5244,2181.7020,2755.0211,4956.1981,11.00000000000,36,013
36,035,00974116,36035,Fulton,Fulton County,06,H1,G4020,104,24100,,A,1283258864.00000000000,96893251.00000000000,+43.1156093,-074.4236782,36035,3639.4721,3629.2858,3599.9729,3629.2132,3659.2173,3325.5232,3310.8186,3250.0141,3310.7948,3370.4592,3002.1500,2983.3881,2885.1868,2983.7913,3080.9087,3381.0688,3352.9035,3191.6342,3351.8897,3514.4884,3203.4316,3171.8828,2942.7151,3168.9108,3400.7282,3475.7702,3436.9387,3127.7226,3431.4568,3744.1022,2877.2087,2842.6777,2530.1642,2836.8240,3150.9183,2634.2301,2601.3082,2317.6485,2595.6906,2878.1077,2590.8975,2558.4315,2269.1188,2552.3826,2838.1794,2211.0393,2205.7573,1858.7076,2131.6060,2593.4361,2001.9829,2021.3871,1624.4901,1908.4765,2448.3267,1877.5704,1915.4377,1450.4001,1755.4636,2393.3472,1729.6734,1785.1043,1264.4760,1570.9378,2301.9475,1578.8719,1627.3071,1140.7960,1424.3893,2130.3044,1445.5615,1487.6482,1028.5034,1281.7385,1989.4925,1279.1823,1320.8651,884.6568,1105.8481,1828.3185,1149.4685,1194.0385,760.4497,960.3100,1727.6212,11.00000000000,36,035
36,055,00974126,36055,Monroe,Monroe County,06,H1,G4020,464,40380,,A,1702154292.00000000000,1837658838.00000000000,+43.4644751,-077.6646556,36055,47404.5826,47273.2001,46892.0639,47272.1970,47661.9508,41782.6102,41599.2604,40836.0176,41598.8627,42347.5981,41517.0246,41259.3818,39901.6964,41264.7476,42607.2066,50523.0227,50101.0486,47691.2643,50085.9722,52515.9960,56476.3684,55921.2316,51881.0305,55868.8734,59955.4038,47749.4353,47220.2949,42974.7115,47145.8060,51436.9852,40602.1667,40126.0774,35724.7556,40046.0088,44465.9465,44707.0475,44161.4501,39359.0040,44068.8014,48846.8020,45519.8259,44961.2094,39888.9918,44857.3704,49865.7859,42113.7251,42027.7201,35429.1378,40618.8068,49400.7904,39983.6320,40382.7456,32464.6156,38130.6255,48899.8988,39086.9589,39886.7810,30214.3400,36559.4423,49825.7081,37496.8735,38709.7272,27431.2104,34069.7446,49903.9548,35739.8286,36846.6580,25841.4270,32256.1892,48223.1563,33488.1661,34472.6206,23843.0890,29705.0206,46089.7395,31580.1207,32617.7787,21855.4060,27311.6791,45137.6542,29848.9961,31014.0661,19760.8084,24946.4379,44862.7386,11.00000000000,36,055
36,033,00974115,36033,Franklin,Franklin County,06,H1,G4020,,31660,,A,4219398044.00000000000,177032265.00000000000,+44.5943743,-074.3106698,36033,3065.5035,3056.8742,3032.1588,3056.8153,3082.1278,2689.0454,2677.1385,2627.9629,2677.1203,2725.3763,2561.2377,2545.1958,2461.4102,2545.5440,2628.4094,2891.2848,2867.2821,2729.3707,2866.4094,3005.4299,2675.5503,2649.6186,2458.2212,2647.1522,2840.6110,2497.9969,2470.5417,2248.5596,2466.6881,2690.9757,2420.4837,2390.7307,2127.2753,2385.6468,2650.6638,2729.4074,2694.2548,2399.4187,2688.2214,2982.0358,2835.9910,2799.4770,2481.9038,2792.6538,3106.5466,2451.8485,2444.8595,2059.1066,2362.3651,2875.6184,2055.6115,2074.3568,1665.9418,1958.1230,2513.7203,1974.7649,2013.3783,1523.3560,1844.8088,2517.0945,1854.9134,1913.1081,1353.8931,1683.1168,2468.5135,1714.6611,1765.9673,1236.6734,1545.2454,2313.4032,1595.0318,1640.1520,1132.5424,1412.5971,2195.0992,1471.1393,1517.7826,1015.1195,1270.1713,2102.5893,1372.1156,1424.1497,905.6611,1144.8829,2062.1816,11.00000000000,36,033
36,015,00974106,36015,Chemung,Chemung County,06,H1,G4020,,21300,,A,1055035677.00000000000,8877179.00000000000,+42.1552807,-076.7471788,36015,5149.6767,5135.3742,5093.9546,5135.2664,5177.6307,4633.2106,4612.9009,4528.2772,4612.8550,4695.8674,4625.8171,4597.2567,4446.0121,4597.8376,4747.3669,5170.2807,5128.0856,4881.4356,5126.4757,5374.8628,5140.1218,5090.5115,4722.8126,5085.7811,5457.3645,4757.2908,4704.5602,4281.5649,4697.1367,5124.6791,4490.4009,4436.9801,3949.6150,4427.9509,4917.6277,4803.4171,4744.5739,4228.3904,4734.5739,5248.1880,4834.7673,4775.4001,4236.6359,4764.3639,5296.3576,4372.6054,4363.8245,3678.8226,4217.5743,5129.2466,3596.1872,3632.0071,2919.7807,3429.4284,4398.1169,3495.9419,3567.4290,2702.2880,3269.8188,4456.4110,3320.1139,3427.4585,2428.7836,3016.6054,4418.6793,3080.2198,3175.5441,2227.0145,2779.8984,4156.0836,2866.6193,2950.7985,2040.8319,2542.6628,3945.3189,2676.6835,2764.5162,1852.2233,2314.7494,3825.7913,2478.9953,2575.6192,1640.9155,2071.6642,3725.8965,11.00000000000,36,015
55,053,01581086,55053,Jackson,Jackson County,06,H1,G4020,,,,A,2558182292.00000000000,32520538.00000000000,+44.3248946,-090.8065413,55053,1324.9807,1321.2246,1310.5285,1321.2003,1332.1622,1127.6061,1122.5832,1101.9467,1122.5776,1142.8323,1145.4050,1138.1624,1100.6795,1138.3260,1175.4062,1094.9982,1085.8769,1033.6479,1085.5485,1138.2079,1106.8795,1095.9612,1016.7768,1094.9336,1175.0399,1249.7040,1235.6922,1124.4869,1233.7116,1346.1675,1368.3943,1351.4972,1202.4957,1348.6057,1498.5154,1389.5498,1371.7142,1221.6664,1368.6550,1518.1673,1427.9403,1409.3803,1249.3205,1405.9087,1564.1456,1367.0613,1363.2855,1148.3004,1317.3180,1603.3693,1069.8913,1079.8408,867.4167,1019.3931,1308.3562,1051.2971,1072.0856,811.3887,982.4049,1340.0429,1024.7310,1057.1700,748.4429,930.1870,1363.7347,984.6204,1014.4473,710.7729,887.8001,1328.4724,956.2279,983.7117,679.7235,847.4083,1316.0055,905.4639,934.6518,625.6395,782.3725,1294.1455,845.9627,878.4906,559.1722,706.4135,1271.4430,11.00000000000,55,053
55,135,01581127,55135,Waupaca,Waupaca County,06,H1,G4020,,,,A,1936566893.00000000000,45301523.00000000000,+44.4780040,-088.9670056,55135,3392.1433,3382.6461,3355.3238,3382.5787,3410.5462,3104.0930,3090.3638,3033.6059,3090.3416,3146.0358,2995.1735,2976.2640,2878.2540,2976.6885,3073.6419,3163.6822,3136.9242,2986.0419,3136.0031,3288.2657,2824.0042,2795.7860,2593.7554,2793.1505,2997.6646,3421.1007,3383.0097,3078.7283,3377.6387,3685.2500,3059.8078,3023.9576,2692.2930,3017.9300,3350.9882,2896.0800,2860.1774,2548.5815,2854.0614,3164.2167,2849.5165,2814.3487,2496.6492,2807.8073,3121.5471,2433.9007,2428.8419,2047.4159,2347.3950,2855.0244,2291.5288,2314.2966,1860.4157,2185.1970,2802.5178,2195.6800,2240.5065,1697.0873,2053.5692,2798.9085,2080.2719,2147.4574,1521.6691,1890.0121,2768.5897,1984.8607,2046.2297,1434.9660,1791.2643,2678.1306,1921.1013,1977.4771,1367.6230,1703.9496,2644.0024,1761.9683,1819.7680,1219.2235,1523.6976,2518.3852,1605.5285,1668.1081,1062.7453,1341.7204,2413.0876,11.00000000000,55,135
55,045,01581082,55045,Green,Green County,06,H1,G4020,,33820,,A,1512440867.00000000000,1315724.00000000000,+42.6777275,-089.6056390,55045,2509.3208,2502.3142,2482.1122,2502.2634,2522.9370,2378.1003,2367.4310,2323.8701,2367.4245,2410.1903,2239.0323,2224.9995,2151.7523,2225.3049,2297.7488,2356.5919,2336.5264,2224.1419,2335.8495,2449.3073,2165.0929,2143.5565,1988.6664,2141.5398,2298.2985,2604.5364,2575.6500,2344.0578,2571.5825,2805.6701,2373.4060,2345.7093,2088.5335,2341.0591,2599.2792,2373.6885,2344.6913,2089.6831,2339.7663,2593.4841,2405.8827,2375.9767,2107.5443,2370.4098,2635.5358,1935.5932,1931.4854,1628.0833,1866.6936,2270.4771,1815.4194,1833.2088,1473.4441,1730.8693,2220.2002,1772.8801,1808.8293,1369.8666,1657.8251,2259.9213,1668.7323,1722.3956,1220.2425,1515.8218,2220.8599,1595.4961,1644.6124,1153.1030,1439.6046,2152.7501,1540.3720,1585.3757,1096.2345,1366.0031,2119.9906,1401.8918,1447.7083,969.7596,1212.0995,2003.7150,1263.3990,1312.5018,836.0278,1055.6334,1898.8629,11.00000000000,55,045
55,105,01581113,55105,Rock,Rock County,06,H1,G4020,,27500,,A,1859980029.00000000000,20625910.00000000000,+42.6699307,-089.0751194,55105,10478.4234,10449.2833,10364.9849,10449.0660,10535.2986,9936.0348,9892.3183,9710.7580,9892.2318,10070.3576,9563.3931,9503.5839,9190.7539,9504.8734,9814.2559,10524.7493,10437.5611,9935.5320,10434.3720,10940.3739,9406.7292,9315.2219,8642.2999,9306.5376,9986.8292,9652.6575,9546.1563,8688.1573,9531.1871,10398.2396,9029.1970,8923.0009,7943.9735,8905.1223,9888.3958,9119.8806,9008.6391,8029.0284,8989.7509,9964.3607,9118.3114,9006.7058,7990.9319,8985.9660,9988.9086,8148.7586,8132.0407,6855.1925,7859.4063,9558.7445,7570.0234,7646.5536,6148.1559,7220.4088,9258.2801,7289.6640,7439.8180,5636.6632,6819.5297,9292.5455,6884.5468,7108.2198,5038.1524,6256.5560,9162.6144,6485.3879,6687.2128,4690.9024,5854.4876,8750.7139,6220.2079,6404.0065,4430.3481,5518.7093,8560.9436,5841.0320,6033.8354,4043.9132,5052.6469,8348.6834,5440.9670,5654.1304,3603.4716,4548.2846,8177.7670,11.00000000000,55,105
55,029,01581074,55029,Door,Door County,06,H1,G4020,,,,A,1248316135.00000000000,4890602262.00000000000,+45.0678080,-087.0879363,55029,1538.3012,1533.9626,1521.5559,1533.9334,1546.6422,1450.9010,1444.3719,1417.7849,1444.3693,1470.4739,1452.1984,1442.8695,1395.3187,1443.0938,1490.1532,1495.6346,1482.9270,1411.5998,1482.4955,1554.4947,1251.6044,1238.9926,1149.4506,1237.8206,1328.5016,1500.2218,1483.2374,1349.6500,1480.8287,1615.9749,1212.4808,1198.2402,1066.7875,1195.8439,1327.8602,1117.5443,1103.4859,983.0647,1101.0840,1221.0015,1212.7639,1197.5374,1062.0870,1194.6998,1328.5096,920.8754,918.3899,773.6187,887.4392,1080.0705,986.0301,995.3821,799.7456,939.7187,1205.8331,935.1922,953.8417,722.0539,874.1060,1192.0680,845.6945,872.5806,617.8747,767.8127,1125.4791,777.4697,801.1017,561.3746,701.1212,1048.9872,740.3407,761.6826,526.3730,656.1692,1018.8966,663.0057,684.4102,458.1678,572.9153,947.6114,590.0365,612.7330,390.0241,492.7159,886.7983,11.00000000000,55,029
55,099,01581110,55099,Price,Price County,06,H1,G4020,,,,A,3248817969.00000000000,62273299.00000000000,+45.6790724,-090.3596497,55099,813.7892,811.4979,804.9366,811.4823,818.2023,741.8959,738.5763,724.9912,738.5737,751.9096,633.0321,629.0861,608.3814,629.1700,649.6449,655.2750,649.8139,618.5588,649.6175,681.1310,545.0836,539.6766,500.6817,539.1694,578.6293,722.8651,714.8355,650.5524,713.7042,778.6843,639.8024,632.3017,562.9475,631.0403,700.6874,597.0405,589.7175,525.5504,588.4727,652.3227,578.3806,571.2826,506.8342,569.9631,633.6009,516.7480,515.6182,434.5920,498.3128,606.1444,501.8631,506.8286,407.4094,478.5495,613.7703,485.6341,495.5278,375.3203,454.1762,619.0519,461.4994,476.3847,337.5425,419.2667,614.1980,448.4022,462.2480,324.1434,404.6435,605.0180,445.9051,458.9727,317.4068,395.4798,613.6956,421.5941,435.4088,291.7021,364.5628,602.5843,397.1803,412.6488,262.8825,331.9032,596.9558,11.00000000000,55,099
55,013,01581066,55013,Burnett,Burnett County,06,H1,G4020,,,,A,2128575375.00000000000,151213123.00000000000,+45.8652545,-092.3679775,55013,933.5431,930.9028,923.3697,930.8854,938.6040,803.5304,799.8949,785.1606,799.8948,814.3646,746.9092,742.2226,717.7874,742.3251,766.4932,825.5271,818.5482,779.1771,818.3077,858.0379,714.4917,707.5041,656.3914,706.8430,758.5289,808.4412,799.5698,727.7361,798.3252,870.9002,694.4715,686.3857,611.1490,685.0292,760.5654,588.3843,581.1550,517.9071,579.9256,642.8643,633.3438,625.4608,554.7870,623.9931,693.7982,539.3139,538.0091,453.3440,519.9183,632.5836,449.1672,453.5587,364.5390,428.2356,549.3156,431.0532,439.7862,333.0523,403.0695,549.4701,401.7670,414.6821,293.7794,364.9459,534.6978,372.3469,383.8054,269.0971,335.9608,502.3950,347.2264,357.3661,247.1016,307.9144,477.8820,309.9780,320.1050,214.4209,268.0076,443.0493,276.3362,287.0725,182.8531,230.8883,415.3275,11.00000000000,55,013
55,079,01581100,55079,Milwaukee,Milwaukee County,06,H1,G4020,376,33340,,A,625228895.00000000000,2455664378.00000000000,+43.0176546,-087.4815749,55079,55289.8298,55135.9307,54691.0525,55134.7876,55589.9137,55776.3872,55530.6238,54511.2405,55530.1621,56530.3132,58628.3734,58263.8241,56346.4285,58271.4852,60167.4742,68120.1990,67554.5229,64305.2617,67533.9756,70809.4143,71903.9277,71203.9756,66060.2290,71137.5752,76337.8284,62620.8459,61930.4253,56364.5005,61833.4087,67457.8940,52571.4695,51954.2830,46254.8884,51850.4424,57574.1858,56939.5149,56246.3408,50131.3982,56128.6902,62212.0635,61685.8516,60932.7361,54062.7090,60792.8232,67575.7192,56517.5896,56404.0144,47550.0376,54513.6548,66297.4458,61883.3784,62504.0659,50251.2690,59019.1719,75683.7266,61054.7129,62306.8691,47200.4128,57110.2202,77829.2227,58564.7910,60461.7813,42848.2554,53215.4741,77943.1270,57290.2852,59066.8784,41427.4131,51709.0845,77301.0425,55630.3970,57267.7710,39611.5405,49348.3911,76564.2373,53789.2598,55558.4316,37228.6401,46521.1973,76881.4341,52531.5029,54583.3628,34779.7893,43905.2202,78954.4058,11.00000000000,55,079
55,003,01581061,55003,Ashland,Ashland County,06,H1,G4020,,,,A,2706628242.00000000000,3230607930.00000000000,+46.5462905,-090.6651539,55003,936.8123,934.1806,926.6305,934.1624,941.8934,792.9061,789.3728,774.8610,789.3690,803.6125,859.7187,854.3178,826.1907,854.4366,882.2569,907.1223,899.5147,856.2493,899.2462,942.8855,829.9456,821.6117,762.2364,820.8356,880.9556,605.6954,598.6160,544.5600,597.6013,652.3646,639.7656,631.9874,562.4199,630.6631,700.6151,672.7221,664.3335,591.9102,662.9028,735.0040,719.0548,710.1481,629.9494,708.4907,787.6959,647.4708,645.8923,544.2385,624.1707,759.4424,528.5860,533.8021,429.0786,504.0136,646.4498,523.0495,533.6959,404.2199,489.1559,666.7453,493.4978,509.4151,360.9460,448.3367,656.7839,464.5706,478.9267,335.8505,419.2481,626.8346,449.2912,462.4763,319.8489,398.5060,618.3574,449.7551,464.5123,311.2217,388.9391,642.8362,434.0822,451.0097,287.3458,362.7670,652.4201,11.00000000000,55,003
55,021,01581070,55021,Columbia,Columbia County,06,H1,G4020,358,31540,,A,1982711486.00000000000,78845739.00000000000,+43.4718818,-089.3304721,55021,3803.6965,3792.9902,3762.3235,3792.9170,3824.3240,3449.1409,3433.7522,3370.6167,3433.7370,3495.7081,3360.1429,3339.1062,3229.1876,3339.5620,3448.2721,3626.0173,3595.4086,3422.4739,3594.3489,3768.8454,3248.4722,3216.4556,2984.0654,3213.4408,3448.5269,3705.0020,3663.3353,3333.5758,3657.4398,3990.9511,3651.8538,3608.3349,3211.9237,3600.9752,3999.2909,3519.5861,3476.0335,3097.4235,3468.6168,3845.4556,3451.8886,3409.0653,3024.0038,3401.0953,3781.3981,3105.8030,3098.7763,2611.5965,2994.7101,3643.0436,2831.2934,2859.1482,2298.1488,2699.5693,3462.5998,2768.7953,2825.0420,2139.5692,2589.2377,3529.4443,2647.6287,2732.8611,1936.2034,2405.1319,3523.6484,2554.8156,2633.5371,1846.5525,2305.2848,3447.1347,2487.6335,2560.3739,1770.4783,2206.1131,3423.6970,2354.9017,2431.9107,1629.0867,2036.1461,3365.8490,2199.7515,2285.2760,1455.6924,1838.0394,3306.1834,11.00000000000,55,021
55,111,01581115,55111,Sauk,Sauk County,06,H1,G4020,358,12660,,A,2152025932.00000000000,45881330.00000000000,+43.4279976,-089.9433290,55111,4083.3779,4071.9037,4038.9923,4071.8243,4105.5248,3972.7612,3955.0461,3882.3309,3955.0277,4026.4007,3885.2045,3860.7201,3733.5942,3861.2654,3987.0149,4554.0292,4515.2866,4298.1060,4513.9762,4733.2197,4013.1810,3973.3823,3686.2824,3969.6486,4260.1682,4177.8363,4131.3555,3759.7877,4124.8032,4500.4248,4008.3272,3961.1427,3526.4915,3953.1967,4389.7462,3872.5400,3825.2150,3409.1671,3817.1762,4231.1232,4118.6626,4067.4193,3607.8432,4057.8793,4511.8029,3767.2311,3758.8797,3168.0853,3632.6918,4418.9271,3187.6004,3219.1348,2587.6671,3039.5180,3898.3826,3124.6327,3188.2934,2414.8651,2922.2325,3983.0605,3006.4273,3103.4073,2198.9292,2731.3153,4001.1800,2843.6448,2931.4740,2055.6697,2566.1685,3836.8617,2735.1665,2815.3557,1947.0196,2425.9008,3764.3903,2566.5525,2650.6939,1775.8772,2219.4129,3668.3754,2371.0049,2463.3918,1569.3842,1981.3839,3563.5865,11.00000000000,55,111
55,005,01581062,55005,Barron,Barron County,06,H1,G4020,,,,A,2234411472.00000000000,70065655.00000000000,+45.4371917,-091.8528921,55005,2719.1776,2711.4762,2689.5290,2711.4261,2733.9170,2621.9150,2610.1193,2562.0758,2610.1145,2657.2858,2583.8656,2567.2987,2482.6986,2567.6940,2651.4157,2921.7029,2896.5224,2757.2017,2895.7038,3036.4579,2505.4611,2480.1670,2300.9212,2477.8191,2659.3623,2683.4984,2652.8865,2413.8073,2648.5340,2890.4828,2379.7633,2350.9967,2092.3532,2346.1083,2606.1271,2324.7956,2295.7421,2045.4040,2290.7846,2540.0259,2431.3255,2400.3907,2128.4689,2394.6175,2663.3206,2262.1316,2256.3049,1900.8975,2180.3403,2653.2624,1822.4751,1839.6150,1477.9115,1736.6956,2228.7123,1756.7036,1791.6050,1356.1070,1641.7923,2239.2139,1673.8871,1727.0131,1222.8083,1519.6226,2227.6582,1562.7268,1610.1591,1128.2540,1409.1781,2108.4750,1484.7909,1527.5266,1055.5514,1315.8964,2043.4435,1377.5572,1421.9862,951.8779,1190.3169,1968.8922,1266.7319,1315.4391,837.2967,1057.7734,1903.8397,11.00000000000,55,005
55,077,01581098,55077,Marquette,Marquette County,06,H1,G4020,,,,A,1180003730.00000000000,22524386.00000000000,+43.8260529,-089.4090953,55077,987.5431,984.7309,976.7523,984.7134,992.8940,850.8390,847.0307,831.4500,847.0277,862.3228,813.1662,808.0112,781.3981,808.1289,834.4578,865.6692,858.2159,816.9363,857.9728,899.6746,874.0228,865.2494,802.7207,864.4322,927.7439,748.6195,740.2298,673.6158,739.0442,806.4059,718.5334,709.9355,631.9108,708.4795,786.8905,664.2288,655.9726,584.4873,654.5654,725.7259,693.2203,684.4332,606.9328,682.7939,759.3709,651.9939,650.4804,548.1772,628.6249,764.7662,525.3634,530.5037,426.3857,500.8858,642.5014,501.5117,511.6796,387.5049,468.9632,639.2856,479.3935,494.8138,350.5581,435.4704,638.0091,455.0171,469.0355,328.8707,410.5726,613.9405,431.6030,444.2303,307.1891,382.7682,594.0101,408.4433,421.8140,282.5799,353.1746,583.7870,383.9550,398.9026,254.1187,320.8443,577.0781,11.00000000000,55,077
55,087,01581104,55087,Outagamie,Outagamie County,06,H1,G4020,118,11540,,A,1651177709.00000000000,18299478.00000000000,+44.4182258,-088.4649883,55087,12431.6440,12397.0599,12297.0418,12396.8024,12499.1192,11426.8431,11376.0535,11166.9876,11375.9896,11581.1730,12117.1628,12041.1840,11644.7794,12042.8407,12434.9037,13981.7682,13864.3232,13197.4685,13860.1972,14532.8782,13102.3442,12972.7680,12035.4419,12960.5918,13908.9521,13687.7582,13535.1737,12317.6497,13513.6500,14744.5608,13189.7938,13033.4926,11602.4196,13007.1101,14444.7715,13683.6751,13516.0922,12045.6610,13487.6133,14950.7129,14009.7943,13836.8825,12274.8902,13804.7200,15347.2463,13216.8039,13189.5725,11118.5076,12747.3484,15503.6895,11964.7813,12084.6861,9715.6040,11410.8761,14632.9796,11969.4662,12214.8656,9253.2617,11196.0684,15258.0142,11689.2791,12067.8452,8552.2155,10621.4973,15557.1050,11342.1230,11693.8735,8201.6958,10237.2117,15303.7830,11138.3757,11466.2947,7931.2075,9880.6905,15329.7776,10710.9610,11063.3596,7413.4621,9263.8179,15309.2725,10211.9695,10610.9832,6761.3352,8535.2155,15348.5124,11.00000000000,55,087
36,009,00974103,36009,Cattaraugus,Cattaraugus County,06,H1,G4020,160,36460,,A,3388612085.00000000000,36610366.00000000000,+42.2448527,-078.6810055,36009,4845.1794,4831.6459,4792.6361,4831.5482,4871.4698,4344.0177,4324.8954,4245.5126,4324.8581,4402.7410,4126.8499,4100.9659,3965.9572,4101.5309,4235.0618,4488.9068,4451.2275,4237.1296,4449.9010,4665.8602,4342.8661,4300.3312,3989.6543,4296.3109,4610.4949,3509.5441,3470.4944,3158.3607,3464.9894,3780.5300,3258.2723,3219.3003,2865.5005,3212.7013,3568.2475,3515.3655,3471.9600,3093.8887,3464.5716,3840.8497,3661.9427,3616.7880,3208.5455,3608.3898,4011.5368,3147.5061,3140.3196,2646.5460,3034.8406,3691.9446,2259.1435,2281.2715,1833.5658,2153.9158,2762.8592,2142.8398,2186.2739,1655.6970,2003.7542,2731.5135,1972.8020,2036.2195,1442.5490,1791.9987,2625.5341,1755.8198,1809.8352,1268.9101,1584.2174,2369.0663,1557.0095,1602.4523,1107.9927,1380.6977,2142.8847,1405.4601,1451.3444,972.1416,1215.1236,2008.8118,1258.0644,1306.9117,832.4118,1051.1169,1890.8421,11.00000000000,36,009
55,109,01581833,55109,St. Croix,St. Croix County,06,H1,G4020,378,33460,,A,1870824361.00000000000,34588261.00000000000,+45.0289589,-092.4472842,55109,6219.6124,6202.1276,6151.9945,6202.0071,6253.3444,6128.9179,6101.6858,5989.5557,6101.6508,6211.6975,5987.7791,5950.1551,5754.2536,5950.9831,6144.7491,6331.0636,6277.5522,5975.6095,6275.7067,6580.3992,5100.4744,5050.3620,4685.4854,5045.6346,5414.6869,5832.9801,5768.3047,5249.6527,5759.1986,6283.4333,6197.1153,6124.2463,5452.3127,6111.9793,6786.8213,6517.8611,6437.9251,5737.4241,6424.3373,7121.3749,6480.5688,6401.3543,5679.5199,6386.6360,7099.3329,5547.4960,5536.1596,4666.9450,5350.5663,6507.3941,4900.3079,4949.6405,3979.5252,4673.7310,5993.1343,4817.9304,4916.9510,3725.0334,4506.9293,6141.6610,4596.5203,4745.6430,3363.3940,4176.9686,6117.4707,4409.3921,4546.4031,3188.9669,3980.1793,5949.5601,4334.0043,4461.8523,3086.5200,3844.9529,5964.9226,4105.7464,4241.0758,2842.1804,3551.3348,5868.3972,3787.5188,3935.7433,2508.1303,3165.9147,5692.6265,11.00000000000,55,109
55,043,01581081,55043,Grant,Grant County,06,H1,G4020,,38420,,A,2970324643.00000000000,94521211.00000000000,+42.8700621,-090.6953683,55043,2565.7704,2558.5906,2537.9262,2558.5393,2579.6906,2412.1823,2401.4461,2357.3051,2401.4335,2444.7570,2532.7190,2516.6993,2433.8163,2517.0616,2599.0549,2783.8903,2760.4474,2627.6735,2759.6299,2893.5836,2879.3911,2850.6169,2644.6239,2847.9298,3056.4559,2198.0829,2174.9452,1980.1743,2171.7484,2368.1896,2120.9680,2096.4160,1866.7492,2092.3055,2322.8400,3845.0799,3797.8778,3384.5909,3789.8526,4201.1080,4065.4187,4014.9895,3561.4931,4005.6042,4453.4950,3653.9690,3645.8378,3072.7807,3523.4363,4286.0640,3482.4284,3516.6015,2826.5189,3320.3010,4258.9071,3569.7557,3642.1941,2758.3672,3338.1556,4550.4367,3565.8871,3680.6174,2607.6162,3239.2083,4745.7250,3573.2659,3683.3276,2582.5899,3224.2099,4821.2948,3593.9550,3699.0194,2557.8152,3187.2019,4946.3106,3576.3272,3693.2758,2474.0459,3092.2378,5111.6261,3558.2655,3696.6299,2354.7326,2973.1958,5348.0049,11.00000000000,55,043
55,115,01581117,55115,Shawano,Shawano County,06,H1,G4020,,,,A,2313007314.00000000000,42514240.00000000000,+44.7896407,-088.7558134,55115,2809.8101,2801.9119,2779.2640,2801.8575,2825.0492,2419.6579,2408.9246,2364.6654,2408.9096,2452.3438,2195.2046,2181.4171,2109.5980,2181.7199,2252.7553,2379.9349,2359.9563,2246.4457,2359.2532,2473.7512,2042.4041,2022.2142,1876.1031,2020.3164,2168.1444,2236.7693,2211.7370,2012.7230,2208.2011,2409.4371,1907.9970,1885.4842,1678.5454,1881.6898,2089.5496,1917.5670,1893.6272,1687.1620,1889.5432,2095.0973,1854.8172,1831.6630,1624.6252,1827.3508,2031.8563,1593.8880,1590.5491,1340.7438,1537.2058,1869.6630,1319.9221,1332.7571,1071.1114,1258.3249,1614.2066,1242.1769,1267.2854,959.6644,1161.4630,1583.4150,1165.5258,1202.9813,852.2345,1058.6935,1551.1570,1066.1503,1099.0111,770.6013,962.0307,1438.5250,1002.9052,1032.3134,713.9240,889.5132,1380.2917,913.5471,943.5501,632.2062,790.0521,1305.7372,840.2859,873.0775,556.2792,702.2648,1262.9408,11.00000000000,55,115
36,061,00974129,36061,New York,New York County,06,H6,G4020,408,35620,35644,C,59126033.00000000000,27873331.00000000000,+40.7765574,-073.9701736,36061,103173.8345,102885.5000,102054.7441,102883.4219,103733.6440,105943.6875,105475.3086,103538.2466,105474.5376,107375.2729,114129.1484,113414.6660,109681.2231,113430.1372,117122.5313,143815.8970,142609.6309,135750.3066,142567.0664,149485.7188,151073.6230,149579.2275,138771.5957,149438.8184,160373.7998,111471.5864,110183.7041,100243.5210,109999.8120,120064.9072,105060.8354,103770.0396,92335.2764,103549.5137,115051.8540,119900.3208,118391.8198,105471.7690,118134.0879,131000.1367,128832.9370,127209.4712,112815.0337,126906.8091,141127.9795,128109.5156,127798.6641,107686.4604,123501.1382,150264.7471,161361.4043,162919.4307,130924.7358,153817.2305,197336.0986,157845.7729,161023.0942,121923.1528,147572.6128,201205.9512,151820.4888,156679.8379,110977.8745,137880.0361,202050.7803,149677.2290,154262.8027,108137.0669,135024.5176,201952.5508,146686.7271,150951.1016,104355.1572,130054.9453,201881.0078,146900.5728,151682.1665,101584.2339,126988.4180,209962.6924,145904.7407,151558.4063,96519.0537,121889.8540,219290.7959,11.00000000000,36,061
55,065,01581092,55065,Lafayette,Lafayette County,06,H1,G4020,,,,A,1640985371.00000000000,2539100.00000000000,+42.6555782,-090.1302916,55065,986.7717,983.9953,976.0402,983.9763,992.1231,845.3835,841.6267,826.1599,841.6219,856.8014,881.2914,875.7698,846.9397,875.8898,904.4035,1062.4840,1053.5413,1002.8673,1053.2290,1104.3517,906.5918,897.4815,832.6227,896.6335,962.3082,1033.0438,1021.5970,929.7457,1019.9857,1112.8231,880.8892,870.5524,775.0568,868.8134,964.7154,906.0978,895.2671,798.1362,893.4358,990.0133,945.0654,933.6645,828.5367,931.5493,1035.3185,883.2175,881.8580,743.8267,852.4150,1036.1510,642.8408,649.4363,522.2661,613.2729,786.2220,635.1954,648.3793,491.3339,594.3555,809.7315,634.9936,655.7115,464.8419,577.1808,845.1180,591.1622,609.6297,427.7115,533.7436,797.6596,571.1072,588.0451,406.8810,506.7785,786.0263,530.8097,548.3787,367.5793,459.2243,758.6985,494.2816,513.6796,327.4147,413.2272,742.9068,11.00000000000,55,065
55,009,01581064,55009,Brown,Brown County,06,H1,G4020,,24580,,A,1371938244.00000000000,222741055.00000000000,+44.4739612,-087.9959258,55009,16768.1741,16721.3352,16586.3292,16720.9964,16859.1598,15855.6620,15785.3039,15495.2677,15785.2070,16069.8402,16986.9345,16880.2690,16324.5224,16882.6084,17432.2873,19595.7707,19431.2418,18496.6255,19425.4538,20368.2107,19056.0658,18867.9041,17504.6600,18850.2062,20229.3905,17853.8003,17652.2028,16062.6994,17623.6386,19231.5061,17538.6802,17327.9491,15422.7649,17292.2115,19207.1104,19132.3405,18894.6660,16835.7335,18854.1606,20903.7012,20537.5380,20281.1437,17988.6919,20233.3928,22497.8091,19367.5304,19322.8648,16284.1761,18673.7170,22717.5118,17476.4398,17647.0380,14183.2087,16661.6833,21373.0232,17574.8483,17930.5718,13578.5772,16433.4748,22402.8898,17207.0586,17759.7872,12581.4176,15629.5541,22900.2437,16693.6559,17206.9647,12063.8759,15061.8088,22524.1434,16346.1412,16823.1465,11632.0464,14495.0527,22496.8999,16000.9906,16523.4390,11067.8208,13834.1091,22870.0782,15451.2631,16051.3724,10223.8112,12909.7991,23222.9070,11.00000000000,55,009
55,117,01581118,55117,Sheboygan,Sheboygan County,06,H1,G4020,,43100,,A,1324171349.00000000000,1968280402.00000000000,+43.7460015,-087.7305455,55117,7574.5261,7553.2279,7492.1708,7553.0810,7615.6059,6680.8118,6651.1277,6528.9007,6651.0895,6771.0453,6567.7815,6526.4628,6311.5758,6527.3766,6739.9280,7156.5590,7096.6346,6755.2966,7094.5098,7438.7654,6126.9825,6066.7542,5628.4429,6061.0741,6504.4127,6868.9297,6793.0212,6182.3938,6782.3458,7399.4581,6889.7460,6807.7684,6059.9805,6793.9116,7545.2507,6819.6765,6735.0371,6001.2059,6720.6150,7451.0785,7115.6921,7027.8003,6234.3887,7011.4507,7794.9868,6164.9114,6151.2079,5184.3687,5944.6980,7231.3747,5821.0729,5878.2213,4724.7296,5550.1007,7119.0045,5810.6217,5928.5362,4489.9021,5433.6428,7406.9126,5619.2384,5800.0135,4109.1289,5104.4216,7478.4625,5449.4320,5617.2331,3938.5100,4917.0388,7352.7420,5389.0776,5546.5564,3835.2917,4779.0773,7416.9079,5174.7310,5343.8664,3579.6507,4474.1799,7396.2109,4928.2433,5119.7847,3261.1655,4117.7976,7407.0491,11.00000000000,55,117
55,071,01581095,55071,Manitowoc,Manitowoc County,06,H1,G4020,,31820,,A,1525716187.00000000000,2343921717.00000000000,+44.1051076,-087.3138281,55071,5223.2702,5208.6186,5166.5329,5208.5156,5251.6030,4441.2055,4421.4616,4340.2030,4421.4369,4501.1868,4394.5828,4366.7933,4222.9822,4367.4213,4509.6878,4744.2224,4704.0151,4477.7573,4702.6393,4930.9945,4136.5887,4095.3922,3799.4609,4091.5371,4391.0562,4610.4189,4559.1514,4149.1249,4551.9258,4966.4165,4008.3118,3961.0612,3526.3598,3953.1001,4389.7217,3703.5859,3658.7177,3261.1709,3651.1100,4046.5474,3657.3356,3612.6685,3205.3327,3604.3699,4006.5422,3251.9702,3245.1032,2735.3881,3136.2554,3814.6138,2904.1947,2933.4494,2358.5188,2769.9348,3551.8670,2812.7525,2870.5733,2174.7294,2631.2018,3585.5602,2657.4794,2743.6957,1944.5486,2414.9166,3536.8173,2515.5080,2593.6622,1819.2536,2270.6354,3394.1557,2422.6493,2494.1057,1725.3071,2149.2649,3334.3095,2245.9199,2319.9344,1554.7025,1942.6299,3210.1219,2079.9800,2161.3594,1377.3453,1738.5902,3126.2009,11.00000000000,55,071
55,089,01581105,55089,Ozaukee,Ozaukee County,06,H1,G4020,376,33340,,A,603666538.00000000000,2287271020.00000000000,+43.3607150,-087.4965534,55089,5846.1018,5829.7920,5782.7338,5829.6729,5877.8261,5004.3366,4982.1914,4890.6820,4982.1564,5071.9528,4885.4569,4854.5871,4694.7169,4855.2825,5013.4325,5875.2279,5825.3728,5545.1790,5823.6733,6106.4858,5532.1149,5476.8996,5081.1305,5471.7391,5872.3502,6224.4931,6154.1029,5599.8855,6144.1241,6704.7813,6388.8791,6312.2879,5618.4143,6299.3088,6996.6642,6528.6793,6447.5668,5744.9731,6433.7428,7133.1341,6279.6597,6201.6270,5501.0074,6187.1017,6879.0864,5977.2976,5964.3235,5027.1579,5764.1722,7011.3813,5922.1169,5980.4634,4807.1037,5646.6990,7242.6119,5874.8211,5994.2667,4539.9090,5493.9644,7488.7763,5784.1956,5970.5267,4230.1824,5254.5785,7698.0207,5715.6484,5891.9189,4131.3844,5157.5929,7711.9633,5689.0867,5855.6108,4049.2894,5045.4812,7829.8287,5520.8714,5701.6037,3819.5968,4773.8151,7890.9672,5273.7262,5478.9705,3490.2725,4406.8039,7926.3200,11.00000000000,55,089
55,097,01581109,55097,Portage,Portage County,06,H1,G4020,,44620,,A,2073747839.00000000000,56926153.00000000000,+44.4762457,-089.4980699,55097,4003.8613,3992.6674,3960.4260,3992.5869,4025.5852,3666.4567,3650.0133,3582.8562,3650.0029,3715.9335,3807.5428,3783.5181,3658.9278,3784.0561,3907.3014,4362.0655,4324.8438,4116.8229,4323.5961,4533.6309,3838.4938,3800.4379,3525.8349,3796.8670,4074.7368,2861.9515,2829.7990,2575.0922,2825.2512,3082.8444,1953.9730,1929.8295,1717.0534,1925.6971,2139.7752,3779.2736,3732.5203,3325.9867,3724.5590,4129.1877,3938.3666,3888.3807,3448.0228,3879.0546,4314.1774,3310.3961,3302.2870,2782.5192,3191.2194,3882.8768,3616.2723,3650.9863,2933.8003,3446.9456,4422.4686,3539.8815,3610.9325,2733.9159,3309.2365,4512.2610,3341.3559,3448.0910,2442.1037,3034.2797,4446.8355,3215.0531,3313.3305,2322.3938,2900.0339,4337.9024,3130.0535,3220.8326,2226.3899,2774.8851,4307.7914,3094.4824,3195.0000,2139.5201,2674.7699,4422.8806,3127.2915,3248.2928,2068.4513,2612.3427,4700.2218,11.00000000000,55,097
36,043,00974120,36043,Herkimer,Herkimer County,06,H1,G4020,,46540,,A,3655689412.00000000000,120400469.00000000000,+43.4616351,-074.8946938,36043,3944.4176,3933.4291,3901.6865,3933.3481,3965.8245,3596.6787,3580.6971,3514.8945,3580.6766,3645.2566,3256.8445,3236.4340,3129.8904,3236.8779,3342.2530,3641.6626,3610.8607,3437.1826,3609.8006,3785.0678,3695.9561,3659.4094,3395.0052,3655.9750,3923.4899,3623.8286,3583.3768,3261.0073,3577.6677,3903.6007,2774.5313,2741.4204,2440.2065,2735.8182,3038.4946,2898.8968,2862.9146,2550.9756,2856.7834,3167.2917,2912.3966,2876.2269,2551.3105,2869.4946,3190.4027,2568.0010,2561.9275,2158.8975,2475.8195,3012.1489,2126.3560,2146.9494,1725.3831,2027.0201,2600.4263,2008.0073,2048.4888,1551.1322,1877.3969,2559.6135,1860.4808,1920.0899,1360.0791,1689.7235,2476.0322,1704.9756,1757.2609,1231.8790,1538.1311,2300.4490,1548.1914,1593.2425,1101.4824,1372.7077,2130.7377,1386.8690,1432.0404,959.0947,1198.9173,1982.2322,1274.7932,1324.2098,843.3375,1064.9953,1915.9802,11.00000000000,36,043
55,073,01581096,55073,Marathon,Marathon County,06,H1,G4020,554,48140,,A,4001488029.00000000000,81139058.00000000000,+44.8980363,-089.7578230,55073,9122.2428,9096.7419,9023.2866,9096.5591,9171.7380,8295.6125,8258.7171,8106.9282,8258.6723,8407.6458,8145.6314,8094.4208,7827.9156,8095.5501,8359.1537,9411.0025,9331.7285,8882.8845,9328.9664,9781.8073,8257.0770,8175.2017,7584.4966,8167.5198,8765.2571,9343.1992,9238.3517,8406.8951,9223.5275,10064.3661,8449.3388,8348.9924,7432.0792,8332.0418,9253.2480,8036.4422,7937.6321,7073.7004,7920.8274,8780.5529,8422.8042,8318.6876,7379.4584,8299.3182,9226.8717,7335.9210,7320.5083,6170.7352,7074.9832,8605.1728,6172.8744,6234.4577,5011.9921,5886.7557,7549.4071,6044.7006,6168.3757,4672.5457,5653.8074,7705.4196,5760.1321,5946.4570,4213.9006,5233.6831,7666.0633,5351.1462,5516.9324,3869.2220,4829.6423,7220.2184,5087.4516,5237.1000,3622.3532,4512.8410,7001.8634,4656.2336,4809.3524,3222.6236,4027.0425,6655.1910,4232.1496,4397.4830,2802.0489,3537.2151,6360.8868,11.00000000000,55,073
55,127,01581123,55127,Walworth,Walworth County,06,H1,G4020,,48580,,A,1437771449.00000000000,55507309.00000000000,+42.6681095,-088.5417306,55127,6404.9505,6386.9871,6335.3816,6386.8613,6439.6939,5967.7951,5941.3608,5832.2204,5941.3208,6048.4216,5616.0204,5580.6964,5396.9511,5581.4772,5763.2245,5804.2377,5755.3532,5478.5284,5753.6494,6032.9366,5070.5400,5020.0130,4657.2664,5015.2863,5382.4415,5599.2363,5537.6771,5040.0960,5529.0354,6031.7911,4961.5990,4903.4771,4365.6779,4893.7056,5433.7607,5988.9897,5915.8023,5272.3753,5903.3708,6543.5485,5589.5622,5521.7079,4899.5460,5509.1101,6123.3099,4423.5594,4415.4878,3723.1527,4267.7251,5189.2149,4970.1731,5020.8223,4037.3374,4741.1348,6078.6800,4831.1939,4931.1195,3736.3955,4520.1328,6158.6449,4554.8414,4703.2485,3333.9866,4139.8925,6062.0566,4461.2634,4600.4811,3227.5086,4027.7582,6019.6031,4468.5529,4600.9211,3183.3058,3965.0183,6150.1470,4282.2493,4423.8976,2965.2506,3704.6322,6120.7105,4113.0448,4274.4301,2724.4481,3438.5330,6181.9170,11.00000000000,55,127
55,041,01581080,55041,Forest,Forest County,06,H1,G4020,,,,A,2626421270.00000000000,83551459.00000000000,+45.6668822,-088.7732251,55041,520.6854,519.2111,515.0087,519.2015,523.5079,443.3628,441.4138,433.3132,441.4098,449.3570,407.3556,404.7870,391.4578,404.8443,418.0294,391.9601,388.6844,369.9892,388.5675,407.4204,430.5325,426.3162,395.5170,425.9177,457.0643,432.0218,427.3723,389.0352,426.7246,465.4258,300.9788,297.5065,264.9244,296.9258,329.6271,300.7313,297.1266,264.8802,296.5167,328.5820,292.1368,288.6337,256.1561,287.9842,320.0382,301.3357,300.8419,253.7245,290.7895,353.5062,197.5806,199.7419,160.7562,188.6608,241.6714,187.8578,191.8977,145.5576,175.9567,239.4936,185.9999,192.2127,136.4067,169.2465,247.5615,176.7730,182.4390,128.1451,159.7862,238.5341,166.3870,171.4462,118.7590,147.8033,229.0118,153.4890,158.6805,106.4862,132.9289,219.3931,151.7788,157.8298,100.7075,127.0054,228.1298,11.00000000000,55,041
55,027,01581073,55027,Dodge,Dodge County,06,H1,G4020,252,13180,,A,2267857853.00000000000,81401698.00000000000,+43.4227057,-088.7043791,55027,6036.9364,6019.8492,5971.1290,6019.7374,6069.6611,5234.0484,5210.6024,5114.7464,5210.5857,5304.6871,5117.6514,5085.0917,4917.5803,5085.8458,5251.5843,5592.9230,5545.3519,5278.6264,5543.7418,5812.9979,4836.3981,4788.0925,4442.0947,4783.5800,5133.8232,5420.2504,5359.0658,4876.5175,5350.3976,5838.5147,5499.1864,5432.4811,4834.6242,5421.1327,6022.2437,5581.9640,5511.2360,4909.2973,5499.1347,6098.6871,5579.9136,5508.0365,4883.1688,5494.6047,6112.2373,4745.1049,4731.7852,3985.3953,4572.1806,5565.2842,4584.2955,4626.7957,3716.4972,4367.7546,5606.0538,4477.2574,4565.6059,3455.2123,4183.6265,5706.9437,4271.4031,4406.3696,3119.3196,3877.0008,5684.4561,4120.3235,4244.8456,2973.8511,3714.7875,5559.2086,4038.5553,4154.3200,2870.2157,3578.5691,5558.0235,3848.8629,3972.5879,2658.8020,3325.2058,5501.0105,3615.8409,3754.5303,2389.4212,3018.9549,5434.4211,11.00000000000,55,027
55,069,01581094,55069,Lincoln,Lincoln County,06,H1,G4020,554,32980,,A,2276530049.00000000000,72588161.00000000000,+45.3383191,-089.7420823,55069,1969.6540,1964.1153,1948.2380,1964.0772,1980.3363,1665.7652,1658.4047,1627.9501,1658.3924,1688.2753,1552.7875,1543.1025,1492.3140,1543.3089,1593.5342,1707.2674,1692.8099,1611.3877,1692.3140,1774.4871,1413.1927,1399.1834,1298.0847,1397.8688,1500.1697,1737.2851,1717.8353,1563.2583,1715.0876,1871.3930,1410.4994,1393.8451,1240.8552,1391.0374,1544.7121,1275.2029,1259.1302,1121.6928,1256.3832,1393.2537,1190.8909,1175.8898,1042.8374,1173.0933,1304.5431,1028.4765,1025.9836,864.5228,991.4832,1206.3417,927.7733,936.5720,752.4935,884.1970,1134.5896,866.5984,883.8834,669.0991,809.9969,1104.6334,795.3505,820.6527,581.1211,722.1258,1058.4810,729.3439,751.5370,526.6665,657.7519,984.0563,682.4711,702.1666,485.2668,604.9068,939.2550,604.1718,623.6991,417.5501,522.1037,863.5236,536.0413,556.6853,354.3761,447.6568,805.6473,11.00000000000,55,069
28,021,00695735,28021,Claiborne,Claiborne County,06,H1,G4020,,,,A,1262375165.00000000000,35735962.00000000000,+31.9728096,-090.9154239,28021,371.4602,370.4288,367.4413,370.4210,373.4766,366.1715,364.5828,357.9032,364.5780,371.1281,380.9658,378.6004,366.1419,378.6498,390.9688,332.0380,329.2891,313.4509,329.1884,345.1514,344.0423,340.7490,316.1384,340.4334,365.2942,242.2518,239.6086,218.0918,239.2386,260.9722,266.5279,263.4558,234.6054,262.9422,291.8973,338.1898,334.0796,297.7663,333.3822,369.5062,330.0532,326.0708,289.3554,325.3319,361.5730,304.3671,303.7358,256.0383,293.5509,357.0303,302.6719,305.6929,245.7533,288.6445,370.1671,302.2114,308.3938,233.6075,282.6671,385.2407,284.1283,293.3199,207.8591,258.1613,378.1417,275.3276,283.8571,199.0787,248.4945,371.4952,266.8533,274.7018,190.0023,236.7118,367.2703,264.6364,273.3339,183.1485,228.8701,378.2465,253.4266,263.3201,167.7781,211.8046,380.8977,11.00000000000,28,021
28,055,00695751,28055,Issaquena,Issaquena County,06,H1,G4020,,,,A,1069781903.00000000000,73507406.00000000000,+32.7549765,-090.9885518,28055,64.9837,64.8059,64.2845,64.8044,65.3369,70.4947,70.1863,68.8990,70.1856,71.4482,65.8524,65.4742,63.3266,65.4792,67.5987,78.9288,78.3078,74.5414,78.2816,82.0667,66.9746,66.4264,61.6370,66.3685,71.1730,87.4779,86.6432,78.9390,86.5323,94.2727,60.1433,59.4773,52.9884,59.3676,65.8712,60.1643,59.4492,53.0034,59.3285,65.7365,43.7073,43.1702,38.2992,43.0703,47.8801,36.6790,36.6657,30.9680,35.4532,43.0406,40.6336,41.0961,33.0921,38.8218,49.7041,38.7113,39.5612,30.0251,36.2808,49.3538,37.2023,38.4629,27.3137,33.8739,49.5170,35.4059,36.5584,25.6966,32.0260,47.7776,33.7233,34.7689,24.1055,29.9824,46.4177,31.0054,32.0752,21.5480,26.8786,44.3198,29.2660,30.4543,19.4568,24.5156,43.9894,11.00000000000,28,055
28,023,00695736,28023,Clarke,Clarke County,06,H1,G4020,,32940,,A,1791117740.00000000000,5129339.00000000000,+32.0484478,-088.6859638,28023,948.3636,945.7566,938.1426,945.7355,953.5156,927.5465,923.4847,906.5455,923.4753,940.0913,820.0591,814.9930,788.1800,815.0963,841.6057,923.9246,916.3476,872.2731,916.0624,960.4597,861.6299,853.3420,791.7057,852.5500,914.8273,919.0625,909.0560,827.4364,907.6562,990.0909,783.5747,774.5039,689.6551,772.9852,858.1546,698.7917,690.4001,615.4572,688.9799,763.5059,667.1874,659.1145,584.8754,657.6162,730.9004,535.9008,535.0185,451.2207,517.1401,628.6808,552.2831,557.9458,448.6875,526.8758,675.4655,519.1976,529.9728,401.6057,485.8143,661.8602,486.4358,502.3165,356.1081,442.1607,647.4021,457.1782,471.4773,330.8023,412.7950,616.8756,431.3040,444.1165,307.3157,382.7490,593.6141,396.7411,409.8990,274.7851,343.2694,567.0729,366.4295,380.8394,242.7772,306.3769,550.7465,11.00000000000,28,023
02,195,02516404,02195,Petersburg,Petersburg Census Area,05,H5,G4020,,,,S,8500293927.00000000000,6221367848.00000000000,+56.6396123,-133.5279958,,0.0000,0.0000,0.0000,0.0000,0.0000,0.0000,0.0000,0.0000,0.0000,0.0000,0.0000,0.0000,0.0000,0.0000,0.0000,0.0000,0.0000,0.0000,0.0000,0.0000,0.0000,0.0000,0.0000,0.0000,0.0000,0.0000,0.0000,0.0000,0.0000,0.0000,0.0000,0.0000,0.0000,0.0000,0.0000,0.0000,0.0000,0.0000,0.0000,0.0000,0.0000,0.0000,0.0000,0.0000,0.0000,0.0000,0.0000,0.0000,0.0000,0.0000,0.0000,0.0000,0.0000,0.0000,0.0000,0.0000,0.0000,0.0000,0.0000,0.0000,0.0000,0.0000,0.0000,0.0000,0.0000,0.0000,0.0000,0.0000,0.0000,0.0000,0.0000,0.0000,0.0000,0.0000,0.0000,0.0000,0.0000,0.0000,0.0000,0.0000,0.0000,0.0000,0.0000,0.0000,0.0000,0.00000000000,,
02,275,02418874,02275,Wrangell,Wrangell City and Borough,03,H6,G4020,,,,C,6582411037.00000000000,2384276261.00000000000,+56.2791206,-132.0403255,,0.0000,0.0000,0.0000,0.0000,0.0000,0.0000,0.0000,0.0000,0.0000,0.0000,0.0000,0.0000,0.0000,0.0000,0.0000,0.0000,0.0000,0.0000,0.0000,0.0000,0.0000,0.0000,0.0000,0.0000,0.0000,0.0000,0.0000,0.0000,0.0000,0.0000,0.0000,0.0000,0.0000,0.0000,0.0000,0.0000,0.0000,0.0000,0.0000,0.0000,0.0000,0.0000,0.0000,0.0000,0.0000,0.0000,0.0000,0.0000,0.0000,0.0000,0.0000,0.0000,0.0000,0.0000,0.0000,0.0000,0.0000,0.0000,0.0000,0.0000,0.0000,0.0000,0.0000,0.0000,0.0000,0.0000,0.0000,0.0000,0.0000,0.0000,0.0000,0.0000,0.0000,0.0000,0.0000,0.0000,0.0000,0.0000,0.0000,0.0000,0.0000,0.0000,0.0000,0.0000,0.0000,0.00000000000,,
02,170,01419976,02170,Matanuska-Susitna,Matanuska-Susitna Borough,04,H1,G4020,,11260,,A,63734160198.00000000000,1682737402.00000000000,+62.1821735,-149.4079740,02170,6641.4324,6622.5539,6568.9136,6622.4343,6677.4227,7120.6664,7088.4931,6957.9438,7088.4895,7216.6880,7724.0821,7674.4192,7421.4930,7675.6177,7925.9350,10053.8204,9967.0498,9487.6411,9964.2410,10448.6229,11011.7853,10899.7566,10111.9369,10889.4049,11687.6325,12585.0593,12440.3069,11318.4230,12419.6688,13555.4276,12501.5912,12347.1093,10985.7519,12320.6679,13690.3589,12990.4418,12823.6440,11420.8433,12795.0319,14192.8410,14279.2936,14094.2350,12494.1426,14059.6310,15641.4017,14099.7839,14061.5665,11844.8062,13587.6339,16537.2263,14313.9077,14446.2924,11603.7560,13637.3868,17504.1731,14715.6062,15006.0714,11356.5554,13750.6253,18757.2830,14941.0952,15413.7972,10912.2038,13562.2504,19883.9162,15132.8951,15591.2188,10923.8972,13644.7195,20417.6409,15302.3613,15742.2077,10877.5541,13560.9728,21059.8266,15155.7357,15644.3567,10472.1366,13095.5101,21661.5264,14947.5860,15522.5610,9880.6006,12482.1273,22465.5472,11.00000000000,02,170
02,290,01419987,02290,Yukon-Koyukuk,Yukon-Koyukuk Census Area,05,H5,G4020,,,,S,376855656455.00000000000,5956563857.00000000000,+65.3761313,-151.5768554,02290,258.1074,257.3835,255.3039,257.3784,259.5075,230.8034,229.7684,225.5410,229.7677,233.9180,257.0165,255.3454,246.9258,255.3875,263.7227,317.1019,314.3580,299.2376,314.2699,329.5496,330.1408,326.8096,303.1907,326.5003,350.4213,296.4623,293.0777,266.6637,292.5963,319.3283,283.2339,279.9108,249.2064,279.3518,310.1868,233.5735,230.6081,205.4152,230.1006,255.1951,272.4073,268.8648,238.3286,268.2021,298.3909,280.7149,279.9139,235.7479,270.4688,329.2326,229.3798,231.4493,185.8587,218.4735,280.4953,225.4431,229.8302,173.8724,210.5805,287.3539,222.6854,229.6627,162.5216,202.0496,296.3483,211.7982,218.1394,152.7627,190.8764,285.7563,199.7159,205.3775,141.8280,176.8882,274.8521,189.2845,195.3147,130.6617,163.4631,270.5322,174.0619,180.6982,114.9522,145.2794,261.6035,11.00000000000,02,290
02,282,01419986,02282,Yakutat,Yakutat City and Borough,03,H1,G4020,,,,A,19812002035.00000000000,4696710283.00000000000,+59.9990832,-140.2395926,02282,46.9761,46.8440,46.4654,46.8431,47.2309,43.4259,43.2220,42.4219,43.2225,44.0093,44.7832,44.5171,43.0549,44.5215,45.9658,42.2310,41.8576,39.8442,41.8464,43.8837,44.0628,43.6666,40.5150,43.6271,46.8014,57.8953,57.2137,52.0441,57.1158,62.3547,43.3589,42.8176,38.0917,42.7246,47.4812,47.5950,46.9750,41.8275,46.8684,51.9998,36.0887,35.5997,31.5362,35.5078,39.5286,43.5993,43.4586,36.5859,41.9878,51.1309,40.4635,40.8192,32.7699,38.5279,49.4790,40.9237,41.7120,31.5481,38.2155,52.1612,43.1448,44.4893,31.4756,39.1374,57.4161,45.8855,47.2562,33.0903,41.3490,61.9081,47.5948,48.9414,33.7947,42.1513,65.5005,47.2340,48.7358,32.5999,40.7868,67.5083,47.2939,49.0940,31.2280,39.4698,71.0794,11.00000000000,02,282
02,122,01419972,02122,Kenai Peninsula,Kenai Peninsula Borough,04,H1,G4020,,,,A,41634915224.00000000000,22473290427.00000000000,+60.3663727,-152.3219731,02122,3493.4279,3483.5642,3455.3833,3483.4983,3512.3685,3457.7132,3442.2056,3378.8717,3442.1958,3504.3731,3443.0081,3421.1829,3308.5014,3421.6810,3533.1594,4329.5266,4292.6309,4086.1597,4291.3893,4499.8432,4529.7157,4484.6803,4160.6259,4480.4617,4808.4171,4972.9837,4917.2720,4474.7749,4909.3997,5356.8570,4731.2246,4674.6918,4160.9958,4665.1224,5181.3355,4663.5181,4605.1321,4102.8631,4595.1663,5095.2617,5211.3407,5145.7302,4563.5238,5133.4995,5708.6870,5189.0299,5175.7714,4360.5997,5001.5441,6086.2578,5223.1684,5273.0365,4236.9638,4978.2610,6387.5551,5308.6521,5414.9771,4099.5710,4962.4736,6766.8723,5314.1908,5483.7944,3883.7348,4825.6183,7072.3647,5344.6626,5507.9474,3860.5615,4820.8639,7211.2646,5351.1347,5506.2795,3806.1432,4743.8744,7364.5898,5243.9177,5414.1972,3625.5332,4532.5991,7495.0206,5128.2297,5326.5643,3391.7558,4283.6941,7707.5642,11.00000000000,02,122
02,261,01419984,02261,Valdez-Cordova,Valdez-Cordova Census Area,05,H5,G4020,,,,S,88680877051.00000000000,15799689879.00000000000,+61.3498403,-145.0231406,02261,574.0699,572.4048,567.7512,572.3960,577.1761,474.1804,472.0016,463.2894,472.0039,480.5643,481.0785,477.9045,462.1359,477.9885,493.6051,618.0910,612.5175,583.0552,612.3612,642.2102,582.5176,576.4608,534.7835,575.9083,618.1835,553.4158,546.9421,497.5489,546.0139,596.0553,523.9625,517.4989,460.4506,516.3931,573.7870,493.2055,486.8338,433.5393,485.7396,538.8545,503.5100,497.1435,440.8669,495.9562,551.5593,501.2410,499.9344,421.1711,483.0985,587.9036,469.9650,474.3485,381.0480,447.7993,574.7162,472.7457,482.1090,364.8906,441.7855,602.5902,471.4707,486.4141,344.3843,427.9949,627.4453,463.7636,477.8298,334.8096,418.1828,625.7221,456.1349,469.2605,324.2652,404.2459,627.7553,450.5112,465.0489,311.3124,389.2866,643.8998,440.2304,457.1743,291.0173,367.6309,661.6471,11.00000000000,02,261
28,147,00695794,28147,Walthall,Walthall County,06,H1,G4020,,,,A,1046210318.00000000000,1195916.00000000000,+31.1644920,-090.1034306,28147,833.2227,830.8976,824.1903,830.8807,837.7442,854.4924,850.7086,835.0821,850.7028,866.0372,849.6358,844.3689,816.5853,844.4780,871.9493,805.9273,799.1048,760.6688,798.8706,837.6603,705.2156,698.1779,647.7266,697.5201,748.5883,752.8051,744.1947,677.1131,742.9694,810.8640,670.6281,662.4560,589.5178,661.0636,734.4109,583.9720,576.6527,513.7506,575.4031,638.0350,540.3826,533.5677,473.1861,532.2971,591.9529,448.0064,447.0306,376.7861,432.0282,525.5115,420.9542,424.9890,341.4999,401.2359,514.7990,388.1802,395.9627,299.7832,362.8767,494.8094,347.9016,359.0051,254.2549,315.9166,463.0031,322.4095,332.2551,232.8756,290.8065,435.0094,304.5134,313.3354,216.5819,269.9479,419.0912,282.2312,291.3879,195.1147,243.9377,403.3866,260.9696,271.0539,172.5869,217.9814,392.2284,11.00000000000,28,147
28,009,00695729,28009,Benton,Benton County,06,H1,G4020,,,,A,1053131367.00000000000,5279205.00000000000,+34.8107726,-089.2000291,28009,562.8357,561.2825,556.7606,561.2702,565.8924,493.2037,491.0307,482.0169,491.0266,499.8704,478.2964,475.3643,459.7301,475.4219,490.8761,453.4158,449.6350,428.0082,449.4993,471.3056,407.0678,403.0544,373.9334,402.6766,432.1358,396.0789,391.5324,356.2292,390.8846,426.6212,355.2503,350.9366,312.3113,350.2025,389.0396,329.7975,325.4938,289.8184,324.7533,360.3196,280.2325,276.6104,245.2173,275.9333,306.9652,214.6928,214.1939,180.5064,206.9971,251.8270,228.2352,230.4555,185.2136,217.5853,279.1218,207.3808,211.5906,160.2469,193.9282,264.3525,183.6514,189.5800,134.3321,166.8515,244.4175,176.1738,181.6338,127.3881,159.0069,237.7087,170.3022,175.3248,121.2812,151.0838,234.3881,164.2716,169.6939,113.7298,142.0992,234.7961,159.2323,165.4767,105.4681,133.1151,239.3263,11.00000000000,28,009
22,055,00558059,22055,Lafayette,Lafayette Parish,15,H6,G4020,318,29180,,B,695980407.00000000000,1266845.00000000000,+30.2065065,-092.0641700,22055,14556.6300,14516.2513,14399.1967,14515.9449,14635.6559,15461.1431,15392.8282,15110.1595,15392.7138,15670.0761,18063.7821,17950.6248,17359.7009,17953.0816,18537.5190,22877.6333,22685.5574,21594.4130,22678.7994,23779.4449,26612.2189,26350.7619,24446.9824,26326.0955,28251.6595,23464.1605,23202.4726,21115.2720,23165.5520,25275.7437,21642.3229,21384.7275,19035.6843,21341.1819,23701.4083,22878.2267,22595.9483,20135.6206,22547.9071,24996.5114,25484.9950,25169.0009,22326.2775,25110.1945,27917.7563,25378.0953,25322.0580,21342.3255,24472.0399,29768.3225,26367.6417,26626.9474,21402.3221,25140.7752,32246.9375,26868.7572,27414.5474,20762.6035,25126.2640,34250.1927,26728.3499,27588.8730,19546.5126,24280.4019,35571.9542,26684.8825,27507.3519,19287.5153,24078.8400,36005.1172,26270.4330,27038.9238,18697.5432,23297.8714,36155.6747,25968.7300,26818.4013,17965.5909,22454.2139,37117.0065,25641.0797,26638.5655,16969.1022,21425.5509,38538.0751,11.00000000000,22,055
22,093,01629464,22093,St. James,St. James Parish,15,H1,G4020,,,,A,625577772.00000000000,42532340.00000000000,+30.0248200,-090.7939556,22093,1414.4899,1410.5903,1399.2283,1410.5594,1422.1724,1053.3638,1048.7399,1029.4973,1048.7299,1067.6070,1169.9534,1162.6328,1124.3615,1162.7910,1200.6410,1387.0636,1375.5371,1309.3760,1375.1192,1441.8161,1392.6609,1379.1391,1279.5137,1377.8543,1478.5613,1388.0997,1372.7755,1249.3862,1370.6211,1495.3155,1075.5750,1063.1356,946.6769,1061.0537,1177.9486,988.3931,976.5798,870.6279,974.5824,1079.9302,975.0783,963.3021,854.8238,961.1171,1068.1960,843.6664,842.3505,710.4864,814.2218,989.7473,823.5342,832.1191,669.3050,785.8249,1007.2399,787.7905,804.2707,609.5947,737.3020,1004.2716,737.6735,761.8736,540.2340,670.6780,981.7872,680.8506,702.2512,492.8286,614.8877,918.6886,619.8509,638.3636,441.8341,550.1956,853.1237,556.1103,574.6423,385.3219,481.2703,794.8699,506.0767,526.0539,335.4352,423.2309,760.6421,11.00000000000,22,093
22,109,00559517,22109,Terrebonne,Terrebonne Parish,15,H6,G4020,,26380,,A,3190385866.00000000000,2202156933.00000000000,+29.3332656,-090.8441905,22109,6916.5371,6897.3291,6841.6998,6897.1847,6954.0828,6342.1180,6314.0695,6198.1060,6314.0241,6427.8145,6709.5991,6667.5974,6448.1105,6668.5065,6885.5801,8276.8039,8207.4729,7812.7052,8205.0171,8603.1682,8512.3914,8428.5327,7819.5713,8420.6342,9036.6461,8037.4796,7948.2754,7233.5580,7935.7113,8658.1510,7025.5665,6942.1367,6179.7359,6928.0442,7694.0123,7162.7274,7074.9675,6305.2354,7060.0526,7825.9570,7734.8637,7639.0837,6776.4140,7621.2617,8473.2377,7571.3472,7555.6075,6369.0702,7302.2429,8881.3730,6583.3694,6648.4474,5344.2359,6277.4708,8051.3434,6588.5068,6722.6801,5091.8070,6161.6563,8398.5551,6527.0779,6737.5528,4773.8421,5929.7072,8686.7203,6244.0813,6436.8612,4513.7132,5634.7019,8424.9823,5970.5598,6145.5339,4250.0012,5295.3790,8217.2339,5707.6574,5894.7032,3949.1755,4935.5752,8157.9539,5499.3929,5713.5968,3639.9397,4595.5919,8265.5042,11.00000000000,22,109
22,099,01629486,22099,St. Martin,St. Martin Parish,15,H1,G4020,318,29180,,A,1910498478.00000000000,204200686.00000000000,+30.1214329,-091.6114814,22099,3448.6355,3439.1656,3411.4833,3439.0886,3467.3714,3251.2792,3236.9695,3177.5567,3236.9415,3295.2312,3284.1116,3263.6127,3156.1931,3264.0508,3370.2813,3807.5425,3775.6671,3594.0630,3774.5361,3957.6905,4128.8457,4088.2091,3792.8393,4084.3793,4383.1550,4435.4939,4386.3220,3991.9348,4379.3991,4778.0285,3963.0023,3915.9046,3485.8192,3907.9472,4340.0568,3713.5515,3667.9493,3268.7863,3660.1955,4057.4001,3991.3907,3942.5683,3497.9583,3933.4961,4372.4841,3695.4322,3688.3139,3109.6382,3564.7845,4334.9681,3408.9891,3443.1481,2768.1497,3251.1663,4169.2078,3411.0586,3480.9884,2636.9875,3190.6505,4348.2286,3368.0929,3477.1597,2464.1748,3060.4129,4482.5487,3283.0119,3384.8130,2373.9813,2963.1740,4429.7251,3168.4251,3261.7023,2256.1086,2810.6603,4360.7121,2984.4443,3082.6442,2065.6637,2581.2319,4265.6936,2842.6452,2953.7253,1882.1286,2375.9080,4272.4748,11.00000000000,22,099
51,775,01789074,51775,Salem,Salem city,25,C7,G4020,,40220,,F,37390584.00000000000,263478.00000000000,+37.2853329,-080.0552407,51775,1672.4885,1667.8582,1654.4137,1667.8225,1681.5695,1647.9428,1640.7455,1610.6601,1640.7275,1670.2363,1536.1166,1526.5623,1476.3242,1526.7633,1576.4408,1908.8890,1892.7932,1801.7522,1892.2340,1984.0911,2192.7102,2171.1768,2014.3153,2169.1448,2327.7979,1439.1966,1422.9900,1294.8843,1420.6959,1550.2665,1372.6595,1356.0266,1206.8084,1353.1979,1503.2227,2025.4048,2000.8551,1783.4352,1996.6921,2212.9617,2082.2408,2056.5904,1824.4801,2051.8204,2281.0289,2055.8891,2051.6826,1729.5496,1982.9010,2411.6239,2196.1353,2218.1739,1783.3517,2094.5038,2685.8880,2184.0272,2228.8374,1688.4685,2042.9495,2784.0812,2168.2126,2238.4574,1586.3708,1970.1846,2885.6476,2185.6528,2253.4443,1580.4997,1972.7444,2949.0744,2167.6920,2231.5137,1543.5366,1922.9327,2983.4009,2206.9997,2279.5919,1527.5133,1908.7903,3154.4829,2235.5442,2322.8528,1480.0783,1868.4286,3360.0035,11.00000000000,51,775
51,810,01498559,51810,Virginia Beach,Virginia Beach city,25,C7,G4020,,47260,,F,644948896.00000000000,643150238.00000000000,+36.7793219,-076.0240202,51810,26823.2595,26749.1028,26533.5342,26748.5248,26968.9137,25340.1171,25228.5361,24765.4510,25228.3214,25682.6593,26450.8511,26285.1440,25419.8497,26288.7430,27144.5396,33797.8218,33513.8203,31901.8502,33503.8519,35129.9397,35097.7549,34750.9524,32240.1050,34718.3464,37258.6431,32520.6921,32161.1736,29270.1096,32110.6062,35032.4202,30643.8057,30280.0226,26954.7087,30218.5813,33559.4155,30284.3582,29909.1780,26651.0369,29845.2729,33088.2837,31192.2625,30804.4854,27324.2159,30732.2990,34169.7078,29774.9023,29706.4965,25035.1403,28708.5826,34925.1006,29081.6338,29366.1001,23602.5583,27726.5702,35565.8315,28810.6622,29394.3629,22260.5043,26940.2990,36725.3970,27960.5930,28859.2823,20445.0764,25397.8987,37211.7754,26932.4526,27761.0974,19463.9434,24300.3820,36339.0247,25851.0864,26605.9154,18396.6392,22924.2057,35578.4209,24582.4237,25385.4463,17004.2379,21253.9076,35135.4746,23333.4265,24239.9891,15439.8601,19495.8753,35069.6442,11.00000000000,51,810
51,179,01480173,51179,Stafford,Stafford County,06,H1,G4020,548,47900,47894,A,696591933.00000000000,28419416.00000000000,+38.4189333,-077.4590432,51179,10289.9080,10261.2630,10178.4662,10261.0510,10345.7557,9685.7096,9642.5263,9465.2475,9642.4812,9816.4864,10122.1998,10058.2329,9726.9955,10059.6744,10387.3488,12404.1082,12298.8004,11707.2415,12295.2159,12892.3204,12798.7740,12672.7015,11757.1004,12660.8263,13587.0237,14542.2015,14381.1689,13088.2315,14358.5057,15665.2875,15519.6646,15334.0446,13648.8476,15302.6146,16996.1270,15633.6260,15439.4493,13757.0632,15406.3582,17081.0613,16293.2178,16089.6513,14270.8155,16051.7355,17848.3573,15877.9609,15841.6204,13350.6525,15309.4989,18624.4234,16747.8643,16910.8787,13591.0985,15966.4828,20481.9265,17139.6530,17486.1107,13241.5386,16025.9673,21848.0848,17233.4431,17786.5975,12599.9880,15652.9915,22935.3210,17519.3120,18057.6502,12659.9277,15806.2993,23638.1392,17757.1312,18275.0040,12635.5807,15745.8680,24438.7957,17556.7440,18129.7143,12143.4416,15178.8347,25093.6850,17198.2811,17866.0085,11379.3633,14369.1761,25848.6219,11.00000000000,51,179
48,453,01384012,48453,Travis,Travis County,06,H1,G4020,126,12420,,A,2564612388.00000000000,84967219.00000000000,+30.2395128,-097.6912697,48453,80335.0254,80109.5454,79462.1887,80107.9712,80770.7759,99920.4434,99474.2681,97645.0627,99473.8499,101269.3762,114131.8242,113412.1079,109677.5693,113428.1816,117122.3467,146051.6982,144815.1523,137849.7148,144772.7197,151802.3022,168621.3101,166951.2827,154888.2749,166794.4873,179000.3828,148513.4092,146849.2036,133634.2114,146614.0210,159977.2969,141363.3765,139681.8735,124339.2178,139397.6812,154813.0386,159051.6196,157089.5273,139985.3799,156755.6006,173778.1597,171811.9404,169683.8301,150521.1030,169287.8354,188213.1309,167493.4736,167123.5425,140857.5469,161513.4731,196468.6157,192304.4058,194199.5073,156098.2334,183361.5508,235183.9160,196529.6787,200525.7778,151873.5586,183789.3071,250521.1572,195710.3530,202015.1763,143130.1616,177790.8716,260465.3525,198156.5205,204267.7720,143231.6582,178809.3608,267367.0234,198374.2983,204180.9482,141195.8833,175932.3296,273020.4150,198493.0176,204990.8267,137326.5776,171633.8350,283705.5459,197407.6494,205090.1421,130648.4126,164956.4375,296700.2930,11.00000000000,48,453
48,171,01383871,48171,Gillespie,Gillespie County,06,H1,G4020,,23240,,A,2740760701.00000000000,8978625.00000000000,+30.3263898,-098.9421064,48171,1373.7433,1369.9624,1358.9309,1369.9321,1381.2053,1386.1144,1380.0108,1354.6798,1379.9991,1404.8516,1390.4798,1381.8254,1336.3491,1382.0080,1426.9776,1641.4577,1627.7873,1549.4933,1627.2948,1706.2331,1685.7815,1669.3517,1548.7566,1667.7942,1789.7210,1985.0655,1963.3356,1786.9827,1960.2899,2138.4442,1883.0154,1860.9569,1656.8525,1857.2484,2062.2092,1845.8445,1823.1233,1624.6685,1819.2582,2016.7536,1970.2657,1946.0213,1726.4173,1941.5133,2158.3670,1935.1073,1931.2551,1628.1327,1866.5397,2269.9689,1944.5084,1963.9342,1578.8667,1854.4117,2378.1323,1965.3622,2005.5907,1519.2522,1838.2894,2505.3272,1970.5545,2034.2977,1441.5869,1790.4564,2622.5781,1977.9604,2039.2165,1430.1509,1785.1649,2668.8291,1983.0163,2041.3065,1411.8707,1758.9897,2729.2234,1920.8861,1983.9976,1329.3641,1661.2487,2745.5336,1862.2025,1934.8811,1232.8134,1556.3356,2798.8711,11.00000000000,48,171
48,501,01384036,48501,Yoakum,Yoakum County,06,H1,G4020,,,,A,2071234660.00000000000,34329.00000000000,+33.1723972,-102.8237706,48501,431.4396,430.2494,426.7834,430.2400,433.7828,405.3814,403.5924,396.1821,403.5892,410.8601,451.1366,448.3072,433.5485,448.3690,462.9662,591.0659,586.0196,557.8326,585.8507,614.3115,653.9476,647.4375,600.6541,646.8281,694.1777,819.3698,810.0254,737.0272,808.6969,882.5703,864.3896,853.8899,759.9043,852.1027,946.6047,908.0348,896.7096,798.9510,894.7779,992.1022,1088.5503,1075.1619,953.8389,1072.6726,1192.4750,1078.1992,1075.5298,906.2183,1039.3483,1264.6499,1007.4293,1017.1393,817.3735,960.3070,1232.0277,1092.0340,1114.0186,843.5132,1020.9640,1392.0157,1135.6376,1172.0055,830.1623,1031.3853,1511.3686,1178.9366,1215.0801,851.7878,1063.5561,1590.6868,1220.7789,1256.3014,868.5382,1082.4050,1680.1279,1239.3044,1279.6708,857.0482,1071.3526,1771.3203,1244.5330,1292.7781,823.3216,1039.7171,1870.5000,11.00000000000,48,501
48,149,01383860,48149,Fayette,Fayette County,06,H1,G4020,,,,A,2460509670.00000000000,25381852.00000000000,+29.8778861,-096.9212309,48149,1410.2902,1406.3824,1395.0439,1406.3525,1417.9471,1451.6408,1445.1859,1418.6252,1445.1779,1471.2458,1475.7092,1466.4986,1418.2300,1466.6954,1514.4298,1638.2103,1624.7233,1546.5771,1624.2211,1702.9574,1512.4052,1497.8823,1389.6935,1496.4933,1605.7981,1847.9121,1827.5919,1663.3736,1824.7392,1990.6668,1770.2589,1749.6790,1557.9199,1746.2283,1938.7405,1677.4414,1657.4844,1477.7510,1654.1133,1832.7980,1808.7044,1787.0734,1586.0479,1783.0643,1981.4573,1668.1905,1665.5232,1404.7346,1609.8886,1957.0220,1711.7267,1729.4455,1390.9404,1633.1909,2093.5410,1739.3421,1775.5667,1345.6252,1627.6664,2217.2855,1727.9377,1784.4482,1265.1507,1570.7853,2299.7379,1715.7523,1769.4891,1241.6009,1549.2793,2315.0899,1724.9682,1776.2508,1229.1566,1530.8270,2374.1185,1682.2786,1738.0869,1165.1831,1455.5651,2404.5280,1626.8326,1690.8068,1077.8532,1360.2166,2445.1423,11.00000000000,48,149
48,463,01384017,48463,Uvalde,Uvalde County,06,H1,G4020,,46620,,A,4019520455.00000000000,17322264.00000000000,+29.3503398,-099.7610739,48463,1315.3155,1311.6810,1301.1113,1311.6526,1322.4581,1290.6084,1284.9828,1261.4266,1284.9679,1308.0709,1358.6146,1350.1571,1305.7227,1350.3357,1394.2752,1569.2493,1556.0444,1481.2008,1555.5829,1631.0884,1895.8823,1876.8712,1741.2378,1875.0993,2012.4242,2186.3171,2161.8251,1967.2867,2158.3643,2355.0831,2013.2080,1988.8856,1770.0915,1984.7532,2204.7064,2012.8745,1987.6852,1770.9050,1983.3859,2199.2250,2074.7078,2048.6224,1816.8698,2043.7604,2272.7127,2028.7476,2024.0895,1705.8035,1956.0962,2379.6630,2050.6078,2070.3553,1663.7221,1954.6698,2507.7718,2069.0390,2110.6456,1598.0932,1934.3262,2637.3981,2063.8399,2129.8698,1508.5799,1874.2992,2746.6654,2078.9340,2142.6058,1501.9309,1875.3915,2805.0076,2065.8473,2125.8905,1469.6512,1831.5981,2843.1692,1983.5241,2048.0612,1371.5939,1714.6273,2835.0181,1922.3447,1996.8030,1271.6168,1605.9028,2889.2290,11.00000000000,48,463
48,185,01383878,48185,Grimes,Grimes County,06,H1,G4020,,,,A,2039510046.00000000000,36633143.00000000000,+30.5432314,-095.9880820,48185,1595.2692,1590.6919,1577.7857,1590.6652,1603.9079,1709.2707,1701.5064,1670.1478,1701.5085,1732.3082,1588.4061,1578.2433,1526.2403,1578.4839,1629.9439,1726.2086,1711.3013,1628.9888,1710.8197,1793.9892,1666.3904,1649.9558,1530.7449,1648.4089,1769.0066,1928.9599,1907.1277,1735.3667,1904.0319,2077.7951,2103.1739,2077.1644,1848.1236,2072.7114,2303.1609,2206.8581,2178.4852,1940.1401,2173.6170,2411.1235,2308.3226,2278.2169,2019.3799,2272.5836,2528.4914,2300.0244,2292.9885,1930.7384,2215.4889,2697.4373,2148.1658,2167.4034,1740.3349,2045.8470,2626.8437,2140.5240,2182.1011,1650.7385,1999.3102,2728.3425,2108.7372,2174.7539,1538.9162,1913.2550,2806.2890,2097.7196,2160.5532,1513.0617,1890.5395,2830.2278,2074.1554,2133.0779,1473.1766,1837.2357,2854.4941,2008.5528,2072.6385,1386.6608,1734.6760,2870.7026,1928.0053,2001.5441,1273.3306,1609.2336,2897.6664,11.00000000000,48,185
48,467,01384019,48467,Van Zandt,Van Zandt County,06,H1,G4020,,,,A,2182211358.00000000000,44167094.00000000000,+32.5589476,-095.8363905,48467,3454.1918,3444.6418,3416.8817,3444.5677,3472.9487,3426.2513,3411.0820,3348.4258,3411.0586,3472.5431,3312.5508,3291.6532,3183.2608,3292.1207,3399.3426,3623.8367,3593.4328,3420.5937,3592.3608,3766.6979,3638.3225,3602.6562,3342.3798,3599.2869,3862.5128,4006.1494,3961.5670,3605.2622,3955.2817,4315.4780,3833.5214,3788.7131,3373.2664,3781.1857,4198.3430,3739.4462,3694.1843,3292.8248,3686.5113,4085.7307,3773.5466,3727.9631,3308.1433,3719.5048,4133.9105,3438.5444,3431.7018,2893.0775,3316.7077,4033.5697,3368.0581,3402.3903,2735.9348,3212.8612,4119.2439,3340.0811,3409.1498,2583.1570,3125.0073,4257.8223,3256.6069,3362.6568,2383.6247,2959.8554,4334.2262,3198.3426,3298.0901,2313.7433,2887.4806,4315.5331,3134.0049,3226.8097,2232.5464,2780.8129,4313.3829,2995.9593,3095.0333,2074.5104,2591.8121,4282.1867,2826.6242,2937.5276,1872.3224,2363.0693,4248.4230,11.00000000000,48,467
48,447,01384009,48447,Throckmorton,Throckmorton County,06,H1,G4020,,,,A,2363499284.00000000000,7586203.00000000000,+33.1707121,-099.2061367,48447,71.3797,71.1857,70.6138,71.1840,71.7678,74.5201,74.1986,72.8401,74.1975,75.5293,64.1223,63.7235,61.6264,63.7319,65.8056,77.7533,77.1339,73.4240,77.1087,80.8396,71.5517,70.8953,65.7774,70.8307,75.9903,84.0466,83.1601,75.7119,83.0376,90.5503,68.1043,67.3449,59.9930,67.2195,74.5897,65.3161,64.5877,57.6326,64.4664,71.3682,84.6138,83.6056,74.2047,83.4188,92.6959,71.5384,71.4536,60.2937,69.0748,83.9318,81.8928,82.7355,66.5369,78.1292,100.1588,85.0357,86.7998,65.7751,79.5673,108.4013,87.5939,90.4496,64.1186,79.6161,116.5792,89.4644,92.2551,64.7213,80.7697,120.7146,92.0360,94.7595,65.5598,81.6615,126.6705,92.5267,95.5824,64.0615,80.0399,132.2500,92.2462,95.8597,61.0925,77.1111,138.6459,11.00000000000,48,447
48,145,01383858,48145,Falls,Falls County,06,H1,G4020,,,,A,1982590781.00000000000,21648086.00000000000,+31.2519298,-096.9341275,48145,871.5338,869.1002,862.0837,869.0826,876.2629,628.8977,626.1497,614.6677,626.1429,637.4050,558.0711,554.5480,536.2864,554.6271,572.6917,583.5082,578.5323,550.7055,578.3652,606.4604,636.9317,630.6167,585.0511,630.0242,676.1320,690.7756,683.4170,622.1600,682.3958,744.2084,873.0562,863.2021,768.8613,861.5672,956.1820,849.8235,839.7553,748.7369,838.0561,928.5325,853.8530,843.8508,749.1419,842.0015,935.4316,803.7635,802.6552,677.1440,775.8912,942.9705,637.5723,644.5195,518.6966,608.7552,779.8444,664.7372,678.9235,514.8663,622.4878,847.4378,695.9475,719.0295,510.1054,633.0560,926.2752,719.8843,742.7252,521.4513,650.4112,971.3769,736.0751,758.2312,524.9810,653.5777,1013.1012,728.4047,752.8127,504.9404,630.5462,1041.1465,685.4885,712.6672,454.5648,573.4190,1030.3084,11.00000000000,48,145
48,181,01383876,48181,Grayson,Grayson County,06,H1,G4020,206,43300,,A,2415950507.00000000000,120105690.00000000000,+33.6245082,-096.6756986,48181,7706.2316,7684.8264,7622.8434,7684.6654,7748.0633,7964.8263,7929.6818,7784.0889,7929.6193,8072.4723,7690.5358,7642.4635,7390.9016,7643.4975,7892.2843,8932.9939,8858.3675,8432.2933,8855.7033,9285.3612,9391.4387,9300.1069,8628.2790,9291.4375,9970.6138,9284.7913,9181.4528,8355.6616,9166.8835,10001.6980,8704.2977,8602.3945,7658.9645,8585.2663,9532.6339,9330.9346,9217.6114,8215.7693,9198.3871,10194.9864,10169.1463,10045.0162,8912.4884,10021.9561,11140.1161,9917.0923,9895.8640,8341.2257,9563.8578,11632.8403,9333.6745,9427.5216,7579.6443,8901.9645,11415.1749,9351.6579,9543.6967,7230.0497,8747.7979,11921.0141,9255.6828,9555.7162,6772.2066,8410.5553,12318.2895,9151.4337,9435.4835,6617.9805,8260.2352,12347.9345,8977.7555,9242.2958,6393.1182,7964.3292,12356.1284,8772.7027,9061.5201,6072.2547,7587.6718,12538.9158,8487.8193,8819.6125,5620.0401,7094.3431,12757.1370,11.00000000000,48,181
48,139,01383856,48139,Ellis,Ellis County,06,H1,G4020,206,19100,19124,A,2422900216.00000000000,42114894.00000000000,+32.3472789,-096.7983357,48139,11379.5899,11347.8209,11256.2093,11347.5900,11441.3390,12355.9765,12301.6422,12075.8771,12301.5325,12523.0228,12332.8035,12255.9225,11852.5496,12257.5568,12656.4520,14301.9356,14183.0281,13500.8479,14178.7239,14866.4490,15320.2138,15169.9852,14074.0151,15155.7957,16264.2022,16899.2425,16711.6327,15208.8709,16685.2046,18204.2227,16843.1564,16643.9429,14816.7832,16610.3386,18445.7863,17033.7904,16825.7363,14995.8030,16790.3997,18611.0640,18117.5747,17894.4422,15874.8974,17852.9480,19847.2354,17289.9077,17253.5122,14543.5761,16674.8221,20281.3693,18431.0306,18614.9001,14964.8428,17576.7253,22541.0944,18666.4960,19048.3100,14428.9938,17459.2565,23794.9104,18613.3458,19215.2017,13616.4343,16911.8769,24772.1691,18835.2185,19418.2706,13618.2253,16998.9812,25414.0250,19006.2663,19564.6794,13531.6340,16858.7354,26158.2860,18757.4804,19373.4627,12980.7236,16221.7377,26810.1532,18360.1264,19076.3952,12154.2268,15344.1118,27595.0609,11.00000000000,48,139
48,191,01383881,48191,Hall,Hall County,06,H1,G4020,,,,A,2288233552.00000000000,53366406.00000000000,+34.4531894,-100.5763434,48191,148.9700,148.5532,147.3535,148.5502,149.7782,138.2247,137.6446,135.1333,137.6415,140.1013,138.9610,138.1380,133.6014,138.1515,142.6321,133.6533,132.5817,126.2049,132.5388,138.9541,133.1255,131.8593,122.3365,131.7375,141.3542,197.1100,195.0139,177.5364,194.7232,212.3579,170.4771,168.5443,150.1161,168.2231,186.7076,135.8455,134.2501,119.7130,133.9813,148.4281,110.4605,109.1754,96.9312,108.9379,121.0152,92.7459,92.6299,78.1568,89.5444,108.8118,98.1490,99.1684,79.7613,93.6501,120.0425,92.8718,94.8151,71.8652,86.9203,118.3926,83.9740,86.7351,61.5089,76.3553,111.7636,78.0395,80.4974,56.4968,70.4851,105.3011,73.5243,75.7226,52.4129,65.2651,101.1944,62.4009,64.4833,43.2421,54.0069,89.1922,52.6124,54.6949,34.8823,44.0066,79.0777,11.00000000000,48,191
48,125,01383848,48125,Dickens,Dickens County,06,H1,G4020,,,,A,2335454793.00000000000,9057830.00000000000,+33.6146663,-100.7860953,48125,71.5578,71.3494,70.7688,71.3483,71.9448,102.8711,102.4211,100.5427,102.4200,104.2625,90.8675,90.2928,87.3192,90.3058,93.2475,59.9829,59.4775,56.6167,59.4599,62.3462,41.7834,41.3536,38.3642,41.3142,44.3448,53.5544,52.8645,48.0499,52.7626,57.6622,64.9289,64.0429,56.9070,63.8866,71.0933,92.8518,91.5335,81.3945,91.3033,101.4389,77.6574,76.5528,67.7611,76.3443,85.0533,52.3618,52.1488,43.8597,50.3720,61.3964,58.3166,58.7611,47.1090,55.4416,71.2987,51.9243,52.8580,39.9121,48.4045,66.1744,45.7257,47.0844,33.2451,41.3956,60.8450,42.7485,43.9606,30.7160,38.4395,57.6699,40.8597,41.9562,28.9084,36.1111,56.2268,39.3280,40.5242,27.0474,33.8919,56.2049,36.9435,38.3014,24.3076,30.7725,55.5205,11.00000000000,48,125
48,455,01384013,48455,Trinity,Trinity County,06,H1,G4020,,,,A,1796435449.00000000000,52733267.00000000000,+31.0874829,-095.1532906,48455,803.7518,801.5220,795.0586,801.5050,808.1152,828.3627,824.7529,809.6342,824.7432,839.5711,799.9068,794.9712,768.8182,795.0713,820.9272,932.4006,924.7754,880.2956,924.4861,969.2845,914.2871,905.4413,840.0373,904.5990,970.7017,901.0974,891.1497,811.0505,889.7512,970.6975,839.1569,829.2140,738.1677,827.5358,919.0008,779.3468,769.8261,686.0997,768.2090,851.5117,831.9541,821.5726,728.7122,819.6393,911.3632,700.0031,698.4195,588.6164,674.9646,821.0894,692.0945,699.0009,561.9409,660.0174,846.4298,673.5852,687.3673,520.6813,630.0270,858.6458,642.8764,663.6720,470.3052,584.1209,855.5935,614.6015,633.6421,444.3952,554.7038,829.2723,590.8594,608.2368,420.6971,524.1202,813.2001,560.1650,578.5803,387.6858,484.4637,800.6478,530.1573,550.8585,350.9922,443.0913,796.8215,11.00000000000,48,455
48,389,01383980,48389,Reeves,Reeves County,06,H1,G4020,,37780,,A,6825588429.00000000000,17396749.00000000000,+31.3083660,-103.7127060,48389,498.3749,497.0118,493.0141,497.0004,501.0832,612.4520,609.6838,598.4546,609.6835,620.7106,553.6465,550.3211,532.2372,550.3799,568.2465,866.1724,858.8032,817.4956,858.5539,900.2540,1161.2929,1149.2085,1066.1214,1148.1065,1232.3892,1220.1946,1206.2606,1097.5426,1204.2787,1314.3068,1720.8210,1698.1551,1509.6706,1694.1979,1884.2915,1818.7308,1793.4431,1595.3194,1789.0413,1986.9604,2068.9323,2040.6941,1807.5550,2035.3857,2266.1157,2009.9363,2002.9790,1685.7703,1935.0629,2357.0296,1991.8989,2008.6132,1611.7667,1895.6147,2435.5730,2053.5318,2092.3460,1581.7729,1916.7062,2617.3312,2076.0867,2140.0714,1513.3596,1882.3646,2762.7488,2101.6720,2163.6738,1514.2719,1892.8929,2835.4753,2123.8614,2183.3199,1506.9468,1880.1525,2922.8301,2099.4815,2165.6868,1448.0529,1812.2263,3000.6065,2071.1735,2149.5138,1366.7089,1727.9213,3112.7980,11.00000000000,48,389
48,315,01383940,48315,Marion,Marion County,06,H1,G4020,,,,A,986475529.00000000000,102154831.00000000000,+32.7977571,-094.3576733,48315,589.1071,587.4911,582.7632,587.4779,592.3079,529.7873,527.5319,517.8900,527.5221,536.9710,500.1369,497.0517,480.6999,497.1142,513.2803,542.9220,538.5775,512.6733,538.4025,564.4599,531.3142,526.1963,488.1888,525.7077,564.1130,573.4694,567.0293,515.9933,566.1185,617.7320,505.9484,499.8723,444.9147,498.8420,554.0789,461.0205,455.4046,405.8908,454.4513,503.7104,520.4484,514.1798,456.2949,513.0170,570.1521,448.4650,447.8314,377.7896,432.8947,526.1327,427.1967,431.5917,347.0903,407.5624,522.4820,411.6329,420.1880,318.4246,385.1812,524.7409,399.7592,412.8218,292.6742,363.3880,532.0444,379.4219,391.2999,274.5586,342.6012,511.9591,368.1754,379.1201,262.3481,326.7368,506.7293,352.6713,364.3692,244.2648,305.1411,504.0829,339.7174,353.0773,225.0800,284.0432,510.5980,11.00000000000,48,315
48,443,01384007,48443,Terrell,Terrell County,06,H1,G4020,,,,A,6107258291.00000000000,105938.00000000000,+30.2323316,-102.0725386,48443,49.6648,49.5364,49.1418,49.5349,49.9358,44.9587,44.7576,43.9343,44.7574,45.5655,43.3262,43.0530,41.6353,43.0591,44.4615,77.1844,76.5746,72.8916,76.5492,80.2514,54.7096,54.1546,50.2405,54.1032,58.0684,51.9198,51.3628,46.7564,51.2852,55.9347,39.2682,38.8088,34.5529,38.7316,43.0052,29.8871,29.4893,26.2494,29.4206,32.6527,33.9375,33.5153,29.7285,33.4367,37.1770,26.3291,26.2668,22.1345,25.3839,30.8828,24.1383,24.3665,19.5768,23.0037,29.5190,22.8637,23.3188,17.6513,21.3691,29.1438,21.8736,22.5685,15.9802,19.8586,29.1100,16.9237,17.4352,12.2148,15.2580,22.8337,14.7580,15.1795,10.4858,13.0751,20.3105,12.4079,12.8038,8.5662,10.7160,17.7338,10.4375,10.8342,6.8908,8.7100,15.6867,11.00000000000,48,443
48,305,01383938,48305,Lynn,Lynn County,06,H1,G4020,,,,A,2309924936.00000000000,4169699.00000000000,+33.1784124,-101.8184933,48305,318.0753,317.1787,314.6136,317.1726,319.8000,259.1619,258.0093,253.2674,258.0079,262.6620,282.7190,280.9160,271.6612,280.9582,290.1156,347.9401,344.9445,328.3529,344.8468,361.6080,308.2205,305.0517,283.0000,304.7607,327.1157,365.4254,361.1272,328.4995,360.5098,393.5738,329.0697,324.9710,289.1118,324.2677,360.3570,292.0096,288.1762,256.5681,287.5159,319.0332,336.5153,331.9587,294.0714,331.1028,368.5920,306.8807,305.7687,257.2969,295.3874,359.8635,251.6122,253.7428,203.6285,239.4739,307.6592,241.7541,246.3181,186.2062,225.6393,308.1273,222.0806,228.9055,161.8517,201.3334,295.5316,200.2012,206.0834,144.2053,180.2828,270.0997,186.3462,191.5315,132.1632,164.9233,256.4447,166.6082,171.8274,114.8516,143.7691,238.1162,145.5604,151.0310,95.9887,121.3939,218.7627,11.00000000000,48,305
48,283,01383924,48283,La Salle,La Salle County,06,H1,G4020,,,,A,3850510690.00000000000,19539281.00000000000,+28.3510976,-099.0967743,48283,405.2669,404.1333,400.8697,404.1252,407.4656,347.3842,345.8610,339.5159,345.8576,352.0819,524.0127,520.7192,503.5749,520.7917,537.7492,608.1738,603.0192,574.0147,602.8429,632.1164,440.3382,436.6648,405.1744,436.2814,467.8954,481.7977,477.2673,434.8720,476.6694,519.2408,783.5085,774.3115,689.3706,772.7642,858.0675,852.5380,841.8282,749.9762,839.9989,931.4629,925.5458,913.7778,810.2713,911.5818,1013.8616,953.0033,950.3699,800.4990,918.3249,1117.7376,996.5466,1005.9743,808.2332,949.7111,1218.6899,1041.9682,1062.7580,804.5139,973.9212,1328.1742,1044.9760,1078.2484,763.5591,948.8057,1390.6942,1070.2789,1102.9072,772.9643,965.2985,1444.0633,1086.3535,1117.7872,772.5891,962.9916,1495.1073,1079.9396,1114.9528,746.5511,933.3815,1543.5311,1059.6340,1100.5679,700.7458,885.0713,1592.5928,11.00000000000,48,283
48,241,01383906,48241,Jasper,Jasper County,06,H1,G4020,,,,A,2431597700.00000000000,79907584.00000000000,+30.7529323,-094.0222943,48241,2143.0050,2136.9948,2119.7284,2136.9526,2154.6297,1953.3045,1944.6741,1908.9629,1944.6596,1979.7004,1805.0741,1793.7774,1734.7297,1794.0216,1852.4197,2009.0696,1992.2191,1896.3961,1991.6245,2088.2759,1877.6412,1859.3001,1724.9795,1857.5638,1993.3829,2068.2565,2045.0077,1860.9309,2041.7188,2227.8861,1974.3904,1950.5572,1735.9977,1946.5092,2162.1987,2043.3220,2017.3298,1796.8947,2012.8793,2232.4668,2104.3799,2077.7236,1842.4759,2072.7512,2305.1924,1875.0768,1869.9656,1575.1439,1806.9322,2199.2160,1605.4587,1620.3911,1301.6333,1529.6850,1963.2950,1559.9807,1590.8304,1203.9937,1457.7572,1988.4401,1484.2621,1531.2492,1084.0769,1347.3220,1975.2891,1407.0317,1449.6588,1015.7083,1268.6800,1898.3999,1340.2895,1378.8191,952.7418,1187.7723,1844.5696,1250.8635,1291.1907,864.3063,1080.8241,1787.8124,1157.8396,1202.3684,765.3356,966.8546,1740.1802,11.00000000000,48,241
48,253,01383912,48253,Jones,Jones County,06,H1,G4020,,10180,,A,2404944484.00000000000,22229321.00000000000,+32.7437089,-099.8744297,48253,954.0398,951.2629,943.5241,951.2487,959.2005,843.6702,839.8545,824.3849,839.8544,855.0460,740.2105,735.4208,711.1766,735.5391,759.5373,822.0815,815.0870,775.8822,814.8505,854.4280,817.7793,809.5957,751.0912,808.8321,868.0602,930.0029,919.1843,836.2133,917.6360,1001.6751,1773.2382,1748.8668,1553.8473,1744.5589,1941.5712,1840.8308,1814.2645,1612.8682,1809.6106,2011.0481,1893.6248,1865.8034,1650.6152,1860.5365,2073.8602,1752.2958,1743.8667,1465.4278,1684.0980,2054.3241,1693.1923,1705.1790,1366.1739,1608.5631,2069.9718,1644.3566,1673.1255,1262.5508,1531.8844,2095.5369,1574.9489,1621.1357,1144.0280,1425.0375,2095.6526,1518.2775,1560.7416,1089.9134,1364.4923,2048.1792,1466.3053,1505.0865,1036.4181,1295.1711,2017.7280,1394.9361,1436.7974,958.3502,1201.4117,1993.5121,1311.0821,1358.7325,861.6865,1091.4169,1970.3252,11.00000000000,48,253
48,069,01383820,48069,Castro,Castro County,06,H1,G4020,,,,A,2316572704.00000000000,12585110.00000000000,+34.5336207,-102.2587856,48069,369.3240,368.2727,365.2890,368.2661,371.3252,371.3649,369.6630,362.8422,369.6645,376.3659,392.4975,389.9216,377.0591,389.9885,402.7252,368.3093,365.0071,347.4501,364.9127,382.6936,316.4632,313.1598,290.5176,312.8591,335.8308,352.1363,348.0344,316.6152,347.4471,379.2726,335.1090,331.0005,294.5343,330.2991,366.9780,293.8114,290.0532,258.3380,289.4090,321.0075,282.7621,279.1314,247.4769,278.4532,309.7390,237.7479,237.1535,199.8149,229.1740,278.8598,202.4843,204.3900,164.2044,192.9556,247.6191,193.9542,197.8074,149.7249,181.2669,247.2272,182.2907,188.0762,133.1669,165.4908,242.5979,170.4540,175.6299,123.0679,153.7086,229.9815,160.2805,164.8971,113.9509,142.0530,220.5862,146.3746,151.0968,101.1458,126.4808,209.2079,130.3120,135.3250,86.1392,108.8189,195.8530,11.00000000000,48,069
48,469,01384020,48469,Victoria,Victoria County,06,H1,G4020,,47020,,A,2284739169.00000000000,17334151.00000000000,+28.7963699,-096.9711977,48469,4779.0138,4765.6606,4727.1814,4765.5644,4804.9445,5172.2292,5149.2433,5054.6136,5149.2140,5242.0860,5537.0734,5502.2800,5321.1238,5503.0457,5682.2273,7293.3317,7231.4937,6883.6670,7229.3806,7580.4407,8143.5089,8061.8381,7479.2429,8054.2268,8644.0921,9161.6881,9057.7395,8241.8119,9042.9870,9868.5138,9128.9638,9019.1241,8027.3474,9000.4880,9997.3719,9172.5959,9057.8216,8069.9737,9038.2328,10021.7889,10063.5753,9936.5211,8811.9043,9912.8297,11023.9532,9826.3849,9803.2463,8261.1432,9473.7796,11525.9288,10290.3722,10389.3078,8348.6178,9808.7339,12584.4888,10613.4730,10826.7836,8197.4737,9922.2941,13528.9501,10742.8337,11086.4513,7852.4116,9756.1172,14297.1147,10903.4763,11237.3511,7877.1252,9835.8615,14711.5405,11036.8602,11357.6143,7851.6110,9785.3388,15189.7265,10944.0634,11300.1787,7567.8060,9460.4706,15642.1705,10746.4872,11162.7837,7108.8153,8977.5456,16151.6659,11.00000000000,48,469
48,273,01383922,48273,Kleberg,Kleberg County,06,H1,G4020,204,28780,,A,2282577985.00000000000,541040924.00000000000,+27.4387348,-097.6606203,48273,1192.5964,1189.2820,1179.6887,1189.2571,1199.0699,1178.5079,1173.2122,1151.6206,1173.2096,1194.4083,1034.0286,1027.4151,993.5625,1027.5716,1061.0704,1379.4985,1367.4473,1301.6736,1367.0719,1433.5771,1086.9192,1075.3608,997.5910,1074.3200,1153.2988,1338.7841,1323.7033,1204.5328,1321.5683,1442.1032,977.4498,965.3417,858.8793,963.2676,1070.3914,1876.8525,1853.4167,1651.3314,1849.4185,2050.6132,1913.4820,1889.3915,1675.6191,1884.9007,2096.0960,1538.4119,1534.5958,1293.0104,1482.9690,1804.4443,1882.5286,1900.5027,1527.0831,1794.2602,2302.1957,1948.3139,1987.3579,1504.6107,1821.2915,2483.4938,1957.1631,2019.6542,1430.3882,1777.2617,2604.6833,2020.0001,2081.7544,1459.1597,1822.0845,2725.4807,2148.9197,2211.2985,1528.6110,1905.1507,2957.4930,2172.2993,2242.9271,1502.0399,1877.7468,3104.8276,2241.7851,2328.5938,1482.8840,1872.7315,3369.3374,11.00000000000,48,273
48,045,01383808,48045,Briscoe,Briscoe County,06,H1,G4020,,,,A,2330990994.00000000000,4068667.00000000000,+34.5251725,-101.2058930,48045,84.9663,84.7315,84.0488,84.7297,85.4277,88.0859,87.6904,86.0767,87.6902,89.2744,89.4553,88.9074,85.9835,88.9181,91.8083,94.6323,93.8412,89.3276,93.8130,98.3648,87.3291,86.5266,80.2802,86.4478,92.7456,85.4612,84.5217,76.9272,84.3898,92.0633,75.0102,74.1868,66.0995,74.0516,82.1548,63.5383,62.8080,56.0230,62.6856,69.4244,79.0362,78.1200,69.3621,77.9508,86.5886,36.2649,36.2570,30.6278,35.0594,42.5560,49.7315,50.2552,40.4272,47.4610,60.8260,49.9345,50.9851,38.6500,46.7418,63.6570,43.9349,45.3738,32.1715,39.9417,58.4738,41.3917,42.6901,29.9566,37.3782,55.8506,40.3615,41.5637,28.7642,35.8218,55.5508,38.3284,39.6024,26.5515,33.1661,54.7840,34.2776,35.6278,22.7145,28.6627,51.5197,11.00000000000,48,045
48,077,01383824,48077,Clay,Clay County,06,H1,G4020,,48660,,A,2819774443.00000000000,72604292.00000000000,+33.7859041,-098.2129182,48077,615.3866,613.6632,608.7062,613.6509,618.7251,544.5870,542.1868,532.2335,542.1824,551.9480,544.7562,541.2886,523.4573,541.3691,559.0119,503.3855,499.1709,475.1615,499.0214,523.2359,504.4686,499.3924,463.3019,498.9203,535.4672,580.7356,573.9958,522.1935,573.0319,625.4956,514.6678,508.3268,452.2968,507.2425,563.6094,469.0276,463.0223,412.3885,461.9927,512.4419,495.8965,489.4194,433.8047,488.2072,543.1942,387.4247,386.3493,325.4184,373.3209,454.3930,396.9182,400.5931,321.7738,378.1635,485.3834,369.5403,376.8243,285.1695,345.2947,471.0342,336.3403,346.9558,245.6020,305.2690,447.6063,315.1979,324.7181,227.4851,284.1680,425.2698,295.6397,304.1102,210.1052,261.9617,406.8711,269.4483,278.1075,186.1311,232.7855,385.1104,243.6015,252.9428,160.9728,203.3861,366.1202,11.00000000000,48,077
48,321,01383943,48321,Matagorda,Matagorda County,06,H1,G4020,288,13060,,A,2849700666.00000000000,1326679773.00000000000,+28.7833407,-095.9977554,48321,2002.9965,1997.4727,1981.3825,1997.4290,2013.8750,1926.7328,1918.3612,1883.2083,1918.3370,1952.8100,2011.7658,1999.2260,1933.4268,1999.4924,2064.5610,2238.3027,2219.6144,2112.8543,2218.9462,2326.6007,2392.7522,2369.3251,2198.1541,2367.1103,2540.2106,2661.7944,2632.0315,2395.2156,2627.8286,2867.2796,2333.9444,2306.3379,2053.1484,2301.6811,2556.0195,2186.5838,2159.6296,1924.5059,2155.0430,2389.0400,2342.7735,2314.2418,2053.3891,2308.9427,2566.4741,2327.3456,2322.7149,1958.1527,2244.8825,2730.0830,2097.1509,2118.4352,1703.3910,2000.3997,2564.8683,2088.6067,2131.7091,1615.1366,1954.0074,2662.4745,2055.9227,2122.7834,1504.6487,1868.4688,2736.2246,2021.6313,2084.6000,1462.3487,1825.0372,2727.7859,1970.0965,2028.3680,1403.3041,1747.9877,2711.4710,1882.9679,1945.1790,1303.7337,1628.8888,2691.3610,1804.3479,1875.0842,1195.0757,1508.3712,2711.9357,11.00000000000,48,321
48,047,01383809,48047,Brooks,Brooks County,06,H1,G4020,,,,A,2443301936.00000000000,741628.00000000000,+27.0349936,-098.2152756,48047,311.5172,310.6504,308.1439,310.6439,313.2080,325.9932,324.5426,318.5774,324.5409,330.3955,356.3175,354.0798,342.4224,354.1289,365.6591,493.0815,488.8717,465.3575,488.7309,512.4735,550.6987,545.1635,505.7658,544.6484,584.5422,547.8366,541.4015,492.4917,540.4776,590.0384,501.4300,495.1148,440.4186,494.0273,549.0970,460.6914,454.8113,405.0940,453.8039,503.3352,528.7417,521.9142,462.6879,520.6380,579.1816,526.1931,524.7778,442.0586,507.0935,617.1592,429.2165,433.2244,348.0169,408.9783,524.8859,431.0350,439.5731,332.6977,402.8076,549.4234,425.8971,439.3934,311.0907,386.6205,566.7945,403.4963,415.7319,291.2956,363.8354,544.4075,379.1803,390.0875,269.5515,336.0405,521.8463,360.5234,372.1507,249.1175,311.5200,515.2829,341.9629,355.1176,226.0444,285.5603,513.9549,11.00000000000,48,047
48,399,01383985,48399,Runnels,Runnels County,06,H1,G4020,,,,A,2721933935.00000000000,15930080.00000000000,+31.8333106,-099.9678560,48399,614.8832,613.1713,608.2235,613.1586,618.2204,576.8361,574.2599,563.6997,574.2575,584.6233,570.0296,566.3464,547.6773,566.4370,584.9160,780.3457,773.5997,736.3901,773.3825,810.9819,749.9163,742.2907,688.6393,741.5859,795.9448,817.1494,807.7070,734.8391,806.3587,880.1428,841.8977,831.8679,740.4816,830.1718,921.9962,796.0354,786.1027,700.3981,784.4084,869.7335,824.5439,814.1874,722.0923,812.2573,903.2376,661.4076,659.8035,555.9683,637.6163,775.7915,707.8237,714.7304,574.4377,674.8213,865.6411,711.6506,726.0520,549.8264,665.4300,907.1500,694.0040,716.2940,507.4352,630.3756,923.6242,675.5185,696.2871,488.1670,609.4814,911.4523,664.8080,684.2057,473.0785,589.5200,914.9631,639.1829,660.0500,442.1150,552.6200,913.5785,590.0755,612.9893,390.4345,493.0133,886.8703,11.00000000000,48,399
48,065,01383818,48065,Carson,Carson County,06,H1,G4020,,11100,,A,2383359553.00000000000,10064255.00000000000,+35.4054961,-101.3553558,48065,323.3724,322.4769,319.8773,322.4700,325.1282,316.0318,314.6127,308.8231,314.6119,320.2960,308.8973,306.9293,296.8179,306.9751,316.9798,387.6422,384.2564,365.7738,384.1508,402.8388,387.7909,383.8714,356.1280,383.5078,411.6085,467.9482,462.6157,420.9281,461.8578,504.0438,446.9458,441.6024,393.0726,440.6977,489.4662,440.2217,434.5946,387.0789,433.6302,480.9702,386.9239,381.9754,338.6782,381.0514,423.8408,367.7227,366.7337,308.9267,354.3754,431.2932,340.9862,344.1992,276.5288,324.9445,416.9945,336.2383,342.9269,259.5776,314.2545,428.5932,324.0198,334.3125,236.7182,294.1695,431.2159,313.6170,323.1480,226.4452,282.8172,423.1420,301.4395,310.1280,214.3178,267.1666,414.8570,276.6668,285.6003,191.1923,239.0747,395.4305,248.7317,258.3033,164.4227,207.7106,373.8327,11.00000000000,48,065
05,107,00069172,05107,Phillips,Phillips County,06,H1,G4020,,25760,,A,1801758335.00000000000,82056090.00000000000,+34.4258423,-090.8483856,05107,924.2569,921.6948,914.2634,921.6752,929.2747,830.7808,827.1307,811.9525,827.1231,842.0134,797.0024,792.1296,766.0803,792.2242,817.9717,757.1819,750.9494,714.8301,750.7172,787.1088,688.5407,681.8345,632.5788,681.1986,730.9967,702.7597,694.9970,632.5257,693.9055,757.0391,560.1063,553.4024,492.5796,552.2669,613.3914,488.0233,481.9151,429.3557,480.8725,533.2041,492.0494,485.8058,430.7900,484.6409,539.0024,425.6292,424.4561,357.5234,410.1449,499.2034,355.4480,358.7735,288.2153,338.6961,434.6760,320.6615,327.0001,247.4819,299.6456,408.7331,278.8786,287.6792,203.6400,253.1140,371.1353,248.8528,256.3468,179.5638,224.3259,335.7540,223.0913,229.4466,158.4826,197.6313,307.0241,193.3721,199.5376,133.4922,166.9994,276.3747,170.6344,177.1259,112.6635,142.4014,256.4513,11.00000000000,05,107
05,111,00069174,05111,Poinsett,Poinsett County,06,H1,G4020,308,27860,,A,1964217602.00000000000,13522889.00000000000,+35.5689809,-090.6805953,05111,1474.1341,1470.0127,1458.1421,1469.9831,1482.1323,1401.0177,1394.8087,1369.1850,1394.7997,1419.9450,1284.9183,1276.8871,1234.8567,1277.0598,1318.6264,1307.8664,1296.8752,1234.4972,1296.4896,1359.4142,1544.6340,1529.4273,1418.9271,1527.9945,1639.7704,1576.8616,1558.9985,1418.5806,1556.4646,1698.5248,1438.3126,1421.1039,1264.9204,1418.1897,1575.1457,1286.1278,1270.5315,1132.4637,1267.8865,1405.2256,1338.2156,1321.7795,1172.6513,1318.7239,1465.9787,1245.9760,1243.1576,1047.7128,1201.4088,1461.5046,1133.2188,1144.3960,919.8786,1080.5321,1385.9024,1110.5147,1133.1048,858.1969,1038.5359,1415.6012,1066.9760,1101.3582,780.3351,969.2943,1420.0088,1036.9162,1068.9046,749.5209,935.6881,1399.0827,990.0440,1019.0323,704.6938,878.0519,1362.5876,936.8051,967.4801,648.1389,810.0508,1338.9736,880.1870,914.4484,582.5386,735.5047,1322.9063,11.00000000000,05,111
05,143,00069905,05143,Washington,Washington County,06,H1,G4020,,22220,,A,2439681852.00000000000,27046999.00000000000,+35.9712088,-094.2184168,05143,12752.7573,12716.8648,12614.0498,12716.6194,12821.9162,14679.6723,14614.5198,14345.9886,14614.4309,14877.9618,16726.6796,16621.5241,16074.2690,16623.8429,17165.1396,19752.6460,19586.3557,18644.2781,19580.5519,20530.9858,20040.4110,19844.1233,18410.4867,19825.5718,21275.3947,20158.2598,19933.8643,18140.9636,19902.2258,21714.7296,19619.4236,19385.8026,17256.2433,19346.3039,21486.0352,24513.4800,24211.5815,21575.8940,24160.2200,26783.2031,26462.9925,26136.4681,23186.1110,26075.7345,28989.3052,26094.9791,26039.3649,21948.8170,25165.8089,30609.7091,28015.1309,28293.0283,22743.7568,26714.6028,34262.1614,28885.5654,29474.7307,22325.2889,27015.3078,36821.3530,29077.0817,30015.5899,21268.1987,26416.9911,38698.0204,29712.2788,30630.3519,21479.6431,26813.5012,40090.0992,30389.8986,31281.0941,21633.3518,26953.9984,41825.4222,30706.1361,31712.8521,21246.6174,26553.0349,43888.3070,30850.8128,32052.7937,20420.1296,25781.0200,46368.3232,11.00000000000,05,143
05,081,00066874,05081,Little River,Little River County,06,H1,G4020,,,,A,1378529805.00000000000,84207522.00000000000,+33.6994970,-094.2297740,05081,750.9850,748.8885,742.8426,748.8732,755.0600,738.7635,735.5195,722.0234,735.5126,748.7526,688.6375,684.3908,661.8762,684.4767,706.7353,645.8640,640.3015,609.5035,640.1203,671.2339,656.6136,650.0896,603.1158,649.4782,697.0161,659.3238,652.0046,593.3747,650.9737,710.2377,564.9134,558.2079,496.9068,557.0754,618.6623,461.0914,455.3175,405.6561,454.3319,503.7787,466.7224,460.8560,408.7230,459.7627,511.2654,391.8375,390.9844,329.5470,377.8630,459.6255,380.4428,384.1919,308.8148,362.7508,465.2728,346.6065,353.6691,267.8756,324.1559,441.8296,308.7820,318.7612,225.8780,280.5494,410.9520,294.7176,303.8520,213.1060,266.0001,397.6582,273.2306,281.2862,194.5772,242.3936,376.0490,244.2416,252.3085,169.1040,211.2815,349.0989,223.7014,232.4749,148.1708,187.0109,336.2236,11.00000000000,05,081
05,121,00069178,05121,Randolph,Randolph County,06,H1,G4020,,,,A,1689166005.00000000000,9968447.00000000000,+36.3412985,-091.0284409,05121,1021.6110,1018.7535,1010.5262,1018.7330,1027.1538,939.4977,935.3461,918.1694,935.3392,952.1934,927.7241,921.8755,891.5196,922.0060,952.0336,1020.0199,1011.3568,962.7117,1011.0623,1060.1646,1105.9637,1094.7574,1015.6338,1093.7194,1173.8720,1050.9976,1039.1033,945.5195,1037.4167,1132.0911,858.1467,847.7596,754.4817,845.9938,939.7723,797.8128,787.7842,701.8225,786.0711,871.6712,810.0932,799.9265,709.4530,798.0319,887.4087,733.8484,732.0860,616.8920,707.4728,860.7645,642.1113,648.3683,521.0936,612.1621,785.2760,605.6268,617.8738,467.8962,566.2811,771.9991,559.3106,577.2659,408.9366,508.0205,744.3650,514.8026,530.6223,372.0114,464.4668,694.6036,470.2154,483.9281,334.5936,416.9555,647.1483,419.9627,433.6668,290.4722,363.0805,600.2485,378.8380,393.5450,250.6581,316.5175,569.3847,11.00000000000,05,121
05,005,00069895,05005,Baxter,Baxter County,06,H1,G4020,,34260,,A,1435587546.00000000000,83997217.00000000000,+36.2807100,-092.3304383,05005,2330.1349,2323.6093,2304.8401,2323.5631,2342.7760,2115.3292,2105.9696,2067.2894,2105.9548,2143.9109,2078.5263,2065.4536,1997.4483,2065.7424,2133.0080,2423.1708,2403.0291,2287.4474,2402.2996,2518.8191,2399.3505,2375.8479,2204.2048,2373.6267,2547.2084,2531.2459,2502.9019,2277.6782,2498.8974,2726.6412,2310.2305,2282.8496,2032.1898,2278.2277,2530.0430,2289.5463,2261.4335,2015.3367,2256.6535,2501.5422,2404.9697,2375.0041,2106.6088,2369.4246,2634.5270,2123.8126,2119.1611,1786.1404,2048.0348,2491.2261,2107.7590,2128.5658,1710.9820,2009.7849,2577.7471,2066.2143,2108.2656,1596.7893,1932.3166,2633.8583,1993.8610,2058.1329,1458.2514,1811.3502,2653.5763,1914.7369,1973.8298,1384.0832,1727.8428,2583.5044,1842.3722,1896.3423,1311.4092,1633.9987,2535.6403,1741.4035,1798.4511,1204.8563,1505.8166,2488.9863,1640.6107,1704.4974,1085.8597,1370.9642,2465.8119,11.00000000000,05,005
05,013,00063758,05013,Calhoun,Calhoun County,06,H1,G4020,,15780,,A,1628017155.00000000000,9926138.00000000000,+33.5604604,-092.5138790,05013,376.7014,375.6535,372.6228,375.6457,378.7460,302.1101,300.7702,295.2443,300.7683,306.1912,253.7108,252.1084,243.8062,252.1444,260.3572,280.5453,278.1636,264.7842,278.0825,291.5873,276.5215,273.7259,253.9430,273.4667,293.5046,307.5301,304.0494,276.6659,303.5558,331.2586,237.1534,234.3351,208.5981,233.8589,259.7171,225.5499,222.7403,198.4607,222.2612,246.4319,226.9423,224.0697,198.7019,223.5339,248.5987,219.8938,219.3417,184.8052,211.9608,257.9176,207.1963,209.1577,168.0455,197.4601,253.3832,194.9422,198.8236,150.5025,182.2010,248.4876,187.1290,193.0754,136.7139,169.8924,249.0374,181.7073,187.2304,131.2022,163.8633,245.1653,173.8347,178.8445,123.5919,154.0692,239.2406,162.8062,168.0613,112.5049,140.6826,232.6933,154.5699,160.5174,102.1766,129.0774,232.3116,11.00000000000,05,013
05,105,00069171,05105,Perry,Perry County,06,H1,G4020,340,30780,,A,1428125735.00000000000,23648787.00000000000,+34.9463629,-092.9268772,05105,686.5545,684.6296,679.0982,684.6161,690.2788,659.4116,656.4413,644.3565,656.4404,668.3063,569.2861,565.6385,546.9996,565.7253,584.1703,591.7722,586.7726,558.5495,586.5999,615.0793,606.4434,600.3840,556.9988,599.8180,643.7365,599.8904,593.0825,539.6562,592.1162,646.1716,533.7518,527.2471,469.1954,526.1388,584.5163,465.3452,459.4902,409.3458,458.4898,508.4246,528.6346,521.9522,462.8690,520.7060,579.0818,482.3986,481.3015,405.6273,465.1364,565.8423,445.0741,449.2825,360.9665,424.1539,544.2866,420.7457,429.1337,324.8497,393.2597,536.3146,400.2319,412.9669,292.4329,363.3874,532.6432,373.6757,385.0622,269.8627,337.0163,504.1777,347.2545,357.3010,246.9570,307.8201,477.9132,319.5155,329.8833,220.8931,276.1650,456.6762,293.9041,305.2694,194.3824,245.5011,441.7283,11.00000000000,05,105
05,027,00063761,05027,Columbia,Columbia County,06,H1,G4020,,31620,,A,1984066985.00000000000,1813507.00000000000,+33.2150704,-093.2269012,05027,1227.7636,1224.4187,1214.5770,1224.3901,1234.4376,1096.3792,1091.6517,1071.6671,1091.6354,1111.2284,998.1169,991.9481,959.3126,992.0741,1024.3403,1069.0490,1060.2989,1009.3007,1059.9678,1111.3338,964.0176,954.9740,886.0171,954.0967,1023.6876,940.1473,929.9867,846.5359,928.5691,1012.8271,796.3175,786.8631,700.4497,785.2662,872.0832,1069.4128,1056.3011,941.3703,1054.0725,1168.4341,1113.0160,1099.3479,975.3175,1096.8070,1219.2790,1077.0124,1074.5936,905.6665,1038.5103,1263.3179,1123.9915,1135.2230,912.6431,1071.9160,1374.6412,1088.5252,1110.7959,841.4276,1018.1327,1387.5862,1050.9625,1084.9357,768.8066,954.8810,1398.7064,1040.5886,1072.7826,752.3347,939.1193,1404.0460,1034.5778,1064.9487,736.5297,917.6478,1423.8853,1020.1686,1053.6331,705.9207,882.2099,1458.1290,1016.2949,1055.8999,672.7009,849.2957,1527.4770,11.00000000000,05,027
05,053,00066856,05053,Grant,Grant County,06,H1,G4020,340,30780,,A,1636376859.00000000000,2904466.00000000000,+34.2880633,-092.4239843,05053,1176.1476,1172.8442,1163.3655,1172.8213,1182.5269,1177.4652,1172.2280,1150.6831,1172.2217,1193.3669,1101.3968,1094.4105,1058.3636,1094.5704,1130.2330,1204.2049,1193.9838,1136.5546,1193.6357,1251.6026,1231.6605,1219.5308,1131.4200,1218.3881,1307.5175,1187.5250,1174.2641,1068.6213,1172.3924,1279.2045,1121.5544,1108.3039,986.6483,1106.0697,1228.2723,1091.7680,1078.5047,961.2805,1076.2545,1192.8663,1110.9986,1097.1995,973.2517,1094.6310,1217.0500,986.8133,984.6193,829.8577,951.5633,1157.5212,992.5054,1002.3975,805.8360,946.4897,1213.8296,954.9439,974.4751,738.1579,893.1815,1217.3040,909.6523,939.0701,665.4562,826.5056,1210.6403,877.2736,904.4406,634.3040,791.7621,1183.6906,836.0649,860.6458,595.2714,741.6188,1150.6757,789.4802,815.4265,546.3793,682.7793,1128.4091,738.5916,767.4280,488.9803,617.2907,1110.0962,11.00000000000,05,053
05,131,00069181,05131,Sebastian,Sebastian County,06,H1,G4020,,22900,,A,1377643728.00000000000,36905742.00000000000,+35.1969808,-094.2749890,05131,7973.5770,7951.2539,7887.0304,7951.0952,8016.8353,8064.1509,8028.5393,7881.1159,8028.4780,8173.1310,7994.7773,7944.7733,7683.2538,7945.8519,8204.4907,8930.1990,8855.0387,8429.1230,8852.4135,9282.1002,9412.0134,9319.7006,8646.3882,9310.9825,9991.9424,9334.5802,9231.4925,8401.7140,9216.9981,10055.5655,8693.0034,8591.9555,7650.3151,8575.0132,9520.3479,8963.6305,8856.1676,7895.0088,8837.9861,9793.7513,9212.8557,9101.9587,8077.3558,9081.3893,10092.7067,8101.5025,8086.5194,6818.3861,7815.8528,9503.7090,8509.9676,8597.0396,6913.3723,8118.2451,10408.0184,8537.2644,8714.0967,6603.0740,7987.9020,10883.0506,8313.6917,8584.7148,6085.5809,7556.4895,11064.7387,8273.4525,8531.7208,5985.5953,7469.6253,11163.4153,8191.1004,8433.8594,5835.3841,7268.2475,11273.5634,7968.5292,8232.1812,5517.9432,6893.7694,11389.5936,7694.7937,7996.7654,5097.0552,6432.9579,11565.2977,11.00000000000,05,131
05,085,00069164,05085,Lonoke,Lonoke County,06,H1,G4020,340,30780,,A,1996176993.00000000000,83170220.00000000000,+34.7551137,-091.8941320,05085,4512.8182,4500.1977,4463.8559,4500.1071,4537.3028,4849.3559,4827.9740,4739.3380,4827.9348,4914.9002,4648.0058,4619.0295,4467.0053,4619.6455,4769.9821,5371.9450,5326.7837,5070.5724,5325.2009,5583.6631,5614.7361,5559.0568,5157.3830,5553.8332,5960.2909,5932.5977,5865.6460,5337.4941,5856.1615,6390.4031,6010.5576,5938.8947,5286.4169,5926.7734,6582.3975,5812.3127,5739.9981,5114.4061,5727.6700,6350.4373,5568.5659,5498.6252,4876.6625,5485.5907,6100.0245,5407.1495,5394.2550,4545.5546,5212.9213,6342.3157,5300.6586,5351.9000,4300.9326,5052.9117,6482.4231,5203.4185,5308.2242,4019.3350,4864.8428,6632.8036,5056.8906,5218.8205,3696.6150,4592.6483,6729.9856,4956.4690,5108.3833,3581.0056,4471.3371,6687.5399,4846.8286,4987.7935,3448.2145,4297.3584,6670.5651,4655.6914,4807.2587,3219.5341,4024.6509,6654.3086,4390.1254,4560.2271,2904.1401,3667.5280,6598.2365,11.00000000000,05,085
05,101,00069900,05101,Newton,Newton County,06,H1,G4020,,25460,,A,2126110054.00000000000,5931821.00000000000,+35.9100625,-093.2150843,05101,409.9933,408.8406,405.5358,408.8327,412.2169,354.9204,353.3383,346.8423,353.3366,359.7126,348.4476,346.2724,334.8750,346.3189,357.5902,350.7202,347.6938,330.9700,347.5958,364.4929,292.2211,289.2786,268.3727,289.0051,310.1762,277.9041,274.8285,250.1212,274.3958,299.3670,258.7531,255.7141,227.6611,255.2027,283.3760,247.6526,244.6219,218.0116,244.1070,270.5840,220.6277,217.8997,193.2966,217.3921,241.6895,202.8490,202.4409,170.6623,195.6560,237.9501,186.2086,188.0623,151.1828,177.5726,227.7319,169.5214,172.9833,131.0284,158.5507,216.0949,151.6896,156.5873,110.9551,137.8145,201.8803,139.0724,143.3690,100.5374,125.5035,187.6472,129.2481,133.0361,92.0026,114.6324,177.8831,116.5081,120.3237,80.6085,100.7447,166.5248,103.3342,107.3548,68.3872,86.3464,155.3095,11.00000000000,05,101
05,109,00069173,05109,Pike,Pike County,06,H1,G4020,,,,A,1555592368.00000000000,34995957.00000000000,+34.1581907,-093.6586589,05109,683.3852,681.4692,675.9634,681.4557,687.0923,737.2104,733.9421,720.4585,733.9374,747.1695,643.2792,639.3047,618.2717,639.3859,660.1807,591.6831,586.6671,558.4491,586.4956,614.9758,617.1996,611.0518,566.8974,610.4765,655.1667,630.5658,623.4974,567.3873,622.4985,679.2390,537.2310,530.6958,472.2750,529.5829,588.3278,454.9512,449.2402,400.2278,448.2649,497.0692,449.4621,443.6556,393.3072,442.5702,492.3388,369.8575,368.9375,310.8546,356.5250,433.8151,347.9136,351.2418,282.2343,331.6086,425.4741,304.1944,310.2805,234.9006,284.3496,387.7520,265.3585,273.8123,193.9042,240.9431,353.1497,241.7506,249.1162,174.5868,218.0325,326.1793,214.2799,220.4675,152.3688,189.9311,294.9043,182.9047,188.8156,126.4063,158.0588,261.4198,159.4596,165.5978,105.4134,133.1638,239.6608,11.00000000000,05,109
05,031,00066847,05031,Craighead,Craighead County,06,H1,G4020,308,27860,,A,1831656075.00000000000,14162379.00000000000,+35.8282682,-090.6304114,05031,6162.7333,6145.6430,6096.0887,6145.5129,6196.1904,7095.6651,7064.1920,6934.4029,7064.1475,7191.5174,7806.7082,7757.9765,7502.6272,7759.0183,8011.5416,9088.2400,9012.3275,8578.8480,9009.6159,9446.7378,10677.6407,10573.7684,9809.9301,10563.9111,11336.1152,9245.2661,9144.3565,8323.1705,9130.2274,9959.7002,8646.6120,8545.0915,7607.6850,8528.0104,9469.4249,10584.4627,10455.5156,9318.7281,10433.6264,11564.5693,11614.4232,11472.7890,10179.4275,11446.4798,12723.4076,11383.6586,11361.4927,9578.7110,10980.9082,13353.6699,11655.9388,11773.5062,9466.1463,11117.2815,14255.3874,11991.5724,12238.1236,9271.5751,11217.6261,15286.2786,12054.3249,12445.3328,8820.3538,10953.9741,16042.9950,12201.7525,12580.6630,8824.1741,11013.7355,16463.7145,12171.0086,12529.7732,8667.2841,10797.2881,16751.0290,12157.8668,12558.1973,8415.5010,10515.6451,17377.3705,12143.1531,12617.8203,8040.3194,10149.5487,18251.0785,11.00000000000,05,031
05,079,00066873,05079,Lincoln,Lincoln County,06,H1,G4020,340,38220,,A,1454321132.00000000000,27631033.00000000000,+33.9576649,-091.7276236,05079,854.6056,852.0631,845.1026,852.0529,859.2207,783.6151,779.8587,765.3812,779.8733,794.1204,729.4185,724.4892,700.5580,724.6300,748.3459,704.3288,697.9440,664.3724,697.7681,731.7916,778.4137,769.9347,714.2356,769.1818,825.8198,787.6909,777.9564,707.3688,776.5364,848.2294,1165.3187,1149.0001,1020.6027,1146.1006,1275.9073,1230.2321,1211.9902,1076.9621,1208.7802,1343.9604,1228.5981,1210.2205,1070.3062,1206.7356,1345.4964,1113.5804,1108.0400,930.9458,1070.0139,1305.4742,1088.3025,1095.6390,877.4663,1033.4458,1330.4183,1033.7510,1051.4553,793.0545,962.5631,1317.3465,963.1646,991.0406,699.0007,871.0221,1281.5698,908.6220,933.6990,651.6849,816.1610,1225.7148,854.1004,876.3828,603.1600,754.0277,1175.2712,785.8659,809.1753,539.4212,676.4964,1123.0667,718.1156,743.9936,471.5744,597.5271,1079.1874,11.00000000000,05,079
05,123,00083331,05123,St. Francis,St. Francis County,06,H1,G4020,,22620,,A,1644048592.00000000000,20050191.00000000000,+35.0144383,-090.7421993,05123,1434.3152,1430.1995,1418.5953,1430.1755,1442.0824,1346.3876,1340.3056,1315.6219,1340.3048,1364.5438,1296.2859,1288.1004,1245.6822,1288.2843,1330.2454,1245.4259,1234.7406,1175.3506,1234.3883,1294.3730,1248.4107,1235.6114,1146.2944,1234.4340,1324.9668,1538.9002,1520.2775,1382.5880,1517.5784,1657.2884,1604.2378,1583.1460,1407.4611,1579.4654,1756.6378,1434.7162,1414.8683,1258.6668,1411.4165,1567.4309,1458.3133,1437.8857,1273.0765,1434.0358,1597.2370,1296.8668,1291.8255,1086.7117,1247.8737,1520.6871,1201.5990,1210.8097,970.7591,1142.4232,1469.1005,1139.0914,1159.6300,875.6713,1061.9462,1451.7102,1063.0546,1094.7454,773.0757,962.5147,1414.5633,1004.1254,1032.6306,721.5505,902.9541,1354.6181,954.1083,979.6853,674.9851,843.1877,1312.9404,893.6748,920.7557,614.4373,770.0209,1277.1746,824.7825,854.9415,542.4004,686.8188,1239.5139,11.00000000000,05,123
05,023,00066983,05023,Cleburne,Cleburne County,06,H1,G4020,,,,A,1434055831.00000000000,99015207.00000000000,+35.5662882,-092.0599743,05023,1461.4984,1457.3907,1445.6107,1457.3623,1469.4250,1371.9246,1365.8242,1340.7221,1365.8167,1390.4530,1335.8663,1327.5043,1283.8050,1327.6852,1370.9039,1444.0233,1431.8608,1362.9901,1431.4369,1500.9204,1369.0179,1355.4635,1257.5253,1354.1907,1453.2873,1402.2545,1386.5730,1261.8152,1384.3584,1510.5051,1302.0751,1286.7825,1145.6166,1284.2091,1425.9801,1225.8151,1210.7380,1078.9557,1208.1736,1339.3155,1294.5528,1278.5475,1134.1889,1275.5699,1418.1345,1102.2130,1099.7770,926.9289,1062.8588,1292.8874,1095.1031,1105.7048,888.5891,1043.9385,1339.2552,1053.9293,1075.1697,814.1204,985.3681,1343.4464,984.2865,1015.8115,719.5301,893.9334,1309.9426,931.8532,960.4160,673.2590,840.6471,1257.3075,888.0996,913.9278,631.8249,787.4169,1222.2684,823.5205,850.3254,569.4773,711.8927,1177.0450,752.0106,781.1407,497.4538,628.2233,1130.2505,11.00000000000,05,023
05,017,00069160,05017,Chicot,Chicot County,06,H1,G4020,,,,A,1668740125.00000000000,120391665.00000000000,+33.2671393,-091.2971578,05017,566.0796,564.5049,559.9505,564.4931,569.1521,623.1216,620.3867,609.0038,620.3808,631.5474,488.9303,485.9267,469.9437,485.9864,501.7862,550.2871,545.7730,519.5224,545.6032,572.0465,426.0655,421.9007,391.4213,421.5066,452.3271,425.6635,420.9606,383.1211,420.2993,458.5403,432.7922,427.5120,380.4361,426.6119,473.9539,407.3766,402.0716,358.0140,401.1591,445.0791,474.8807,468.7283,415.5165,467.5779,520.1800,364.4630,363.3442,305.9388,351.0627,427.4363,347.7772,350.8756,281.7234,331.1922,425.2701,319.1647,325.3334,246.0811,298.0703,406.8082,285.0730,293.9508,207.9607,258.5878,379.3685,251.4887,258.9577,181.2856,226.5692,339.3010,232.8383,239.3826,165.2514,206.1534,320.4311,211.5135,218.1882,145.8935,182.5799,302.2982,187.6005,194.6825,123.7675,156.4928,281.9468,11.00000000000,05,017
05,025,00063760,05025,Cleveland,Cleveland County,06,H1,G4020,340,38220,,A,1548252069.00000000000,2500394.00000000000,+33.8932006,-092.1887141,05025,506.7047,505.2660,501.1744,505.2568,509.4508,516.1364,513.8493,504.4097,513.8459,523.1093,436.0956,433.3846,419.1225,433.4415,447.5442,435.2603,431.5724,410.8143,431.4461,452.3964,394.0345,390.0945,361.9051,389.7267,418.2636,408.8658,404.1858,367.7502,403.5196,440.3979,377.7845,373.4261,332.5295,372.6972,413.7434,342.9917,338.8308,302.0087,338.1251,374.7532,335.6937,331.6256,294.2666,330.8704,367.7500,252.0255,251.5308,212.0583,243.1040,295.6391,258.9210,261.6020,210.3993,247.0424,316.6755,242.0577,247.1100,187.2849,226.5301,308.5726,220.4097,227.6365,161.4099,200.3871,293.3482,210.5905,217.2074,152.4301,190.1847,284.1548,201.4098,207.4226,143.5618,178.7733,277.2075,190.1739,196.5080,131.7633,164.5766,271.8227,175.7631,182.6972,116.4912,146.9853,264.1747,11.00000000000,05,025
05,015,00066975,05015,Carroll,Carroll County,06,H1,G4020,,,,A,1631917381.00000000000,22566276.00000000000,+36.3377742,-093.5416633,05015,1598.1687,1593.6515,1580.7569,1593.6216,1606.8329,1620.4842,1613.2390,1583.5686,1613.2328,1642.3582,1525.6212,1516.0436,1466.1316,1516.2535,1565.6201,1690.5433,1676.3266,1595.6975,1675.8288,1757.1679,1727.3555,1710.4028,1586.8319,1708.8024,1833.7808,1698.2465,1679.6142,1528.7191,1677.0005,1829.4516,1760.9149,1740.4863,1549.7726,1737.0635,1928.5121,1707.2201,1686.6516,1503.4986,1683.1681,1865.3196,1761.6391,1740.2470,1544.1567,1736.2752,1929.8574,1709.6180,1706.4025,1438.7519,1649.2724,2005.5053,1791.4826,1809.5928,1454.9890,1708.7433,2191.0166,1826.8537,1864.4513,1412.5405,1708.9933,2328.7896,1842.9456,1902.7526,1348.5610,1674.7506,2452.7624,1895.2951,1954.1616,1370.6747,1710.7741,2557.3055,1934.1944,1991.2015,1377.3764,1715.8762,2662.0423,1946.1611,2010.2276,1347.0763,1683.2635,2781.6680,1928.1115,2003.4627,1276.6254,1611.5423,2897.9378,11.00000000000,05,015
05,021,00063759,05021,Clay,Clay County,06,H1,G4020,,,,A,1656206452.00000000000,5105957.00000000000,+36.3673021,-090.4187041,05021,1016.5795,1013.7427,1005.5593,1013.7221,1022.0960,859.2787,855.4686,839.7519,855.4631,870.8867,806.7038,801.6162,775.2198,801.7299,827.8411,744.5477,738.3988,702.8831,738.1719,773.9622,817.0241,809.0950,750.6485,808.3415,867.4213,872.2482,862.5105,784.9163,861.1362,939.5884,747.3229,738.3888,657.2443,736.8763,818.4199,695.6981,687.1782,612.4196,685.7304,760.1162,665.6221,657.5124,583.3966,656.0061,729.1788,552.1035,550.8949,464.3238,532.4051,647.6159,563.5326,569.0878,457.4364,537.3285,689.1877,538.0020,548.9382,415.7499,503.1212,685.8039,500.7563,516.8785,366.2048,454.8942,666.4414,478.2583,492.9949,345.6725,431.5466,645.2993,449.9193,463.0702,320.2041,398.9965,619.2176,416.5217,430.1345,288.1293,360.1319,595.3318,387.4290,402.4829,256.3663,323.7118,582.2976,11.00000000000,05,021
38,003,01034225,38003,Barnes,Barnes County,06,H1,G4020,,,,A,3863106624.00000000000,56593591.00000000000,+46.9425500,-098.0701946,38003,619.7660,618.0218,613.0252,618.0099,623.1271,562.3668,559.8652,549.5751,559.8622,569.9615,627.9519,623.9809,603.4314,624.0706,644.3995,728.6542,722.4877,687.7369,722.2758,757.3457,740.8657,733.5920,680.5922,732.9055,786.5100,628.6121,621.6371,565.7399,620.6547,677.1554,581.7601,575.0389,512.0539,573.9144,637.1330,729.4547,720.4099,641.9245,718.8690,796.9919,756.8144,747.5118,663.1672,745.7822,829.0687,758.0284,756.1812,637.1702,730.7507,889.1198,812.5298,820.4937,659.4746,774.6899,993.6984,831.6047,848.4702,642.5681,777.6394,1060.0614,829.0081,855.6716,606.2102,753.0490,1103.2995,839.9776,865.8410,607.0809,757.9124,1133.3544,850.1308,874.9745,605.0223,753.9045,1170.0225,866.7991,895.1362,599.6238,749.4599,1238.9110,877.8110,911.9380,580.8914,733.4679,1319.3326,11.00000000000,38,003
38,033,01035617,38033,Golden Valley,Golden Valley County,06,H1,G4020,,,,A,2592024347.00000000000,4147539.00000000000,+46.9389237,-103.8446117,38033,111.7429,111.4178,110.5115,111.4161,112.3474,136.2800,135.6665,133.1691,135.6662,138.1184,169.3143,168.2348,162.6924,168.2600,173.7441,183.9241,182.3796,173.6074,182.3253,191.1740,192.4280,190.4972,176.7307,190.3174,204.2560,239.6526,236.9437,215.6061,236.5597,258.1448,175.9310,173.8434,154.7529,173.4908,192.6701,232.3336,229.4283,204.4086,228.9325,253.8430,254.6678,251.5302,223.1416,250.9467,278.9805,270.3237,269.6970,227.2816,260.6357,317.0805,282.7682,285.5020,229.4374,269.5522,345.8105,295.6776,301.6376,228.4015,276.4442,376.9011,299.5859,309.1856,219.0101,272.0909,398.7059,304.8459,314.1972,220.2621,275.0180,411.3155,314.0484,323.1936,223.4458,278.4602,432.2176,314.0018,324.2381,217.1650,271.4588,448.7990,318.9857,331.3611,211.0425,266.5013,479.4276,11.00000000000,38,033
38,091,01034220,38091,Steele,Steele County,06,H1,G4020,,,,A,1844629354.00000000000,8414336.00000000000,+47.4582880,-097.7188952,38091,92.6073,92.3309,91.5762,92.3298,93.1073,66.1917,65.8945,64.6820,65.8944,67.0848,70.1264,69.6539,67.3535,69.6673,71.9469,79.6340,78.9404,75.1434,78.9186,82.7571,64.9354,64.3267,59.6818,64.2676,68.9550,109.4937,108.2921,98.5631,108.1235,117.9530,104.7168,103.4966,92.1511,103.2918,114.6828,67.1074,66.2790,59.0619,66.1380,73.3208,94.7457,93.6476,83.1491,93.4448,103.7993,95.4428,95.1908,80.1908,91.9843,111.9437,81.3458,82.1514,66.0373,77.5679,99.4848,87.4864,89.2690,67.6139,81.8196,111.5215,90.6895,93.6171,66.3348,82.3934,120.6966,92.4058,95.2616,66.8031,83.3912,124.6810,93.8981,96.6537,66.8457,83.2844,129.2316,89.8528,92.8009,62.1761,77.7027,128.4269,87.4002,90.8076,57.8540,73.0402,131.3614,11.00000000000,38,091
38,099,01034214,38099,Walsh,Walsh County,06,H1,G4020,,,,A,3320186385.00000000000,31504314.00000000000,+48.3769789,-097.7222304,38099,575.6176,573.9739,569.3211,573.9639,578.7358,555.9323,553.4563,543.2823,553.4535,563.4392,563.6030,560.0799,541.6441,560.1557,578.3882,672.6921,667.0012,634.9192,666.8055,699.1814,648.1444,641.6299,595.2607,641.0236,687.9766,766.4149,757.8568,689.6764,756.6489,825.5840,770.7027,761.6532,678.0983,760.1305,844.0428,656.5021,648.5828,578.1436,647.2412,717.2979,739.1428,729.9345,647.4470,728.2199,809.6950,768.1810,766.6482,646.3146,740.9572,901.1104,780.0995,787.9594,633.5278,744.0379,954.0719,795.8125,812.1688,615.2914,744.4427,1014.4627,815.1767,841.6114,596.4660,740.7560,1084.9109,844.8770,871.0999,610.9821,762.5986,1139.9838,885.3031,911.3771,630.4082,785.3525,1218.4459,900.6013,930.2281,623.3338,778.9177,1287.2373,904.7148,940.0494,598.9834,756.1463,1359.7785,11.00000000000,38,099
38,051,01034211,38051,McIntosh,McIntosh County,06,H1,G4020,,,,A,2524546555.00000000000,51817666.00000000000,+46.1170337,-099.4430409,38051,134.6714,134.2910,133.2045,134.2885,135.4016,119.1619,118.6157,116.4270,118.6161,120.7665,120.2943,119.5422,115.6072,119.5584,123.4499,160.5418,159.1905,151.5337,159.1433,166.8680,151.5878,150.1163,139.2723,149.9765,160.9381,196.4651,194.3286,176.8825,194.0299,211.6493,189.6112,187.4411,166.9287,187.0793,207.6611,175.3405,173.2710,154.4984,172.9220,191.5807,202.1205,199.6888,177.2113,199.2378,221.4237,191.5919,191.2935,161.3481,184.9057,224.7662,194.4421,196.4830,158.0520,185.5562,237.8185,206.2846,210.6047,159.6318,193.0700,262.9712,215.7208,222.7936,157.9757,196.1239,287.1076,223.7395,230.7594,161.9303,202.0468,301.8961,232.9657,239.8999,166.0182,206.7563,320.6374,233.2183,240.9600,161.5407,201.7945,333.3458,232.3456,241.4839,153.9424,194.2690,349.2174,11.00000000000,38,051
38,075,01034229,38075,Renville,Renville County,06,H1,G4020,,33500,,A,2271556786.00000000000,40648335.00000000000,+48.7127815,-101.6581522,38075,151.6471,151.2114,149.9842,151.2088,152.4682,161.6468,160.9018,157.9306,160.9027,163.8224,138.3397,137.4161,132.8795,137.4415,141.9357,213.4913,211.5432,201.3678,211.4908,221.8075,185.2297,183.2607,170.0075,183.0834,196.5424,206.5033,203.9884,185.5033,203.6232,222.3850,190.2405,187.8095,167.0305,187.3889,208.3211,195.8004,193.1397,171.8651,192.6784,213.9152,242.0213,238.7467,211.5006,238.1317,265.0911,252.5098,251.8547,212.1788,243.3741,296.1685,229.3652,231.3271,185.6586,218.3249,280.4599,229.7111,234.0810,176.9887,214.4410,292.7820,242.6783,250.1996,176.9717,220.0863,322.9475,242.2769,249.4607,174.6252,218.2554,326.8717,244.4724,251.3510,173.5213,216.4634,336.4425,245.2465,253.0164,169.2155,211.7369,350.5120,244.5268,253.8112,161.4194,204.0452,367.5052,11.00000000000,38,075
38,001,01034210,38001,Adams,Adams County,06,H1,G4020,,,,A,2557922251.00000000000,2833850.00000000000,+46.0968146,-102.5331983,38001,122.8717,122.5339,121.5474,122.5311,123.5392,120.0045,119.5027,117.3233,119.4999,121.6343,128.7060,127.9073,123.6983,127.9239,132.0856,140.5443,139.4403,132.7336,139.3936,146.1330,156.6951,155.1633,143.9538,155.0183,166.3533,181.4695,179.4615,163.3281,179.1790,195.4847,151.8583,150.0623,133.5887,149.7594,166.3077,149.1857,147.2920,131.2013,146.9679,162.9956,175.1542,172.9647,153.4109,172.5569,191.8720,162.0149,161.6042,136.1550,156.1651,190.0295,165.0783,166.6367,133.8784,157.3159,201.8759,163.6878,166.9472,126.3736,152.9898,208.6484,159.7995,164.8798,116.7514,145.0832,212.6667,153.7270,158.4025,111.0039,138.6344,207.4137,149.9485,154.2747,106.6178,132.9050,206.3674,142.1186,146.7125,98.2207,122.8144,203.1256,136.5415,141.8030,90.2726,114.0316,205.2163,11.00000000000,38,001
38,059,01034207,38059,Morton,Morton County,06,H1,G4020,,13900,,A,4989016959.00000000000,49666838.00000000000,+46.7137894,-101.2797430,38059,1852.5387,1847.3046,1832.3587,1847.2698,1862.5823,2020.4593,2011.4567,1974.4789,2011.4469,2047.7412,2326.2396,2311.3259,2235.1612,2311.6818,2387.0552,2989.0798,2963.0840,2820.5610,2962.2624,3106.3311,3305.3047,3271.4135,3034.9370,3268.2962,3507.9932,3815.7287,3771.6367,3431.3752,3765.3405,4109.8803,3670.3027,3625.3620,3226.0081,3617.6926,4019.3567,3633.7181,3587.4453,3195.3929,3579.5207,3970.0785,4026.4229,3974.5411,3523.6267,3964.8455,4410.5419,4202.0593,4191.2634,3531.0928,4050.1606,4928.6171,4230.8610,4270.6055,3430.8797,4031.6676,5173.9297,4351.7564,4438.2751,3359.4926,4067.1706,5547.0518,4457.3733,4599.0275,3256.5190,4046.8171,5932.0199,4569.8813,4708.9317,3299.9469,4121.2969,6165.8438,4675.1551,4810.1835,3324.4275,4143.9498,6434.2197,4674.8003,4826.1396,3231.2436,4040.1039,6681.5613,4653.6865,4833.2736,3077.1943,3886.8159,6994.3166,11.00000000000,38,059
38,105,01035306,38105,Williams,Williams County,06,H1,G4020,,48780,,A,5380444836.00000000000,182522864.00000000000,+48.3458667,-103.4873995,38105,2672.8843,2665.1847,2643.5447,2665.1413,2687.3543,3581.6548,3565.1348,3499.2962,3565.1564,3629.8567,4762.8775,4731.5626,4575.4680,4732.3816,4886.9571,7031.7695,6969.3656,6634.1385,6967.5184,7306.8037,9254.0643,9157.5014,8495.3968,9148.7105,9820.4390,11132.0916,11001.4854,10007.7191,10982.7423,11989.6825,11566.1990,11422.1844,10161.8320,11397.4737,12665.8953,12356.7535,12196.8316,10861.3377,12169.3573,13500.4250,14465.2875,14278.0487,12657.3245,14243.0415,15845.1664,15626.1631,15582.9792,13125.5789,15057.5443,18327.2705,16548.4623,16702.0483,13416.1644,15767.0000,20236.8499,17688.8582,18038.9326,13652.7332,16530.0656,22547.2568,18637.4890,19228.4151,13614.0479,16919.1258,24803.2657,19769.6197,20370.0867,14273.9411,17827.6457,26673.7668,20806.6078,21406.7232,14793.8020,18441.4524,28635.1931,21477.4300,22172.1871,14844.3429,18560.7671,30697.0512,22010.4340,22859.5288,14553.6113,18383.0229,33080.8395,11.00000000000,38,105
38,005,01034216,38005,Benson,Benson County,06,H1,G4020,,,,A,3596736786.00000000000,131543448.00000000000,+48.0717375,-099.3619871,38005,362.6079,361.6052,358.6910,361.5975,364.5769,323.2887,321.8644,315.9560,321.8617,327.6586,330.1742,328.0780,317.2716,328.1262,338.8176,390.6205,387.2833,368.6553,387.1718,405.9815,422.2663,418.0335,387.8242,417.6389,448.2244,482.5291,477.0932,434.1411,476.3236,519.7676,456.3433,450.8835,401.3302,449.9589,499.7573,466.3530,460.4776,410.2178,459.4735,509.5253,501.4978,495.1252,439.0447,493.9361,549.3513,546.5367,545.0294,459.0824,526.6526,641.0107,470.2134,474.6667,381.3676,448.1205,575.0309,480.3936,489.9796,370.9184,449.0222,612.3474,495.1519,510.9237,361.8154,449.5900,658.9677,501.7446,517.0446,362.3709,452.5350,676.9743,510.7836,525.5675,363.2649,452.7866,702.9725,507.4017,523.8564,350.7686,438.5474,725.2170,503.7827,523.2490,333.1652,420.7964,757.1680,11.00000000000,38,005
38,017,01034226,38017,Cass,Cass County,06,H1,G4020,244,22020,,A,4571166077.00000000000,7672824.00000000000,+46.9270033,-097.2523747,38017,9610.9838,9583.8501,9506.3218,9583.6691,9663.0925,10899.0794,10850.0144,10650.2851,10849.9962,11046.1040,12969.8149,12887.1072,12462.5411,12889.0407,13309.1381,16685.3348,16542.3058,15746.6348,16537.5786,17341.1733,17556.0660,17377.0852,16121.0595,17360.5665,18633.3218,19148.7632,18930.1588,17224.0595,18899.0692,20625.7021,17809.3890,17593.6938,15657.7653,17557.0174,19503.3748,21124.5104,20859.0213,18582.9682,20813.6699,23080.1361,24169.9751,23864.4291,21163.0421,23807.4460,26476.4944,25251.9194,25189.7080,21224.6006,24342.3926,29618.7538,28815.1796,29091.9557,23377.3995,27466.1590,35239.1404,30180.8584,30787.2635,23310.3329,28215.1802,38471.3953,31081.6823,32075.7885,22718.8639,28226.7853,41365.0906,32560.8840,33558.0608,23523.5676,29372.8509,43932.8589,34215.3707,35210.0968,24341.4025,30335.9805,47089.7006,35298.1102,36447.2622,24409.6011,30513.7571,50451.0500,36296.1421,37702.9438,24011.3069,30322.4980,54552.1206,11.00000000000,38,017
38,057,01034233,38057,Mercer,Mercer County,06,H1,G4020,,,,A,2701246664.00000000000,180092152.00000000000,+47.3032788,-101.8207650,38057,432.0478,430.8366,427.3558,430.8281,434.3915,389.0131,387.2522,380.1184,387.2522,394.2580,506.6284,503.3834,486.7962,503.4605,519.8751,702.3588,696.4184,662.9215,696.2139,730.0172,668.1412,661.3724,613.5718,660.7454,709.1671,881.4232,871.4531,792.9714,870.0395,949.4340,881.2582,870.5382,774.7064,868.7127,965.0760,923.0466,911.3728,811.8543,909.3762,1008.4945,1085.2109,1071.6704,950.5432,1069.1487,1188.7932,1124.2233,1121.7230,945.4107,1084.0639,1318.7015,1124.3866,1135.3154,912.4268,1071.9085,1375.0745,1202.5968,1226.8951,929.0684,1124.4420,1532.9608,1263.1215,1303.6589,923.5034,1147.2753,1681.0388,1305.5661,1345.6809,943.4323,1177.9060,1761.5503,1371.8375,1411.8538,976.1826,1216.4660,1888.0339,1400.4815,1446.2006,968.6931,1210.8158,2001.6957,1424.5803,1479.9046,942.6095,1190.2557,2141.1125,11.00000000000,38,057
38,021,01035622,38021,Dickey,Dickey County,06,H1,G4020,,,,A,2930494938.00000000000,27610559.00000000000,+46.1077559,-098.4965182,38021,276.0093,275.2175,272.9846,275.2129,277.5040,237.1301,236.0795,231.7427,236.0779,240.3337,252.1929,250.5831,242.3273,250.6209,258.7900,287.1658,284.7010,271.0071,284.6198,298.4512,258.6343,256.0158,237.5125,255.7732,274.5164,213.1611,210.7953,191.8403,210.4621,229.6219,216.5329,213.9227,190.3946,213.4795,237.1304,273.0635,269.6077,240.1651,269.0165,298.3413,328.9097,324.6871,287.8670,323.8983,360.2894,258.2087,257.6875,217.2350,249.0506,302.8889,268.9064,271.5206,218.2152,256.3564,328.8606,278.0576,283.6753,214.8132,259.9866,354.4424,282.5155,291.5813,206.5533,256.6036,375.9887,288.4448,297.3066,208.4353,260.2390,389.1874,300.2778,309.0346,213.6699,266.2660,413.2665,312.4988,322.6980,216.1468,270.1744,446.6516,324.7689,337.3802,214.8893,271.3472,488.1203,11.00000000000,38,021
38,023,01034234,38023,Divide,Divide County,06,H1,G4020,,,,A,3265421252.00000000000,86617715.00000000000,+48.8181424,-103.4976526,38023,146.2628,145.8585,144.6830,145.8553,147.0571,154.1387,153.4489,150.6264,153.4484,156.2191,199.1331,197.9009,191.3896,197.9262,204.3641,269.7543,267.4831,254.6176,267.4039,280.3836,296.6576,293.7160,272.4933,293.4400,314.9153,379.3100,375.0379,341.2744,374.4331,408.5830,368.4890,364.0813,324.0687,363.3349,403.5451,412.6012,407.5216,363.1604,406.6575,450.8044,479.6389,473.6949,420.1964,472.5887,525.4249,521.9497,520.8210,438.9891,503.3443,612.2491,531.0737,536.2842,431.0452,506.3480,649.4873,567.0270,578.5325,438.1433,530.2383,722.8002,592.8448,611.9188,433.5273,538.5325,788.9981,621.2978,640.4346,449.0449,560.6059,838.2975,651.8684,670.9251,463.9347,578.0921,897.1574,667.3315,689.1542,461.6500,577.0025,953.8136,679.6586,706.0878,449.7746,567.9060,1021.5138,11.00000000000,38,023
38,063,01034217,38063,Nelson,Nelson County,06,H1,G4020,,,,A,2542784509.00000000000,70037095.00000000000,+47.9186666,-098.2044278,38063,140.2602,139.8734,138.7468,139.8704,141.0220,107.6430,107.1714,105.2055,107.1703,109.0988,125.6378,124.8424,120.7308,124.8605,128.9281,170.2551,168.8155,160.6957,168.7659,176.9599,165.4204,163.7554,151.9210,163.6006,175.5849,183.6584,181.5557,165.1890,181.2564,197.8221,158.4437,156.5454,139.3384,156.2238,173.5168,159.8411,157.8986,140.7357,157.5690,174.6424,154.4261,152.5225,135.3071,152.1684,169.1688,174.9490,174.5827,147.1636,168.7276,205.2188,177.9005,179.7263,144.5335,169.7185,217.5801,185.3124,189.1514,143.3295,173.3886,236.2308,190.7254,196.9422,139.6087,173.3534,253.8374,198.0708,204.2471,143.2865,178.8181,267.2574,209.6146,215.8144,149.3085,185.9823,288.4955,218.6275,225.8427,151.3598,189.1169,312.4877,227.8631,236.7829,150.8973,190.4693,342.4775,11.00000000000,38,063
38,069,01034230,38069,Pierce,Pierce County,06,H1,G4020,,,,A,2638162604.00000000000,165070762.00000000000,+48.2388827,-099.9664970,38069,226.1203,225.4892,223.6689,225.4846,227.3473,188.1242,187.2881,183.8463,187.2871,190.6650,186.2284,185.0750,178.9854,185.0988,191.1198,224.2879,222.3208,211.6272,222.2603,233.0754,227.3123,225.0540,208.7921,224.8423,241.2993,323.5835,320.0248,291.2686,319.5251,348.5808,330.2570,326.2477,290.3405,325.5654,361.6691,324.3584,320.3563,285.4748,319.6752,354.3905,361.1436,356.6565,316.3643,355.8212,395.6168,384.1631,383.2330,322.9241,370.3465,450.6007,344.3282,347.6377,279.3531,328.2108,421.0919,360.2586,367.4992,278.2512,336.7976,459.2201,368.9397,380.7415,269.6760,335.0543,491.0040,383.1358,394.8704,276.7977,345.6243,516.9471,396.4926,408.0196,282.0716,351.5377,545.6822,389.2585,401.9279,269.1773,336.4940,556.3610,384.9838,399.9005,254.6730,321.6169,578.6199,11.00000000000,38,069
38,047,01035620,38047,Logan,Logan County,06,H1,G4020,,,,A,2571385626.00000000000,47715595.00000000000,+46.4692780,-099.5045846,38047,94.3122,94.0405,93.2769,94.0390,94.8228,111.7207,111.2166,109.1688,111.2165,113.2274,75.5397,75.0572,72.5843,75.0685,77.5156,84.1334,83.3485,79.3393,83.3290,87.3997,93.9783,92.9940,86.2700,92.9046,99.7276,142.5806,141.0135,128.3432,140.7935,153.5954,142.8472,141.2690,125.8599,141.0093,156.4519,119.2424,117.9036,105.1983,117.6803,130.2907,118.1701,116.7727,103.6533,116.5140,129.4587,131.7997,131.5094,110.8416,127.0951,154.6003,125.8193,127.1703,102.3253,120.1075,153.8922,128.0955,130.8122,99.1855,119.9326,163.3000,134.2820,138.7181,98.3940,122.1252,178.7218,147.9056,152.5739,107.0936,133.6006,199.5745,158.8438,163.5958,113.2389,141.0039,218.6233,157.9312,163.1967,109.4330,136.6804,225.7374,154.6827,160.7882,102.5250,129.3602,232.4908,11.00000000000,38,047
38,031,01034223,38031,Foster,Foster County,06,H1,G4020,,,,A,1645814578.00000000000,29450851.00000000000,+47.4643267,-098.8728167,38031,171.7944,171.3252,169.9475,171.3213,172.7281,175.9502,175.2015,171.9994,175.1982,178.3361,147.7110,146.8075,141.9796,146.8251,151.5971,198.9440,197.3135,187.8231,197.2520,206.8116,207.6174,205.5519,190.6990,205.3585,220.3907,263.1836,260.2751,236.8789,259.8661,283.5109,236.1253,233.4866,207.9920,233.0504,258.6105,211.4644,208.9927,186.3743,208.5768,231.0518,229.3853,226.7274,201.3107,226.2366,251.3047,223.3946,223.0205,188.0836,215.5662,262.0691,239.3794,241.8712,194.5429,228.4139,292.7771,242.6619,247.7301,187.7582,227.0997,309.3433,247.1926,255.2878,181.0068,224.7247,328.9933,250.9148,258.7812,181.5876,226.5795,338.5637,257.8572,265.5281,183.7493,228.8422,354.8960,253.3551,261.7636,175.4858,219.2161,362.1278,245.2295,254.8762,162.4818,205.0436,368.5821,11.00000000000,38,031
38,053,01035299,38053,McKenzie,McKenzie County,06,H1,G4020,,,,A,7149203878.00000000000,260170373.00000000000,+47.7424751,-103.4032148,38053,1183.2494,1179.7943,1170.1906,1179.7773,1189.6485,1640.0324,1632.4507,1602.2945,1632.4617,1662.0991,2182.4511,2168.3166,2096.8322,2168.6670,2239.4276,3128.6659,3101.3721,2952.1973,3100.5179,3251.3391,3941.5127,3901.1801,3619.1876,3897.4660,4183.2688,4757.3027,4702.3386,4278.1183,4694.4905,5124.0418,5124.5962,5062.0609,4504.6364,5051.4009,5611.9813,5654.2982,5582.7000,4973.0021,5570.4515,6177.7202,6664.6751,6579.8350,5834.4129,6564.0012,7300.6076,7127.0472,7109.3539,5990.1429,6870.1776,8359.5003,7703.1027,7776.5842,6248.5418,7341.8347,9420.3245,8237.8503,8402.8915,6361.7092,7700.7190,10500.6906,8674.1854,8951.1869,6339.5769,7876.9088,11544.0116,9185.5629,9466.4702,6635.4062,8285.6956,12393.6085,9672.3814,9953.1995,6880.4298,8575.2278,13311.8089,9994.1851,10319.1990,6910.6254,8639.1176,14284.5118,10212.3704,10607.8660,6755.2991,8531.2123,15348.8971,11.00000000000,38,053
38,093,01034224,38093,Stutsman,Stutsman County,06,H1,G4020,,27420,,A,5754239519.00000000000,197315065.00000000000,+46.9711034,-098.9575923,38093,1198.4448,1195.0670,1185.4025,1195.0442,1204.9434,1109.6845,1104.7420,1084.4339,1104.7365,1124.6689,1176.2647,1168.7772,1130.2748,1168.9509,1207.0463,1342.6192,1331.2402,1267.2091,1330.8510,1395.4757,1251.0200,1238.6348,1149.1381,1237.4717,1328.0267,980.8668,969.5974,882.1658,967.9913,1056.5000,1231.1245,1216.0829,1082.1539,1213.5179,1348.2110,1403.2168,1385.3381,1233.9322,1382.2759,1533.1071,1560.2983,1540.8514,1366.7163,1537.2302,1709.2299,1518.2480,1514.8813,1276.7819,1464.0255,1780.8905,1497.9465,1512.3225,1215.2443,1427.8030,1831.8917,1530.8770,1561.6158,1182.3449,1431.1456,1951.3992,1543.4644,1592.8035,1128.1353,1401.6616,2054.1189,1546.3592,1593.6773,1117.0976,1394.9055,2086.4257,1565.1932,1610.6493,1113.4214,1387.6684,2154.1296,1618.1455,1670.7812,1118.9135,1398.7646,2312.7875,1625.2864,1688.2361,1075.1102,1357.7407,2442.7588,11.00000000000,38,093
38,055,01034232,38055,McLean,McLean County,06,H1,G4020,,,,A,5467142997.00000000000,562391654.00000000000,+47.6530553,-101.4217937,38055,519.6720,518.1833,513.9802,518.1745,522.4865,581.8233,579.1982,568.5331,579.1977,589.6702,684.8800,680.5194,658.1012,680.6207,702.8020,848.4463,841.0737,800.6184,840.8401,881.7319,911.1251,901.9226,836.7387,901.0686,967.0894,1041.1709,1029.3498,936.6202,1027.6718,1121.4951,1037.2638,1024.6482,911.8533,1022.5000,1135.9197,1082.1575,1068.5219,951.8939,1066.1915,1182.3375,1246.1742,1230.5742,1091.4343,1227.6680,1365.1141,1352.9630,1349.8150,1137.5181,1304.4607,1586.9769,1368.9054,1382.2575,1110.9326,1305.0734,1674.1177,1427.7689,1456.6601,1103.1013,1335.0351,1819.9948,1478.7441,1526.2423,1081.2209,1343.1734,1968.0061,1540.9770,1588.3647,1113.6140,1390.3485,2079.1848,1597.9080,1644.5475,1137.1018,1416.9686,2199.1729,1621.9187,1674.8888,1121.8972,1402.2917,2318.1953,1642.1132,1705.9066,1086.5835,1372.0334,2468.0609,11.00000000000,38,055
38,083,01034203,38083,Sheridan,Sheridan County,06,H1,G4020,,,,A,2518450003.00000000000,86143155.00000000000,+47.5813734,-100.3414991,38083,85.2266,84.9908,84.3057,84.9889,85.6894,61.8432,61.5834,60.4597,61.5820,62.6827,66.2180,65.8128,63.6485,65.8207,67.9600,82.9343,82.2264,78.2714,82.2027,86.1961,76.0458,75.3757,69.9368,75.3081,80.7813,93.3410,92.3496,84.0737,92.2121,100.5620,70.3812,69.5589,61.9319,69.4208,77.0791,78.9159,77.9186,69.4110,77.7481,86.2213,94.9893,93.7885,83.1718,93.5645,104.0541,103.7327,103.4113,87.0704,99.9151,121.6553,102.1868,103.1338,82.8425,97.3596,124.9624,99.0918,101.0523,76.4807,92.5996,126.3081,95.2005,98.2191,69.5409,86.4232,126.6953,94.6652,97.5420,68.3522,85.3681,127.7252,90.5303,93.1401,64.3661,80.2378,124.5926,85.0645,87.8119,58.7857,73.5073,121.5799,83.4652,86.6801,55.1795,69.7037,125.4448,11.00000000000,38,083
38,085,01034208,38085,Sioux,Sioux County,06,H1,G4020,,,,A,2833691263.00000000000,88449927.00000000000,+46.1092821,-101.0475245,38085,265.4833,264.7536,262.6222,264.7477,266.9255,231.1060,230.1119,225.9006,230.1083,234.2367,241.9653,240.4951,232.5885,240.5228,248.3366,285.6260,283.3034,269.6772,283.2139,296.9333,292.1683,289.3315,268.4310,289.0620,310.1895,289.8996,286.7588,261.0221,286.3202,312.3086,282.6219,279.6614,249.3012,279.1841,309.5574,347.5750,343.5236,306.3566,342.8423,379.7706,378.1635,373.6841,331.6932,372.8548,414.2879,369.4470,369.0846,311.5116,356.8174,433.4687,318.1192,321.5682,258.7753,303.7191,389.1036,339.4979,346.7203,262.9150,317.8913,432.8049,370.6479,382.9034,271.6078,337.1061,493.3126,378.0752,390.0432,273.8124,341.5534,510.1538,392.4923,404.2795,279.8850,348.4687,540.2068,408.2265,421.8683,282.9222,353.3359,583.4966,408.5671,424.7187,270.8465,341.7128,614.0849,11.00000000000,38,085
38,077,01035302,38077,Richland,Richland County,06,H1,G4020,244,47420,,A,3718650537.00000000000,25035912.00000000000,+46.2652192,-096.9379599,38077,813.4816,811.2201,804.6761,811.2032,817.8971,698.4559,695.3622,682.5887,695.3575,707.8923,804.1905,799.1348,772.8236,799.2462,825.2709,945.1136,937.3792,892.2931,937.0863,982.4971,906.4126,897.6530,832.8125,896.8183,962.3479,804.4151,796.1315,724.9536,794.9966,866.7212,710.6364,702.9086,626.3477,701.6443,778.3315,1064.4422,1051.6655,937.5130,1049.5032,1163.0192,1131.6411,1118.2058,992.5212,1115.7177,1239.7383,979.9929,978.4002,825.1771,945.7111,1149.6632,1129.2928,1140.9885,917.6680,1077.4871,1381.1916,1203.1570,1228.1915,930.7703,1125.8782,1533.7625,1224.5071,1264.5155,896.4871,1113.0931,1629.7113,1255.2637,1294.5213,908.2711,1133.3979,1693.7407,1307.5610,1346.3575,931.5913,1160.3006,1799.6241,1341.1921,1385.5830,928.7583,1160.3173,1916.9964,1376.8047,1430.8208,911.9734,1151.0104,2069.3407,11.00000000000,38,077
38,089,01035618,38089,Stark,Stark County,06,H1,G4020,,19860,,A,3456948249.00000000000,14135800.00000000000,+46.8170312,-102.6620262,38089,2102.8296,2096.8183,2079.8172,2096.7820,2114.2201,2641.6429,2629.5432,2581.0275,2629.5532,2677.2183,3393.5927,3371.3727,3260.1715,3371.9455,3482.0523,5208.6804,5162.7675,4914.4391,5161.3778,5412.6073,6492.5736,6425.1031,5960.5805,6418.9459,6890.1201,6846.8394,6765.7875,6154.1717,6754.1221,7374.0943,6857.5994,6771.2276,6023.1945,6756.3534,7509.4962,7644.1850,7544.7617,6718.1553,7527.6650,8351.6591,8987.3504,8870.2880,7862.6570,8848.3865,9844.5868,9818.7550,9790.9389,8246.2767,9460.6189,11515.8401,10157.1025,10250.5861,8233.1890,9676.4739,12420.8306,10788.0185,11000.6945,8325.0339,10080.2579,13750.9417,11330.8269,11689.2554,8275.3592,10285.0906,15079.2928,11887.4463,12247.6410,8581.4073,10718.6388,16038.8229,12409.4997,12766.5472,8821.8060,10997.7629,17078.5631,12885.1735,13301.2000,8904.3261,11134.3644,18416.3392,13266.1500,13777.2314,8770.5434,11078.9913,19938.4728,11.00000000000,38,089
38,015,01035614,38015,Burleigh,Burleigh County,06,H1,G4020,,13900,,A,4228552194.00000000000,92317493.00000000000,+46.9718426,-100.4620005,38015,5675.4314,5659.4402,5613.6744,5659.3316,5706.2069,6362.7783,6334.3410,6217.8469,6334.3162,6448.6687,7537.3262,7489.3776,7242.6661,7490.4880,7734.5871,10023.2518,9937.5385,9459.5518,9934.6839,10417.3606,10467.3577,10362.2472,9613.3998,10352.4594,11110.6999,10717.7215,10595.3498,9640.4232,10577.9458,11544.3715,10595.6722,10466.4542,9313.9800,10444.4320,11603.4048,11809.2861,11659.9797,10386.7996,11634.4450,12902.4933,13559.8936,13387.8437,11871.7298,13355.7449,14853.8259,14074.8315,14039.5202,11828.9532,13567.0965,16508.6490,14875.4845,15017.4229,12066.6442,14177.8871,18191.6226,15464.2932,15774.0311,11942.2126,14455.8745,19712.1419,15836.2587,16341.7814,11573.6878,14380.4473,21075.6166,16279.4410,16776.9885,11759.3162,14684.2370,21964.9888,16755.8883,17241.9908,11918.6194,14854.7705,23060.5978,17089.3405,17644.7029,11815.9873,14771.7856,24425.4639,17324.2751,17994.8226,11459.0332,14471.8999,26037.8590,11.00000000000,38,015
38,009,01034227,38009,Bottineau,Bottineau County,06,H1,G4020,,,,A,4321189959.00000000000,74919452.00000000000,+48.7944116,-100.8312572,38009,353.6066,352.6104,349.7590,352.6036,355.5241,353.7159,352.1456,345.6750,352.1435,358.4937,386.7225,384.2711,371.6146,384.3270,396.8484,470.8719,466.8547,444.3995,466.7200,489.3924,520.5445,515.2945,478.0538,514.8069,552.5231,569.0329,562.6538,512.0187,561.7522,612.9563,507.7250,501.6911,446.5902,500.6717,556.0318,641.9728,634.0644,565.0376,632.7189,701.4135,810.3188,800.1668,709.6842,798.2754,887.6579,833.7314,831.7685,700.9271,803.8145,977.9313,832.3183,840.4212,675.4392,793.4879,1017.8902,881.0836,898.8978,680.7038,823.8385,1123.1265,915.0508,944.4285,669.0378,831.1413,1217.8062,957.8241,987.2651,692.1647,864.1806,1292.3563,1004.9817,1034.3025,715.1423,891.1666,1383.1378,1033.3710,1067.1089,714.7736,893.4267,1476.9882,1061.8637,1103.1064,702.6172,887.2069,1595.9579,11.00000000000,38,009
38,095,01034213,38095,Towner,Towner County,06,H1,G4020,,,,A,2653599962.00000000000,43818735.00000000000,+48.6821831,-099.2481583,38095,148.4393,148.0197,146.8221,148.0170,149.2440,91.5519,91.1533,89.4825,91.1522,92.7908,76.3302,75.8533,73.3566,75.8635,78.3327,140.2096,138.9594,132.2754,138.9230,145.6899,163.4345,161.8093,150.1173,161.6571,173.4900,184.5947,182.5498,166.1372,182.2620,198.8506,188.6919,186.5038,166.0685,186.1373,206.6510,185.3700,183.1772,163.3267,182.8073,202.5388,222.2623,219.5930,194.8798,219.0980,243.4896,243.8354,243.4253,205.2903,235.2886,286.0483,218.4968,220.8107,177.6407,208.5373,267.2428,233.0058,237.9037,180.3418,218.1024,297.0375,252.3422,260.6284,184.8160,229.4344,335.8489,267.1630,275.5553,193.3749,241.2728,360.4892,276.9057,285.1581,197.3491,245.7660,381.1142,281.9463,291.3129,195.3057,243.9662,402.9947,283.5899,294.7504,187.9068,237.1237,426.2384,11.00000000000,38,095
38,081,01035303,38081,Sargent,Sargent County,06,H1,G4020,,,,A,2223539399.00000000000,21720498.00000000000,+46.1082063,-097.6300298,38081,242.7832,242.1133,240.1628,242.1080,244.1018,223.3077,222.3018,218.2093,222.3015,226.3199,225.2556,223.8329,216.4619,223.8649,231.1566,227.9712,226.0175,215.1463,225.9529,236.9322,229.5505,227.2715,210.8496,227.0579,243.6763,376.0284,371.7776,338.2975,371.1751,405.0436,306.6166,303.0629,269.8578,302.4676,335.7996,266.0418,262.8391,234.3000,262.2967,290.6791,269.4163,265.9995,235.8778,265.3621,295.1251,255.0738,254.5608,214.6009,246.0292,299.2120,277.4991,280.2398,225.2635,264.6020,339.3760,279.8631,285.5599,216.2826,261.7284,356.7490,280.2694,289.3043,204.9817,254.6152,373.0031,290.9721,299.9516,210.3306,262.5701,392.6010,301.3187,310.1439,214.4773,267.2373,414.7021,290.3310,299.8404,200.8735,251.0512,414.9697,282.7300,293.7378,187.1250,236.2588,424.9387,11.00000000000,38,081
38,101,01034231,38101,Ward,Ward County,06,H1,G4020,,33500,,A,5214369294.00000000000,110541959.00000000000,+48.2166858,-101.5405369,38101,3535.2041,3525.1444,3496.5866,3525.0814,3554.3599,3987.5779,3969.4643,3896.3072,3969.4691,4041.3225,4934.5667,4902.7892,4741.1964,4903.5604,5063.4933,7092.0488,7030.0922,6691.9472,7028.1620,7370.0683,8694.5489,8604.4426,7982.3795,8596.2065,9227.0873,10056.5800,9936.6704,9037.8622,9919.3729,10830.7574,10423.6814,10290.2029,9151.4634,10267.0964,11414.3246,11385.0844,11233.2019,9998.6823,11206.9597,12438.5595,12630.5622,12461.8497,11041.9236,12430.2027,13834.7875,13024.6158,12982.3338,10929.0272,12542.8918,15274.4995,13740.2818,13861.3475,11128.2041,13083.3354,16801.7204,14485.7581,14765.8241,11168.9104,13528.4704,18463.5970,14961.1946,15428.8999,10917.2402,13573.4303,19910.1678,15607.1686,16074.6210,11257.2186,14065.6926,21057.0728,16257.2213,16719.7133,11547.9046,14401.0805,22373.5650,16719.9995,17254.8726,11545.5965,14441.8925,23896.9774,17118.2899,17773.2816,11309.2633,14290.5202,25727.8014,11.00000000000,38,101
20,071,00485002,20071,Greeley,Greeley County,06,H1,G4020,,,,A,2016176814.00000000000,0.00000000000,+38.4804076,-101.8059837,20071,22.6343,22.5687,22.3852,22.5683,22.7568,36.0877,35.9132,35.2457,35.9140,36.5711,60.9768,60.5876,58.5914,60.5967,62.5719,75.9292,75.2640,71.6439,75.2435,78.9046,69.2517,68.5681,63.6140,68.5038,73.5158,80.8280,79.8788,72.6628,79.7426,87.0545,64.5417,63.7968,56.8098,63.6723,70.6850,89.3118,88.2170,78.6187,88.0309,97.5816,121.0951,119.6648,106.2223,119.4001,132.6633,130.2329,129.9597,109.5483,125.6010,152.7657,117.8792,119.0645,95.7268,112.4270,144.1674,132.0582,134.7668,102.0926,123.5268,168.3406,139.3054,143.8160,101.9183,126.5791,185.3996,147.1909,151.7524,106.4307,132.8478,198.6025,155.1813,159.7446,110.4894,137.6524,213.5760,163.3993,168.7677,113.0814,141.3132,233.5476,169.0225,175.6176,111.8933,141.2586,254.0390,11.00000000000,20,071
20,059,00484998,20059,Franklin,Franklin County,06,H1,G4020,312,28140,,A,1480840246.00000000000,13936113.00000000000,+38.5580187,-095.2789618,20059,1489.3290,1485.1115,1473.0909,1485.0839,1497.4020,1422.4403,1416.1166,1390.0909,1416.1087,1441.6513,1307.7513,1299.4536,1256.6525,1299.6437,1341.9888,1466.7936,1454.4417,1384.4849,1454.0109,1524.5894,1366.9686,1353.4901,1255.6994,1352.2213,1451.1485,1294.7932,1280.3739,1165.2100,1278.3405,1394.7656,1246.6895,1231.7682,1096.3887,1229.2411,1365.2920,1326.3294,1309.9198,1167.2461,1307.1255,1449.1310,1252.5120,1237.1040,1097.5041,1234.2391,1372.0898,1038.0886,1036.0762,873.5094,1001.3723,1217.7384,998.8842,1008.8528,811.0377,952.5890,1221.6329,962.4049,982.1046,743.9531,900.1800,1226.8168,914.7382,944.3358,669.2029,831.1457,1217.4104,867.9242,894.8152,627.5674,783.3412,1171.0768,827.2932,851.6280,589.0467,733.8530,1138.6042,782.7391,808.4800,541.7424,676.9695,1118.7752,736.8739,765.6600,487.8730,615.8757,1107.5155,11.00000000000,20,059
20,147,00485037,20147,Phillips,Phillips County,06,H1,G4020,,,,A,2294410181.00000000000,22493391.00000000000,+39.7845058,-099.3421498,20147,260.9751,260.2388,258.1339,260.2339,262.3901,257.4686,256.3427,251.6415,256.3400,260.9512,241.4410,239.8793,231.9715,239.9178,247.7453,284.2910,281.8765,268.3186,281.7944,295.4798,267.6150,264.9059,245.7600,264.6548,284.0487,359.0408,355.0995,323.1964,354.5465,386.7793,347.7468,343.8277,306.2554,343.1778,380.8573,295.8158,292.2578,260.5275,291.6554,323.2106,287.6506,284.1517,252.1276,283.5020,315.1175,279.7851,279.1775,235.3105,269.8088,328.1884,250.9502,253.4955,203.8290,239.3706,306.9182,256.1128,261.3930,198.0451,239.6012,326.4820,258.2927,266.6859,189.0227,234.7338,343.7608,254.9225,262.8530,184.3817,230.1202,343.9659,257.9472,265.5626,183.7116,228.8483,355.0151,245.8882,253.9948,170.2181,212.6875,351.4513,227.4399,236.3392,150.6100,190.1107,341.8412,11.00000000000,20,147
20,085,00485007,20085,Jackson,Jackson County,06,H1,G4020,,45820,,A,1699594134.00000000000,4666496.00000000000,+39.4109892,-095.7945092,20085,884.3542,881.8640,874.7335,881.8470,889.1500,748.4112,745.0675,731.3657,745.0645,758.5143,696.1437,691.8024,669.0331,691.8948,714.4116,775.7685,769.1941,732.1968,768.9692,806.3094,728.4053,721.0370,668.9251,720.3538,773.1389,834.9731,825.2357,750.7295,823.8411,899.3147,812.9984,802.9991,714.5045,801.2902,890.3113,752.5769,743.0309,661.8666,741.3973,822.2424,777.2944,767.4057,680.4734,765.5602,851.4633,723.4730,721.8343,608.3481,697.5925,848.6186,598.0668,603.8182,485.2162,570.0761,731.3989,578.9112,590.5607,447.1561,541.2291,737.9374,563.1739,581.2202,411.7048,511.4882,749.5036,534.5687,550.9782,386.2647,482.2780,721.2716,519.1047,534.2379,369.3727,460.3005,714.4333,495.7729,511.9597,342.9229,428.6336,708.6039,465.5660,483.6604,308.0783,389.0037,699.7362,11.00000000000,20,085
20,145,00485036,20145,Pawnee,Pawnee County,06,H1,G4020,,,,A,1953531750.00000000000,992040.00000000000,+38.1828730,-099.2321540,20145,386.0964,384.9590,381.8202,384.9539,388.1830,434.7785,432.7710,424.7778,432.7738,440.6291,486.0256,482.8291,466.9003,482.9128,498.6867,548.7322,543.9057,517.7439,543.7586,570.2224,552.7932,547.0577,507.5072,546.5337,586.6472,595.6211,588.5771,535.3751,587.5636,641.4901,454.7540,449.2429,399.8072,448.3056,498.0087,535.4653,528.0725,469.7881,526.7872,584.9980,515.6380,508.5029,450.3089,507.1597,564.7700,424.2210,422.6244,355.5712,408.2597,497.4481,476.7959,480.6953,385.6269,453.6214,582.9805,471.8929,480.6998,363.2878,440.3094,601.4380,447.7604,461.4301,326.1711,405.8160,595.8448,434.2393,446.9228,312.6535,390.9405,585.8436,420.9564,432.6198,298.4691,372.4983,579.3050,398.1003,410.5417,274.3785,343.4905,568.9623,375.6377,389.7436,247.6903,313.2583,564.5452,11.00000000000,20,145
20,027,00484983,20027,Clay,Clay County,06,H1,G4020,,,,A,1671322093.00000000000,26674040.00000000000,+39.3449643,-097.1688527,20027,425.0235,423.8398,420.4195,423.8310,427.3302,418.2390,416.3561,408.6916,416.3554,423.8809,443.0063,440.2135,425.7179,440.2758,454.6145,474.2395,470.2050,447.5887,470.0686,492.8998,421.6225,417.4395,387.2769,417.0472,447.5697,478.4603,473.1358,430.5818,472.3852,515.4039,438.0475,432.8556,385.3274,431.9792,479.7266,411.7267,406.7293,362.5258,405.8817,449.8531,453.0157,447.4702,397.0039,446.4397,496.2686,410.9174,409.9959,345.5455,396.2292,481.9997,358.2082,361.7653,290.8139,341.5842,438.0849,359.7484,367.0906,278.0530,336.4615,458.5834,344.9884,356.1284,252.3476,313.4337,459.1375,334.4257,344.7642,241.7723,301.8051,451.2334,327.8699,337.4902,233.4068,290.8075,451.2457,310.6580,320.8483,214.9640,268.6471,444.0241,293.8987,305.3541,194.5399,245.6075,441.7257,11.00000000000,20,027
20,011,00484975,20011,Bourbon,Bourbon County,06,H1,G4020,,,,A,1645861744.00000000000,9377657.00000000000,+37.8560997,-094.8509284,20011,687.7179,685.7921,680.2525,685.7784,691.4488,780.6587,777.2154,762.9461,777.2092,791.2098,816.7115,811.5915,784.8735,811.7031,838.1282,824.4395,817.5507,778.2277,817.3049,856.9591,784.2375,776.4148,720.3104,775.6835,832.4727,730.1290,721.9708,657.0154,720.8190,786.4952,632.8296,625.4235,556.8353,624.1789,693.0525,723.2455,714.2189,636.3492,712.6791,790.2045,739.8903,730.6290,648.0182,728.9036,810.5086,691.9586,690.1541,581.4215,666.9122,811.5954,540.8419,545.9584,438.6410,515.4234,661.4027,524.1229,534.5677,404.6582,489.8785,668.0865,493.7173,509.4150,360.7185,448.2518,657.0561,458.5185,472.4784,331.1141,413.5204,618.6500,434.5106,447.0766,309.0023,385.1611,598.0000,406.7418,419.9227,281.1653,351.5352,581.3456,374.7026,389.1796,247.7981,312.9772,563.1650,11.00000000000,20,011
20,157,00485042,20157,Republic,Republic County,06,H1,G4020,,,,A,1857981647.00000000000,7967119.00000000000,+39.8289103,-097.6509213,20157,218.6229,218.0141,216.2549,218.0096,219.8094,194.1766,193.3405,189.8016,193.3375,196.8068,168.8934,167.8530,162.3314,167.8739,173.3326,260.6960,258.4897,246.0567,258.4139,270.9611,202.3010,200.3313,185.8594,200.1445,214.7755,247.7135,245.0375,223.0502,244.6642,266.8638,209.8053,207.4444,184.7788,207.0531,229.7822,228.0796,225.3434,200.8851,224.8804,249.2019,249.8136,246.9324,219.2644,246.4006,273.6867,251.2398,250.9051,211.6823,242.5420,294.7558,209.3610,211.6194,170.2854,199.8696,256.0755,213.3117,217.8459,165.1870,199.7313,271.9374,219.9919,227.2726,161.2197,200.0920,292.7981,216.2712,223.1295,156.6506,195.3950,291.8255,218.0700,224.6343,155.5318,193.6298,300.1419,210.0475,217.0925,145.6196,181.8366,300.2321,203.3967,211.4640,134.8827,170.1473,305.7111,11.00000000000,20,157
20,043,00484991,20043,Doniphan,Doniphan County,06,H1,G4020,,41140,,A,1018914848.00000000000,12615016.00000000000,+39.7885021,-095.1472253,20043,436.5295,435.3278,431.8223,435.3182,438.9006,401.3997,399.6255,392.2866,399.6226,406.8238,376.7684,374.4260,362.1042,374.4752,386.6595,430.5891,427.0372,406.4975,426.9057,447.6028,450.8506,446.5184,414.2671,446.1042,478.6893,367.9246,363.9495,331.2919,363.3950,396.3681,265.5881,262.5769,233.8675,262.0766,290.8738,357.2836,352.9815,314.6538,352.2530,390.3705,395.9183,391.2681,347.3418,390.4080,433.7435,327.3804,326.8720,275.7046,315.9573,384.0669,356.0574,359.7549,289.3510,339.7358,435.4807,360.8716,368.3991,279.2054,337.7163,460.0347,345.6015,356.9201,253.0678,314.1898,459.9676,334.8658,345.3711,242.3551,302.3972,451.8409,325.6839,335.3862,232.1066,289.0541,448.2488,321.3405,332.0163,222.5951,278.0543,459.3021,320.2151,332.8171,212.1749,267.7481,481.2865,11.00000000000,20,043
20,175,00485050,20175,Seward,Seward County,06,H1,G4020,,30580,,A,1656290756.00000000000,2562633.00000000000,+37.1805849,-100.8547406,20175,1304.8614,1301.1814,1290.6575,1301.1566,1311.9366,1290.9888,1285.2399,1261.6143,1285.2334,1308.4217,1147.3834,1140.0588,1102.4978,1140.2308,1177.3975,1308.7678,1297.5107,1235.1014,1297.1425,1360.1863,1428.7988,1414.1435,1311.9206,1412.7958,1516.4125,1380.8646,1364.8535,1241.6871,1362.5646,1487.2985,1214.1959,1199.5656,1067.6381,1197.0822,1329.6960,1414.2349,1396.5905,1244.3295,1393.5808,1545.1669,1591.4509,1571.2034,1393.2150,1567.4247,1743.3060,1569.2087,1565.2336,1318.7459,1512.5538,1840.5467,1410.7334,1424.0607,1144.1198,1344.4085,1725.2013,1413.1329,1441.2891,1091.0252,1320.7972,1801.2850,1438.8794,1484.6645,1051.3322,1306.4208,1914.9134,1446.9826,1491.0576,1044.9582,1305.0048,1952.3238,1455.0807,1497.1436,1034.7494,1289.7971,2002.5694,1456.9718,1504.1751,1007.1296,1259.2044,2082.4116,1440.6652,1496.2908,952.6760,1203.2980,2165.2677,11.00000000000,20,175
20,057,00484997,20057,Ford,Ford County,06,H1,G4020,,19980,,A,2844508251.00000000000,2097359.00000000000,+37.6883653,-099.8847340,20057,2057.2242,2051.3495,2034.7203,2051.3138,2068.3686,2045.5243,2036.4122,1998.9767,2036.4020,2073.1452,1991.0242,1978.4317,1913.2757,1978.7164,2043.1729,2061.1843,2043.2780,1944.9974,2042.7102,2142.0501,1858.3090,1839.7591,1706.8151,1838.0256,1972.5969,1756.5396,1736.6954,1580.3072,1733.8833,1892.0818,1438.3262,1421.5044,1265.6222,1418.6779,1575.2051,1466.2520,1448.2854,1290.7154,1445.2320,1602.0188,1642.6095,1622.0085,1438.5702,1618.1699,1799.3822,1404.6090,1401.8749,1181.9014,1354.9154,1647.6853,1047.5562,1058.0159,850.5662,999.0120,1281.1595,937.4289,956.6384,724.6831,876.8453,1194.9814,831.5690,858.5122,608.4209,755.6229,1106.7251,713.3916,735.5560,515.9358,643.9465,962.5739,597.5583,615.2186,425.6170,530.1714,822.4266,501.9575,518.4630,347.4073,434.1270,717.4517,442.1031,459.2014,292.4022,369.2959,664.4667,11.00000000000,20,057
20,125,00485027,20125,Montgomery,Montgomery County,06,H1,G4020,,17700,,A,1666728264.00000000000,20601764.00000000000,+37.1895369,-095.7424028,20125,1757.9860,1753.0857,1738.9369,1753.0497,1767.5264,1562.0766,1555.1559,1526.5876,1555.1456,1583.1803,1479.6158,1470.3999,1422.0071,1470.5950,1518.4496,1645.5439,1631.8027,1553.3154,1631.3115,1710.4570,1510.5663,1495.7839,1387.7223,1494.3861,1603.6630,1292.7803,1278.3826,1163.3975,1276.3523,1392.5970,990.9320,979.1226,871.5559,977.1255,1085.2091,1245.0384,1229.7119,1095.8516,1227.1046,1360.3179,1280.7746,1264.9881,1122.2101,1262.0522,1403.0469,1129.9727,1127.4693,950.2630,1089.6199,1325.4478,959.2347,968.6991,778.6545,914.6411,1173.1241,933.5072,952.4937,721.4017,872.9975,1189.9649,880.1222,908.4782,643.6705,799.5406,1171.3299,819.6572,844.9371,592.4674,739.6309,1105.9405,776.3700,799.0934,552.5897,688.5373,1068.5095,742.9498,767.2686,514.0029,642.4144,1061.8960,725.9123,754.1590,480.4172,606.5775,1091.0334,11.00000000000,20,125
20,117,00485023,20117,Marshall,Marshall County,06,H1,G4020,,,,A,2331463499.00000000000,12753940.00000000000,+39.7827091,-096.5212426,20117,452.1685,450.8911,447.2431,450.8826,454.6200,426.3152,424.3939,416.5804,424.3933,432.0654,479.3748,476.3114,460.6179,476.3836,491.9128,556.2031,551.5180,524.9906,551.3547,578.1182,451.0813,446.6266,414.3569,446.2076,478.8549,505.0286,499.4870,454.6131,498.7096,544.0464,502.0201,496.1505,441.7441,495.1643,549.7953,516.4162,510.1563,454.7204,509.0948,564.2375,541.6409,535.1082,474.8583,533.8963,593.3674,478.7791,477.7780,402.7420,461.7550,561.6181,421.1512,425.3751,341.9877,401.6584,515.0703,428.5836,437.3739,331.3320,400.8953,546.3351,418.1243,431.6680,305.9160,379.9329,556.4762,404.8738,417.4300,292.7716,365.4324,546.2910,400.9800,412.7838,285.5202,355.7019,551.8698,382.4562,395.0370,264.7085,330.7803,546.6479,359.1885,373.2204,237.8136,300.2083,539.8574,11.00000000000,20,117
20,207,00485064,20207,Woodson,Woodson County,06,H1,G4020,,,,A,1289347304.00000000000,19251707.00000000000,+37.8884836,-095.7575533,20207,170.9884,170.4964,169.1123,170.4936,171.9142,115.6436,115.0933,112.9589,115.0952,117.1951,154.1450,153.1531,148.1054,153.1771,158.1728,176.0548,174.5439,166.1484,174.4941,182.9737,182.0895,180.3483,167.3227,180.1813,193.3386,173.8536,171.8282,156.3161,171.5383,187.2511,199.5801,197.1244,175.3993,196.7046,218.5593,188.5603,186.1812,165.8566,185.7745,206.0159,198.8089,196.2917,174.0679,195.8221,217.7806,166.3365,165.9313,139.8165,160.3511,195.1023,166.2596,167.8939,134.9498,158.5228,203.3310,176.3810,179.9631,136.2956,164.9414,224.8366,172.7836,178.3456,126.3559,156.9581,229.9524,171.1358,176.4098,123.6937,154.4218,230.9084,165.7801,170.6291,117.9901,147.0209,228.1611,165.5156,170.9305,114.5053,143.1145,236.5707,159.1132,165.3025,105.2992,132.9536,239.1443,11.00000000000,20,207
20,105,00485017,20105,Lincoln,Lincoln County,06,H1,G4020,,,,A,1863226611.00000000000,2748359.00000000000,+39.0472763,-098.2142650,20105,162.9379,162.4829,161.1710,162.4796,163.8221,135.4010,134.7665,132.2724,134.7680,137.2203,135.1706,134.2868,129.8578,134.3095,138.6947,159.5043,158.1824,150.5741,158.1341,165.8028,112.9042,111.7587,103.6812,111.6527,119.8357,168.6487,166.8040,151.8221,166.5455,181.6800,178.4071,176.3040,156.9557,175.9497,195.3834,175.4322,173.3457,154.5491,172.9932,191.6799,190.0805,187.8299,166.7243,187.4132,208.2382,151.9075,151.6260,127.8474,146.5507,178.1994,143.6543,145.1557,116.7580,137.0814,175.6998,153.9095,157.1338,119.1036,144.0514,196.2037,156.8967,162.0528,114.9183,142.6585,208.8183,154.3906,159.2533,111.7715,139.4453,208.3239,160.7111,165.5206,114.5729,142.6636,221.1933,158.2351,163.5118,109.6456,136.9447,226.1717,151.9475,157.9474,100.7163,127.0756,228.3798,11.00000000000,20,105
20,055,00485326,20055,Finney,Finney County,06,H1,G4020,,23780,,A,3372079580.00000000000,1825540.00000000000,+38.0498552,-100.7399289,20055,2048.6882,2042.9881,2026.5050,2042.9457,2059.8078,1784.2975,1776.4631,1743.8671,1776.4464,1808.4237,1801.8869,1790.4933,1731.5274,1790.7507,1849.0833,2005.6421,1988.7278,1893.0726,1988.1405,2084.6542,2190.5487,2168.5676,2011.8533,2166.5198,2325.1940,2263.9924,2238.3444,2036.7378,2234.7063,2438.6712,2105.9349,2080.8419,1852.2438,2076.5984,2306.2939,2048.9733,2023.0914,1802.2090,2018.6659,2238.6518,2290.0524,2261.2482,2005.4308,2255.8793,2508.6077,1992.2211,1986.6049,1673.2158,1919.5897,2336.5657,1730.3201,1746.4612,1402.9483,1648.7127,2115.9940,1756.4144,1791.2095,1355.7079,1641.3955,2238.8331,1701.2435,1755.1455,1242.6348,1544.3421,2264.0567,1637.0546,1686.6659,1181.7840,1476.1048,2208.7533,1565.6938,1610.6816,1112.9323,1387.4997,2154.7799,1451.6918,1498.4326,1002.9640,1254.2757,2074.8446,1318.0637,1368.6600,871.0756,1100.5338,1980.9838,11.00000000000,20,055
20,187,00485055,20187,Stanton,Stanton County,06,H1,G4020,,,,A,1762086193.00000000000,180151.00000000000,+37.5659319,-101.7893829,20187,103.4465,103.1592,102.3272,103.1570,104.0081,89.1205,88.7512,87.1344,88.7488,90.3318,95.9285,95.3655,92.2348,95.3742,98.4656,94.7876,94.0803,89.5554,94.0462,98.5805,74.2002,73.5109,68.2034,73.4437,78.7974,86.2143,85.3511,77.7359,85.2341,92.8992,82.5708,81.6831,72.7953,81.5385,90.4376,60.0067,59.3133,52.9021,59.1969,65.5654,77.8952,77.0536,68.4781,76.8995,85.3461,63.5506,63.5105,53.6249,61.4057,74.5687,59.0008,59.6822,48.0675,56.3824,72.1729,57.9475,59.2334,44.9690,54.3265,73.8801,52.8521,54.6629,38.8380,48.1486,70.3489,49.0576,50.6770,35.6437,44.4033,66.2015,47.0441,48.5299,33.6748,41.8600,64.7550,42.2008,43.6846,29.3775,36.6186,60.3247,39.1648,40.7792,26.0809,32.8374,58.8696,11.00000000000,20,187
20,179,00485052,20179,Sheridan,Sheridan County,06,H1,G4020,,,,A,2320518450.00000000000,647342.00000000000,+39.3505425,-100.4412056,20179,108.6195,108.3137,107.4379,108.3116,109.2085,118.5236,117.9883,115.8154,117.9882,120.1219,117.2232,116.5248,112.6971,116.5366,120.3177,102.0404,101.1713,96.3050,101.1420,106.0548,117.0563,115.8921,107.5179,115.7831,124.2582,137.3618,135.7793,123.5328,135.5535,147.9523,143.6616,142.0019,126.4483,141.7243,157.3356,153.7888,151.8805,135.3325,151.5554,168.0274,162.0133,160.0334,141.9881,159.6655,177.4824,128.7366,128.4449,108.2507,124.1312,151.0053,120.5670,121.7684,97.8903,114.9768,147.4529,123.1953,125.7160,95.2300,115.2287,157.0419,116.0897,119.8437,84.9249,105.4781,154.5017,117.8688,121.5207,85.2270,106.3819,159.0385,117.4271,120.8828,83.6129,104.1661,161.6151,114.2063,117.9636,79.0463,98.7759,163.2361,106.1205,110.2674,70.2630,88.6965,159.4984,11.00000000000,20,179
20,017,00484978,20017,Chase,Chase County,06,H1,G4020,,21380,,A,2002216830.00000000000,12088093.00000000000,+38.2985525,-096.5940642,20017,129.8540,129.4918,128.4467,129.4892,130.5587,136.1970,135.5997,133.1120,135.5984,138.0387,93.2341,92.6597,89.6116,92.6713,95.6847,111.6011,110.6990,105.3746,110.6636,116.0226,135.0440,133.7254,124.0648,133.6005,143.3688,141.8433,140.3005,127.7047,140.0848,152.8059,160.4614,158.6195,141.2562,158.3120,175.7358,136.2766,134.6609,120.0643,134.3882,148.8982,136.0671,134.3937,119.2286,134.0826,149.0576,115.9191,115.6255,97.4171,111.7339,135.9632,116.3739,117.5415,94.4999,110.9881,142.3260,114.2892,116.6308,88.3510,106.9025,145.6894,112.0314,115.6569,81.9608,101.7943,149.1009,112.1627,115.6381,81.1016,101.2323,151.3394,110.2100,113.4496,78.4674,97.7592,151.6819,104.8948,108.3386,72.5888,90.7135,149.9265,96.6969,100.4672,64.0088,80.8100,145.3343,11.00000000000,20,017
20,051,00484995,20051,Ellis,Ellis County,06,H1,G4020,,25700,,A,2330762469.00000000000,1197085.00000000000,+38.9145957,-099.3173291,20051,1352.2602,1348.4596,1337.5601,1348.4333,1359.5943,1408.1767,1401.7949,1375.9678,1401.7955,1427.1604,1611.4910,1601.2052,1548.4513,1601.4465,1653.6464,2075.5582,2057.6010,1958.6317,2057.0242,2157.0352,1742.4117,1724.4933,1599.8323,1722.8480,1849.2256,1413.6537,1397.4113,1271.4019,1395.0964,1522.6582,1046.6237,1033.4059,919.2115,1031.1277,1146.1137,1710.1391,1688.1470,1503.4438,1684.3734,1868.4281,1980.3372,1954.8654,1733.1314,1950.1062,2169.2660,1842.1210,1836.8905,1547.0833,1774.9157,2160.5126,1973.7508,1992.1618,1600.3208,1880.6611,2413.6832,1984.8024,2024.1123,1531.9748,1854.8154,2529.9492,1924.3125,1985.2742,1405.5568,1746.8280,2560.9218,1885.5494,1942.7015,1361.1889,1700.1812,2544.0296,1894.7452,1949.2446,1346.9293,1679.1732,2607.6401,1908.3824,1969.9585,1318.7205,1649.0251,2727.5831,1947.0735,2022.0423,1287.1771,1626.0118,2926.3681,11.00000000000,20,051
20,209,00485065,20209,Wyandotte,Wyandotte County,06,H6,G4020,312,28140,,C,392642353.00000000000,11895464.00000000000,+39.1153842,-094.7630866,20209,9310.9903,9284.9561,9209.9771,9284.7689,9361.5086,10312.7391,10266.5497,10077.6867,10266.5164,10451.9216,10802.4007,10734.3401,10380.8834,10735.8548,11085.4822,12456.3963,12350.7983,11756.7388,12347.1882,12946.7646,11947.6530,11829.7371,10975.0197,11818.6427,12683.3342,11970.8373,11838.1930,10773.8270,11819.5210,12895.3134,11250.4861,11119.4807,9900.6298,11097.5018,12321.2090,11902.9979,11758.5535,10480.6578,11734.0535,13005.2319,13486.6572,13321.7418,11819.4808,13291.0987,14774.3541,13173.2361,13146.4092,11082.4227,12705.7167,15452.6594,13075.6465,13206.6260,10617.5452,12470.2429,15991.5632,13323.7269,13596.7648,10299.9819,12462.6654,16984.3353,13225.9010,13654.0347,9676.1146,12017.5053,17602.1574,13286.3271,13698.0706,9607.0637,11991.6334,17927.0452,13460.9801,13856.8872,9584.3611,11940.5435,18526.3531,13419.0798,13860.0995,9287.0079,11605.4470,19179.9772,13225.5149,13741.7577,8755.6741,11053.3137,19877.8160,11.00000000000,20,209
20,035,00484987,20035,Cowley,Cowley County,06,H1,G4020,556,49060,,A,2915679697.00000000000,17291321.00000000000,+37.2345068,-096.8372468,20035,1906.3047,1900.9957,1885.6555,1900.9564,1916.6508,1806.9217,1798.8538,1765.7754,1798.8462,1831.3155,1775.2640,1764.1033,1706.0211,1764.3494,1821.7993,2028.3876,2011.3887,1914.6438,2010.7874,2108.3643,2024.7621,2004.9230,1860.0768,2003.0484,2149.5325,1760.5950,1740.9360,1584.3134,1738.1613,1896.5173,1711.9791,1691.7350,1506.0216,1688.3204,1874.8748,1959.5581,1935.2088,1724.3246,1931.0587,2140.9828,2095.5481,2069.3964,1835.4944,2064.5259,2295.5657,1873.1358,1868.9123,1575.1018,1806.1526,2197.1535,1719.2286,1735.9718,1395.1913,1639.0285,2102.5450,1732.8192,1767.8577,1338.7401,1620.2403,2208.8432,1701.0415,1755.6536,1243.7139,1545.0575,2263.8512,1650.8432,1701.5841,1192.9670,1489.4432,2227.4209,1616.3137,1663.4680,1150.1606,1433.2618,2224.5024,1596.2596,1648.3728,1104.1152,1380.0835,2281.5197,1554.5462,1614.9218,1028.6121,1298.8490,2336.4485,11.00000000000,20,035
20,021,00484980,20021,Cherokee,Cherokee County,06,H1,G4020,,,,A,1521793550.00000000000,8948884.00000000000,+37.1693922,-094.8456975,20021,1257.7653,1254.2392,1244.1059,1254.2143,1264.5882,1129.6635,1124.6600,1104.0006,1124.6524,1144.9256,1023.9742,1017.5358,984.0338,1017.6779,1050.8153,1120.1751,1110.7508,1057.3252,1110.4213,1164.3187,1056.8437,1046.4125,970.8075,1045.4311,1121.9187,971.6178,960.9502,874.6145,959.4534,1046.6819,898.6944,888.3047,791.0009,886.5660,984.2329,874.6267,863.9234,769.9444,862.1048,955.6132,823.0120,813.0158,721.4034,811.1598,901.6009,695.7335,694.3921,585.4448,671.1352,816.1377,652.7434,659.3740,530.1949,622.6367,798.3225,609.3599,621.9371,471.2264,570.0924,776.7886,561.7770,580.0468,411.1429,510.5559,747.6682,520.3052,536.5054,376.3529,469.7003,702.0469,483.3578,497.6419,344.2747,428.8479,665.2510,438.8286,453.3086,303.8046,379.5920,627.2247,390.5904,405.8836,258.6659,326.4962,587.0563,11.00000000000,20,021
20,155,00485041,20155,Reno,Reno County,06,H1,G4020,,26740,,A,3251332369.00000000000,43417440.00000000000,+37.9481849,-098.0783463,20155,3296.0811,3286.9107,3260.3917,3286.8425,3313.9709,3311.9724,3297.2782,3236.6959,3297.2579,3356.7113,3359.1130,3338.0836,3228.1989,3338.5391,3447.2158,3965.9921,3932.7124,3743.5544,3931.5396,4122.3387,3652.1305,3616.2663,3355.0011,3612.8819,3877.1303,3615.9517,3576.0404,3254.6198,3570.4300,3895.2474,3556.9079,3514.1733,3127.7971,3506.9263,3895.2719,3843.3114,3795.2493,3381.3668,3787.0473,4199.1243,3993.4999,3943.2704,3497.1645,3933.9080,4374.6269,3341.3325,3332.8819,2808.0440,3220.7135,3919.0987,3479.5624,3512.9549,2822.8745,3316.6252,4255.2796,3474.6698,3544.4396,2683.6002,3248.3086,4429.1394,3332.0658,3438.5886,2435.4583,3025.9494,4434.4792,3251.1783,3350.7014,2348.7332,2932.7995,4386.6570,3210.6791,3303.9802,2284.0601,2846.5951,4418.7684,3106.8003,3207.9056,2148.3684,2685.6522,4440.4997,3005.5582,3122.0132,1988.2267,2510.8555,4517.2704,11.00000000000,20,155
20,197,00485059,20197,Wabaunsee,Wabaunsee County,06,H1,G4020,,45820,,A,2057231892.00000000000,13774702.00000000000,+38.9551537,-096.2012619,20197,373.2191,372.1761,369.1709,372.1686,375.2441,392.7177,390.9843,383.8053,390.9813,398.0252,387.5282,385.0593,372.3741,385.1168,397.6682,428.3545,424.7275,404.2986,424.6030,445.2202,370.6897,366.8893,340.3685,366.5397,393.4215,416.3096,411.5939,374.5222,410.9250,448.4302,429.5438,424.3338,377.6353,423.4474,470.4001,405.5172,400.3886,356.6676,399.5114,443.0565,380.5697,375.7521,333.2112,374.8535,416.8863,353.9330,353.0161,297.4049,341.1295,415.1280,305.3357,308.2259,247.6404,290.9876,373.3993,290.9293,296.7259,224.6151,271.9195,370.8402,275.5733,284.3343,201.3373,250.1952,366.7423,260.4335,268.3530,188.0527,234.8629,351.3856,255.0893,262.4481,181.3747,226.0942,351.0680,237.3893,245.0606,164.0602,205.1417,339.2929,215.7910,224.1000,142.6564,180.2087,324.3247,11.00000000000,20,197
20,033,00484986,20033,Comanche,Comanche County,06,H1,G4020,,,,A,2041681413.00000000000,3604153.00000000000,+37.1890712,-099.2540887,20033,70.0678,69.8674,69.3009,69.8662,70.4474,101.3211,100.8604,99.0014,100.8606,102.6866,93.5700,92.9653,89.9007,92.9801,96.0135,100.0913,99.2453,94.4717,99.2161,104.0331,86.8338,85.9073,79.6943,85.8241,92.1348,90.7997,89.7721,81.6871,89.6264,97.8056,113.7918,112.4317,100.0764,112.2015,124.6175,92.7270,91.5712,81.5890,91.3741,101.3118,105.0359,103.6481,91.8538,103.3880,115.0521,120.5770,120.2732,101.3347,116.2258,141.4268,97.7702,98.6753,79.2602,93.1504,119.5612,94.1496,96.0088,72.6600,87.9768,120.0082,96.6635,99.7229,70.6000,87.7443,128.6419,93.7434,96.5843,67.6730,84.5268,126.4808,95.6824,98.4343,68.0179,84.7960,131.6827,93.8367,96.8649,64.8434,81.0845,134.1175,88.8441,92.2665,58.7362,74.1962,133.5290,11.00000000000,20,033
20,109,00485019,20109,Logan,Logan County,06,H1,G4020,,,,A,2779042457.00000000000,274632.00000000000,+38.9132695,-101.1574069,20109,109.8933,109.5882,108.7044,109.5859,110.4899,128.6043,128.0363,125.6852,128.0353,130.3423,132.2382,131.4289,127.1067,131.4447,135.7170,193.7054,192.0065,182.7710,191.9543,201.2947,194.5555,192.5011,178.5808,192.3154,206.4469,288.6045,285.2414,259.4902,284.7599,310.8446,266.5917,263.2203,234.1295,262.6389,291.9328,255.5543,252.2350,224.6045,251.6643,279.2063,256.5043,253.1816,224.4399,252.5603,280.9726,269.1552,268.2792,225.8455,259.1975,315.6488,261.2912,263.6826,211.7750,248.9102,319.5234,267.1342,272.3807,206.1108,249.5836,340.5000,266.0673,274.4560,194.2721,241.4768,354.0852,271.2955,279.4853,195.7923,244.5821,366.0356,279.4201,287.4284,198.5828,247.5930,384.5491,273.8402,282.6490,189.1798,236.5903,391.3882,269.4032,279.7488,178.0491,224.9465,404.8998,11.00000000000,20,109
24,041,00592947,24041,Talbot,Talbot County,06,H1,G4020,,20660,,A,695511159.00000000000,539409159.00000000000,+38.7494273,-076.1791304,24041,2161.1315,2155.1636,2137.7990,2155.1168,2172.8677,1903.8186,1895.5061,1860.7505,1895.4850,1929.5742,1686.1619,1675.7509,1620.6205,1675.9627,1730.4679,1917.0529,1901.1805,1809.7370,1900.5990,1992.7634,1909.2213,1890.7310,1754.1538,1888.9715,2027.0146,2083.8998,2061.1611,1876.0679,2057.9777,2244.9364,1789.0443,1768.4682,1574.8477,1765.0311,1959.3395,1766.9297,1745.9226,1556.6140,1742.3747,1930.5751,1734.3379,1713.8245,1521.2726,1710.0273,1900.0156,1444.5289,1442.7467,1217.3451,1394.6958,1694.7635,1463.9077,1479.6282,1190.5572,1397.4527,1790.5363,1415.3742,1445.4876,1096.1040,1325.2996,1804.3733,1375.3825,1421.0065,1008.1206,1251.1013,1830.5737,1331.0145,1373.3508,964.3074,1202.6973,1796.0156,1290.3169,1329.3347,920.5886,1145.9284,1775.9494,1222.9104,1264.1168,848.1425,1058.9030,1747.9849,1166.1319,1212.5726,773.6573,975.7346,1752.7416,11.00000000000,24,041
24,023,01711058,24023,Garrett,Garrett County,06,H1,G4020,,,,A,1675989023.00000000000,22363466.00000000000,+39.5298710,-079.2694163,24023,1938.6513,1933.2376,1917.6297,1933.1984,1949.1708,1834.6452,1826.6108,1793.1058,1826.5922,1859.4581,1614.5544,1604.4875,1551.6794,1604.7017,1656.9239,1694.5023,1680.3764,1599.5529,1679.8689,1761.3621,1810.1578,1792.3230,1662.8275,1790.6432,1921.6389,1970.0248,1948.3944,1773.3420,1945.3594,2122.2224,1505.2718,1487.7066,1324.5999,1484.7574,1648.5261,1296.5658,1280.8249,1141.6207,1278.1548,1416.6291,1195.4157,1180.8400,1047.7225,1178.1326,1309.5583,1050.4904,1048.4828,883.9971,1013.3713,1232.2934,1039.0457,1049.5215,843.8331,991.0225,1270.7676,954.7021,974.3543,738.1916,893.1139,1217.0110,876.4012,904.8719,641.3507,796.4545,1166.3985,820.8053,846.3567,593.7050,740.9673,1107.5107,755.8957,778.2573,538.4328,670.6807,1040.3500,665.2499,687.2418,460.6299,575.5001,950.8550,600.5976,624.1590,397.8230,502.0981,902.6995,11.00000000000,24,023
24,015,00596115,24015,Cecil,Cecil County,06,H1,G4020,428,37980,48864,A,896842957.00000000000,185350813.00000000000,+39.5623524,-075.9415843,24015,7647.9550,7626.6078,7565.0399,7626.4527,7689.4557,6568.1827,6539.2176,6419.1634,6539.1649,6656.9575,6122.7538,6084.6426,5884.3949,6085.4470,6283.4646,6841.1615,6783.5435,6457.2639,6781.5350,7110.7169,7641.0082,7565.2509,7018.6194,7558.1429,8111.2786,7903.6251,7815.6727,7112.7302,7803.2734,8513.8919,7230.4050,7145.1053,6360.9157,7130.7293,7918.4046,6854.5165,6770.8057,6034.4381,6756.5885,7489.2230,6738.5429,6655.8602,5905.0039,6640.4908,7381.9001,5798.4971,5787.0727,4878.8697,5593.1827,6801.9300,5602.6392,5658.8350,4549.5237,5343.3289,6852.0600,5481.7087,5594.1694,4237.8865,5127.6056,6987.7883,5262.2358,5432.7487,3850.1604,4781.6601,7003.4474,5106.3494,5264.7998,3692.6472,4609.0187,6889.9404,4888.3084,5032.3323,3480.9683,4336.4865,6727.8011,4554.8736,4704.8625,3152.8312,3939.6340,6510.3308,4244.2511,4410.2217,2810.3544,3547.5314,6379.0855,11.00000000000,24,015
24,039,00596907,24039,Somerset,Somerset County,06,H1,G4020,480,41540,,A,828079452.00000000000,752725351.00000000000,+38.0744501,-075.8533228,24039,1250.4878,1246.9733,1236.8942,1246.9490,1257.2700,1100.2603,1095.4142,1075.3065,1095.4050,1115.1330,1059.8598,1053.2921,1018.6345,1053.4280,1087.6956,1119.1508,1110.0874,1056.6947,1109.7341,1163.4790,1013.7510,1004.5217,932.0117,1003.6097,1076.6844,708.4111,700.5152,637.5027,699.4014,763.1064,682.5196,674.3057,600.1550,672.9120,747.4452,1099.7601,1084.7031,965.1093,1082.0894,1201.4997,1142.2890,1126.4387,997.4821,1123.4542,1251.1254,1066.6886,1062.4675,893.6995,1026.2991,1250.7653,900.5918,907.8666,728.2292,856.7053,1101.1431,829.3669,844.7443,638.3133,773.7308,1057.0343,749.7226,772.5438,546.0207,679.4075,997.6669,668.3135,687.8301,481.1810,601.6698,901.6388,587.0881,603.4507,416.4295,519.6281,807.9370,568.2768,586.0188,391.6362,490.3007,812.1762,563.2918,584.3093,371.1860,469.5843,846.5619,11.00000000000,24,039
24,043,01714220,24043,Washington,Washington County,06,H1,G4020,,25180,,A,1185644157.00000000000,24769174.00000000000,+39.6036207,-077.8146709,24043,10028.2363,10000.2380,9919.5041,10000.0346,10082.6527,9107.6646,9067.4474,8900.9486,9067.3782,9230.7476,8543.8135,8490.2970,8210.8027,8491.4589,8767.8844,9106.0657,9030.0563,8595.7245,9027.3363,9465.3000,9204.1083,9115.0742,8456.6546,9106.5961,9772.0442,9658.8065,9551.8422,8693.0798,9536.7879,10404.7483,10028.0942,9907.5743,8818.2231,9887.1336,10982.0494,10251.7709,10122.4438,9017.4388,10100.3360,11200.8124,10587.4320,10453.8724,9270.8133,10428.9703,11597.8154,10054.8566,10030.1508,8451.3698,9692.7809,11793.6670,9095.6539,9182.0439,7377.4823,8668.6060,11123.2499,8986.7346,9166.1935,6939.0123,8400.0368,11455.2134,8785.1595,9064.9524,6419.3945,7976.7387,11691.6340,8603.1265,8865.3220,6213.1152,7759.1729,11607.6772,8395.0919,8637.8124,5970.0566,7441.5364,11553.8328,8068.5602,8329.8855,5577.2361,6973.2423,11532.1754,7690.5753,7987.3541,5085.2955,6423.2592,11558.6463,11.00000000000,24,043
24,033,01714670,24033,Prince George's,Prince George's County,06,H1,G4020,548,47900,47894,A,1250163582.00000000000,41816219.00000000000,+38.8258796,-076.8472724,24033,63668.3596,63492.6198,62981.0869,63491.2378,64014.1300,64005.5455,63723.1185,62553.1285,63722.6162,64870.5906,66170.4211,65754.3068,63589.3528,65763.4932,67904.8922,75554.3340,74914.4805,71311.1796,74892.5393,78529.0806,79391.5623,78600.1763,72920.4966,78526.1572,84274.9592,71256.3901,70454.8494,64112.6516,70341.4287,76755.8503,59962.7031,59250.5198,52743.3944,59130.2146,65667.8243,63733.7341,62948.1284,56094.8721,62814.4536,69634.8560,70353.4434,69484.3174,61639.6724,69322.6396,77069.6670,68938.1860,68791.0701,57984.4377,66483.2510,80865.2327,70456.4871,71153.7361,57196.3916,67183.6658,86167.1553,69662.7573,71082.2988,53839.1277,65150.6130,88801.1807,68106.7498,70303.9250,49814.2944,61874.7136,90641.6111,67283.9197,69361.9871,48639.3925,60718.4170,90784.5688,66459.5029,68407.5884,47308.3403,58944.4503,91467.7166,65848.2903,68006.5688,45561.6226,56941.3627,94116.9756,65425.9993,67974.7480,43304.8539,54673.9897,98334.3054,11.00000000000,24,033
24,005,01695314,24005,Baltimore,Baltimore County,06,H1,G4020,548,12580,,A,1549594703.00000000000,216144619.00000000000,+39.4431666,-076.6165693,24005,53140.8186,52993.9248,52566.8629,52992.7813,53429.3860,52348.1155,52118.5251,51162.3470,52118.0179,53056.0068,53407.7396,53075.4677,51328.7733,53082.4674,54809.6858,64133.4111,63599.7119,60540.6667,63580.4434,66664.5154,69942.2603,69258.4622,64254.9988,69193.7593,74253.2556,60943.6766,60265.8312,54845.7333,60170.2860,65649.4536,54957.3718,54306.9460,48344.8035,54197.2073,60186.5281,60828.3530,60081.9927,53544.2068,59955.1104,66460.6631,66557.9954,65740.5959,58323.5703,65588.6392,72912.4805,64596.5220,64462.2031,54338.9858,62300.5610,75773.2695,64159.0879,64798.2793,52091.6477,61184.1357,78466.2295,64000.7930,65309.1123,49470.5256,59860.6074,81584.2124,63008.4365,65045.0796,46092.0627,57247.8643,83856.7378,62121.6558,64044.0918,44914.1719,56064.7197,83819.5928,60858.1797,62645.8008,43327.6350,53981.2378,83758.9531,59911.3081,61878.3276,41459.6187,51811.6233,85631.4819,58844.9458,61140.1846,38954.0176,49177.9690,88443.2588,11.00000000000,24,005
31,021,00835832,31021,Burt,Burt County,06,H1,G4020,,,,A,1273189665.00000000000,14197836.00000000000,+41.8541794,-096.3377462,31021,338.0589,337.1053,334.3788,337.0989,339.8919,315.9559,314.5606,308.7845,314.5582,320.2258,260.1942,258.5807,250.0721,258.6142,267.0272,335.0454,332.2745,316.2926,332.1726,348.2794,299.2896,296.4305,275.0213,296.1562,317.7809,390.5924,386.2434,351.5032,385.6302,420.7507,348.7089,344.4910,306.5897,343.7741,381.8779,330.5999,326.3399,290.6260,325.6087,361.1994,339.7403,335.5002,297.5787,334.7105,372.1680,300.3127,299.6354,252.5297,289.5733,352.2612,274.0674,276.7327,222.4050,261.2777,335.1724,269.5978,275.0459,208.2799,252.0782,343.6588,261.0695,269.4493,190.8774,237.1274,347.4473,249.0334,256.6933,179.9714,224.6929,336.0119,241.2124,248.2599,171.6636,213.9076,331.9770,224.6841,232.0361,155.4411,194.2769,321.1401,213.0068,221.2997,140.9782,177.9954,320.1457,11.00000000000,31,021
31,047,00835845,31047,Dawson,Dawson County,06,H1,G4020,,30420,,A,2623905741.00000000000,16413301.00000000000,+40.8673784,-099.8151537,31047,1264.8216,1261.1722,1250.9290,1261.1519,1271.6680,1256.1764,1250.4743,1227.4303,1250.4756,1273.1083,1183.7499,1176.1480,1137.3877,1176.3306,1214.6899,1380.0412,1368.0005,1302.2002,1367.6238,1434.1509,1293.6483,1280.3443,1187.7901,1279.1227,1372.9516,1409.3113,1392.7859,1266.9811,1390.4148,1517.8841,1307.8294,1291.4848,1148.9253,1288.6770,1432.1689,1277.1703,1260.4870,1122.3157,1257.6159,1395.3690,1306.2604,1288.8558,1142.0462,1285.5920,1430.8074,1240.5631,1236.7634,1041.3729,1194.9613,1454.9143,1157.0327,1167.3818,937.3473,1101.9067,1414.8534,1109.3665,1130.8757,855.4580,1036.1309,1414.0098,1066.0566,1099.3786,777.8984,967.1665,1418.6941,1026.7132,1057.3959,740.4346,925.2205,1385.2275,986.4801,1014.4184,700.5014,873.6911,1357.6067,935.4740,965.2354,645.6781,807.8091,1337.0102,881.7213,915.2704,582.1775,735.8391,1325.1645,11.00000000000,31,047
31,155,00835899,31155,Saunders,Saunders County,06,H1,G4020,420,36540,,A,1943096642.00000000000,24827703.00000000000,+41.2231522,-096.6409225,31155,1261.8666,1258.3460,1248.1884,1258.3203,1268.7142,1144.1512,1139.0687,1118.1369,1139.0622,1159.6048,1067.0103,1060.3436,1025.4417,1060.4867,1095.0033,1289.9233,1279.1321,1217.6076,1278.7484,1340.7954,1156.2251,1144.8563,1062.1424,1143.7844,1227.4481,1455.1075,1439.1134,1309.8060,1436.8684,1567.5193,1306.2242,1291.0090,1149.4919,1288.4561,1430.5386,1278.4949,1262.8028,1125.3867,1260.1350,1396.8749,1330.5682,1314.5072,1166.4880,1311.5272,1457.6354,1156.9005,1154.6897,973.5423,1116.0215,1357.1193,1025.3527,1035.8774,833.0401,978.1967,1254.0514,1030.0205,1051.3885,796.7187,963.7818,1313.0435,1007.8979,1040.7856,737.8288,916.1381,1341.4197,966.3304,996.5405,699.1882,872.5010,1303.8790,947.2424,975.3624,674.9023,840.5802,1303.7110,873.6788,902.6474,605.1025,755.9180,1248.7727,809.9930,841.8470,536.6612,677.2479,1217.4260,11.00000000000,31,155
31,171,00835907,31171,Thomas,Thomas County,06,H1,G4020,,,,A,1847272741.00000000000,2028358.00000000000,+41.8486202,-100.5069105,31171,34.5267,34.4337,34.1575,34.4329,34.7145,44.0092,43.8226,43.0220,43.8217,44.6062,39.5038,39.2679,37.9778,39.2719,40.5463,38.7226,38.4070,36.5597,38.3949,40.2550,53.9754,53.4924,49.6319,53.4442,57.3317,56.4391,55.8408,50.8374,55.7579,60.8056,62.0770,61.3481,54.6181,61.2255,67.9843,66.7313,65.8911,58.6998,65.7476,72.9090,65.5649,64.7525,57.4395,64.6013,71.8237,73.8776,73.7193,62.1379,71.2460,86.6590,63.1249,63.7234,51.1987,60.1598,77.1965,62.4896,63.7365,48.2490,58.4087,79.6541,63.1830,65.1941,46.1664,57.3674,84.0863,63.5879,65.5259,45.9228,57.3501,85.7953,60.2634,62.0056,42.8553,53.4182,82.9381,57.3835,59.2418,39.6648,49.5933,82.0167,54.3271,56.4230,35.9222,45.3740,81.6515,11.00000000000,31,171
31,003,00835824,31003,Antelope,Antelope County,06,H1,G4020,,,,A,2220183930.00000000000,3558463.00000000000,+42.1832253,-098.0580367,31003,283.3061,282.5251,280.2495,282.5189,284.8449,297.4413,296.0846,290.6249,296.0854,301.4486,287.8491,285.9905,276.5633,286.0361,295.3671,363.8257,360.6390,343.2923,360.5405,378.0829,289.1668,286.2506,265.5630,285.9797,306.9312,363.9924,359.8797,327.4724,359.2968,392.0794,367.7996,363.5000,323.6404,362.7777,402.8016,329.5740,325.5255,290.0990,324.8371,360.0902,356.6708,352.2708,312.5065,351.4524,390.7208,310.2339,309.5460,260.8936,299.1543,363.9015,244.1057,246.5444,198.2047,232.7954,298.5411,252.9221,258.0992,195.5124,236.5692,322.4101,250.4595,258.5625,183.2292,227.5703,333.3324,243.6927,251.2406,176.2018,219.9406,328.8107,242.5478,249.6781,172.6907,215.1474,333.8184,230.5831,238.1584,159.5757,199.4154,329.5738,212.8308,221.1357,140.8953,177.8714,319.8824,11.00000000000,31,003
31,071,00835857,31071,Garfield,Garfield County,06,H1,G4020,,,,A,1475749482.00000000000,4125559.00000000000,+41.9055715,-098.9229984,31071,108.5896,108.2775,107.3987,108.2757,109.1775,100.9252,100.4813,98.6372,100.4805,102.2896,98.2324,97.5884,94.3693,97.6050,100.7925,138.3816,137.1669,130.5692,137.1296,143.8026,134.2987,132.9238,123.3155,132.7972,142.5356,194.1711,191.9323,174.6201,191.6129,209.1410,160.4775,158.6012,141.2095,158.2860,175.7494,153.3745,151.5550,135.1260,151.2478,167.5796,134.1774,132.5564,117.6286,132.2556,146.9910,133.3753,133.0273,112.0690,128.5474,156.4353,155.4383,156.9809,126.1922,148.2235,190.0992,155.9827,159.1654,120.5592,145.8848,198.8363,155.1857,160.1959,113.5117,140.9904,206.5332,157.3707,162.2347,113.7691,142.0192,212.3368,160.0906,164.7867,113.9646,141.9925,220.3318,154.7508,159.8262,107.0806,133.8226,221.1856,147.9819,153.7496,97.9530,123.6663,222.4148,11.00000000000,31,071
31,165,00835904,31165,Sioux,Sioux County,06,H1,G4020,,,,A,5352832471.00000000000,1872668.00000000000,+42.4838060,-103.7426049,31165,65.3358,65.1559,64.6313,65.1545,65.6907,65.1507,64.8591,63.6660,64.8589,66.0300,74.7041,74.2122,71.7638,74.2251,76.6498,76.1459,75.4651,71.8352,75.4454,79.1210,55.9715,55.3951,51.3906,55.3422,59.4021,64.2777,63.5422,57.8143,63.4375,69.2349,65.8052,65.0079,57.8546,64.8724,72.0644,68.7102,67.8325,60.4167,67.6821,75.0703,58.0146,57.2869,50.8080,57.1513,63.5516,45.5511,45.4758,38.3528,43.9561,53.4373,60.5295,61.1546,49.1834,57.7505,74.0308,60.4333,61.6918,46.7534,56.5529,77.0394,59.3224,61.2632,43.4356,53.9281,78.9531,62.9634,64.9343,45.5615,56.8530,84.9573,67.2081,69.2035,47.8856,59.6406,92.5000,68.3232,70.5863,47.3159,59.1112,97.6561,68.9749,71.6831,45.6916,57.6657,103.6695,11.00000000000,31,165
31,049,00835846,31049,Deuel,Deuel County,06,H1,G4020,,,,A,1139208954.00000000000,2230956.00000000000,+41.1129878,-102.3326036,31049,102.9924,102.6973,101.8642,102.6955,103.5502,116.8455,116.3417,114.2119,116.3400,118.4280,70.3604,69.9248,67.6241,69.9338,72.2086,99.1163,98.2838,93.5565,98.2546,103.0231,121.7921,120.6228,111.9105,120.5110,129.3131,132.4616,130.9746,119.1864,130.7643,142.6856,146.7514,145.1101,129.2642,144.8387,160.7257,177.4528,175.3806,156.4017,175.0319,193.8899,157.1085,155.3467,137.9921,155.0227,172.1284,150.3768,150.2863,126.8979,145.3066,176.4495,177.2854,179.2113,144.2201,169.2650,216.8451,183.2680,187.1747,141.9408,171.6142,233.6380,195.9055,202.3937,143.5760,178.1903,260.7408,209.3375,215.9653,151.6101,189.1172,282.4685,218.1866,224.7382,155.5866,193.7127,300.3011,227.0397,234.6255,157.3482,196.5102,324.5180,228.8942,237.9397,151.7323,191.4360,344.0325,11.00000000000,31,049
41,005,01155127,41005,Clackamas,Clackamas County,06,H1,G4020,,38900,,A,4844112024.00000000000,31827481.00000000000,+45.1604934,-122.1951274,41005,27376.1215,27299.8094,27079.4758,27299.2492,27524.6889,28247.8342,28122.5612,27605.8806,28122.3826,28629.4286,30128.5230,29939.4111,28953.7386,29943.5531,30918.4550,34965.2575,34671.5082,33003.8556,34661.1924,36343.4292,37772.7898,37400.6785,34698.4802,37365.6298,40099.1129,41628.6949,41165.1253,37462.5257,41099.7588,44842.9008,39878.0209,39407.8688,35083.0467,39328.6490,43672.5971,38185.4553,37717.4091,33613.6979,37637.8579,41721.2083,40106.6314,39613.1140,35142.8646,39521.3472,43935.6101,38843.2324,38762.8993,32675.9470,37463.1624,45564.1491,40060.1053,40460.2711,32527.2148,38203.9175,48993.4731,40336.4705,41162.0966,31180.6299,37728.4526,51418.5399,39853.0120,41142.2557,29155.1752,36210.7643,53039.7159,39842.7424,41076.7524,28808.2119,35959.3315,53759.1608,39596.0988,40760.1711,28191.9592,35123.0223,54496.0874,38428.8206,39691.5502,26595.2001,33234.7410,54926.5429,37016.9423,38461.8015,24506.1912,30937.0934,55636.0892,11.00000000000,41,005
41,067,01155137,41067,Washington,Washington County,06,H1,G4020,,38900,,A,1875746999.00000000000,5672547.00000000000,+45.5535419,-123.0976146,41067,39573.8165,39463.0700,39144.3445,39462.2800,39788.5179,43919.3495,43724.5616,42921.2284,43724.2859,44512.6411,45957.2107,45668.4034,44164.8197,45674.7610,47161.9597,53711.0360,53257.1560,50695.5511,53241.4908,55826.3928,55238.2938,54688.6190,50736.8806,54637.1544,58636.6401,59347.7965,58680.4854,53398.3656,58586.0714,63928.2499,59045.8824,58343.1394,51934.3720,58224.3458,64663.6068,60241.2903,59496.2594,53016.3367,59369.4004,65818.9009,63407.1066,62620.8579,55548.0665,62474.5342,69459.8499,59319.3445,59188.6525,49886.5667,57201.8689,69581.2328,61587.0873,62194.6733,49992.9238,58723.8981,75319.7147,62072.6459,63335.4865,47969.5154,58049.5587,79125.5955,61217.2722,63190.0925,44771.6411,55613.0244,81472.3890,61304.4242,63195.7865,44313.3264,55319.8141,82716.3994,61427.6953,63226.4293,43723.2644,54479.2712,84542.3289,60241.5927,62214.3043,41679.0657,52090.7985,86103.1973,58377.7789,60650.2864,38636.7231,48782.0118,87740.8345,11.00000000000,41,067
41,023,01135851,41023,Grant,Grant County,06,H1,G4020,,,,A,11728867794.00000000000,1893802.00000000000,+44.4963261,-119.0140572,41023,332.3195,331.3965,328.7235,331.3895,334.1234,347.9913,346.4258,340.0492,346.4251,352.6859,312.0252,310.0261,299.8102,310.0737,320.1834,353.8438,350.8580,333.9822,350.7545,367.7824,355.8900,352.3187,326.8579,351.9860,377.7652,348.8917,344.9206,313.8419,344.3564,375.8051,305.2322,301.6729,268.6009,301.0755,334.2810,262.8862,259.6151,231.3197,259.0574,287.2251,284.6836,281.1614,249.4134,280.5061,311.8600,263.5962,262.9141,221.4974,254.0615,309.1722,223.9427,226.1276,181.7413,213.5010,273.8733,215.2560,219.6128,166.3097,201.2764,274.3896,202.8686,209.3864,148.3350,184.2715,269.9905,188.8526,194.6628,136.4822,170.3959,254.8122,176.3475,181.4982,125.4984,156.3832,242.7043,161.7728,167.0604,111.9073,139.8721,231.2209,145.3717,151.0239,96.2008,121.4682,218.4908,11.00000000000,41,023
41,047,01135859,41047,Marion,Marion County,06,H1,G4020,,41420,,A,3062209653.00000000000,26362209.00000000000,+44.9008984,-122.5762602,41047,19682.6391,19627.5470,19469.0180,19627.1550,19789.4228,20999.8207,20906.5569,20522.3816,20906.4336,21283.4643,22395.8176,22254.9669,21522.2211,22258.0777,22982.8530,24699.7570,24492.3694,23314.3209,24485.0752,25673.3867,25497.2522,25247.5675,23423.5637,25223.9665,27068.5445,26076.5474,25787.4565,23468.8260,25746.7547,28090.3273,24982.4199,24686.5995,21976.2200,24636.6798,27359.4634,26396.0604,26070.9904,23232.8989,26015.6863,28840.0953,28609.3103,28254.6882,25063.5647,28188.6948,31340.3271,26153.3502,26095.8298,21994.7086,25219.9006,30677.7469,25099.2567,25347.0476,20374.4684,23932.6090,30695.8917,25475.0248,25993.4724,19687.3037,23824.1369,32473.6891,25083.6870,25892.2165,18345.4028,22787.5659,33383.2065,24866.7109,25634.0725,17974.9690,22439.4151,33551.9963,24609.3484,25330.1415,17516.8597,21825.8773,33869.6171,23939.4500,24723.5613,16563.1811,20700.6171,34216.6236,23147.9826,24049.2353,15320.5309,19343.2575,34791.0431,11.00000000000,41,047
31,133,00835888,31133,Pawnee,Pawnee County,06,H1,G4020,,,,A,1116478095.00000000000,4852394.00000000000,+40.1378496,-096.2452254,31133,148.2122,147.7972,146.6035,147.7943,149.0162,105.8249,105.3415,103.3986,105.3418,107.2505,110.9394,110.2772,106.6544,110.2885,113.8673,130.8643,129.7486,123.5078,129.7111,136.0120,127.7040,126.4354,117.2995,126.3165,135.5620,203.9174,201.7147,183.6148,201.4074,219.6819,174.7254,172.7775,153.9160,172.4558,191.3643,144.9369,143.2097,127.6775,142.9178,158.3601,156.9540,155.1087,137.6932,154.7673,171.9488,165.2476,165.0363,139.2454,159.5377,193.8715,140.2699,141.8002,114.1198,133.9323,171.5710,148.9953,152.1895,115.4284,139.5437,189.9478,152.6572,157.7515,111.9459,138.9010,203.1828,157.2510,162.2820,113.9774,142.1284,212.1905,162.6813,167.6259,116.1108,144.5091,223.9111,152.9629,158.1369,106.1217,132.4736,218.6412,145.2478,151.0485,96.3921,121.5528,218.3140,11.00000000000,31,133
31,015,00835829,31015,Boyd,Boyd County,06,H1,G4020,,,,A,1398437421.00000000000,11890322.00000000000,+42.8944477,-098.7730221,31015,87.3637,87.1020,86.3896,87.1011,87.8353,81.0779,80.7116,79.2251,80.7116,82.1713,80.6110,80.0951,77.4559,80.1073,82.7190,70.7791,70.1682,66.7931,70.1484,73.5585,70.0830,69.3958,64.3823,69.3309,74.4014,94.8392,93.8018,85.3768,93.6565,102.1673,94.3936,93.3123,83.1000,93.1320,103.3792,83.1883,82.1805,73.2511,82.0097,90.8917,84.2749,83.2243,73.8186,83.0286,92.3190,78.2055,78.0225,65.7503,75.4006,91.7320,74.9569,75.6812,60.8192,71.4531,91.6683,74.6969,76.2011,57.6984,69.8361,95.2161,73.2355,75.5805,53.5353,66.5120,97.4658,73.3522,75.6004,52.9962,66.1725,98.9708,71.8896,73.9800,51.1441,63.7391,98.9398,68.6800,70.9144,47.4915,59.3692,98.1632,64.5189,67.0168,42.6769,53.8970,96.9700,11.00000000000,31,015
31,169,00835906,31169,Thayer,Thayer County,06,H1,G4020,,,,A,1486153333.00000000000,3025346.00000000000,+40.1738446,-097.5962626,31169,285.7771,284.9967,282.7051,284.9902,287.3303,250.8734,249.7489,245.1541,249.7482,254.2590,259.2542,257.5950,249.1071,257.6343,266.0336,310.6491,308.0315,293.2155,307.9404,322.8885,309.3936,306.3904,284.2576,306.1050,328.4778,417.2956,412.6057,375.4664,411.9422,449.5030,378.2662,373.8922,332.9358,373.1602,414.2698,368.3091,363.9628,324.5312,363.2299,402.4222,429.1870,424.0537,376.3519,423.1023,470.1795,423.5453,422.6932,356.3404,408.5265,496.8357,375.3167,379.1467,304.8840,358.0278,459.0251,398.0216,406.2468,307.8131,372.3854,507.3838,410.3995,423.7502,300.3622,372.9854,546.2005,415.8837,428.8357,300.8269,375.4388,561.1514,421.4134,433.8698,300.1594,373.8928,579.9964,415.3103,429.0187,287.5306,359.2540,593.6098,405.9067,421.8049,268.8184,339.3057,610.0771,11.00000000000,31,169
31,087,00835865,31087,Hitchcock,Hitchcock County,06,H1,G4020,,,,A,1838742700.00000000000,22103381.00000000000,+40.1768964,-101.0442170,31087,134.9196,134.5465,133.4621,134.5436,135.6522,138.6469,138.0209,135.4792,138.0208,140.5167,157.0526,156.0368,150.8929,156.0619,161.1535,195.0589,193.3922,184.0902,193.3365,202.7294,160.8686,159.2716,147.7631,159.1218,170.7680,197.1374,194.9360,177.3986,194.6253,212.3569,156.5020,154.6490,137.6700,154.3363,171.3929,187.7693,185.4852,165.3216,185.0976,205.1567,188.6347,186.2474,165.1621,185.8022,206.6356,200.4292,200.0429,168.6571,193.3430,235.1157,182.3050,184.1202,148.0142,173.8506,222.9579,189.3516,193.2236,146.3649,177.1041,241.3737,198.7073,205.1288,145.3564,180.5387,264.4557,201.9582,208.2104,146.0205,182.2700,272.4986,209.6712,215.8346,149.2822,185.9843,288.5703,214.0563,221.0913,148.1431,185.1259,305.9520,218.5888,227.1224,144.7143,182.6886,328.5368,11.00000000000,31,087
41,035,01155134,41035,Klamath,Klamath County,06,H1,G4020,,28900,,A,15387252316.00000000000,503746014.00000000000,+42.6837613,-121.6461682,41035,3615.5017,3605.4452,3576.3576,3605.3703,3635.1258,3609.1929,3593.2114,3527.2086,3593.1870,3657.9557,3340.8278,3319.8160,3210.5106,3320.2800,3428.3964,3872.7247,3840.0114,3655.3114,3838.8809,4025.2564,4428.2741,4384.3124,4067.5162,4380.1908,4700.7771,4134.9863,4088.5703,3720.5876,4082.0069,4454.1464,3473.3377,3431.8828,3054.7999,3424.8685,3803.7835,3375.6809,3333.3076,2969.6421,3326.0711,3688.1915,3661.9909,3616.1095,3207.1986,3607.5611,4011.5013,3630.6802,3622.2323,3052.5330,3500.5240,4258.6570,2950.0947,2978.5390,2393.5648,2812.1176,3607.7966,2917.3563,2976.0784,2253.4190,2727.4817,3718.7528,2887.0025,2979.4274,2110.3778,2621.9374,3842.1783,2795.7881,2881.5012,2019.9725,2522.1699,3772.2326,2664.5161,2742.0772,1895.7524,2362.5324,3667.1101,2531.8891,2614.4196,1751.0527,2188.8430,3618.7977,2418.9683,2512.8262,1600.4219,2020.9770,3635.6502,11.00000000000,41,035
41,069,01135865,41069,Wheeler,Wheeler County,06,H1,G4020,,,,A,4441179416.00000000000,1242192.00000000000,+44.7364108,-120.0268750,41069,58.2174,58.0594,57.5930,58.0580,58.5339,59.3632,59.0860,57.9931,59.0866,60.1611,68.7157,68.2506,65.9960,68.2640,70.4984,65.6256,65.0498,61.9209,65.0321,68.1967,46.3144,45.8377,42.5242,45.7940,49.1533,57.6278,56.9549,51.8122,56.8585,62.0683,51.1418,50.5226,44.9635,50.4173,56.0063,51.0635,50.4031,44.8846,50.2896,55.7896,44.6348,44.0626,39.0666,43.9557,48.8933,32.8790,32.8222,27.6788,31.7247,38.5706,32.6945,33.0292,26.5608,31.1898,39.9867,34.3105,35.0225,26.5394,32.1043,43.7382,33.5388,34.6355,24.5559,30.4883,44.6373,32.0037,33.0082,23.1631,28.9012,43.1833,32.3818,33.3477,23.0798,28.7414,44.5681,32.3280,33.4045,22.3982,27.9763,46.2076,32.4497,33.7299,21.5068,27.1367,48.7723,11.00000000000,41,069
31,007,00835826,31007,Banner,Banner County,06,H1,G4020,,42420,,A,1932426927.00000000000,397069.00000000000,+41.5397495,-103.7262626,31007,17.0746,17.0298,16.8938,17.0293,17.1676,7.7428,7.7097,7.5688,7.7096,7.8478,30.2642,30.0716,29.0810,30.0761,31.0562,36.1003,35.8088,34.0865,35.7974,37.5307,59.8965,59.3047,55.0198,59.2491,63.5842,46.4277,45.9006,41.7657,45.8258,50.0095,39.9260,39.4730,35.1569,39.3977,43.7272,33.9705,33.6330,30.0525,33.5784,37.1206,46.8748,46.3294,41.1335,46.2287,51.3538,48.4853,48.4469,40.8985,46.8392,56.8895,43.9487,44.4371,35.7712,41.9743,53.7573,49.4946,50.5566,38.3457,46.3561,63.0987,52.3944,54.1370,38.4116,47.6658,69.7351,53.2355,54.9305,38.5716,48.1055,71.8340,52.5164,54.1048,37.4689,46.6402,72.2819,54.2038,56.0258,37.5850,46.9289,77.4766,54.6771,56.8476,36.2626,45.7413,82.1813,11.00000000000,31,007
31,065,00835854,31065,Furnas,Furnas County,06,H1,G4020,,,,A,1862542551.00000000000,3915843.00000000000,+40.1919912,-099.9096609,31065,249.4733,248.7644,246.7496,248.7599,250.8252,222.8267,221.8511,217.7818,221.8488,225.8404,215.5515,214.1813,207.1261,214.2129,221.1933,264.8652,262.6820,250.0475,262.6010,275.3318,257.0010,254.4999,236.1150,254.2626,272.8492,377.1399,373.0422,339.5540,372.4694,406.2891,342.8079,338.7121,301.4918,338.0188,375.4214,328.6206,324.5987,289.2881,323.9154,359.0493,302.3621,298.7357,265.1207,298.0633,331.2400,295.0190,294.4544,248.2596,284.5934,346.0762,300.7883,303.7790,244.2038,286.8338,367.8615,307.2996,313.5748,237.5209,287.4121,391.7255,312.6395,322.7374,228.6896,284.0467,416.0854,312.0533,321.7028,225.6028,281.6183,421.0471,314.2743,323.4980,223.7325,278.7518,432.5343,297.9614,307.7387,206.1846,257.6718,425.8771,288.8324,300.0939,191.1928,241.3780,434.1114,11.00000000000,31,065
31,035,00835839,31035,Clay,Clay County,06,H1,G4020,,25580,,A,1482222817.00000000000,3234922.00000000000,+40.5236688,-098.0510501,31035,330.0131,329.0871,326.4279,329.0806,331.8031,343.6153,342.0956,335.8127,342.0931,348.2583,341.3891,339.2341,328.0630,339.2825,350.3331,351.4716,348.4999,331.7375,348.3975,365.3130,345.9931,342.5470,317.7947,342.2246,367.2771,424.8654,420.0126,382.1569,419.3223,457.6344,357.8917,353.6017,314.7327,352.8747,391.9387,371.6026,366.9054,326.8432,366.1021,406.0026,358.3117,353.7678,313.7075,352.9200,392.5034,341.6016,340.4728,286.6041,328.9427,400.6054,298.8526,301.5666,242.1811,284.6652,365.4523,284.2826,289.8317,219.2821,265.5624,362.3539,261.7098,269.9148,191.0110,237.4638,348.2822,245.1964,252.5428,176.8609,220.9823,330.8173,226.3146,232.7342,160.7241,200.4518,311.4579,199.9504,206.3078,138.0019,172.6581,285.7753,177.7042,184.4625,117.3276,148.2988,267.0767,11.00000000000,31,035
31,121,00835882,31121,Merrick,Merrick County,06,H1,G4020,,24260,,A,1255835783.00000000000,24906841.00000000000,+41.1698005,-098.0310505,31121,479.7451,478.3823,474.5081,478.3737,482.3450,474.0902,471.9625,463.2780,471.9613,480.4874,481.3055,478.2373,462.4820,478.3089,493.8983,533.3411,528.7642,503.3311,528.6134,554.3016,498.2919,493.2602,457.6114,492.7932,528.8994,618.0660,610.9517,555.8519,609.9372,665.7203,517.5779,511.2360,454.9165,510.1534,566.8002,517.8989,511.2764,455.3744,510.1413,565.8374,495.4060,488.8149,433.1454,487.5790,542.6423,476.0609,474.6026,399.6222,458.5612,558.3173,433.7510,437.5033,351.1716,412.9255,530.3827,412.6944,420.5838,318.0416,385.3088,526.0109,387.6030,399.6099,282.6470,351.5119,515.8074,360.0664,370.7322,259.5058,324.3528,485.7883,335.3915,344.8066,238.0158,296.9385,461.5634,297.3071,306.6944,205.0796,256.6440,424.9161,267.4684,277.5903,176.5041,223.1477,401.9826,11.00000000000,31,121
31,017,00835830,31017,Brown,Brown County,06,H1,G4020,,,,A,3163238171.00000000000,9814399.00000000000,+42.3493903,-099.9231761,31017,141.0167,140.6284,139.4959,140.6253,141.7827,154.6032,153.9429,151.1280,153.9401,156.6989,130.5092,129.7037,125.4367,129.7201,133.9387,143.8676,142.6682,135.8061,142.6251,149.5441,107.8947,106.8162,99.0973,106.7155,114.5294,131.4652,129.9876,118.2872,129.7786,141.6118,121.0548,119.6401,106.5213,119.4024,132.5752,121.6950,120.2311,107.1776,119.9833,132.9649,99.1191,97.9531,86.9545,97.7375,108.5885,92.8054,92.6663,78.1654,89.5734,108.8760,92.1408,93.1008,74.8840,87.9210,112.6946,83.7345,85.4885,64.7981,78.3710,106.7447,77.9672,80.5285,57.1052,70.8907,103.7687,73.5216,75.8352,53.2226,66.4019,99.2048,72.3265,74.4871,51.5556,64.1994,99.5457,67.4090,69.6550,46.7062,58.3368,96.3503,61.7110,64.1468,40.9025,51.6085,92.7527,11.00000000000,31,017
31,037,00835840,31037,Colfax,Colfax County,06,H1,G4020,,,,A,1066193904.00000000000,12577905.00000000000,+41.5746753,-097.0894549,31037,574.4621,572.8190,568.1741,572.8091,577.5737,591.2279,588.5674,577.7336,588.5664,599.2036,571.6132,567.9451,549.2289,568.0329,586.5551,677.5512,671.7609,639.4498,671.5677,704.1946,595.0894,589.0318,546.4571,588.4722,631.6107,593.2077,586.3941,533.5183,585.4231,638.9496,556.8070,549.9067,489.2578,548.7245,609.7511,722.1571,712.9939,635.1076,711.4257,789.0065,824.4722,814.2382,722.2624,812.3335,903.1738,720.4866,718.8121,605.7602,694.6602,845.1053,729.1920,736.1347,591.4770,694.9770,891.7457,762.2679,777.5174,588.6253,712.5380,971.6511,765.4818,789.8935,559.3997,695.0818,1018.7360,770.1181,793.6144,556.2178,694.6032,1039.0760,799.3382,822.4842,568.5005,708.5903,1100.1004,826.6155,853.4314,571.4587,714.4557,1181.4623,847.8188,880.5883,560.7027,708.1725,1274.2431,11.00000000000,31,037
31,043,00835843,31043,Dakota,Dakota County,06,H1,G4020,512,43580,,A,684416224.00000000000,8199770.00000000000,+42.3904564,-096.5625485,31043,1165.0377,1161.7707,1152.3841,1161.7477,1171.3575,1120.9149,1115.9716,1095.4833,1115.9626,1136.0650,1077.4936,1070.8926,1035.6731,1071.0220,1105.8352,1214.1391,1203.9616,1146.0528,1203.6019,1262.0095,1064.5162,1054.1771,978.0259,1053.1950,1130.1743,1157.0614,1144.2496,1041.3766,1142.4466,1246.4209,1100.5044,1087.7715,968.6095,1085.6401,1205.2502,1036.4410,1023.6930,912.2697,1021.5248,1132.4069,1140.5439,1126.4240,999.2221,1123.7967,1249.4212,927.9561,926.0447,780.6350,894.9961,1088.5192,963.7961,973.6568,782.9727,919.4308,1178.7597,949.3510,969.0221,734.2801,888.2705,1210.2053,894.0349,923.2006,654.4642,812.6329,1189.8778,877.7324,905.1576,635.0571,792.4866,1184.3315,890.8408,917.2916,634.7256,790.5361,1226.0847,867.8098,896.5537,600.9845,750.8024,1240.3818,820.1694,852.3973,543.3567,685.7243,1232.7197,11.00000000000,31,043
41,017,01155130,41017,Deschutes,Deschutes County,06,H1,G4020,140,13460,,A,7817065156.00000000000,94747043.00000000000,+43.9151181,-121.2255751,41017,11770.6180,11737.9144,11643.2356,11737.6687,11834.5113,13020.2656,12962.5568,12724.4209,12962.4721,13196.1630,13817.4465,13731.1039,13279.1324,13732.9583,14179.9399,16272.4122,16136.0701,15359.9485,16131.2447,16914.0306,17042.2019,16875.3491,15656.1966,16859.5756,18092.4671,18004.6929,17805.4251,16204.6990,17777.3865,19395.2156,17705.2805,17497.0516,15577.2926,17461.9957,19390.0772,18114.3677,17892.5830,15946.0900,17854.8956,19791.6683,19358.2124,19119.7390,16961.8464,19075.3917,21206.3081,18317.5641,18278.9811,15407.9557,17665.8894,21486.8221,19059.9621,19249.4553,15474.3567,18175.6900,23310.1706,19223.8689,19616.4397,14858.7095,17979.7710,24505.3376,18956.0628,19568.3988,13866.1150,17222.5101,25228.2322,18914.0017,19498.9460,13674.2422,17069.3880,25520.2776,18791.4031,19343.0178,13377.8100,16667.5333,25862.5316,18316.4578,18917.5337,12674.7738,15839.8040,26179.7681,17691.7151,18381.5557,11711.1171,14785.0685,26590.4251,11.00000000000,41,017
41,001,01135845,41001,Baker,Baker County,06,H1,G4020,,,,A,7947008933.00000000000,51831394.00000000000,+44.7034268,-117.6919334,41001,822.2618,819.9672,813.3480,819.9505,826.7237,739.8812,736.5951,723.0594,736.5907,749.8747,733.4767,728.8883,704.8952,728.9873,752.7163,925.3919,917.7314,873.5901,917.4506,961.9394,939.3165,930.2653,863.0715,929.4014,997.2998,1088.1365,1075.9807,979.1770,1074.2647,1172.1418,927.4493,916.5130,815.9284,914.6701,1015.7002,853.4778,842.9074,751.0887,841.1070,932.4985,924.5197,913.1339,810.0791,911.0165,1012.7824,940.2026,937.9748,790.4131,906.4477,1102.8141,711.6389,718.6298,577.6162,678.5175,870.3146,722.4458,737.1143,558.2522,675.5854,920.9166,712.5851,735.5209,521.1051,647.3146,948.3574,680.7684,701.7394,492.0318,614.2703,918.5394,649.6069,668.5946,462.3202,576.0830,894.0447,603.6774,623.4096,417.5994,521.9534,862.8324,562.7029,584.5718,372.3552,470.1654,845.7309,11.00000000000,41,001
31,005,00835825,31005,Arthur,Arthur County,06,H1,G4020,,,,A,1852759801.00000000000,7644719.00000000000,+41.5708557,-101.6970450,31005,19.6463,19.5913,19.4330,19.5909,19.7529,29.5667,29.4343,28.8928,29.4342,29.9658,43.2116,42.9368,41.5224,42.9431,44.3425,10.7277,10.6578,10.1453,10.6533,11.1635,12.3577,12.2434,11.3595,12.2323,13.1237,16.8487,16.6810,15.1933,16.6583,18.1554,25.2015,24.9490,22.2507,24.9090,27.6046,34.1501,33.7638,30.1225,33.6993,37.3141,35.3516,34.9967,31.1295,34.9323,38.7363,17.0729,17.0915,14.4592,16.5329,20.0400,23.8921,24.2080,19.5348,22.8819,29.2326,26.0146,26.6270,20.2495,24.4331,33.1716,22.6924,23.5056,16.7365,20.7177,30.2079,25.6303,26.5006,18.6639,23.2294,34.5894,29.3198,30.2547,21.0031,26.1002,40.3587,30.4763,31.5454,21.2113,26.4419,43.5647,29.6678,30.8864,19.7490,24.8695,44.5941,11.00000000000,31,005
31,161,00835902,31161,Sheridan,Sheridan County,06,H1,G4020,,,,A,6321803579.00000000000,74941796.00000000000,+42.5070737,-102.3896980,31161,310.4531,309.5812,307.0793,309.5752,312.1370,296.7713,295.4691,290.0480,295.4663,300.7843,292.8910,290.9947,281.4014,291.0416,300.5377,340.4436,337.5652,321.3287,337.4660,353.8507,279.3247,276.5554,256.5727,276.2955,296.5159,321.6539,318.0129,289.3715,317.4966,346.4720,320.4162,316.5552,281.7404,315.8998,350.8956,309.5002,305.4748,272.0069,304.7826,338.1446,287.5084,283.8490,251.6926,283.1660,314.9421,259.0389,258.4935,217.8929,249.8235,303.8572,259.8979,262.3959,210.8548,247.7324,317.8389,252.4815,257.5564,195.0087,236.0399,321.8372,254.9474,263.1049,186.3571,231.5343,339.2974,247.9178,255.5153,179.1165,223.6505,334.5042,245.9669,253.1229,174.9941,218.0854,338.5181,238.7061,246.4829,165.0816,206.3585,341.1794,226.6409,235.4303,149.9407,189.3463,340.6354,11.00000000000,31,161
31,159,00835901,31159,Seward,Seward County,06,H1,G4020,,30700,,A,1479990428.00000000000,11547843.00000000000,+40.8719439,-097.1403830,31159,934.7884,932.1429,924.5990,932.1256,939.8558,901.4205,897.3762,880.8643,897.3737,913.5842,966.2102,960.0638,928.4379,960.2061,991.4972,1121.8247,1112.1889,1058.6935,1111.8723,1165.9071,1096.5570,1085.4548,1007.0043,1084.4260,1163.8935,494.4347,489.2157,445.3962,488.4938,532.6941,527.5861,521.7352,464.8064,520.7708,577.8308,1058.1864,1045.3056,931.6644,1043.1194,1156.1736,1098.5999,1084.9998,962.4763,1082.4692,1203.4733,1113.3559,1110.9332,936.3679,1073.6507,1305.9671,954.8467,964.2514,775.0639,910.4366,1167.7549,961.2251,980.7654,742.8043,898.9063,1225.2964,954.1604,984.8942,697.8049,866.7907,1269.8645,933.6832,962.4751,674.8798,842.5180,1259.7922,921.7671,948.7453,656.0764,817.4844,1268.6179,945.4735,976.4210,654.1161,817.5322,1351.3625,947.1172,983.9729,626.8159,791.4198,1423.5005,11.00000000000,31,159
41,033,01155133,41033,Josephine,Josephine County,06,H1,G4020,,24420,,A,4246719858.00000000000,5644013.00000000000,+42.3853819,-123.5972453,41033,4853.8102,4840.3363,4801.3000,4840.2343,4880.1591,4924.3030,4902.4871,4812.4287,4902.4548,4990.8307,5311.9447,5278.7337,5104.9757,5279.4489,5451.2909,5864.9939,5815.7102,5535.9821,5813.9804,6096.1584,6278.9197,6217.1793,5767.9982,6211.3577,6665.6971,6626.3561,6552.1208,5962.5057,6541.6311,7137.8560,5836.0182,5767.5314,5134.8570,5756.0103,6391.3785,5431.7761,5364.7834,4780.6726,5353.3826,5934.7033,6028.3174,5953.3927,5280.8011,5939.4454,6603.7503,5857.2197,5843.7941,4924.8856,5647.4955,6870.3569,5456.0964,5509.5047,4428.2177,5201.9171,6672.6234,5399.8538,5509.2928,4172.2548,5049.3486,6883.2814,5213.6138,5381.2231,3812.3121,4735.8129,6938.6196,5066.8235,5222.7552,3661.8328,4571.6985,6836.4930,4876.9465,5019.3863,3470.6901,4324.8218,6712.0637,4603.8691,4754.2947,3184.6626,3980.5365,6580.2780,4318.2863,4486.0902,2857.4836,3608.1097,6490.2945,11.00000000000,41,033
31,179,00835911,31179,Wayne,Wayne County,06,H1,G4020,,,,A,1147143891.00000000000,1087727.00000000000,+42.2107460,-097.1262433,31179,444.0884,442.8237,439.2357,442.8158,446.4946,427.4240,425.4905,417.6530,425.4904,433.1871,505.2554,502.0044,485.4593,502.0831,518.4579,566.4009,561.5817,534.5702,561.4188,588.6871,522.4434,517.3843,480.0110,516.9029,554.6770,323.3564,319.7304,290.9562,319.2179,348.3158,188.1519,185.8793,165.4314,185.4932,206.0491,464.4107,458.7489,408.8668,457.7876,507.4143,556.7351,549.7453,487.5652,548.4428,609.8696,503.8492,502.6745,423.6123,485.7838,590.9964,566.7124,572.3520,460.1105,540.4269,693.0853,624.0399,636.7867,482.3449,583.6584,795.4859,618.4117,638.3901,452.3634,561.8597,823.0316,634.8163,654.4475,458.9503,572.9032,856.5446,656.6519,675.9233,467.4702,582.4293,903.7470,690.1927,712.8348,477.5920,596.8592,986.4941,727.7180,756.0821,481.6965,608.1443,1093.7502,11.00000000000,31,179
17,011,00424207,17011,Bureau,Bureau County,06,H1,G4020,,36860,,A,2250780454.00000000000,11583679.00000000000,+41.4013043,-089.5283772,17011,2068.6529,2062.8775,2046.2237,2062.8356,2079.8780,1797.6147,1789.6719,1756.8068,1789.6585,1821.9067,1693.5321,1682.8653,1627.4532,1683.1024,1737.9138,1769.1849,1754.1021,1669.7316,1753.5952,1838.7779,1580.6529,1564.9760,1451.8972,1563.5053,1677.9315,1872.8536,1851.9344,1685.3215,1848.9814,2017.4406,1631.8593,1612.4632,1435.3633,1609.1859,1787.1202,1550.7599,1531.7979,1365.1819,1528.5766,1694.3540,1401.9675,1384.7356,1228.4914,1381.5319,1535.8157,1180.6674,1178.0439,992.8814,1138.4946,1384.9104,1100.2225,1111.0990,893.1375,1049.1009,1345.5527,1042.3115,1063.5432,805.5406,974.7898,1328.6645,966.9461,998.1369,707.2326,878.4622,1286.8846,914.3000,942.5398,660.9481,825.0854,1233.6430,867.0183,892.4398,617.1884,768.9875,1193.2714,780.7819,806.3845,540.2572,675.1841,1115.9725,703.7682,731.1978,465.8415,588.1285,1057.7539,11.00000000000,17,011
17,039,00426598,17039,De Witt,De Witt County,06,H1,G4020,,,,A,1029554715.00000000000,19608681.00000000000,+40.1814993,-088.9018526,17039,1041.4194,1038.5030,1030.1144,1038.4823,1047.0691,992.2780,987.8681,969.7136,987.8625,1005.6798,959.4217,953.4391,922.0587,953.5664,984.5987,1031.5027,1022.8583,973.6603,1022.5526,1072.1736,914.2083,905.1502,839.7486,904.3000,970.4776,1037.6436,1025.9321,933.5547,1024.2730,1117.7159,903.5040,892.6569,794.5183,890.8178,989.4540,887.8926,876.6633,780.9349,874.7428,970.0862,821.0215,810.3837,718.3849,808.3946,899.3394,717.7307,715.9861,603.3056,691.9086,841.8542,624.0368,629.8764,506.0029,594.6282,763.1324,578.7809,590.2643,446.7691,540.9015,737.7516,529.9823,546.8005,387.1586,481.1364,705.3158,479.1883,493.7465,345.9870,432.1223,646.5357,439.0203,451.6809,312.1466,389.1130,604.2036,387.7616,400.3043,268.0040,335.1022,554.2161,339.7178,352.8243,224.6284,283.7324,510.5829,11.00000000000,17,039
17,157,01784967,17157,Randolph,Randolph County,06,H1,G4020,,,,A,1490537612.00000000000,56215661.00000000000,+38.0565149,-089.8212096,17157,1899.8973,1894.4427,1879.0703,1894.4110,1910.1852,1833.5668,1825.1882,1791.5235,1825.1937,1858.2655,1712.5041,1701.5052,1645.4313,1701.7695,1757.2635,1740.2333,1725.4538,1642.4613,1724.9512,1808.7235,1571.7971,1556.0738,1443.6264,1554.6063,1668.4422,1881.2973,1859.3728,1691.5095,1856.2333,2026.2711,2075.0098,2047.9577,1820.8965,2043.2491,2272.1587,2080.6175,2051.9792,1825.5858,2047.0031,2273.0882,2076.3689,2047.3425,1812.7384,2041.8731,2274.1777,1969.6661,1961.9369,1650.3545,1895.1662,2309.5842,1686.0170,1699.0954,1362.3858,1603.1783,2061.3855,1599.0034,1627.9719,1229.4670,1490.8835,2037.8598,1497.8921,1542.6778,1089.5246,1356.3923,1993.1954,1396.2951,1436.0189,1003.5063,1255.7195,1883.6832,1312.8502,1348.1036,928.8818,1160.2994,1806.6068,1207.9188,1244.5544,830.5497,1040.8247,1726.2714,1105.2695,1145.7083,726.8984,920.4168,1661.0417,11.00000000000,17,157
17,117,00424257,17117,Macoupin,Macoupin County,06,H1,G4020,476,41180,,A,2234917323.00000000000,12287254.00000000000,+39.2659000,-089.9263435,17117,2766.2357,2758.5113,2736.2409,2758.4553,2781.2458,2750.4976,2738.2292,2687.8839,2738.2168,2787.6333,2653.6419,2637.0272,2550.2199,2637.3871,2723.2405,2809.7914,2786.0509,2652.0452,2785.2311,2920.4544,2504.9208,2480.3536,2301.1576,2478.0334,2659.2642,2213.1303,2188.3977,1991.5062,2184.9059,2383.9834,2005.9904,1982.1433,1764.4372,1978.1138,2196.8469,2041.0642,2016.2099,1797.0066,2011.9911,2230.0645,1975.8347,1951.6118,1731.4692,1947.1096,2164.4786,1565.2985,1562.3650,1317.3169,1510.0601,1836.2107,1444.5795,1459.2436,1173.3511,1377.9381,1766.7575,1357.8143,1385.8483,1050.0316,1270.3268,1730.8903,1230.5323,1270.5835,900.6346,1118.3769,1637.7166,1127.4917,1162.6531,815.6461,1017.9030,1521.3277,1038.7600,1069.5321,739.9945,921.7106,1429.6636,958.5510,990.2655,663.7635,829.2649,1370.0780,875.0392,909.3898,579.6480,731.5586,1315.1871,11.00000000000,17,117
17,169,01785037,17169,Schuyler,Schuyler County,06,H1,G4020,,,,A,1132531106.00000000000,10511606.00000000000,+40.1569048,-090.6134641,17169,479.7695,478.3786,474.4898,478.3713,482.3656,444.5759,442.5615,434.4078,442.5617,450.5693,423.2097,420.3830,406.5046,420.4609,434.2101,436.5604,432.6676,411.8562,432.5542,453.6238,406.2918,402.0581,372.9891,401.6724,431.1618,429.1274,423.9675,385.5906,423.2212,462.1500,383.3633,378.3227,336.3393,377.4432,419.7822,356.7322,351.8691,313.0949,351.0256,389.7349,381.6811,376.4440,333.4088,375.4590,418.0545,298.3986,297.2287,250.0258,287.1135,349.8954,284.6354,286.9075,230.1122,270.7310,348.0160,267.9510,272.8741,206.1467,249.9195,341.5001,247.7839,255.2615,180.3493,224.4634,329.7239,233.2357,239.9477,167.7569,209.8515,314.6554,219.9012,225.8814,155.7187,194.4446,302.6110,204.8836,211.1700,141.0034,176.6323,292.8101,191.6029,198.6853,126.1395,159.6466,287.9527,11.00000000000,17,169
17,153,01784966,17153,Pulaski,Pulaski County,06,H1,G4020,,,,A,515886434.00000000000,10474968.00000000000,+37.2156152,-089.1277549,17153,287.6570,286.8522,284.5355,286.8464,289.2176,294.4466,293.1868,287.8247,293.1817,298.4374,290.8988,289.0630,279.5441,289.1041,298.5203,279.2696,277.0107,263.6871,276.9223,290.3329,273.0684,270.4088,250.8745,270.1566,289.9060,243.1362,240.4019,218.7618,240.0150,261.9012,201.2262,198.7528,176.8507,198.3302,220.3621,213.7992,211.0564,187.9710,210.5860,233.5886,179.6204,177.3197,157.2168,176.8900,196.7577,151.4441,151.0379,127.2314,145.9485,177.6254,142.0494,143.3621,115.1523,135.3343,173.7090,127.3168,129.8312,98.2572,118.9696,162.2849,113.9599,117.5706,83.2394,103.4496,151.6606,102.7552,105.8764,74.1910,92.6618,138.6404,91.2628,93.8970,64.8927,80.8912,125.6010,82.3138,84.9825,56.9026,71.1430,117.6491,75.1862,78.0949,49.7288,62.8053,113.0025,11.00000000000,17,153
17,161,00424282,17161,Rock Island,Rock Island County,06,H1,G4020,,19340,,A,1107573369.00000000000,61257184.00000000000,+41.4684044,-090.5722031,17161,8249.6274,8226.5720,8160.1455,8226.4060,8294.3890,8158.8767,8122.7967,7973.6159,8122.7382,8269.1226,8358.6263,8306.0415,8032.5610,8307.2044,8577.7121,9019.3823,8943.6214,8513.4454,8940.9600,9374.8937,8516.3498,8432.6841,7823.4435,8424.7909,9041.0010,7968.2190,7879.3113,7170.4941,7866.7657,8583.4045,7624.3521,7533.2106,6705.3610,7517.7810,8349.6999,7986.8608,7886.9718,7026.8654,7869.9251,8726.2823,8735.0309,8625.7528,7650.5176,8605.3960,9568.7465,8085.0063,8066.9180,6798.8582,7796.0620,9483.5969,6638.5603,6703.0179,5386.9958,6328.6359,8118.6514,6525.7168,6657.4081,5041.1744,6101.4196,8318.3692,6309.4969,6511.7465,4612.6356,5730.5232,8397.0407,5975.1981,6158.4670,4317.2547,5390.5212,8062.0768,5690.6169,5856.1893,4048.6339,5045.5737,7831.8544,5358.9004,5533.3856,3705.8656,4632.5767,7659.3961,4992.1959,5185.6232,3302.4153,4170.4969,7503.1315,11.00000000000,17,161
17,055,00424229,17055,Franklin,Franklin County,06,H1,G4020,,,,A,1059017642.00000000000,58416872.00000000000,+37.9918483,-088.9262457,17055,2531.0809,2523.9789,2503.5840,2523.9292,2544.8101,2568.7874,2557.3542,2510.3475,2557.3409,2603.4768,2468.8341,2453.3432,2372.5748,2453.6819,2533.5670,2426.1880,2405.8849,2290.1654,2405.1637,2521.8683,2560.9421,2535.4020,2352.1918,2533.0139,2718.4583,2626.0709,2596.3784,2362.5604,2592.1694,2828.7025,2265.7405,2238.5953,1992.5343,2233.9962,2481.2863,2204.8665,2177.2771,1939.8222,2172.5682,2408.9916,2244.0864,2215.5487,1964.5814,2210.2232,2458.2171,2114.6496,2109.3319,1777.1991,2038.3505,2480.3114,1735.9369,1752.7808,1408.6418,1654.8797,2122.9685,1636.5509,1669.5820,1264.2588,1530.1498,2086.1215,1527.0375,1576.0071,1116.3951,1386.9391,2032.2710,1430.9492,1474.8822,1033.9776,1290.9852,1930.7218,1337.3506,1376.3242,951.5777,1185.8383,1840.5674,1220.9714,1260.7984,844.4720,1055.5766,1745.1214,1114.1127,1157.3559,737.1382,930.8266,1674.4850,11.00000000000,17,055
17,023,00424213,17023,Clark,Clark County,06,H1,G4020,,,,A,1298666494.00000000000,8806915.00000000000,+39.3323642,-087.7916872,17023,952.7595,950.1024,942.4337,950.0830,957.9298,872.9681,869.0899,853.1189,869.0848,884.7589,831.7217,826.5079,799.2989,826.6214,853.5322,957.5553,949.4201,903.7540,949.1438,995.2399,934.1896,925.0169,858.1871,924.1512,991.7438,943.0838,932.4788,848.5412,930.9783,1015.8706,837.7907,828.0241,737.2513,826.3849,917.5230,800.9223,790.9600,704.7572,789.2617,875.0746,771.9616,762.3866,676.2753,760.6047,845.6515,786.6275,784.8577,661.4743,758.5025,922.7005,609.9545,615.9881,495.1549,581.6178,745.9642,583.2538,595.1357,450.7642,545.4716,743.4905,556.5226,574.4726,407.0424,505.5938,740.6620,519.3150,535.3507,375.4058,468.6364,700.6989,481.8809,496.0036,343.0167,427.3882,663.2089,443.0203,457.5381,306.5286,383.0918,633.2089,400.6074,416.2102,265.1524,334.7681,602.1067,11.00000000000,17,023
17,051,00424227,17051,Fayette,Fayette County,06,H1,G4020,,,,A,1855679809.00000000000,22950051.00000000000,+39.0011246,-089.0179232,17051,1294.0985,1290.4108,1279.9542,1290.3880,1301.1100,1258.0165,1252.3972,1229.3662,1252.3920,1274.9992,1269.0567,1260.8976,1219.3422,1261.0945,1302.2211,1386.3717,1374.5171,1308.4040,1374.1222,1440.8837,1369.6128,1356.0791,1258.0988,1354.8067,1453.9364,1410.5205,1394.7002,1269.1817,1392.4639,1519.3958,1477.9163,1459.4614,1298.3737,1456.2920,1618.4282,1484.4961,1465.0108,1304.3262,1461.6543,1621.8768,1525.1461,1504.8811,1333.5220,1501.0819,1670.5699,1422.7745,1417.9818,1193.5447,1369.9372,1668.5037,1216.6864,1227.0144,984.7028,1158.0230,1487.7096,1174.1420,1196.3524,904.4367,1095.9319,1496.5061,1116.7384,1151.0901,813.9313,1012.4515,1486.0919,1055.6998,1086.7033,760.3971,950.6478,1424.2871,990.4004,1017.9190,702.3560,876.4898,1362.9593,909.3914,937.8142,626.7750,784.6481,1299.6964,835.1820,866.4936,550.6166,696.4269,1255.1906,11.00000000000,17,051
17,021,00424212,17021,Christian,Christian County,06,H1,G4020,,45380,,A,1837278793.00000000000,16221497.00000000000,+39.5455242,-089.2795925,17021,1951.7121,1946.2644,1930.5526,1946.2248,1962.3028,1875.4079,1867.1062,1832.8111,1867.0934,1900.7468,1737.4919,1726.6023,1669.7623,1726.8393,1783.0559,1872.6330,1856.9022,1767.5877,1856.3496,1946.4447,1801.3849,1783.7913,1654.9259,1782.1257,1912.4277,1933.3702,1911.8926,1739.9605,1908.8665,2082.6633,1711.7150,1690.7702,1504.5350,1687.1967,1874.5046,1624.5574,1603.8716,1428.5949,1600.3290,1774.9370,1682.8515,1661.5293,1473.3992,1657.5519,1843.4387,1363.6285,1359.9091,1145.5016,1314.0683,1599.3545,1217.4436,1228.7716,987.0563,1159.9891,1488.7970,1156.1579,1178.9964,892.2788,1080.3646,1473.7015,1063.4259,1097.0303,776.6030,965.2372,1415.2255,981.7119,1011.3589,708.5149,885.0609,1324.5400,900.5109,926.2712,639.9040,797.8770,1239.3155,803.1718,828.9243,554.7155,693.8133,1147.9335,727.4846,755.3152,480.6067,607.3054,1093.3671,11.00000000000,17,021
17,187,01785134,17187,Warren,Warren County,06,H1,G4020,,23660,,A,1404823508.00000000000,1674135.00000000000,+40.8504412,-090.6202228,17187,968.6449,965.9271,958.1220,965.9081,973.8991,965.0114,960.7219,943.0659,960.7165,978.0447,977.5881,971.3463,939.3435,971.4929,1003.1599,1017.1562,1008.4415,959.9363,1008.1530,1057.1397,948.3972,938.9544,871.1061,938.0706,1006.7406,660.7097,653.2430,594.4174,652.1847,711.6922,741.5741,732.5823,651.9631,731.0528,812.1097,928.6855,917.1663,817.2412,915.2038,1014.6685,1008.2539,995.5509,882.9013,993.1827,1104.4759,1001.6603,998.9335,841.4436,965.2622,1174.8154,832.8168,840.8174,675.6561,793.8289,1018.4824,828.5813,845.2258,639.9524,774.6112,1056.1881,799.6325,825.1996,584.4699,726.1749,1064.1911,777.4252,801.2202,561.6263,701.2902,1048.9418,760.8758,782.9779,541.2679,674.5832,1047.1716,751.5544,776.0010,519.6837,649.6618,1074.1837,728.8709,757.0988,482.1364,608.8853,1095.4719,11.00000000000,17,187
17,139,01784885,17139,Moultrie,Moultrie County,06,H1,G4020,,,,A,870088946.00000000000,22102477.00000000000,+39.6368956,-088.6257259,17139,810.3347,808.0565,801.5247,808.0407,814.7295,801.6148,798.0587,783.3958,798.0537,812.4433,862.3266,856.9135,828.7020,857.0321,884.9355,920.7855,913.1234,869.2036,912.8467,957.1257,874.7215,866.0781,803.5017,865.2656,928.5760,939.5297,928.8424,845.1541,927.3243,1012.0066,876.9201,866.2544,770.8956,864.4383,960.3254,912.5187,901.0886,802.8038,899.1374,996.9984,954.1665,942.0648,835.3850,939.8071,1045.2170,889.7288,887.5109,747.7831,857.6504,1043.5840,694.4535,700.9972,563.1797,661.7830,849.2521,678.9799,692.4869,524.1765,634.5876,865.4760,645.8953,666.4143,471.8729,586.3943,859.5782,599.1641,617.3804,432.6355,540.3307,808.4119,565.5237,581.8365,402.0986,501.2410,778.3048,523.3230,540.2406,361.6806,452.2413,747.9692,480.3814,498.8936,317.6003,401.1887,721.9937,11.00000000000,17,139
17,015,00424209,17015,Carroll,Carroll County,06,H1,G4020,,,,A,1152045333.00000000000,55821513.00000000000,+42.0590844,-089.9264854,17015,788.1182,785.9307,779.5925,785.9142,792.3965,785.3067,781.8285,767.4669,781.8233,795.9165,690.1737,685.8624,663.2870,685.9549,708.2809,774.8459,768.3220,731.3667,768.0944,805.3777,718.8416,711.6621,660.2359,710.9914,763.0485,769.8854,761.3904,692.9570,760.1964,829.3520,663.8950,655.9653,583.8849,654.6233,727.0558,594.1041,586.6416,522.6336,585.3669,649.1042,537.2866,530.6244,470.6927,529.3846,588.5752,493.1102,492.1520,414.9282,475.6666,578.4464,429.7431,434.0106,348.8901,409.7993,525.5713,404.0235,412.2678,312.2709,377.8686,515.0221,378.4007,390.6172,276.7833,343.7868,503.6051,353.6832,364.6124,255.6866,319.1784,477.2167,330.7896,340.4900,235.4756,293.3902,455.2636,299.3326,309.1447,207.1155,258.8449,427.8362,273.3371,283.9842,180.9173,228.4160,410.8216,11.00000000000,17,015
17,191,00424296,17191,Wayne,Wayne County,06,H1,G4020,,,,A,1848769796.00000000000,4331019.00000000000,+38.4319482,-088.4321291,17191,987.0895,984.3283,976.3789,984.3085,992.4449,956.8153,952.5762,935.0774,952.5699,969.7419,1006.4770,1000.2355,967.3227,1000.3650,1032.9082,1051.2639,1042.4653,992.3242,1042.1529,1092.7212,1014.2017,1004.2846,931.7316,1003.3463,1076.7124,1090.2672,1078.0759,981.0762,1076.3544,1174.4336,958.6015,947.3264,843.3856,945.4281,1049.8198,979.7989,967.9802,862.8534,965.9781,1070.5337,1032.1266,1019.5614,904.6450,1017.2278,1130.6801,943.8008,942.1354,794.4656,910.6224,1107.1731,779.6203,787.6259,633.4023,743.7695,953.5103,770.1006,786.0833,595.6832,720.5854,981.7051,741.0524,765.2414,542.4998,673.5970,986.2735,710.5556,732.7709,514.1249,641.5635,958.7596,684.5371,704.8600,487.7297,607.4583,942.1439,645.7870,667.1891,447.2484,558.7302,923.0400,607.5970,631.4744,402.5330,508.0004,913.2221,11.00000000000,17,191
17,185,00424293,17185,Wabash,Wabash County,06,H1,G4020,,,,A,578218989.00000000000,11017614.00000000000,+38.4458209,-087.8391674,17185,613.3106,611.6115,606.6808,611.5985,616.6405,610.4530,607.7858,596.6407,607.7792,618.7109,607.8224,604.0308,584.1501,604.1116,623.7720,673.6020,667.9393,635.8124,667.7408,700.1501,628.7099,622.5357,577.5592,621.9531,667.4433,708.8161,700.7559,637.6199,699.6111,763.4961,569.3277,562.5054,500.6750,561.3495,623.4892,568.1483,560.9945,499.7675,559.7720,620.7445,565.7984,558.6135,495.3468,557.2729,619.7881,549.2174,547.5895,461.1305,529.0959,644.1273,437.2682,441.3498,354.5428,416.6485,534.7321,417.6658,425.9368,322.3745,390.3110,532.3819,388.5534,400.8624,283.8068,352.7157,517.0963,362.1267,373.1047,261.4242,326.5282,488.5904,338.1196,347.8462,240.3632,299.6520,465.3367,308.4791,318.4290,213.1573,266.5510,440.8980,283.1859,294.0797,187.1920,236.4781,425.6157,11.00000000000,17,185
49,009,01448019,49009,Daggett,Daggett County,06,H1,G4020,,,,A,1805167690.00000000000,61461652.00000000000,+40.8900990,-109.5057855,49009,66.0665,65.8828,65.3513,65.8814,66.4251,64.9005,64.6088,63.4198,64.6087,65.7761,76.0310,75.5522,73.0645,75.5629,78.0236,75.0957,74.4996,70.9164,74.4751,78.0779,58.3039,57.7710,53.6007,57.7185,61.9220,92.6177,91.6297,83.4157,91.4925,99.7814,107.0291,105.7592,94.1455,105.5448,117.2125,121.7334,120.1900,107.0619,119.9259,133.0023,116.1208,114.5752,101.5259,114.2854,127.1927,96.7242,96.3460,81.0463,93.0675,113.4169,103.4641,104.3385,83.7300,98.4707,126.5106,104.1140,106.0850,80.2013,97.1809,132.6989,96.3353,99.2958,70.2087,87.3354,128.1973,91.1528,93.8260,65.6489,82.0775,122.9775,88.9181,91.3879,63.0561,78.6902,122.3664,80.2601,82.7648,55.3105,69.2458,114.7070,70.8634,73.5119,46.7040,59.0803,106.4998,11.00000000000,49,009
72,085,01804523,72085,Las Piedras,Las Piedras Municipio,13,H1,G4020,490,41980,,A,87748286.00000000000,32514.00000000000,+18.1872011,-065.8711961,,0.0000,0.0000,0.0000,0.0000,0.0000,0.0000,0.0000,0.0000,0.0000,0.0000,0.0000,0.0000,0.0000,0.0000,0.0000,0.0000,0.0000,0.0000,0.0000,0.0000,0.0000,0.0000,0.0000,0.0000,0.0000,0.0000,0.0000,0.0000,0.0000,0.0000,0.0000,0.0000,0.0000,0.0000,0.0000,0.0000,0.0000,0.0000,0.0000,0.0000,0.0000,0.0000,0.0000,0.0000,0.0000,0.0000,0.0000,0.0000,0.0000,0.0000,0.0000,0.0000,0.0000,0.0000,0.0000,0.0000,0.0000,0.0000,0.0000,0.0000,0.0000,0.0000,0.0000,0.0000,0.0000,0.0000,0.0000,0.0000,0.0000,0.0000,0.0000,0.0000,0.0000,0.0000,0.0000,0.0000,0.0000,0.0000,0.0000,0.0000,0.0000,0.0000,0.0000,0.0000,0.0000,0.00000000000,,
49,007,01448018,49007,Carbon,Carbon County,06,H1,G4020,,39220,,A,3829279233.00000000000,15773974.00000000000,+39.6700496,-110.5903568,49007,923.7084,921.1166,913.6736,921.0985,928.7188,1057.9256,1053.2577,1033.9195,1053.2494,1072.2237,1117.2304,1110.2599,1073.7172,1110.4086,1146.5465,1134.4436,1124.9639,1070.8548,1124.6257,1179.1908,934.1673,925.0813,858.2545,924.2189,991.7771,801.1758,792.3323,721.1159,791.0891,863.0584,685.0547,677.0484,602.8084,675.7035,750.2489,812.5965,802.8548,715.7214,801.2066,887.8510,828.8617,818.8302,726.5992,816.9684,908.0135,670.7202,669.5707,564.6552,647.1838,786.8304,700.6009,707.8278,569.2604,668.4249,856.8714,686.8638,701.1572,531.3650,642.7485,875.6016,650.9847,672.2791,476.6418,591.7847,866.4055,638.0367,658.0291,461.7301,576.1423,860.9131,633.1871,652.0268,451.2154,561.9427,871.4731,627.4421,648.2699,434.6030,542.9005,896.8215,623.1974,647.7110,412.9096,521.0720,936.6710,11.00000000000,49,007
72,001,01804480,72001,Adjuntas,Adjuntas Municipio,13,H1,G4020,,10260,,A,172725651.00000000000,1051793.00000000000,+18.1815604,-066.7581473,,0.0000,0.0000,0.0000,0.0000,0.0000,0.0000,0.0000,0.0000,0.0000,0.0000,0.0000,0.0000,0.0000,0.0000,0.0000,0.0000,0.0000,0.0000,0.0000,0.0000,0.0000,0.0000,0.0000,0.0000,0.0000,0.0000,0.0000,0.0000,0.0000,0.0000,0.0000,0.0000,0.0000,0.0000,0.0000,0.0000,0.0000,0.0000,0.0000,0.0000,0.0000,0.0000,0.0000,0.0000,0.0000,0.0000,0.0000,0.0000,0.0000,0.0000,0.0000,0.0000,0.0000,0.0000,0.0000,0.0000,0.0000,0.0000,0.0000,0.0000,0.0000,0.0000,0.0000,0.0000,0.0000,0.0000,0.0000,0.0000,0.0000,0.0000,0.0000,0.0000,0.0000,0.0000,0.0000,0.0000,0.0000,0.0000,0.0000,0.0000,0.0000,0.0000,0.0000,0.0000,0.0000,0.00000000000,,
72,121,01804541,72121,Sabana Grande,Sabana Grande Municipio,13,H1,G4020,364,41900,,A,92806330.00000000000,25323.00000000000,+18.0830004,-066.9433357,,0.0000,0.0000,0.0000,0.0000,0.0000,0.0000,0.0000,0.0000,0.0000,0.0000,0.0000,0.0000,0.0000,0.0000,0.0000,0.0000,0.0000,0.0000,0.0000,0.0000,0.0000,0.0000,0.0000,0.0000,0.0000,0.0000,0.0000,0.0000,0.0000,0.0000,0.0000,0.0000,0.0000,0.0000,0.0000,0.0000,0.0000,0.0000,0.0000,0.0000,0.0000,0.0000,0.0000,0.0000,0.0000,0.0000,0.0000,0.0000,0.0000,0.0000,0.0000,0.0000,0.0000,0.0000,0.0000,0.0000,0.0000,0.0000,0.0000,0.0000,0.0000,0.0000,0.0000,0.0000,0.0000,0.0000,0.0000,0.0000,0.0000,0.0000,0.0000,0.0000,0.0000,0.0000,0.0000,0.0000,0.0000,0.0000,0.0000,0.0000,0.0000,0.0000,0.0000,0.0000,0.0000,0.00000000000,,
72,153,01804557,72153,Yauco,Yauco Municipio,13,H1,G4020,434,49500,,A,176615594.00000000000,1625504.00000000000,+18.0850516,-066.8580090,,0.0000,0.0000,0.0000,0.0000,0.0000,0.0000,0.0000,0.0000,0.0000,0.0000,0.0000,0.0000,0.0000,0.0000,0.0000,0.0000,0.0000,0.0000,0.0000,0.0000,0.0000,0.0000,0.0000,0.0000,0.0000,0.0000,0.0000,0.0000,0.0000,0.0000,0.0000,0.0000,0.0000,0.0000,0.0000,0.0000,0.0000,0.0000,0.0000,0.0000,0.0000,0.0000,0.0000,0.0000,0.0000,0.0000,0.0000,0.0000,0.0000,0.0000,0.0000,0.0000,0.0000,0.0000,0.0000,0.0000,0.0000,0.0000,0.0000,0.0000,0.0000,0.0000,0.0000,0.0000,0.0000,0.0000,0.0000,0.0000,0.0000,0.0000,0.0000,0.0000,0.0000,0.0000,0.0000,0.0000,0.0000,0.0000,0.0000,0.0000,0.0000,0.0000,0.0000,0.0000,0.0000,0.00000000000,,
49,001,01448015,49001,Beaver,Beaver County,06,H1,G4020,,,,A,6707757757.00000000000,5330823.00000000000,+38.3575350,-113.2389481,49001,283.4174,282.6025,280.3087,282.5978,284.9520,291.1110,289.8159,284.4892,289.8144,295.0424,332.2120,330.0789,319.2011,330.1301,340.8953,317.4698,314.7752,299.6349,314.6834,329.9655,225.7631,223.4465,207.2944,223.2335,239.6062,307.6163,304.0354,276.5899,303.5229,331.3226,289.4052,285.8450,254.3427,285.2365,316.9263,262.2092,258.8455,230.5330,258.2686,286.4795,230.5613,227.6192,201.8252,227.0700,252.5602,194.7890,194.3291,163.7589,187.7978,228.4789,149.0146,150.4448,120.8918,142.0369,182.2352,136.4915,139.2328,105.4179,127.6004,173.9850,124.0076,127.9725,90.6399,112.6157,165.0356,109.0944,112.4341,78.8129,98.4114,147.1958,101.6139,104.5666,72.2873,90.0909,139.8484,89.8592,92.7828,62.1369,77.6773,128.4343,76.0539,78.9995,50.3088,63.5342,114.3068,11.00000000000,49,001
72,119,01804540,72119,R2o Grande,R2o Grande Municipio,13,H1,G4020,490,41980,,A,157011758.00000000000,74873121.00000000000,+18.3763694,-065.7984342,,0.0000,0.0000,0.0000,0.0000,0.0000,0.0000,0.0000,0.0000,0.0000,0.0000,0.0000,0.0000,0.0000,0.0000,0.0000,0.0000,0.0000,0.0000,0.0000,0.0000,0.0000,0.0000,0.0000,0.0000,0.0000,0.0000,0.0000,0.0000,0.0000,0.0000,0.0000,0.0000,0.0000,0.0000,0.0000,0.0000,0.0000,0.0000,0.0000,0.0000,0.0000,0.0000,0.0000,0.0000,0.0000,0.0000,0.0000,0.0000,0.0000,0.0000,0.0000,0.0000,0.0000,0.0000,0.0000,0.0000,0.0000,0.0000,0.0000,0.0000,0.0000,0.0000,0.0000,0.0000,0.0000,0.0000,0.0000,0.0000,0.0000,0.0000,0.0000,0.0000,0.0000,0.0000,0.0000,0.0000,0.0000,0.0000,0.0000,0.0000,0.0000,0.0000,0.0000,0.0000,0.0000,0.00000000000,,
72,101,01804531,72101,Morovis,Morovis Municipio,13,H1,G4020,490,41980,,A,100675764.00000000000,140026.00000000000,+18.3183860,-066.4180342,,0.0000,0.0000,0.0000,0.0000,0.0000,0.0000,0.0000,0.0000,0.0000,0.0000,0.0000,0.0000,0.0000,0.0000,0.0000,0.0000,0.0000,0.0000,0.0000,0.0000,0.0000,0.0000,0.0000,0.0000,0.0000,0.0000,0.0000,0.0000,0.0000,0.0000,0.0000,0.0000,0.0000,0.0000,0.0000,0.0000,0.0000,0.0000,0.0000,0.0000,0.0000,0.0000,0.0000,0.0000,0.0000,0.0000,0.0000,0.0000,0.0000,0.0000,0.0000,0.0000,0.0000,0.0000,0.0000,0.0000,0.0000,0.0000,0.0000,0.0000,0.0000,0.0000,0.0000,0.0000,0.0000,0.0000,0.0000,0.0000,0.0000,0.0000,0.0000,0.0000,0.0000,0.0000,0.0000,0.0000,0.0000,0.0000,0.0000,0.0000,0.0000,0.0000,0.0000,0.0000,0.0000,0.00000000000,,
72,073,01804517,72073,Jayuya,Jayuya Municipio,13,H1,G4020,,27580,,A,115340235.00000000000,3405.00000000000,+18.2110972,-066.5868859,,0.0000,0.0000,0.0000,0.0000,0.0000,0.0000,0.0000,0.0000,0.0000,0.0000,0.0000,0.0000,0.0000,0.0000,0.0000,0.0000,0.0000,0.0000,0.0000,0.0000,0.0000,0.0000,0.0000,0.0000,0.0000,0.0000,0.0000,0.0000,0.0000,0.0000,0.0000,0.0000,0.0000,0.0000,0.0000,0.0000,0.0000,0.0000,0.0000,0.0000,0.0000,0.0000,0.0000,0.0000,0.0000,0.0000,0.0000,0.0000,0.0000,0.0000,0.0000,0.0000,0.0000,0.0000,0.0000,0.0000,0.0000,0.0000,0.0000,0.0000,0.0000,0.0000,0.0000,0.0000,0.0000,0.0000,0.0000,0.0000,0.0000,0.0000,0.0000,0.0000,0.0000,0.0000,0.0000,0.0000,0.0000,0.0000,0.0000,0.0000,0.0000,0.0000,0.0000,0.0000,0.0000,0.00000000000,,
72,067,01804514,72067,Hormigueros,Hormigueros Municipio,13,H1,G4020,364,32420,,A,29380814.00000000000,486.00000000000,+18.1346445,-067.1161579,,0.0000,0.0000,0.0000,0.0000,0.0000,0.0000,0.0000,0.0000,0.0000,0.0000,0.0000,0.0000,0.0000,0.0000,0.0000,0.0000,0.0000,0.0000,0.0000,0.0000,0.0000,0.0000,0.0000,0.0000,0.0000,0.0000,0.0000,0.0000,0.0000,0.0000,0.0000,0.0000,0.0000,0.0000,0.0000,0.0000,0.0000,0.0000,0.0000,0.0000,0.0000,0.0000,0.0000,0.0000,0.0000,0.0000,0.0000,0.0000,0.0000,0.0000,0.0000,0.0000,0.0000,0.0000,0.0000,0.0000,0.0000,0.0000,0.0000,0.0000,0.0000,0.0000,0.0000,0.0000,0.0000,0.0000,0.0000,0.0000,0.0000,0.0000,0.0000,0.0000,0.0000,0.0000,0.0000,0.0000,0.0000,0.0000,0.0000,0.0000,0.0000,0.0000,0.0000,0.0000,0.0000,0.00000000000,,
72,023,01804491,72023,Cabo Rojo,Cabo Rojo Municipio,13,H1,G4020,364,41900,,A,182266838.00000000000,277232839.00000000000,+18.0088725,-067.2098839,,0.0000,0.0000,0.0000,0.0000,0.0000,0.0000,0.0000,0.0000,0.0000,0.0000,0.0000,0.0000,0.0000,0.0000,0.0000,0.0000,0.0000,0.0000,0.0000,0.0000,0.0000,0.0000,0.0000,0.0000,0.0000,0.0000,0.0000,0.0000,0.0000,0.0000,0.0000,0.0000,0.0000,0.0000,0.0000,0.0000,0.0000,0.0000,0.0000,0.0000,0.0000,0.0000,0.0000,0.0000,0.0000,0.0000,0.0000,0.0000,0.0000,0.0000,0.0000,0.0000,0.0000,0.0000,0.0000,0.0000,0.0000,0.0000,0.0000,0.0000,0.0000,0.0000,0.0000,0.0000,0.0000,0.0000,0.0000,0.0000,0.0000,0.0000,0.0000,0.0000,0.0000,0.0000,0.0000,0.0000,0.0000,0.0000,0.0000,0.0000,0.0000,0.0000,0.0000,0.0000,0.0000,0.00000000000,,
72,131,01804546,72131,San Sebasti9n,San Sebasti9n Municipio,13,H1,G4020,,10380,,A,182394881.00000000000,2060667.00000000000,+18.3314094,-066.9706783,,0.0000,0.0000,0.0000,0.0000,0.0000,0.0000,0.0000,0.0000,0.0000,0.0000,0.0000,0.0000,0.0000,0.0000,0.0000,0.0000,0.0000,0.0000,0.0000,0.0000,0.0000,0.0000,0.0000,0.0000,0.0000,0.0000,0.0000,0.0000,0.0000,0.0000,0.0000,0.0000,0.0000,0.0000,0.0000,0.0000,0.0000,0.0000,0.0000,0.0000,0.0000,0.0000,0.0000,0.0000,0.0000,0.0000,0.0000,0.0000,0.0000,0.0000,0.0000,0.0000,0.0000,0.0000,0.0000,0.0000,0.0000,0.0000,0.0000,0.0000,0.0000,0.0000,0.0000,0.0000,0.0000,0.0000,0.0000,0.0000,0.0000,0.0000,0.0000,0.0000,0.0000,0.0000,0.0000,0.0000,0.0000,0.0000,0.0000,0.0000,0.0000,0.0000,0.0000,0.0000,0.0000,0.00000000000,,
72,143,01804552,72143,Vega Alta,Vega Alta Municipio,13,H1,G4020,490,41980,,A,71815540.00000000000,25308477.00000000000,+18.4360963,-066.3362631,,0.0000,0.0000,0.0000,0.0000,0.0000,0.0000,0.0000,0.0000,0.0000,0.0000,0.0000,0.0000,0.0000,0.0000,0.0000,0.0000,0.0000,0.0000,0.0000,0.0000,0.0000,0.0000,0.0000,0.0000,0.0000,0.0000,0.0000,0.0000,0.0000,0.0000,0.0000,0.0000,0.0000,0.0000,0.0000,0.0000,0.0000,0.0000,0.0000,0.0000,0.0000,0.0000,0.0000,0.0000,0.0000,0.0000,0.0000,0.0000,0.0000,0.0000,0.0000,0.0000,0.0000,0.0000,0.0000,0.0000,0.0000,0.0000,0.0000,0.0000,0.0000,0.0000,0.0000,0.0000,0.0000,0.0000,0.0000,0.0000,0.0000,0.0000,0.0000,0.0000,0.0000,0.0000,0.0000,0.0000,0.0000,0.0000,0.0000,0.0000,0.0000,0.0000,0.0000,0.0000,0.0000,0.00000000000,,
72,075,01804518,72075,Juana D8az,Juana D8az Municipio,13,H1,G4020,434,38660,,A,156117142.00000000000,121329029.00000000000,+17.9981748,-066.4914725,,0.0000,0.0000,0.0000,0.0000,0.0000,0.0000,0.0000,0.0000,0.0000,0.0000,0.0000,0.0000,0.0000,0.0000,0.0000,0.0000,0.0000,0.0000,0.0000,0.0000,0.0000,0.0000,0.0000,0.0000,0.0000,0.0000,0.0000,0.0000,0.0000,0.0000,0.0000,0.0000,0.0000,0.0000,0.0000,0.0000,0.0000,0.0000,0.0000,0.0000,0.0000,0.0000,0.0000,0.0000,0.0000,0.0000,0.0000,0.0000,0.0000,0.0000,0.0000,0.0000,0.0000,0.0000,0.0000,0.0000,0.0000,0.0000,0.0000,0.0000,0.0000,0.0000,0.0000,0.0000,0.0000,0.0000,0.0000,0.0000,0.0000,0.0000,0.0000,0.0000,0.0000,0.0000,0.0000,0.0000,0.0000,0.0000,0.0000,0.0000,0.0000,0.0000,0.0000,0.0000,0.0000,0.00000000000,,
72,051,01804505,72051,Dorado,Dorado Municipio,13,H1,G4020,490,41980,,A,59799289.00000000000,79309523.00000000000,+18.4732599,-066.2603936,,0.0000,0.0000,0.0000,0.0000,0.0000,0.0000,0.0000,0.0000,0.0000,0.0000,0.0000,0.0000,0.0000,0.0000,0.0000,0.0000,0.0000,0.0000,0.0000,0.0000,0.0000,0.0000,0.0000,0.0000,0.0000,0.0000,0.0000,0.0000,0.0000,0.0000,0.0000,0.0000,0.0000,0.0000,0.0000,0.0000,0.0000,0.0000,0.0000,0.0000,0.0000,0.0000,0.0000,0.0000,0.0000,0.0000,0.0000,0.0000,0.0000,0.0000,0.0000,0.0000,0.0000,0.0000,0.0000,0.0000,0.0000,0.0000,0.0000,0.0000,0.0000,0.0000,0.0000,0.0000,0.0000,0.0000,0.0000,0.0000,0.0000,0.0000,0.0000,0.0000,0.0000,0.0000,0.0000,0.0000,0.0000,0.0000,0.0000,0.0000,0.0000,0.0000,0.0000,0.0000,0.0000,0.00000000000,,
72,035,01804497,72035,Cayey,Cayey Municipio,13,H1,G4020,490,41980,,A,134509167.00000000000,69526.00000000000,+18.1036240,-066.1516668,,0.0000,0.0000,0.0000,0.0000,0.0000,0.0000,0.0000,0.0000,0.0000,0.0000,0.0000,0.0000,0.0000,0.0000,0.0000,0.0000,0.0000,0.0000,0.0000,0.0000,0.0000,0.0000,0.0000,0.0000,0.0000,0.0000,0.0000,0.0000,0.0000,0.0000,0.0000,0.0000,0.0000,0.0000,0.0000,0.0000,0.0000,0.0000,0.0000,0.0000,0.0000,0.0000,0.0000,0.0000,0.0000,0.0000,0.0000,0.0000,0.0000,0.0000,0.0000,0.0000,0.0000,0.0000,0.0000,0.0000,0.0000,0.0000,0.0000,0.0000,0.0000,0.0000,0.0000,0.0000,0.0000,0.0000,0.0000,0.0000,0.0000,0.0000,0.0000,0.0000,0.0000,0.0000,0.0000,0.0000,0.0000,0.0000,0.0000,0.0000,0.0000,0.0000,0.0000,0.0000,0.0000,0.00000000000,,
72,099,01804530,72099,Moca,Moca Municipio,13,H1,G4020,,10380,,A,130389605.00000000000,56483.00000000000,+18.3777509,-067.0803439,,0.0000,0.0000,0.0000,0.0000,0.0000,0.0000,0.0000,0.0000,0.0000,0.0000,0.0000,0.0000,0.0000,0.0000,0.0000,0.0000,0.0000,0.0000,0.0000,0.0000,0.0000,0.0000,0.0000,0.0000,0.0000,0.0000,0.0000,0.0000,0.0000,0.0000,0.0000,0.0000,0.0000,0.0000,0.0000,0.0000,0.0000,0.0000,0.0000,0.0000,0.0000,0.0000,0.0000,0.0000,0.0000,0.0000,0.0000,0.0000,0.0000,0.0000,0.0000,0.0000,0.0000,0.0000,0.0000,0.0000,0.0000,0.0000,0.0000,0.0000,0.0000,0.0000,0.0000,0.0000,0.0000,0.0000,0.0000,0.0000,0.0000,0.0000,0.0000,0.0000,0.0000,0.0000,0.0000,0.0000,0.0000,0.0000,0.0000,0.0000,0.0000,0.0000,0.0000,0.0000,0.0000,0.00000000000,,
72,025,01804492,72025,Caguas,Caguas Municipio,13,H1,G4020,490,41980,,A,151766410.00000000000,1217575.00000000000,+18.2111085,-066.0509643,,0.0000,0.0000,0.0000,0.0000,0.0000,0.0000,0.0000,0.0000,0.0000,0.0000,0.0000,0.0000,0.0000,0.0000,0.0000,0.0000,0.0000,0.0000,0.0000,0.0000,0.0000,0.0000,0.0000,0.0000,0.0000,0.0000,0.0000,0.0000,0.0000,0.0000,0.0000,0.0000,0.0000,0.0000,0.0000,0.0000,0.0000,0.0000,0.0000,0.0000,0.0000,0.0000,0.0000,0.0000,0.0000,0.0000,0.0000,0.0000,0.0000,0.0000,0.0000,0.0000,0.0000,0.0000,0.0000,0.0000,0.0000,0.0000,0.0000,0.0000,0.0000,0.0000,0.0000,0.0000,0.0000,0.0000,0.0000,0.0000,0.0000,0.0000,0.0000,0.0000,0.0000,0.0000,0.0000,0.0000,0.0000,0.0000,0.0000,0.0000,0.0000,0.0000,0.0000,0.0000,0.0000,0.00000000000,,
72,107,01804534,72107,Orocovis,Orocovis Municipio,13,H1,G4020,490,41980,,A,164773860.00000000000,402894.00000000000,+18.2159755,-066.4339715,,0.0000,0.0000,0.0000,0.0000,0.0000,0.0000,0.0000,0.0000,0.0000,0.0000,0.0000,0.0000,0.0000,0.0000,0.0000,0.0000,0.0000,0.0000,0.0000,0.0000,0.0000,0.0000,0.0000,0.0000,0.0000,0.0000,0.0000,0.0000,0.0000,0.0000,0.0000,0.0000,0.0000,0.0000,0.0000,0.0000,0.0000,0.0000,0.0000,0.0000,0.0000,0.0000,0.0000,0.0000,0.0000,0.0000,0.0000,0.0000,0.0000,0.0000,0.0000,0.0000,0.0000,0.0000,0.0000,0.0000,0.0000,0.0000,0.0000,0.0000,0.0000,0.0000,0.0000,0.0000,0.0000,0.0000,0.0000,0.0000,0.0000,0.0000,0.0000,0.0000,0.0000,0.0000,0.0000,0.0000,0.0000,0.0000,0.0000,0.0000,0.0000,0.0000,0.0000,0.0000,0.0000,0.00000000000,,
72,055,01804508,72055,Gu0nica,Gu0nica Municipio,13,H1,G4020,434,49500,,A,95959871.00000000000,109853375.00000000000,+17.9480521,-066.9229889,,0.0000,0.0000,0.0000,0.0000,0.0000,0.0000,0.0000,0.0000,0.0000,0.0000,0.0000,0.0000,0.0000,0.0000,0.0000,0.0000,0.0000,0.0000,0.0000,0.0000,0.0000,0.0000,0.0000,0.0000,0.0000,0.0000,0.0000,0.0000,0.0000,0.0000,0.0000,0.0000,0.0000,0.0000,0.0000,0.0000,0.0000,0.0000,0.0000,0.0000,0.0000,0.0000,0.0000,0.0000,0.0000,0.0000,0.0000,0.0000,0.0000,0.0000,0.0000,0.0000,0.0000,0.0000,0.0000,0.0000,0.0000,0.0000,0.0000,0.0000,0.0000,0.0000,0.0000,0.0000,0.0000,0.0000,0.0000,0.0000,0.0000,0.0000,0.0000,0.0000,0.0000,0.0000,0.0000,0.0000,0.0000,0.0000,0.0000,0.0000,0.0000,0.0000,0.0000,0.0000,0.0000,0.00000000000,,
72,009,01804484,72009,Aibonito,Aibonito Municipio,13,H1,G4020,490,41980,,A,81094455.00000000000,71897.00000000000,+18.1306472,-066.2639743,,0.0000,0.0000,0.0000,0.0000,0.0000,0.0000,0.0000,0.0000,0.0000,0.0000,0.0000,0.0000,0.0000,0.0000,0.0000,0.0000,0.0000,0.0000,0.0000,0.0000,0.0000,0.0000,0.0000,0.0000,0.0000,0.0000,0.0000,0.0000,0.0000,0.0000,0.0000,0.0000,0.0000,0.0000,0.0000,0.0000,0.0000,0.0000,0.0000,0.0000,0.0000,0.0000,0.0000,0.0000,0.0000,0.0000,0.0000,0.0000,0.0000,0.0000,0.0000,0.0000,0.0000,0.0000,0.0000,0.0000,0.0000,0.0000,0.0000,0.0000,0.0000,0.0000,0.0000,0.0000,0.0000,0.0000,0.0000,0.0000,0.0000,0.0000,0.0000,0.0000,0.0000,0.0000,0.0000,0.0000,0.0000,0.0000,0.0000,0.0000,0.0000,0.0000,0.0000,0.0000,0.0000,0.00000000000,,
72,141,01804551,72141,Utuado,Utuado Municipio,13,H1,G4020,490,46580,,A,294039825.00000000000,3987764.00000000000,+18.2708694,-066.7029912,,0.0000,0.0000,0.0000,0.0000,0.0000,0.0000,0.0000,0.0000,0.0000,0.0000,0.0000,0.0000,0.0000,0.0000,0.0000,0.0000,0.0000,0.0000,0.0000,0.0000,0.0000,0.0000,0.0000,0.0000,0.0000,0.0000,0.0000,0.0000,0.0000,0.0000,0.0000,0.0000,0.0000,0.0000,0.0000,0.0000,0.0000,0.0000,0.0000,0.0000,0.0000,0.0000,0.0000,0.0000,0.0000,0.0000,0.0000,0.0000,0.0000,0.0000,0.0000,0.0000,0.0000,0.0000,0.0000,0.0000,0.0000,0.0000,0.0000,0.0000,0.0000,0.0000,0.0000,0.0000,0.0000,0.0000,0.0000,0.0000,0.0000,0.0000,0.0000,0.0000,0.0000,0.0000,0.0000,0.0000,0.0000,0.0000,0.0000,0.0000,0.0000,0.0000,0.0000,0.0000,0.0000,0.00000000000,,
72,063,01804512,72063,Gurabo,Gurabo Municipio,13,H1,G4020,490,41980,,A,72228162.00000000000,1102120.00000000000,+18.2725815,-065.9811768,,0.0000,0.0000,0.0000,0.0000,0.0000,0.0000,0.0000,0.0000,0.0000,0.0000,0.0000,0.0000,0.0000,0.0000,0.0000,0.0000,0.0000,0.0000,0.0000,0.0000,0.0000,0.0000,0.0000,0.0000,0.0000,0.0000,0.0000,0.0000,0.0000,0.0000,0.0000,0.0000,0.0000,0.0000,0.0000,0.0000,0.0000,0.0000,0.0000,0.0000,0.0000,0.0000,0.0000,0.0000,0.0000,0.0000,0.0000,0.0000,0.0000,0.0000,0.0000,0.0000,0.0000,0.0000,0.0000,0.0000,0.0000,0.0000,0.0000,0.0000,0.0000,0.0000,0.0000,0.0000,0.0000,0.0000,0.0000,0.0000,0.0000,0.0000,0.0000,0.0000,0.0000,0.0000,0.0000,0.0000,0.0000,0.0000,0.0000,0.0000,0.0000,0.0000,0.0000,0.0000,0.0000,0.00000000000,,
72,093,01804527,72093,Maricao,Maricao Municipio,13,H1,G4020,,,,A,94851862.00000000000,12487.00000000000,+18.1739559,-066.9355468,,0.0000,0.0000,0.0000,0.0000,0.0000,0.0000,0.0000,0.0000,0.0000,0.0000,0.0000,0.0000,0.0000,0.0000,0.0000,0.0000,0.0000,0.0000,0.0000,0.0000,0.0000,0.0000,0.0000,0.0000,0.0000,0.0000,0.0000,0.0000,0.0000,0.0000,0.0000,0.0000,0.0000,0.0000,0.0000,0.0000,0.0000,0.0000,0.0000,0.0000,0.0000,0.0000,0.0000,0.0000,0.0000,0.0000,0.0000,0.0000,0.0000,0.0000,0.0000,0.0000,0.0000,0.0000,0.0000,0.0000,0.0000,0.0000,0.0000,0.0000,0.0000,0.0000,0.0000,0.0000,0.0000,0.0000,0.0000,0.0000,0.0000,0.0000,0.0000,0.0000,0.0000,0.0000,0.0000,0.0000,0.0000,0.0000,0.0000,0.0000,0.0000,0.0000,0.0000,0.0000,0.0000,0.00000000000,,
72,127,01804544,72127,San Juan,San Juan Municipio,13,H1,G4020,490,41980,,A,123923011.00000000000,75389598.00000000000,+18.4223633,-066.0680935,,0.0000,0.0000,0.0000,0.0000,0.0000,0.0000,0.0000,0.0000,0.0000,0.0000,0.0000,0.0000,0.0000,0.0000,0.0000,0.0000,0.0000,0.0000,0.0000,0.0000,0.0000,0.0000,0.0000,0.0000,0.0000,0.0000,0.0000,0.0000,0.0000,0.0000,0.0000,0.0000,0.0000,0.0000,0.0000,0.0000,0.0000,0.0000,0.0000,0.0000,0.0000,0.0000,0.0000,0.0000,0.0000,0.0000,0.0000,0.0000,0.0000,0.0000,0.0000,0.0000,0.0000,0.0000,0.0000,0.0000,0.0000,0.0000,0.0000,0.0000,0.0000,0.0000,0.0000,0.0000,0.0000,0.0000,0.0000,0.0000,0.0000,0.0000,0.0000,0.0000,0.0000,0.0000,0.0000,0.0000,0.0000,0.0000,0.0000,0.0000,0.0000,0.0000,0.0000,0.0000,0.0000,0.00000000000,,
72,021,01804490,72021,Bayam,Bayam,13,H1,G4020,490,41980,,A,114798567.00000000000,493599.00000000000,+18.3499295,-066.1679222,,0.0000,0.0000,0.0000,0.0000,0.0000,0.0000,0.0000,0.0000,0.0000,0.0000,0.0000,0.0000,0.0000,0.0000,0.0000,0.0000,0.0000,0.0000,0.0000,0.0000,0.0000,0.0000,0.0000,0.0000,0.0000,0.0000,0.0000,0.0000,0.0000,0.0000,0.0000,0.0000,0.0000,0.0000,0.0000,0.0000,0.0000,0.0000,0.0000,0.0000,0.0000,0.0000,0.0000,0.0000,0.0000,0.0000,0.0000,0.0000,0.0000,0.0000,0.0000,0.0000,0.0000,0.0000,0.0000,0.0000,0.0000,0.0000,0.0000,0.0000,0.0000,0.0000,0.0000,0.0000,0.0000,0.0000,0.0000,0.0000,0.0000,0.0000,0.0000,0.0000,0.0000,0.0000,0.0000,0.0000,0.0000,0.0000,0.0000,0.0000,0.0000,0.0000,0.0000,0.0000,0.0000,0.00000000000,,
72,109,01804535,72109,Patillas,Patillas Municipio,13,H1,G4020,,25020,,A,120950934.00000000000,74075523.00000000000,+18.0003111,-065.9866425,,0.0000,0.0000,0.0000,0.0000,0.0000,0.0000,0.0000,0.0000,0.0000,0.0000,0.0000,0.0000,0.0000,0.0000,0.0000,0.0000,0.0000,0.0000,0.0000,0.0000,0.0000,0.0000,0.0000,0.0000,0.0000,0.0000,0.0000,0.0000,0.0000,0.0000,0.0000,0.0000,0.0000,0.0000,0.0000,0.0000,0.0000,0.0000,0.0000,0.0000,0.0000,0.0000,0.0000,0.0000,0.0000,0.0000,0.0000,0.0000,0.0000,0.0000,0.0000,0.0000,0.0000,0.0000,0.0000,0.0000,0.0000,0.0000,0.0000,0.0000,0.0000,0.0000,0.0000,0.0000,0.0000,0.0000,0.0000,0.0000,0.0000,0.0000,0.0000,0.0000,0.0000,0.0000,0.0000,0.0000,0.0000,0.0000,0.0000,0.0000,0.0000,0.0000,0.0000,0.0000,0.0000,0.00000000000,,
06,113,00277321,06113,Yolo,Yolo County,06,H1,G4020,472,40900,,A,2628032408.00000000000,22969178.00000000000,+38.6792682,-121.9031776,06113,11683.6898,11651.1131,11557.0746,11650.8744,11747.0949,11945.1499,11892.0466,11673.4924,11891.9804,12106.4774,12955.7413,12874.2387,12450.3482,12876.0406,13295.3226,14771.5499,14646.7255,13942.2355,14642.4170,15353.3140,14959.4591,14810.6359,13740.4397,14796.7003,15879.8138,17120.7990,16929.6515,15406.5977,16902.6735,18442.5748,13044.7901,12887.8612,11470.6873,12861.2375,14285.7011,17932.0640,17713.5498,15787.5714,17676.4546,19592.5450,19467.3679,19228.6877,17059.6653,19184.3246,21326.0225,18538.7360,18500.4228,15595.3199,17880.1025,21746.4398,21215.3647,21427.3873,17226.2067,20232.4728,25946.3881,21581.0296,22022.8241,16682.5353,20185.7546,27510.2242,21449.3879,22143.3163,15691.7500,19489.1369,28546.6406,21828.5679,22504.6219,15783.0641,19700.9446,29452.9276,22257.9485,22912.1953,15847.2110,19743.3852,30633.5931,22088.3839,22814.0121,15286.2687,19102.6789,31571.0477,22263.5074,23132.2141,14738.5102,18606.4802,33461.8079,11.00000000000,06,113
13,067,01686112,13067,Cobb,Cobb County,06,H1,G4020,122,12060,,A,879428364.00000000000,12868473.00000000000,+33.9399400,-084.5741657,13067,52909.7987,52763.1971,52337.8169,52762.0747,53197.0615,55830.5093,55585.5120,54565.6567,55584.9810,56585.4541,54586.4438,54248.1866,52463.2031,54255.1862,56020.0889,61687.8357,61176.2065,58233.7341,61157.5547,64123.5215,65194.4441,64562.3716,59898.6379,64502.2634,69216.2998,68952.6519,68197.0955,62070.9409,68091.1563,74280.1504,68176.8040,67385.1392,60000.7590,67252.4531,74665.5322,72855.0142,71978.9968,64164.5522,71830.6936,79601.9590,77329.0996,76396.0825,67793.9700,76222.9802,84713.9561,73703.0034,73567.1685,62030.7646,71104.9014,86459.6187,80144.4941,80960.8193,65101.7390,76450.7339,98019.2046,80832.1719,82502.5469,62512.1226,75625.8113,103041.9761,80273.5942,82885.9956,58752.1941,72956.7344,106836.1772,81380.0791,83915.5229,58867.4863,73467.0896,109806.1475,82215.9824,84647.1909,58561.6174,72946.2136,113154.9438,81518.1479,84209.6846,56438.6646,70516.2876,116515.2852,80044.0112,83179.7212,53011.5713,66911.1750,120306.0459,11.00000000000,13,067
13,073,00348865,13073,Columbia,Columbia County,06,H1,G4020,,12260,,A,751329062.00000000000,45363096.00000000000,+33.5505555,-082.2513423,13073,9802.0950,9774.8485,9695.9975,9774.6444,9855.3011,11227.8089,11177.9851,10972.6023,11177.9167,11379.4743,12395.7216,12317.5305,11911.9226,12319.2791,12720.5054,16075.5505,15939.6339,15172.9562,15934.9500,16708.6246,18344.3102,18162.4611,16850.1239,18145.3967,19473.3391,20386.6596,20158.1168,18344.0236,20125.8149,21960.2982,20396.0070,20153.6522,17940.2009,20112.7067,22336.5622,21180.8943,20919.7371,18642.1012,20875.2968,23142.0334,23317.2048,23029.2571,20429.4058,22975.6942,25543.1732,23135.8271,23086.0001,19458.9031,22311.3827,27138.4636,24541.0575,24783.2386,19921.1724,23400.2314,30013.2090,25401.2379,25918.0599,19630.0640,23754.9756,32379.6155,25807.7295,26639.4368,18874.6708,23445.1305,34346.8005,26397.7823,27212.1972,19081.3745,23820.7892,35617.8126,26822.8375,27608.2454,19092.0340,23788.7314,36916.0038,26749.7398,27625.6676,18507.1508,23130.4068,38233.3514,26435.6903,27464.7181,17496.0961,22090.2983,39732.4001,11.00000000000,13,073
13,117,01673358,13117,Forsyth,Forsyth County,06,H1,G4020,122,12060,,A,580210822.00000000000,59946531.00000000000,+34.2251430,-084.1273355,13117,19531.2033,19476.3842,19318.9976,19476.0019,19637.1438,21976.6609,21878.4388,21476.0751,21878.3533,22273.3216,22544.9919,22403.2290,21665.6077,22406.3576,23135.9520,26020.7250,25801.0652,24560.0662,25793.4607,27045.6709,26380.5834,26119.8162,24232.5826,26095.3051,28004.7094,30101.1610,29765.2999,27087.6362,29717.9075,32425.1190,33828.2545,33428.0663,29758.2839,33360.5568,37047.0109,36980.5500,36525.0335,32548.8168,36447.5343,40404.6064,39645.8976,39154.5739,34732.5048,39063.1432,43430.4683,38024.7242,37941.5864,31979.3002,36668.1761,44602.9274,40273.3062,40671.4244,32693.0052,38402.0024,49253.5387,41152.5343,41990.5496,31803.9065,38486.3239,52458.2874,41227.0547,42556.4081,30152.9501,37453.7872,54868.0242,42016.8713,43313.8734,30372.7064,37916.0234,56692.2894,42848.2845,44103.6171,30499.8598,38002.2958,58971.7197,42712.3541,44111.6157,29552.2112,36934.0170,61048.7277,41793.4425,43420.8629,27661.4479,34924.3182,62814.8810,11.00000000000,13,117
13,009,00345255,13009,Baldwin,Baldwin County,06,H1,G4020,,33300,,A,667812053.00000000000,24779162.00000000000,+33.0595321,-083.2553624,13009,2524.3632,2517.1407,2496.7284,2517.0974,2538.0362,2463.2777,2451.8913,2406.5981,2451.9078,2496.4215,2511.9605,2495.1075,2412.7173,2495.5784,2577.2111,2862.0279,2835.7524,2699.3499,2835.0603,2973.4110,2772.8707,2742.8257,2544.4164,2740.1496,2941.8460,2436.5262,2405.2719,2186.3001,2400.6622,2623.4543,2031.0140,2003.1065,1779.7421,1998.1739,2223.8184,2773.0752,2732.9122,2429.3959,2725.8720,3029.4867,2767.6114,2726.7485,2412.0585,2719.0091,3031.0085,2213.7142,2202.4540,1850.2070,2126.8026,2595.1249,2322.5918,2337.9998,1872.2007,2205.2074,2839.2608,2155.7153,2192.1652,1652.9608,2006.6739,2747.0497,1976.3855,2033.0181,1433.3564,1786.5994,2629.6935,1839.9179,1890.0404,1318.4974,1651.8526,2481.9575,1723.5923,1767.9800,1216.1765,1520.9095,2371.6749,1599.4445,1646.1424,1096.5499,1375.9173,2285.6850,1524.0273,1578.1145,999.3183,1267.0851,2290.2638,11.00000000000,13,009
13,295,00354216,13295,Walker,Walker County,06,H1,G4020,174,16860,,A,1156117093.00000000000,1672680.00000000000,+34.7358269,-085.3053852,13295,4277.3718,4265.4009,4230.9508,4265.3155,4300.5778,4329.1309,4309.9165,4230.7248,4309.8905,4387.6079,4175.6047,4149.3855,4012.7763,4149.9608,4285.0785,4018.6372,3985.1286,3793.4502,3983.9259,4177.1952,4050.5766,4011.1281,3721.3643,4007.3868,4300.3405,4290.4372,4242.6065,3860.9708,4235.8592,4621.6920,4176.2011,4126.2131,3672.7113,4117.7467,4573.4992,3825.5012,3777.3628,3365.1318,3769.1376,4179.6478,3751.1875,3704.2894,3285.5106,3695.5537,4109.2235,3279.4352,3271.3475,2756.3973,3161.3058,3846.5486,3083.6204,3113.5972,2502.3305,2939.7054,3771.1306,2930.8869,2990.0600,2264.1829,2740.3565,3736.0217,2712.2340,2799.1836,1982.8283,2463.3652,3609.5976,2572.6813,2651.6016,1858.8580,2320.9581,3471.2089,2417.8351,2488.1901,1720.1990,2143.7767,3327.6067,2219.3657,2291.6191,1534.7525,1918.5507,3172.1056,2020.7265,2099.0002,1336.7042,1688.0955,3037.0943,11.00000000000,13,295
13,107,00347508,13107,Emanuel,Emanuel County,06,H1,G4020,,,,A,1762755669.00000000000,24806585.00000000000,+32.5910995,-082.2997628,13107,1254.9901,1251.5250,1241.4415,1251.4978,1261.8056,1218.0309,1212.7134,1190.4777,1212.6999,1234.5091,1208.9058,1201.4296,1161.9012,1201.5829,1240.6647,1315.1135,1304.2834,1241.5498,1303.8805,1367.0888,1302.5674,1290.2094,1197.0336,1289.0187,1383.1013,1356.5931,1341.6396,1221.0635,1339.5385,1461.3820,1263.6318,1248.2508,1110.8307,1245.6312,1383.8165,1244.8372,1229.2949,1095.2618,1226.6434,1360.0854,1353.9788,1336.9206,1185.6448,1333.7406,1483.1949,1233.3854,1230.2655,1036.5319,1188.8607,1446.6560,896.5046,904.9839,727.0922,854.3683,1096.3469,860.2846,877.4144,664.1731,804.0587,1096.5818,804.2751,829.8356,587.5979,730.1965,1070.3560,725.5169,747.5654,523.8543,654.2647,978.8904,642.6004,661.1109,456.8567,569.5238,884.3800,555.5100,573.4330,383.8635,480.0123,793.9706,487.7115,506.4543,322.3540,407.2467,733.0074,11.00000000000,13,107
13,123,00351260,13123,Gilmer,Gilmer County,06,H1,G4020,,,,A,1104733530.00000000000,12189698.00000000000,+34.6905413,-084.4539838,13123,1868.7862,1863.5215,1848.4524,1863.4858,1878.9201,1891.4825,1883.1413,1848.5686,1883.1261,1917.0476,1807.0225,1795.6734,1736.5542,1795.9226,1854.3966,1886.2396,1870.2485,1780.2917,1869.7019,1960.4944,1818.9372,1800.6127,1670.4828,1798.9096,1930.6933,1980.3599,1957.9576,1781.6260,1954.7815,2133.1645,1897.5798,1875.2196,1669.4338,1871.4526,2078.1446,1755.8786,1734.3915,1545.7222,1730.7407,1918.4649,1878.3420,1855.1611,1645.7411,1850.8494,2057.6591,1698.9248,1694.8497,1428.1695,1637.8692,1992.7479,1586.9304,1602.4627,1287.9641,1512.9990,1940.7625,1556.8143,1588.3640,1202.8852,1455.7584,1984.4963,1500.6580,1548.8994,1097.3110,1363.1275,1997.1740,1464.2672,1509.3281,1058.2338,1321.1779,1975.6859,1460.5394,1503.1970,1039.3961,1295.1900,2010.1171,1414.0388,1460.2420,978.1440,1222.5891,2021.0760,1334.8640,1386.7368,883.3048,1115.3367,2006.2729,11.00000000000,13,123
13,301,00347777,13301,Warren,Warren County,06,H1,G4020,,,,A,736328597.00000000000,6189505.00000000000,+33.4191691,-082.6880123,13301,326.7743,325.8709,323.2448,325.8639,328.5487,258.2621,257.0981,252.3646,257.0977,261.7456,233.4698,232.0094,224.3723,232.0409,239.5939,238.9965,236.9350,225.5385,236.8681,248.3824,220.2053,218.0055,202.2519,217.8000,233.7471,227.0411,224.3472,204.0625,223.9591,244.5231,181.8996,179.6551,159.8497,179.2711,199.1967,182.4865,180.1546,160.4584,179.7550,199.3782,170.8468,168.6724,149.5641,168.2665,187.1487,126.5173,126.1827,106.2983,121.9320,148.3905,114.3787,115.4132,92.6817,108.9435,139.8674,105.8775,107.9443,81.6691,98.9056,134.9542,93.4129,96.3481,68.1895,84.7670,124.3140,82.9307,85.4248,59.8342,74.7528,111.8904,73.9231,76.0327,52.5210,65.4914,101.7352,67.1677,69.3207,46.3887,58.0215,95.9994,59.1131,61.3771,39.0572,49.3509,88.8437,11.00000000000,13,301
13,105,00347828,13105,Elbert,Elbert County,06,H1,G4020,,,,A,909228765.00000000000,59986806.00000000000,+34.1150165,-082.8420572,13105,1199.7627,1196.4471,1186.8057,1196.4212,1206.2778,1042.1661,1037.6020,1018.5694,1037.5914,1056.2610,985.4325,979.2933,947.0632,979.4234,1011.2952,978.1397,969.9038,923.2527,969.6164,1016.6818,1019.2775,1009.1829,936.2647,1008.2351,1082.0168,1054.6299,1042.7157,948.8201,1041.0273,1136.0098,837.7724,827.9264,737.0932,826.2692,917.4939,723.8445,714.8844,637.0160,713.3584,790.8633,777.3992,767.8991,681.3112,766.1340,851.6255,662.9798,661.4257,557.3867,639.1985,777.6486,541.0970,546.3660,439.1108,515.8546,661.7390,513.8785,524.2760,397.0233,480.5007,655.0472,467.9992,483.0357,342.1963,425.0983,622.8433,425.2265,438.3126,307.3140,383.6734,573.7436,387.9341,399.2738,276.0905,344.0275,533.9083,349.2080,360.6356,241.5909,301.9497,499.1219,311.8432,323.9835,206.3920,260.5856,468.6952,11.00000000000,13,105
13,063,01672399,13063,Clayton,Clayton County,06,H1,G4020,122,12060,,A,366664243.00000000000,7152613.00000000000,+33.5522424,-084.4129771,13063,17897.6619,17848.7644,17705.2275,17848.3533,17994.9323,18306.9514,18228.0271,17894.3383,18227.7550,18554.9028,16853.8660,16751.8655,16201.2127,16753.7442,17297.8806,17825.6811,17683.9880,16833.4363,17678.1786,18533.4393,19977.2035,19789.5922,18360.6031,19771.4031,21213.6019,21840.9566,21606.4976,19668.6849,21573.8656,23529.8735,21233.9109,20992.5642,18696.7529,20952.4197,23255.4490,22714.0150,22448.2218,20018.4347,22403.4824,24817.9369,25208.7476,24913.9821,22118.3262,24859.4919,27617.3000,23617.7602,23584.3627,19895.6867,22797.7367,27708.0116,24157.0835,24411.5894,19637.7118,23054.3031,29546.2369,24443.8855,24957.7690,18919.1807,22880.4904,31161.2545,24454.3457,25258.7395,17912.7716,22236.0903,32547.0605,24705.0049,25482.8965,17884.8776,22313.2370,33335.1982,24743.2158,25483.1990,17638.8777,21963.9770,34055.0818,24315.3932,25126.4030,16849.1022,21043.9846,34754.9809,23717.7301,24654.3752,15721.1745,19835.5745,35648.1802,11.00000000000,13,063
13,025,00351605,13025,Brantley,Brantley County,06,H1,G4020,,15260,,A,1145713216.00000000000,12535638.00000000000,+31.1973339,-081.9829779,13025,1281.7934,1278.2701,1267.9793,1278.2416,1288.7567,1241.0457,1235.6035,1212.9352,1235.5914,1257.8283,1105.4991,1098.6345,1062.4819,1098.7779,1134.5258,1075.4712,1066.6434,1015.3399,1066.3119,1117.9939,1215.5026,1203.6556,1116.7027,1202.5325,1290.4459,1155.7246,1143.2887,1040.7324,1141.5565,1245.0859,1144.8483,1131.4628,1007.3900,1129.2139,1253.7988,992.7056,980.9742,874.6790,978.9954,1084.6499,1040.0113,1027.5400,911.9191,1025.2278,1139.3408,790.1135,788.8698,665.3668,762.5239,926.9190,642.5412,649.6679,522.9586,613.6566,785.9425,595.5684,608.4815,461.6476,557.9707,759.2827,539.0340,557.1909,395.5710,490.6726,717.4550,492.8243,508.7949,357.5560,445.6886,665.0230,434.7258,448.1949,310.7254,386.4897,598.3681,366.1567,378.8379,254.5536,317.4811,523.3955,301.6358,313.9994,200.7430,252.8180,453.3921,11.00000000000,13,025
13,051,01694477,13051,Chatham,Chatham County,06,H1,G4020,496,42340,,A,1104465640.00000000000,533085725.00000000000,+31.9747555,-081.0917682,13051,16572.5777,16526.6722,16393.4400,16526.3199,16662.5565,18066.9225,17987.8744,17657.9658,17987.6859,18311.2913,20348.6145,20223.0074,19557.7002,20225.5602,20883.3193,25676.7773,25463.5182,24238.7659,25455.7753,26690.4092,29040.1459,28757.6667,26680.2443,28730.8575,30831.0247,24465.3821,24194.7698,22019.7355,24156.7003,26354.9183,23553.7639,23273.6519,20717.3254,23226.3137,25794.7335,28093.0681,27748.3552,24728.9241,27689.7541,30694.3026,31147.6713,30762.4417,27288.9680,30690.7708,34121.1015,30440.3448,30375.0003,25602.9156,29355.8684,35706.7589,30810.6009,31115.3494,25011.6881,29379.1998,37680.8456,31412.0276,32051.8707,24276.4665,29377.1155,40041.8123,31264.2251,32272.5186,22866.5838,28403.0323,41608.7662,31174.0394,32136.5609,22535.1393,28131.7347,42062.3536,30781.6546,31683.7369,21911.1738,27300.6979,42364.5448,30647.2480,31651.5062,21204.9396,26501.4521,43804.1008,30372.3354,31555.2307,20102.6334,25380.6265,45649.1520,11.00000000000,13,051
13,225,00343153,13225,Peach,Peach County,06,H1,G4020,356,22980,,A,389190656.00000000000,2676298.00000000000,+32.5713241,-083.8319779,13225,1583.8112,1579.4415,1566.7176,1579.4070,1592.4128,1529.5579,1522.8307,1494.8825,1522.8172,1550.2365,1461.0951,1452.0724,1404.3005,1452.2562,1499.4865,1675.9555,1662.0847,1582.1414,1661.5760,1742.1477,1701.2975,1684.8038,1563.1002,1683.2353,1806.2513,1307.0664,1292.8143,1176.7253,1290.8194,1408.0749,864.7599,854.3688,760.4313,852.6065,947.0233,1202.7218,1188.1790,1059.1025,1185.7141,1314.0985,1259.1206,1243.9339,1103.8739,1241.1165,1379.3661,1055.8393,1053.9284,888.6906,1018.6633,1238.5939,966.2451,976.0820,784.8766,921.7058,1181.7469,960.3889,980.2403,742.7325,898.5373,1224.2701,907.5769,937.1139,664.2569,824.8536,1207.8947,841.7997,868.0277,608.9305,759.9490,1135.8405,784.7052,807.9103,558.9386,696.2312,1080.0002,734.4646,758.7192,508.5104,635.3451,1049.7832,709.5279,737.3285,469.9153,593.1217,1066.4198,11.00000000000,13,225
13,101,00348092,13101,Echols,Echols County,06,H1,G4020,,46660,,A,1074571687.00000000000,15087403.00000000000,+30.7085000,-082.8361320,13101,235.4148,234.7560,232.8600,234.7513,236.6920,285.0437,283.7811,278.5681,283.7792,288.8947,275.7635,274.0182,264.9936,274.0578,282.9856,289.1379,286.6549,272.8670,286.5733,300.5000,252.5697,250.1463,232.0789,249.9144,268.1674,202.1379,199.9134,181.9491,199.6011,217.7529,143.6771,142.0304,126.4854,141.7557,157.3541,199.5985,197.3670,176.1081,196.9952,218.0927,216.7497,214.4594,190.6447,214.0413,237.4886,180.9500,180.7213,152.4819,174.7009,212.2945,161.3694,163.2035,131.4148,154.1708,197.3908,162.0805,165.6544,125.7393,151.9237,206.6416,154.3721,159.6131,113.3566,140.5736,205.4732,149.1450,154.0020,108.2494,134.9105,201.2602,144.4900,148.9581,103.2609,128.4468,198.8792,142.7855,147.6948,99.2016,123.7591,204.0994,143.3100,149.1262,95.2717,120.0451,215.4072,11.00000000000,13,101
13,109,00345923,13109,Evans,Evans County,06,H1,G4020,,,,A,473586453.00000000000,10403527.00000000000,+32.1519021,-081.8876180,13109,610.7754,609.0664,604.1473,609.0542,614.0891,557.7353,555.2810,545.0893,555.2761,565.2751,508.7225,505.5894,488.9578,505.6524,522.0943,551.6380,547.1377,520.8215,546.9658,573.4667,547.2851,542.0574,502.9081,541.5557,581.0988,557.2252,551.0492,501.5037,550.1798,600.2577,459.6218,454.2550,404.4490,453.3537,503.3629,533.8106,527.4402,470.2265,526.3635,583.2484,570.8516,564.1526,500.8231,562.9137,625.3903,516.6114,515.7088,434.8855,498.4616,606.0393,390.8848,395.0516,317.8423,373.1018,478.0944,391.9343,400.2168,303.4260,366.9207,499.6461,379.3255,391.8528,277.9408,344.9794,504.8607,360.4803,371.8840,261.0570,325.6488,486.4116,340.9385,351.1828,243.1314,302.7041,469.2512,319.3307,330.0250,221.3537,276.4221,456.4354,303.3428,315.3576,201.1323,253.7346,455.9319,11.00000000000,13,109
13,239,00350547,13239,Quitman,Quitman County,06,H6,G4020,,21640,,C,391703085.00000000000,24158294.00000000000,+31.8614871,-085.0093171,13239,139.8917,139.5099,138.3882,139.5067,140.6520,136.5375,135.9331,133.4363,135.9322,138.3823,112.8635,112.1922,108.5070,112.2034,115.8435,115.8665,114.9290,109.4012,114.8923,120.4564,106.8257,105.7983,98.1566,105.7002,113.4213,78.9488,78.0764,71.0582,77.9537,85.0465,72.4416,71.6253,63.7985,71.4900,79.3391,60.2751,59.5709,53.1240,59.4524,65.8583,48.3383,47.7513,42.3707,47.6423,52.9541,35.3576,35.2527,29.6866,34.0621,41.4677,31.6149,31.9233,25.6571,30.1408,38.6638,26.6777,27.2239,20.6225,24.9530,34.0071,20.2223,20.8812,14.8021,18.3801,26.9139,15.0254,15.4968,10.8745,13.5685,20.2740,11.5432,11.8893,8.2305,10.2478,15.8874,9.7090,10.0357,6.7328,8.4063,13.8776,7.4482,7.7455,4.9425,6.2329,11.1950,11.00000000000,13,239
13,155,00352302,13155,Irwin,Irwin County,06,H1,G4020,,22340,,A,917743923.00000000000,21807567.00000000000,+31.6043062,-083.2770374,13155,518.5491,517.0791,512.8930,517.0696,521.3597,483.8613,481.6997,472.8413,481.6977,490.3932,420.8544,418.1899,404.4169,418.2504,431.8758,420.3041,416.8278,396.7791,416.7001,436.9056,425.4277,421.1875,390.7524,420.7909,451.5963,470.9010,465.5015,423.5326,464.7325,507.2147,485.7166,479.7571,426.8983,478.7394,531.9079,470.5409,464.4942,413.6776,463.4569,514.0940,460.7074,454.6370,402.9207,453.4999,504.6423,372.1227,371.0296,312.4571,358.5016,436.4314,351.8011,355.0124,285.1178,335.1207,430.2032,337.5770,344.1952,260.4412,315.3835,430.2879,321.0111,331.1193,234.3681,291.3265,427.2039,303.9906,313.1495,219.3571,274.0350,410.1467,292.2365,300.5911,207.6545,258.9229,402.1860,276.7225,285.6047,191.1369,239.0563,395.5063,258.5616,268.4738,170.8535,215.8731,388.6043,11.00000000000,13,155
36,067,00974132,36067,Onondaga,Onondaga County,06,H1,G4020,532,45060,,A,2016019983.00000000000,70521368.00000000000,+43.0065299,-076.1961167,36067,29939.6940,29856.4658,29615.6193,29855.8426,30102.2057,26146.8260,26031.6155,25553.7490,26031.4004,26500.2512,26199.7509,26036.2781,25179.3262,26039.7668,26887.2261,31411.4757,31147.3655,29649.2187,31138.1118,32649.4347,33368.9353,33039.9147,30652.7557,33008.9406,35423.8439,26983.1330,26682.3427,24282.1993,26639.9123,29066.4447,24098.2619,23810.8376,21194.7607,23762.2146,26390.9407,27537.9872,27200.5310,24241.1547,27143.1775,30087.8510,27922.8938,27578.0967,24464.7377,27513.9586,30588.5453,26217.0089,26160.5580,22050.4208,25282.7815,30752.7111,23081.0652,23310.4514,18738.8513,22010.1304,28227.9316,22492.5822,22951.8540,17385.1104,21036.8832,28672.0751,21519.4675,22214.5784,15741.1611,19551.4512,28639.8116,20345.6035,20974.8394,14709.2769,18361.3932,27451.9095,18998.6426,19556.4019,13525.4532,16851.4275,26147.7589,18021.8864,18613.3605,12471.0485,15585.1446,25758.7413,17087.4799,17753.8201,11311.2477,14280.1790,25682.2710,11.00000000000,36,067
36,001,00974099,36001,Albany,Albany County,06,H1,G4020,104,10580,,A,1354056384.00000000000,27189291.00000000000,+42.5882713,-073.9740136,36001,18397.5651,18346.2199,18198.1185,18345.8465,18497.3975,16498.5925,16425.7091,16124.0805,16425.5857,16721.5494,17195.3706,17087.7507,16525.2542,17090.0789,17646.3876,20798.2043,20624.0994,19632.1099,20617.9205,21618.3745,18289.9368,18110.5782,16802.1617,18093.6387,19416.9053,17343.2058,17149.5974,15606.7704,17122.2725,18682.1581,16837.7131,16637.8387,14810.7033,16604.0818,18439.7415,22180.6383,21910.2856,19527.9336,21864.3881,24234.5261,22552.7041,22276.4431,19763.8846,22225.1013,24705.9624,21903.6367,21858.6814,18426.5339,21125.8430,25693.6344,23208.5231,23441.0083,18845.5410,22133.9712,28384.1085,23197.3971,23672.8984,17933.0988,21698.3971,29570.7493,22801.4137,23539.7332,16681.9663,20718.4172,30346.0870,22611.6770,23312.7107,16350.5418,20408.6473,30509.6294,22679.2577,23346.6433,16148.4964,20118.0553,31213.5012,22617.5078,23361.2061,15653.6656,19561.1425,32327.3748,22329.5488,23201.5074,14783.4343,18662.5023,33561.1096,11.00000000000,36,001
36,109,00974152,36109,Tompkins,Tompkins County,06,H1,G4020,296,27060,,A,1229334487.00000000000,43794640.00000000000,+42.4532811,-076.4737116,36109,5273.7053,5259.0595,5216.6433,5258.9491,5302.3329,5055.4651,5033.1906,4940.7960,5033.1485,5123.7998,5710.7517,5675.1377,5488.3517,5675.8960,5860.6103,6479.5813,6425.7642,6116.6956,6423.8101,6735.3723,5621.9035,5567.6044,5165.4405,5562.4290,5968.8555,2890.4089,2860.3984,2604.5082,2856.2735,3114.2145,2099.0361,2074.0630,1846.2432,2069.8420,2298.7430,6542.4027,6463.2813,5761.1364,6449.8706,7148.2539,6635.3826,6554.9586,5816.5037,6540.0297,7269.0112,6281.2070,6270.1558,5287.4066,6060.4375,7368.4944,7674.3909,7752.8017,6234.3668,7320.9908,9386.0575,7632.0276,7790.0247,5902.7772,7140.8089,9729.0714,7424.9913,7666.9622,5434.9184,6748.6297,9881.9551,7401.9409,7632.9200,5354.9380,6682.6809,9987.4724,7444.8533,7665.3695,5303.5324,6605.9162,10246.4796,7744.2143,8000.1381,5362.0702,6699.3251,11068.9540,8333.4897,8659.9526,5519.1064,6966.2128,12525.2241,11.00000000000,36,109
36,045,00974121,36045,Jefferson,Jefferson County,06,H1,G4020,,48060,,A,3285632368.00000000000,1524548726.00000000000,+43.9953714,-076.0535218,36045,5442.9124,5427.6699,5383.8274,5427.5617,5472.4401,4618.8471,4598.2949,4513.7766,4598.2706,4681.2226,4812.9730,4782.4225,4624.8973,4783.1234,4938.9720,5870.7018,5820.2146,5540.2667,5818.5624,6101.3534,6343.4605,6278.3308,5824.4892,6272.3448,6732.3983,6724.0310,6644.8738,6044.4697,6633.5014,7241.9571,7233.4288,7140.3860,6349.8418,7124.2574,7920.8296,7336.8514,7237.8664,6441.3223,7220.7287,8015.6745,7784.0843,7677.5482,6800.1256,7657.5158,8525.9247,7441.4083,7414.4773,6239.1340,7162.7539,8726.1710,5500.1922,5544.4807,4447.2740,5231.9876,6724.9981,5476.3123,5577.8071,4214.7099,5108.8936,6979.5961,5366.6080,5529.9163,3908.4014,4863.2225,7141.4196,5140.6032,5290.0246,3699.9918,4627.0979,6935.2561,4915.9924,5051.2873,3483.9716,4348.9347,6765.1371,4633.0432,4776.8395,3191.4238,3996.2541,6621.4451,4315.0420,4476.0099,2843.3715,3597.1616,6485.0032,11.00000000000,36,045
36,069,00974133,36069,Ontario,Ontario County,06,H1,G4020,464,40380,,A,1668121832.00000000000,47814148.00000000000,+42.8566949,-077.3032768,36069,7403.5343,7382.8987,7323.3135,7382.7473,7443.7128,6185.3949,6157.9339,6044.7816,6157.8970,6268.9436,5946.6133,5909.2125,5714.6510,5910.0387,6102.4841,6859.3808,6801.3056,6474.1706,6799.3123,7129.4601,7362.7254,7288.8914,6762.1545,7282.0104,7815.3180,7257.6631,7175.1744,6528.7383,7163.4608,7817.5515,6663.5474,6582.7991,5858.4193,6569.0662,7297.3627,6958.6294,6871.4213,6121.8864,6856.5330,7602.8468,6717.3978,6632.7473,5882.2138,6616.9661,7358.4656,6161.7163,6146.8578,5179.5902,5940.1805,7227.3446,5534.5071,5587.2661,4489.3748,5274.8993,6768.2862,5372.1227,5479.5673,4148.3199,5021.6144,6847.7593,5150.0187,5314.1715,3763.3926,4676.2748,6853.8582,4888.4214,5037.4862,3530.5231,4408.9783,6595.6579,4600.4261,4733.4609,3271.5776,4077.9209,6331.3865,4281.7728,4420.4345,2959.6629,3700.4955,6119.8212,3966.3683,4119.3830,2622.6268,3312.6997,5961.3001,11.00000000000,36,069
36,047,00974122,36047,Kings,Kings County,06,H6,G4020,408,35620,35644,C,183412016.00000000000,67602622.00000000000,+40.6351332,-073.9507774,36047,155530.6348,155102.5752,153853.6279,155099.1406,156375.4629,168762.0771,168023.7285,164942.0908,168021.9707,171044.7266,185876.6270,184724.3037,178646.0166,184748.1963,190758.1660,226493.3125,224607.9160,213804.6309,224539.9043,235431.7793,252327.8613,249859.4941,231808.6836,249626.0215,267879.5059,236736.3662,234129.1211,213088.8643,233762.8936,255023.5293,208968.9834,206535.9658,183896.9980,206127.7920,228856.8623,208176.3594,205657.3828,183314.2236,205230.3760,227454.1934,225203.9775,222467.3848,197397.9287,221959.2559,246708.3926,233790.0010,233330.6055,196713.6934,225513.4336,274247.7676,213267.0869,215429.2900,173220.1865,203425.2451,260830.6318,212318.9258,216696.7500,164181.3447,198631.3672,270655.4424,208423.2432,215196.9150,152529.0928,189414.1367,277389.8125,203061.9473,209381.8398,146876.4370,183308.8066,273990.9150,195618.8340,201399.6572,139330.6401,173558.1602,269232.4873,187131.0000,193307.6631,129555.7119,161872.9585,267469.4043,178706.7461,185706.9229,118352.8423,149385.5249,268595.9639,11.00000000000,36,047
36,027,00974112,36027,Dutchess,Dutchess County,06,H1,G4020,408,39100,,A,2060671707.00000000000,76968747.00000000000,+41.7550085,-073.7399512,36027,20769.0094,20711.1831,20544.0617,20710.7550,20881.7298,17624.3047,17546.5450,17224.3857,17546.4066,17862.5019,16708.2661,16603.2134,16056.5576,16605.5313,17146.2366,18031.1225,17879.1411,17019.1771,17873.8555,18741.5089,18767.2310,18580.6855,17238.0845,18563.2088,19921.9572,16592.2050,16403.5736,14925.6881,16376.7844,17872.1865,15298.4449,15114.4100,13452.4053,15083.1880,16753.7393,17160.3997,16947.3466,15100.7356,16911.0409,18749.1958,16433.5168,16227.0171,14391.4425,16188.5313,18001.9043,14464.3727,14429.4903,12158.8678,13944.3237,16965.8909,14857.2535,15000.3326,12054.1586,14162.1586,18169.5411,14258.1232,14544.6944,11012.4914,13329.6070,18174.7722,13408.6324,13837.3147,9800.6142,12176.8106,17844.8779,12886.0868,13280.3285,9308.8548,11623.9091,17386.5515,12335.2897,12693.3134,8774.4976,10935.9427,16976.6816,11811.0350,12194.8519,8166.4145,10209.2760,16881.2834,11209.3925,11643.0998,7414.0981,9363.6137,16847.3670,11.00000000000,36,027
36,017,00974107,36017,Chenango,Chenango County,06,H1,G4020,,,,A,2314279661.00000000000,13161203.00000000000,+42.4897320,-075.6049051,36017,3056.1623,3047.6241,3023.0172,3047.5624,3072.7449,2630.5811,2618.9198,2570.8066,2618.9030,2666.1183,2440.7600,2425.4595,2345.6125,2425.7928,2504.7649,2686.2167,2663.4837,2535.3733,2662.7025,2791.9894,2515.8468,2490.8432,2310.8605,2488.5005,2670.6464,2921.4440,2888.8144,2628.9178,2884.2084,3146.9842,2512.8511,2483.0339,2210.3623,2477.9985,2751.9384,2168.8777,2141.9928,1908.6404,2137.4130,2369.6857,2088.0248,2061.9657,1828.9026,2057.1127,2287.3241,1970.0777,1965.8051,1656.9244,1899.8374,2310.9058,1604.1280,1619.9288,1302.0975,1529.5210,1961.8109,1501.2918,1531.8043,1160.1392,1403.9507,1913.7316,1403.9560,1449.1661,1026.7331,1275.3850,1868.4834,1295.6731,1335.6067,936.4953,1169.1365,1748.2131,1202.5287,1237.6962,855.8620,1066.4468,1655.0246,1061.8196,1096.5398,734.5460,918.0897,1517.6532,938.1544,974.6226,620.8150,783.8827,1410.0273,11.00000000000,36,017
36,021,00974109,36021,Columbia,Columbia County,06,H1,G4020,104,26460,,A,1643879273.00000000000,35121043.00000000000,+42.2477286,-073.6268046,36021,4178.4188,4166.7492,4133.1084,4166.6646,4201.0915,3541.9743,3526.3993,3461.6816,3526.3678,3589.8600,3191.0837,3171.1634,3066.7863,3171.5893,3274.8115,3599.5326,3569.4330,3397.7486,3568.3615,3741.4998,3805.9409,3768.7851,3496.5201,3765.2665,4040.5609,4059.4614,4014.4180,3653.4442,4008.0744,4372.9449,3137.8138,3101.1900,2761.1797,3095.0406,3436.4335,2997.4708,2960.7821,2638.6964,2954.5480,3275.0223,2840.2094,2805.0382,2488.2683,2798.4937,3111.3373,2402.3782,2397.4207,2020.9634,2317.0371,2818.0565,2342.6981,2366.1561,1902.2767,2234.2197,2865.1268,2213.9157,2259.2993,1711.5057,2070.8574,2822.1766,2080.5167,2147.8954,1522.1655,1890.4669,2768.9318,1958.9567,2019.7090,1416.5567,1768.1213,2643.1954,1806.8529,1860.0551,1286.6036,1602.8425,2486.7774,1611.6740,1664.7150,1115.5286,1393.9427,2303.5811,1458.4164,1515.4207,965.6508,1218.9756,2191.9899,11.00000000000,36,021
36,059,00974128,36059,Nassau,Nassau County,06,H1,G4020,408,35620,35004,A,737411094.00000000000,436460605.00000000000,+40.7296870,-073.5893844,36059,94928.4307,94664.7202,93901.1709,94662.7393,95443.7256,87299.8330,86913.3716,85316.9341,86912.7725,88479.3467,86292.8936,85750.8003,82927.5903,85762.7144,88555.1338,96552.1060,95737.0493,91132.2134,95708.8296,100355.2578,102248.0947,101236.8813,93922.1694,101141.8564,108542.6826,106874.6123,105683.9912,96177.9258,105516.0762,115126.3994,102006.3330,100803.1396,89739.9844,100600.3740,111712.6338,99456.9883,98238.4458,87550.4736,98031.3521,108666.1680,102295.8770,101037.3486,89635.7617,100803.3389,112062.0908,98207.0474,97998.9180,82605.2998,94711.6147,115198.2764,97608.3291,98579.0107,79246.4785,93080.1953,119374.1934,96378.4756,98347.0166,74494.5298,90141.7153,122857.0586,94168.5684,97210.8809,68883.7705,85557.2490,125327.0381,93106.2217,95986.0361,67313.5688,84026.3745,125626.3604,91459.3096,94144.3887,65111.4712,81122.6685,125875.0996,88084.7397,90975.5977,60954.0532,76174.7100,125899.8008,84112.9780,87392.9180,55679.3232,70293.9253,126420.7549,11.00000000000,36,059
36,119,00974157,36119,Westchester,Westchester County,06,H1,G4020,408,35620,35644,A,1114982482.00000000000,179999078.00000000000,+41.1527698,-073.7459120,36119,70586.4214,70390.3760,69822.6387,70388.9011,70969.5886,67385.5464,67087.7002,65855.6646,67087.2058,68296.1270,66973.1104,66552.7954,64361.7405,66561.9949,68729.0977,72928.4744,72312.0564,68833.9338,72290.7949,75800.6003,72775.4460,72054.0300,66847.7322,71986.3308,77254.5327,76707.0120,75848.1887,69023.0649,75726.8579,82628.3123,75176.1079,74285.5283,66129.2463,74135.2207,82328.9646,79916.5029,78934.1113,70343.1238,78767.0405,87316.1484,81298.7832,80292.2627,71225.1802,80104.9810,89059.6318,74844.5161,74680.9795,62945.4263,72174.5352,87792.4956,74943.7417,75684.4961,60837.5562,71461.3542,91654.8477,73916.7891,75422.0815,57125.2344,69127.9285,94223.8096,71842.2153,74158.9639,52544.8660,65267.1963,95612.9717,71098.9121,73293.9751,51395.8076,64160.0881,95931.9736,70405.2539,72468.3726,50115.9814,62443.2354,96898.1753,68240.8188,70476.9243,47216.0095,59009.5259,97536.5786,65371.4302,67917.5264,43267.7927,54627.7383,98252.2573,11.00000000000,36,119
36,025,00974111,36025,Delaware,Delaware County,06,H1,G4020,,,,A,3735902531.00000000000,64765808.00000000000,+42.1939865,-074.9667280,36025,2762.2477,2754.5365,2732.2990,2754.4805,2777.2366,2362.4363,2351.9025,2308.6620,2351.8915,2394.3336,2194.5735,2180.8108,2109.0162,2181.1110,2252.1193,2231.4819,2212.6905,2106.2629,2212.0351,2319.4085,2219.6127,2197.6670,2038.8785,2195.6044,2356.2601,1894.7463,1873.9923,1705.6564,1871.0828,2041.1426,1496.0718,1478.8720,1316.9640,1475.9994,1638.4803,1825.4502,1803.2061,1607.1455,1799.4300,1994.4840,1926.8438,1903.4507,1688.9758,1899.1075,2110.8380,1523.4484,1520.3820,1281.7165,1469.4257,1787.0661,1412.6370,1426.7205,1146.9568,1347.1477,1727.6493,1364.1018,1392.0060,1054.4394,1275.8825,1738.8740,1263.7681,1304.6501,924.5304,1148.2687,1681.9280,1187.1824,1223.9653,858.4129,1071.4866,1601.8471,1119.4561,1152.3907,797.0818,993.0244,1540.7087,1054.9485,1089.6417,730.1426,912.3965,1507.8462,1002.3805,1041.5346,663.6536,837.7798,1506.5696,11.00000000000,36,025
36,081,00974139,36081,Queens,Queens County,06,H6,G4020,408,35620,35644,C,281096933.00000000000,180458283.00000000000,+40.6585571,-073.8379293,36081,162157.8740,161706.1328,160401.1729,161702.8018,163037.9287,167056.6670,166317.0137,163262.0107,166315.8760,169313.7412,172024.6045,170950.0137,165323.1289,170973.0635,176537.7842,193109.2188,191487.6641,182277.3730,191430.6406,200721.2188,203744.1816,201740.7793,187165.3379,201551.8652,216294.6973,195403.5391,193246.1777,175876.5176,192942.8809,210496.3125,171045.6162,169055.8389,150526.6924,168722.1279,187324.4648,172965.2539,170875.1162,152313.5693,170520.9023,188982.5850,184346.3848,182111.0215,161594.1123,181696.0557,201949.9463,189926.9453,189556.6250,159811.9844,183206.7695,222794.8350,191419.4248,193361.3047,155477.1104,182587.2930,234110.6211,187607.9277,191478.8447,145077.4736,175516.7012,239155.1934,181998.5830,187917.1709,133197.2554,165404.1719,242221.6406,178993.0742,184567.3965,129473.3071,161585.7529,241515.1631,174661.8125,179826.5371,124409.5024,154968.6162,240389.3564,168295.7148,173853.7520,116520.9834,145583.8184,240548.0400,162139.7974,168493.6401,107385.6465,135540.0024,243696.0293,11.00000000000,36,081
36,089,00977309,36089,St. Lawrence,St. Lawrence County,06,H1,G4020,,36300,,A,6942144728.00000000000,365348866.00000000000,+44.4881125,-075.0743110,36089,6625.1776,6606.5384,6553.1285,6606.4107,6661.1075,6123.0087,6095.7274,5983.6668,6095.6978,6205.6866,5897.2424,5859.8559,5666.8525,5860.7095,6051.6525,6749.4238,6691.8060,6369.9364,6689.8771,7014.8711,6776.2466,6708.6220,6223.8475,6702.3014,7193.0039,4170.7758,4123.8080,3752.5581,4117.1593,4492.6547,4320.0725,4267.2079,3797.1800,4258.1882,4730.9250,6497.2766,6414.0387,5712.5834,6399.7665,7098.6777,6665.4716,6579.4965,5832.9582,6563.4282,7301.3438,5915.6896,5899.3967,4969.1283,5700.4927,6938.2773,4968.5313,5014.1200,4027.1678,4733.2470,6075.8521,4857.8269,4953.2055,3748.0681,4538.6338,6191.9792,4578.8543,4723.0263,3342.9730,4155.4244,6093.5722,4238.7976,4366.2962,3058.3171,3820.8328,5719.0017,3924.2710,4036.0430,2787.7386,3476.3924,5400.6834,3827.9977,3950.4293,2643.2862,3306.3986,5471.1451,3680.9727,3821.6429,2431.5392,3072.7000,5532.2787,11.00000000000,36,089
36,051,00974124,36051,Livingston,Livingston County,06,H1,G4020,464,40380,,A,1636257346.00000000000,22005748.00000000000,+42.7274845,-077.7697795,36051,4001.4116,3990.2432,3958.0311,3990.1620,4023.1249,3291.1824,3276.4901,3216.2417,3276.4760,3335.6146,3159.0300,3138.9039,3035.4967,3139.3726,3241.6887,3608.2178,3577.5653,3405.4883,3576.5240,3750.2207,3416.9846,3382.5871,3138.1304,3379.3886,3626.9424,2908.2450,2874.6072,2615.2516,2869.8024,3132.4300,2634.8617,2601.7138,2314.3307,2596.0075,2885.3411,3481.8300,3437.5747,3061.9839,3429.9982,3804.1355,3457.1789,3412.9543,3026.0834,3404.6962,3787.0313,3003.7222,2995.5372,2523.2589,2894.5635,3522.9677,3030.5173,3058.8190,2457.2078,2887.6283,3705.9995,3000.7620,3060.2025,2316.1619,2804.2501,3824.9537,2820.8641,2910.1813,2060.3358,2560.6294,3754.0701,2677.8871,2758.9546,1933.0080,2414.4960,3613.0619,2597.8345,2672.4108,1846.4823,2302.0837,3575.2540,2533.6643,2615.2386,1750.4858,2189.1064,3621.2640,2462.6885,2557.3007,1627.6679,2056.3476,3701.3022,11.00000000000,36,051
36,087,00974142,36087,Rockland,Rockland County,06,H1,G4020,408,35620,35644,A,449492975.00000000000,66800379.00000000000,+41.1547851,-074.0247721,36087,20340.1039,20283.5120,20119.8633,20283.0907,20450.5026,18616.2462,18533.8284,18193.3927,18533.7016,18867.7693,18782.5895,18664.2727,18049.7073,18666.9034,19274.8085,21444.0579,21262.9792,20240.2559,21256.7158,22288.6958,22060.7812,21841.8795,20263.6656,21821.3499,23418.4068,24301.7470,24030.8839,21869.2686,23992.6772,26178.0452,24434.0393,24146.5897,21497.1745,24098.1924,26759.1216,25960.6447,25642.3076,22852.2541,25588.1965,28364.4431,27836.7908,27494.8511,24392.7311,27431.2812,30494.4412,27316.7865,27262.8408,22984.1860,26349.3929,32043.9385,20083.7551,20286.1962,16310.4023,19155.4551,24562.7104,20548.3978,20970.7753,15887.3077,19222.0537,26194.0939,20895.4956,21573.1224,15289.3084,18987.8940,27809.6163,20529.8146,21167.3336,14846.9220,18530.9288,27700.6932,20220.8256,20816.9252,14399.8526,17938.6009,27830.0416,19468.0368,20109.2812,13475.8611,16838.6537,27825.8900,18432.2126,19153.0964,12205.1619,15406.5697,27703.5174,11.00000000000,36,087
36,029,00974113,36029,Erie,Erie County,06,H1,G4020,160,15380,,A,2700563452.00000000000,476973805.00000000000,+42.7527590,-078.7781922,36029,58651.3109,58488.4717,58016.7592,58487.2425,58969.6981,51283.4315,51057.2252,50119.8326,51056.8158,51976.5583,51294.7509,50973.6208,49295.6459,50980.5770,52640.1063,64071.5201,63531.9241,60476.1216,63513.1121,66596.0867,74470.0310,73733.6467,68406.1487,73664.4414,79054.6196,64675.7419,63953.9727,58200.6371,63852.1173,69668.9901,56440.9033,55772.8037,49649.6246,55660.0779,61811.2058,58948.1877,58225.5479,51890.4246,58102.7246,64406.4448,58951.7620,58227.0613,51657.0000,58092.3223,64579.9695,57157.0481,57037.0276,48078.7493,55124.0630,67046.3066,54508.2388,55050.3650,44254.3826,51979.6306,66663.1426,53585.6143,54680.2583,41418.5940,50118.2200,68307.4978,52057.4685,53739.5342,38080.1503,47297.3318,69282.2485,50157.4211,51709.2639,36263.3955,45266.5762,67676.4429,47261.9968,48650.2646,33647.9327,41921.4330,65046.5659,44781.9719,46252.5278,30990.3364,38728.0244,64007.0774,42489.1136,44146.8175,28127.5803,35509.5701,63860.6619,11.00000000000,36,029
36,121,00974158,36121,Wyoming,Wyoming County,06,H1,G4020,,,,A,1535205959.00000000000,9171431.00000000000,+42.7013627,-078.2285667,36121,2641.3866,2633.9208,2612.6092,2633.8715,2655.7065,2231.1120,2221.1481,2180.3034,2221.1388,2261.2317,1958.5300,1946.2177,1882.1394,1946.4891,2009.8695,2259.0626,2239.9405,2132.2020,2239.2837,2348.0130,2151.2024,2130.0346,1976.1418,2128.0394,2283.7052,2507.0901,2478.8829,2255.7355,2474.8913,2700.5818,2406.3519,2376.7030,2114.7313,2371.6330,2635.1803,2298.1904,2268.5070,2020.1765,2263.4095,2510.9015,2210.8647,2182.0070,1934.0771,2176.6069,2421.7352,1998.9246,1992.7513,1677.8772,1925.3835,2344.2973,1835.3195,1851.6430,1486.6857,1747.7608,2244.2673,1756.0869,1790.0175,1353.9528,1640.0093,2238.3118,1656.1703,1707.7758,1208.2254,1502.3367,2203.9955,1565.6543,1612.2421,1128.7559,1410.6306,2112.3416,1476.3453,1517.9262,1047.9512,1307.2547,2031.7471,1350.6081,1393.3007,931.7216,1165.9435,1930.3141,1235.2616,1281.9705,815.0897,1030.5268,1856.4925,11.00000000000,36,121
36,107,00974151,36107,Tioga,Tioga County,06,H1,G4020,,13780,,A,1343172320.00000000000,11080489.00000000000,+42.1780568,-076.2974503,36107,3067.0513,3058.4707,3033.7700,3058.4092,3083.6913,2603.9235,2592.3761,2544.7482,2592.3597,2639.0996,2456.0722,2440.6544,2360.3022,2440.9922,2520.4665,2644.8772,2622.6309,2496.4858,2621.8524,2749.1096,2477.8649,2453.5773,2276.3171,2451.2828,2630.5507,2775.8195,2745.0292,2498.2041,2740.6933,2990.1792,2525.9525,2496.3225,2222.4973,2491.3386,2766.3258,2270.3997,2242.8402,1999.0851,2238.1654,2480.6414,2176.0941,2149.4145,1906.9581,2144.4556,2383.8577,1853.8210,1850.2517,1559.9593,1788.2834,2174.6459,1594.7353,1610.9377,1295.3389,1521.1845,1950.4041,1520.2516,1551.6382,1175.6463,1422.2964,1937.9591,1424.5742,1470.9184,1042.6163,1294.7047,1895.9652,1329.5120,1370.9318,961.7189,1200.2346,1793.9105,1240.7685,1277.4695,883.8049,1100.8861,1707.6869,1117.6041,1154.5230,773.7997,966.7928,1597.4121,993.8677,1032.8266,658.2623,830.8335,1493.7834,11.00000000000,36,107
36,039,00974118,36039,Greene,Greene County,06,H1,G4020,,,,A,1676140222.00000000000,28201066.00000000000,+42.2869511,-074.1494949,36039,3008.5925,3000.1549,2975.9146,3000.0956,3024.9125,2602.3033,2590.8743,2543.3332,2590.8502,2637.4892,2318.2174,2303.6602,2227.8171,2303.9796,2378.9947,2530.4477,2509.3791,2388.6820,2508.6195,2630.3081,2745.7571,2719.2721,2522.8544,2716.7457,2915.2327,2559.4921,2532.2340,2305.2654,2528.4513,2757.4758,2214.3850,2189.1802,1949.7327,2184.9856,2425.1975,2154.1237,2127.3291,1895.4815,2122.7614,2353.5604,2103.9095,2077.6323,1842.7781,2072.7382,2304.7225,1887.4515,1883.0145,1586.8135,1819.7323,2213.9017,1817.4669,1835.0066,1474.6331,1732.4833,2222.6603,1739.8437,1774.8352,1343.8362,1626.5704,2217.7745,1648.3897,1701.1055,1204.8650,1496.9755,2193.7608,1564.8315,1612.7060,1130.4267,1411.5573,2111.3487,1455.1573,1497.3677,1035.0581,1290.0492,2002.6866,1330.8130,1374.0088,920.0639,1150.2704,1902.1016,1217.8847,1264.9423,805.4169,1017.2647,1830.4387,11.00000000000,36,039
36,103,00974149,36103,Suffolk,Suffolk County,06,H1,G4020,408,35620,35004,A,2362201496.00000000000,3784184893.00000000000,+40.9435540,-072.6922184,36103,111120.0518,110810.2322,109915.8596,110807.9575,111723.0815,96902.8708,96473.8611,94701.7935,96473.2002,98212.1208,88663.2446,88105.9666,85205.1497,88118.2441,90987.4609,91719.7451,90943.0403,86568.7861,90916.3999,95330.9949,95932.7571,94978.8389,88115.8401,94889.4902,101835.1563,100934.6055,99807.4043,90828.1689,99648.2974,108726.9639,95518.3918,94392.7993,84034.1394,94203.1736,104607.4644,93181.9954,92040.6208,82027.2373,91846.6531,101810.1577,90136.7129,89026.4800,78978.9346,88820.0190,98741.9272,82678.7322,82505.1970,69546.9409,79738.0771,96983.7476,81024.4978,81829.7642,65781.4956,77265.0830,99092.2192,78344.9719,79944.5151,60554.6011,73274.3457,99869.0308,75425.2297,77861.1758,55171.7144,68526.8762,100381.8350,73806.0681,76088.0410,53358.5010,66607.2798,99584.9688,71870.0989,73979.0698,51163.8145,63746.1392,98914.4624,68404.2983,70648.1348,47333.3230,59153.8679,97770.4038,64426.8313,66937.9607,42645.8330,53840.6204,96832.6543,11.00000000000,36,103
36,097,00974146,36097,Schuyler,Schuyler County,06,H1,G4020,,,,A,850379456.00000000000,36246347.00000000000,+42.4197760,-076.9386038,36097,1250.6648,1247.1610,1237.0863,1247.1362,1257.4495,1057.6998,1052.9866,1033.6287,1052.9815,1071.9816,1029.3038,1022.9253,989.2669,1023.0573,1056.3370,1153.6623,1144.0091,1088.9840,1143.6661,1199.1594,1184.5740,1173.0378,1088.2976,1171.9437,1257.6166,1238.1587,1224.7207,1114.7863,1222.8430,1333.8603,1064.3435,1052.1679,937.0300,1050.1381,1165.6635,970.8381,959.2369,855.1689,957.2754,1060.7495,944.0439,932.8067,827.9307,930.7250,1034.2178,861.4988,860.1405,725.4775,831.4138,1010.6638,836.6253,845.3111,679.8822,798.2721,1023.2454,819.6929,836.8055,634.2195,767.1157,1044.9363,781.6351,807.2547,572.3902,710.6184,1040.2948,750.5581,774.1328,543.2565,677.8201,1012.7452,714.1211,735.4354,509.0062,633.8546,982.8701,658.4083,680.3451,456.1955,569.7960,941.0882,607.7943,631.7921,402.8647,508.3037,913.5256,11.00000000000,36,097
36,077,00974137,36077,Otsego,Otsego County,06,H1,G4020,,36580,,A,2594391877.00000000000,36393713.00000000000,+42.6297762,-075.0288410,36077,3472.8593,3463.1641,3435.2060,3463.0938,3491.7040,2941.8056,2928.7498,2874.9367,2928.7320,2981.5431,2732.4718,2715.1639,2625.7391,2715.5577,2804.0258,3163.8543,3136.9696,2986.0847,3136.0570,3288.3646,3013.6037,2982.8470,2767.2422,2980.0104,3198.4989,2094.7409,2070.9026,1884.3088,2067.5161,2256.3297,1565.6699,1546.4276,1376.0163,1543.1399,1714.5604,2496.9477,2466.1633,2197.6623,2460.9248,2728.1404,2369.3986,2339.6026,2074.9270,2334.0489,2595.5273,2117.5564,2112.4728,1780.0765,2041.4507,2483.7794,2079.9381,2100.0845,1687.7226,1982.7738,2543.6599,2041.0888,2082.2400,1576.6914,1908.3299,2601.7832,1870.4471,1930.3638,1367.3449,1698.7604,2489.2948,1756.6412,1810.4914,1269.1748,1584.7161,2370.1575,1680.7950,1729.6831,1195.7872,1490.2534,2313.2350,1659.6892,1713.7319,1147.7387,1434.7459,2372.1692,1662.6079,1727.0526,1099.8862,1388.9793,2498.8549,11.00000000000,36,077
36,003,00974100,36003,Allegany,Allegany County,06,H1,G4020,,,,A,2665894548.00000000000,13153777.00000000000,+42.2478938,-078.0261758,36003,2607.1380,2599.8593,2578.8704,2599.8066,2621.2851,2437.0640,2426.2534,2381.6758,2426.2381,2469.9849,2343.1266,2328.3587,2251.6902,2328.6879,2404.5264,2544.2355,2522.9474,2401.5974,2522.1911,2644.5730,2454.1811,2429.8476,2254.2773,2427.5644,2605.2241,1321.6872,1307.0374,1189.5194,1304.9750,1423.7563,1288.7603,1273.4889,1133.6609,1270.9113,1411.3828,2030.8781,2005.2492,1786.3393,2000.8677,2218.8829,1920.7844,1896.8059,1682.4039,1892.3402,2104.1199,1724.0463,1719.4570,1448.4702,1661.5267,2022.1041,1382.9220,1396.1147,1121.7890,1318.0652,1691.2113,1323.9030,1350.3806,1022.3081,1237.5227,1687.5579,1201.5279,1239.8226,878.0151,1090.9970,1599.0428,1071.6874,1104.3709,774.0028,966.5844,1445.9648,972.5258,1000.6748,691.6532,862.1011,1338.4512,943.6411,974.2216,652.3049,815.5627,1348.7221,910.8641,946.0406,602.3443,760.7967,1368.9962,11.00000000000,36,003
36,031,00974114,36031,Essex,Essex County,06,H1,G4020,,,,A,4647029522.00000000000,315977756.00000000000,+44.1089711,-073.7775726,36031,2368.9034,2362.2625,2343.1775,2362.2157,2381.7538,2045.0355,2035.9883,1998.5940,2035.9739,2072.6678,1888.0510,1876.3863,1814.6535,1876.6243,1937.6579,1971.1163,1954.6541,1860.6381,1954.0659,2048.8710,2000.1819,1980.8689,1837.7856,1979.0278,2123.6256,2130.3025,2106.7368,1917.3464,2103.4215,2294.8317,1830.2186,1808.3963,1609.7158,1804.7052,2004.3442,1778.5206,1756.1641,1564.5342,1752.3450,1943.1689,1732.5161,1710.4407,1516.6453,1706.3202,1897.8275,1438.6309,1434.6612,1208.4240,1386.2881,1687.3113,1433.5666,1446.9004,1162.2714,1365.9061,1753.0903,1351.9413,1378.6286,1043.3444,1263.2897,1723.2555,1236.4281,1275.4665,902.8874,1122.2244,1645.4569,1161.3082,1196.3500,838.0820,1046.9389,1566.8515,1073.3480,1104.0176,762.6611,950.9710,1477.1772,964.4962,995.3690,666.0427,833.1065,1378.5027,875.1973,908.6263,578.0983,730.5518,1315.3673,11.00000000000,36,031
36,105,00974150,36105,Sullivan,Sullivan County,06,H1,G4020,,,,A,2507450206.00000000000,74049483.00000000000,+41.7201763,-074.7646796,36105,4942.0878,4928.1677,4888.3181,4928.0730,4968.8874,4214.0917,4195.0783,4117.8317,4195.0743,4270.9261,4166.5049,4139.8772,4003.4755,4140.5049,4275.4784,4367.5886,4330.2899,4122.0071,4329.0427,4539.3523,4407.8749,4362.7890,4047.4312,4358.6361,4678.2482,4366.0978,4315.4834,3926.0546,4308.2482,4702.6297,3769.3500,3722.0048,3310.9423,3713.8585,4127.6865,3849.7864,3799.3767,3382.7776,3790.6973,4206.0668,3910.5119,3859.1105,3420.2520,3849.4847,4283.4499,3404.3050,3394.1081,2858.1092,3279.4508,3992.5751,2828.0567,2852.9426,2290.3765,2692.8023,3458.1640,2705.9335,2757.9561,2085.8337,2526.7430,3448.9566,2527.6079,2606.1074,1843.5205,2292.5051,3363.6627,2328.2630,2397.2615,1678.0712,2097.3713,3141.2090,2156.6776,2217.1368,1530.3745,1909.3071,2967.9978,1972.4921,2034.5997,1360.3007,1702.4949,2819.1052,1822.1719,1890.8908,1202.0375,1519.9370,2738.5572,11.00000000000,36,105
36,117,00974156,36117,Wayne,Wayne County,06,H1,G4020,464,40380,,A,1563902765.00000000000,2018182309.00000000000,+43.4587577,-077.0631637,36117,6319.6863,6302.0473,6251.1728,6301.9193,6353.9791,5187.5993,5164.7097,5069.8834,5164.6690,5257.7108,4495.3697,4467.2761,4320.2312,4467.8799,4613.3019,5064.6497,5022.1764,4780.6167,5020.6770,5264.3237,5006.0043,4956.9284,4598.8113,4952.2923,5314.4682,5747.6430,5684.0897,5173.1217,5675.1502,6191.5572,4910.1014,4852.6327,4320.4545,4842.9737,5377.3682,4282.1364,4230.5910,3771.2377,4221.8627,4678.6923,4305.8912,4253.5877,3774.2787,4243.8763,4717.0573,3765.4754,3757.8613,3167.9288,3631.9053,4417.0455,3188.5781,3220.4886,2589.1027,3040.9094,3899.6378,3033.8445,3096.0330,2345.3605,2837.8003,3867.3758,2849.9193,2942.2275,2085.1028,2589.6015,3792.9205,2650.6486,2732.8643,1916.7527,2392.4463,3576.4876,2454.8910,2527.1845,1748.0689,2177.7238,3378.6749,2167.4365,2238.7691,1500.2045,1874.6251,3097.9378,1910.7751,1985.4566,1265.1606,1597.0617,2871.8819,11.00000000000,36,117
36,073,00974135,36073,Orleans,Orleans County,06,H1,G4020,464,40380,,A,1013357365.00000000000,1103755920.00000000000,+43.5022867,-078.2297258,36073,2773.1115,2765.3373,2742.9958,2765.2826,2788.1546,2208.3612,2198.5344,2158.1243,2198.5227,2238.1840,2005.8014,1993.1392,1927.5042,1993.4233,2058.3504,2266.7202,2247.5622,2139.4572,2246.9013,2355.9907,2305.0436,2282.0904,2117.1878,2279.9423,2446.8432,2524.2250,2495.2464,2270.2567,2491.1175,2718.8708,2170.5059,2144.1585,1908.1719,2139.6750,2376.9523,2130.2502,2103.8466,1874.6524,2099.3488,2327.4820,2067.6891,2041.9241,1811.1676,2037.1265,2265.0523,1862.1853,1857.8535,1565.6541,1795.4293,2184.2766,1662.5749,1678.6604,1349.0299,1584.8848,2033.2427,1623.5479,1656.2656,1254.1246,1517.9280,2069.5403,1566.9323,1617.1264,1145.4679,1423.1050,2085.3604,1509.8276,1556.1224,1090.8702,1362.0722,2037.1440,1456.6122,1498.9965,1036.3237,1291.5062,2004.6994,1387.2031,1432.3858,959.3265,1199.2066,1982.7098,1312.8865,1363.7799,868.5383,1096.8196,1973.2335,11.00000000000,36,073
36,091,00974143,36091,Saratoga,Saratoga County,06,H1,G4020,104,10580,,A,2097849013.00000000000,87603331.00000000000,+43.1061353,-073.8553872,36091,16713.0136,16666.2385,16531.6309,16665.9051,16803.6865,15265.7447,15197.8275,14918.4919,15197.7467,15471.9048,14615.3750,14523.3445,14045.1374,14525.3880,14998.4081,16649.4072,16508.4971,15714.4577,16503.6557,17304.9903,17538.7224,17363.5996,16108.8732,17347.2366,18617.3395,18245.5844,18037.8864,16412.5846,18008.3766,19653.0352,17590.3341,17376.8752,15464.4337,17340.5560,19263.4353,17543.9697,17324.4415,15435.0293,17286.9740,19168.1792,17162.8023,16946.9532,15029.7502,16906.7210,18800.7685,15915.6038,15877.4837,13379.2549,15343.7009,18668.1661,15320.8347,15468.3116,12430.1605,14603.9677,18736.4617,14949.4351,15249.8929,11546.4238,13975.8894,19055.9832,14400.1039,14860.5590,10525.4261,13077.2913,19164.3846,13935.4964,14361.9449,10067.1171,12570.6578,18802.4761,13409.3633,13798.6809,9538.7306,11888.3221,18454.9063,12705.1928,13118.1535,8784.8089,10982.2811,18159.2917,11929.4991,12391.1239,7890.4888,9965.2132,17929.6680,11.00000000000,36,091
28,011,00695730,28011,Bolivar,Bolivar County,06,H1,G4020,,17380,,A,2270314566.00000000000,75742120.00000000000,+33.7992780,-090.8844762,28011,1748.8850,1744.1149,1730.0930,1744.0742,1758.3910,1742.3929,1734.7947,1702.9910,1734.7748,1765.9674,1692.0963,1681.5904,1626.2548,1681.8098,1736.5256,1983.0549,1966.5372,1871.9499,1965.9424,2061.3089,2039.0997,2019.2133,1873.3429,2017.3289,2164.8150,1547.3972,1530.2806,1392.7126,1527.8726,1666.9072,1503.6820,1485.7693,1322.5487,1482.7403,1646.7431,1551.1561,1532.2702,1365.6839,1529.0647,1694.7916,1665.1061,1644.5638,1458.9241,1640.7429,1824.0674,1553.6942,1550.2213,1306.5409,1498.1716,1822.4618,1335.2258,1348.3345,1083.7490,1273.0709,1632.9427,1286.2601,1312.3663,993.9084,1202.8161,1639.6213,1214.2237,1253.2988,887.9358,1102.9962,1615.9722,1135.0977,1170.0711,820.4142,1024.2289,1531.5525,1052.5050,1083.2822,749.0823,933.3966,1448.5488,1000.4036,1033.1304,692.0860,865.0058,1429.8727,940.7853,977.3824,622.6036,786.1138,1413.9832,11.00000000000,28,011
28,013,00695731,28013,Calhoun,Calhoun County,06,H1,G4020,,,,A,1519218090.00000000000,3590400.00000000000,+33.9366339,-089.3371142,28013,996.6164,993.8875,985.8917,993.8649,1002.0320,957.1414,952.9584,935.4832,952.9482,970.0889,820.0122,814.9449,788.1331,815.0484,841.5567,890.5732,883.0483,840.5747,882.7885,925.6481,815.5098,807.5275,749.1883,806.7728,865.7688,843.3335,834.0159,759.0473,832.7057,908.4698,757.8456,748.8095,666.5408,747.2810,829.9464,749.7661,740.3343,659.5431,738.7229,819.1761,792.4453,782.3564,693.7228,780.4734,868.0591,632.3005,630.9159,531.7694,609.7403,741.6867,611.0388,616.9022,495.7182,582.4250,747.2608,558.9713,570.1888,431.7005,522.5484,712.5163,510.5563,526.8630,373.1474,463.6325,679.4724,471.7959,486.2137,340.7948,425.5630,636.5691,433.0457,445.5999,308.0140,383.9013,595.9864,385.6682,398.1896,266.6394,333.3513,551.2273,344.4597,357.7779,227.8150,287.7281,517.7116,11.00000000000,28,013
28,077,00695762,28077,Lawrence,Lawrence County,06,H1,G4020,,,,A,1115424285.00000000000,13213420.00000000000,+31.5500087,-090.1075299,28077,759.3609,757.2808,751.1880,757.2636,763.4871,758.6863,755.3766,741.5278,755.3680,768.9509,705.9784,701.6131,678.5293,701.7025,724.5254,829.8683,823.0549,783.4675,822.7992,862.6792,745.5258,738.2932,684.9614,737.6057,791.5144,778.0841,769.6694,700.6008,768.4950,838.2337,667.8284,660.2367,588.0304,658.9740,731.4077,649.9704,642.3235,572.7576,641.0349,710.1725,725.5496,716.7891,636.0730,715.1637,794.8382,552.5011,551.5725,465.1636,533.1357,648.1505,500.9966,506.2720,407.2638,478.1224,612.7624,480.5448,490.6745,371.9817,449.8441,612.6055,444.0664,458.7408,325.3935,403.8697,591.0279,404.4915,417.3428,293.0251,365.4777,545.8027,378.0547,389.5041,269.7571,335.7719,520.3434,336.2316,347.6178,233.2920,291.2100,480.6016,297.0055,308.9216,197.2018,248.6206,446.4163,11.00000000000,28,077
39,165,01074094,39165,Warren,Warren County,06,H1,G4020,178,17140,,A,1039398003.00000000000,15537776.00000000000,+39.4256516,-084.1699063,39165,16794.7874,16747.8614,16612.6342,16747.5223,16885.9152,16349.7367,16277.3351,15978.3378,16277.2252,16570.6317,14811.1790,14718.9089,14234.4869,14720.8645,15199.9015,15818.4507,15686.1925,14931.7098,15681.4820,16442.3481,15380.4978,15229.4124,14129.1259,15215.1576,16328.0261,18220.6548,18018.1090,16397.6958,17989.5648,19627.5988,20356.6011,20113.8003,17903.9101,20072.7260,22293.3025,20749.7051,20491.5567,18258.2313,20447.5487,22670.7864,19947.8535,19698.9677,17472.4716,19652.6179,21851.8589,17868.6234,17827.3620,15023.8028,17228.4417,20959.3281,17910.5154,18085.4637,14535.6853,17075.6633,21903.9001,17686.0201,18044.0861,13664.6322,16537.5433,22544.6125,17204.3956,17757.1222,12579.6143,15627.2407,22896.7072,17054.1909,17578.6905,12324.6023,15387.2343,23010.6105,16966.0317,17461.2438,12073.3713,15044.8942,23350.0535,16336.5143,16870.0114,11300.0667,14124.3130,23349.6462,15400.5962,15998.8003,10190.3982,12867.5433,23146.7599,11.00000000000,39,165
28,045,00711756,28045,Hancock,Hancock County,06,H1,G4020,274,25060,,A,1227002554.00000000000,203966042.00000000000,+30.3914372,-089.4798501,28045,3316.9233,3307.6713,3280.9726,3307.6039,3334.9232,3374.6003,3359.6237,3297.8935,3359.6033,3420.1839,3349.4968,3328.7397,3219.2107,3329.1693,3437.4666,3946.7125,3913.6004,3725.3615,3912.4330,4102.3028,4323.5497,4281.2969,3972.0032,4277.2979,4590.0494,4438.8170,4389.7368,3995.1247,4382.8330,4781.6456,3872.7358,3827.5492,3407.9152,3819.9628,4241.2985,3999.1706,3950.4453,3520.9242,3942.1738,4369.4878,4201.8774,4150.2772,3682.0351,4140.6846,4603.0432,3753.9174,3745.5373,3156.7842,3619.7815,4403.2960,4057.2165,4097.3977,3293.6907,3868.7900,4961.9158,4054.9327,4137.5858,3133.9129,3792.3203,5168.9458,3911.7222,4037.9421,2861.1344,3553.8153,5206.0180,3862.4186,3981.7380,2792.1829,3485.5636,5211.4708,3762.1169,3872.4343,2678.0860,3336.7593,5177.7766,3597.3241,3715.2718,2489.1242,3110.7843,5141.6591,3453.6961,3588.2734,2286.0301,2886.1630,5190.8562,11.00000000000,28,045
28,007,00695728,28007,Attala,Attala County,06,H1,G4020,,,,A,1903594473.00000000000,4421428.00000000000,+33.0904703,-089.5886221,28007,1135.6174,1132.4914,1123.3719,1132.4664,1141.7859,979.5538,975.2547,957.3609,975.2454,992.7992,915.0796,909.4135,879.4912,909.5304,939.1155,951.4864,943.5512,898.1678,943.2665,989.0270,900.7867,892.0162,827.5771,891.1842,956.3318,916.0842,905.9923,824.5726,904.5746,986.8481,820.0789,810.2502,721.1863,808.5847,898.0947,760.5727,751.5155,670.0147,749.9853,831.0128,835.6929,825.5615,732.5546,823.6807,915.4949,688.0468,686.7651,579.0574,663.7757,807.1315,581.8259,587.7333,472.5867,554.9865,711.5881,560.8445,572.4277,433.7216,524.7126,714.9438,526.0666,543.1887,385.0311,478.1186,700.1425,493.3022,508.6859,356.8627,445.3546,665.6140,467.9791,481.8379,333.3723,415.2406,644.0874,434.1707,448.5347,300.6467,375.6102,620.5696,408.3510,424.3785,270.4971,341.3902,613.7530,11.00000000000,28,007
28,093,00695770,28093,Marshall,Marshall County,06,H1,G4020,,32820,,A,1829030244.00000000000,9254534.00000000000,+34.7661897,-089.5042310,28093,2278.9499,2272.5213,2254.1406,2272.4781,2291.3066,2069.2505,2060.0160,2022.1379,2060.0071,2097.1871,1924.8288,1912.5743,1849.5690,1912.8589,1975.1984,1766.4767,1751.6350,1667.3837,1751.1139,1836.1024,1671.1748,1654.7761,1535.2242,1653.2278,1774.1404,1588.7015,1570.8854,1429.5126,1568.3671,1711.3310,1428.1395,1411.0694,1256.0039,1408.1796,1564.0068,1422.4744,1405.0047,1252.1039,1402.0343,1554.1854,1495.9110,1477.4087,1310.5891,1473.9663,1638.7141,1259.0379,1256.1933,1058.7025,1214.0078,1476.8267,1208.1232,1219.9134,980.4612,1151.7964,1477.4885,1146.9197,1170.1340,886.1266,1072.4348,1461.9935,1061.6670,1095.7739,776.2739,964.3406,1412.9340,1005.4763,1036.4031,726.6365,907.2007,1356.6535,961.7397,989.8199,684.4084,852.8486,1323.6263,915.5183,945.4291,633.2924,791.5600,1308.5438,863.1976,896.7423,571.1957,721.2401,1297.3681,11.00000000000,28,093
28,043,00695746,28043,Grenada,Grenada County,06,H1,G4020,,24980,,A,1093251406.00000000000,70698555.00000000000,+33.7700310,-089.8027404,28043,1327.1539,1323.5278,1312.8841,1323.4973,1334.3667,1209.2359,1203.9535,1181.8766,1203.9403,1225.5942,1119.7416,1112.8276,1076.2167,1112.9683,1149.1641,1199.1222,1189.1237,1131.9287,1188.7648,1246.4344,1245.9007,1233.7266,1144.5986,1232.5743,1322.6980,1413.0951,1397.0417,1271.1822,1394.7624,1522.1096,1128.3237,1114.6479,991.9880,1112.3219,1235.6459,1062.9978,1049.5275,934.8966,1047.2228,1161.3996,1153.3833,1138.8632,1010.0091,1136.1565,1263.4570,1033.9448,1031.3203,868.9064,996.6085,1212.7269,955.0732,964.1815,774.7245,910.2782,1167.9835,908.0400,926.2129,701.2034,848.8090,1157.4655,846.3827,873.3792,618.5289,768.5485,1126.4028,797.0181,821.3537,575.6786,718.8892,1075.3722,746.1883,767.8125,530.7299,661.4964,1026.9534,685.2452,707.4925,473.7571,592.2893,979.4062,639.3893,664.1172,422.8842,534.0917,960.9815,11.00000000000,28,043
28,003,00711755,28003,Alcorn,Alcorn County,06,H1,G4020,,18420,,A,1036092671.00000000000,3425827.00000000000,+34.8866484,-088.5810139,28003,2390.9464,2384.2647,2365.0129,2384.2165,2403.9195,2479.4785,2468.4822,2423.1301,2468.4666,2512.9730,2397.0073,2381.8842,2303.4496,2382.2226,2459.8103,2517.2020,2496.3286,2376.2593,2495.5672,2616.5938,2578.4304,2553.1449,2368.6903,2550.7568,2737.3050,2792.9916,2762.0589,2513.7334,2757.7053,3008.6915,2742.5876,2709.8545,2412.1058,2704.3159,3003.5114,2697.8888,2664.7435,2374.7389,2659.1074,2947.6933,2828.4595,2793.8061,2478.6866,2787.3656,3098.5108,2411.5811,2406.5149,2028.5435,2325.8021,2828.8300,2486.9279,2511.8141,2019.3636,2371.7509,3041.5176,2479.9210,2530.7295,1917.0966,2319.6387,3161.2621,2410.2787,2488.3053,1763.3746,2190.0663,3207.8050,2361.4025,2434.6002,1707.5112,2131.3169,3186.2072,2326.6220,2395.0829,1656.6347,2063.8666,3202.1335,2239.5696,2313.2191,1550.0308,1936.9417,3201.0344,2151.7596,2235.8022,1424.6184,1798.4104,3234.0763,11.00000000000,28,003
28,029,00695739,28029,Copiah,Copiah County,06,H1,G4020,298,27140,,A,2013052970.00000000000,5751013.00000000000,+31.8669151,-090.4487578,28029,1572.9395,1568.6463,1556.0337,1568.6100,1581.4887,1548.3787,1541.6322,1513.3726,1541.6141,1569.3298,1541.0982,1531.6101,1481.2280,1531.8006,1581.6078,1628.5409,1615.3700,1537.6744,1614.8547,1693.0569,1582.5433,1567.4646,1454.2604,1566.0156,1680.3449,1334.8621,1320.6193,1202.2328,1318.6414,1438.1095,1030.4560,1018.6700,907.1995,1016.7052,1128.5503,1272.1002,1257.0741,1120.8687,1254.5398,1389.9223,1363.3928,1347.3655,1196.0872,1344.4009,1493.6469,1106.7390,1105.0865,932.1634,1068.2041,1298.3889,1014.3308,1025.1216,824.7500,968.1571,1240.6327,980.0793,1000.8181,758.8015,917.5643,1249.4289,907.9829,938.0033,665.3589,825.8122,1208.4767,837.9342,864.4891,606.9067,757.0284,1130.6648,782.4472,806.0072,558.0686,694.7629,1076.9264,736.9682,761.6837,510.9132,637.9851,1053.3881,699.3887,727.1288,463.8006,585.0593,1051.2015,11.00000000000,28,029
28,025,00695737,28025,Clay,Clay County,06,H1,G4020,200,48500,,A,1062093753.00000000000,15355523.00000000000,+33.6617336,-088.7833258,28025,1116.3235,1113.2461,1104.2792,1113.2217,1122.3866,1163.5403,1158.4424,1137.1921,1158.4308,1179.2761,1113.3980,1106.5312,1070.1292,1106.6701,1142.6583,1134.9207,1125.4507,1071.3182,1125.1115,1179.6954,1176.2455,1164.7064,1080.5606,1163.6168,1248.7192,1311.4517,1296.9582,1180.3737,1294.9199,1412.7428,1129.6699,1116.4061,993.9348,1114.1744,1237.1694,981.2874,969.1388,863.5743,967.0697,1072.1419,1019.1917,1006.6506,893.0525,1004.3186,1116.4940,785.7857,783.9989,660.7325,757.6675,921.7084,865.6082,874.0652,702.5072,825.2625,1058.6072,820.5440,837.1562,633.9710,767.2601,1045.9587,748.8324,772.8886,547.5330,680.1837,996.5938,710.9674,732.8365,513.8028,641.4784,959.2832,670.9398,690.5302,477.4662,594.9749,923.4033,610.1874,630.1209,422.0823,527.5677,872.1364,558.8923,580.6072,369.8231,466.9743,840.0034,11.00000000000,28,025
28,039,00695744,28039,George,George County,06,H1,G4020,274,37700,,A,1239849234.00000000000,12806128.00000000000,+30.8554305,-088.6422679,28039,1435.1727,1431.1690,1419.6166,1431.1398,1442.9608,1505.8220,1499.1322,1471.5832,1499.1236,1526.1605,1301.0793,1292.8560,1250.2794,1293.0414,1335.1601,1354.3942,1343.0413,1278.4429,1342.6400,1407.7946,1533.7273,1518.8999,1409.1843,1517.4874,1628.3711,1776.1755,1756.2279,1598.1564,1753.4068,1913.2673,1636.4670,1616.9844,1439.3596,1613.6906,1792.1626,1512.9156,1494.4211,1331.8755,1491.2795,1653.0058,1726.1468,1705.3758,1513.4096,1701.5233,1890.9991,1684.4199,1681.1326,1417.3316,1624.8164,1975.9172,1300.6374,1313.9131,1056.5624,1240.7275,1590.7244,1301.3105,1328.2336,1006.4333,1217.5339,1658.8682,1309.6940,1352.3415,958.6073,1190.3483,1743.0748,1285.0085,1325.0827,929.5974,1160.1104,1733.8655,1232.7151,1269.2267,878.1539,1093.8026,1696.6068,1161.3772,1199.7968,804.2038,1004.7277,1659.9815,1091.4671,1134.3049,722.9995,912.4878,1640.4785,11.00000000000,28,039
28,001,00695726,28001,Adams,Adams County,06,H1,G4020,,35020,,A,1197628202.00000000000,65113803.00000000000,+31.4862176,-091.3517814,28001,1528.8118,1524.5592,1512.2595,1524.5275,1537.1098,1389.4952,1383.5047,1358.1778,1383.4840,1408.3146,1403.9524,1395.2554,1349.3466,1395.4351,1440.8271,1534.4186,1521.6811,1448.4908,1521.2180,1594.9965,1459.6125,1445.4124,1340.9971,1444.0647,1549.6240,1513.4950,1496.8212,1362.3044,1494.4788,1630.4064,1330.4770,1314.4853,1169.9544,1311.7730,1457.0428,1254.6015,1238.9919,1103.9562,1236.3308,1370.7568,1290.6567,1274.5361,1130.4625,1271.5336,1413.8466,1169.8959,1167.2382,983.7185,1128.0360,1372.2613,1030.8568,1040.8405,836.4653,982.6988,1260.6859,967.2216,986.7042,747.1237,904.2879,1232.9186,901.6050,930.4661,659.0615,818.8219,1199.9042,833.6904,859.2170,602.2895,752.0572,1124.8585,771.9403,794.3483,549.1117,684.3732,1062.3981,699.5312,722.2472,483.6427,604.6435,999.8253,637.9498,662.6073,421.9058,532.8711,958.8171,11.00000000000,28,001
28,005,00695727,28005,Amite,Amite County,06,H1,G4020,,32620,,A,1890950982.00000000000,3877858.00000000000,+31.2039333,-090.7955421,28005,718.2592,716.2834,710.5162,716.2675,722.1609,619.5672,616.8726,605.5674,616.8650,627.9519,569.3716,565.9114,547.3060,565.9765,584.3636,573.3100,568.6887,541.3361,568.5062,596.0319,562.3157,557.1002,516.8783,556.5907,597.1608,574.2186,568.1500,517.2556,567.3103,618.6495,450.8944,445.7661,397.0128,444.9129,493.8207,412.8496,408.1385,364.0815,407.3498,451.0974,419.6381,414.7632,368.2544,413.8627,459.7360,316.4281,315.9890,266.5753,305.4519,371.2308,276.8797,279.7790,225.0492,264.2178,338.6453,258.4898,263.9109,200.0440,241.9406,329.5232,233.6525,241.3305,171.1369,212.4482,310.9748,213.3487,220.0614,154.4424,192.6873,287.8773,191.6446,197.3683,136.6056,170.1087,263.7675,168.5296,174.1402,116.7623,145.8423,240.8854,151.4354,157.4052,100.3593,126.6352,227.6095,11.00000000000,28,005
22,087,01629542,22087,St. Bernard,St. Bernard Parish,15,H1,G4020,406,35380,,A,977764266.00000000000,4611616395.00000000000,+29.9181102,-089.2634941,22087,3044.8224,3036.3448,3011.8440,3036.2820,3061.3478,3564.7095,3549.1686,3484.1042,3549.1274,3612.9409,4354.1300,4327.3840,4185.0488,4327.9150,4468.6180,6164.3258,6114.1397,5820.0627,6112.2117,6408.3187,6718.7261,6655.4754,6174.8761,6649.3523,7134.4501,6591.6421,6521.2318,5936.5887,6511.4502,7101.4621,6654.2430,6579.0873,5860.0036,6566.6153,7287.8037,7537.2080,7447.8829,6640.6013,7432.8067,8235.2881,9212.3523,9102.3491,8078.6125,9081.9643,10092.2628,9380.5088,9364.8054,7897.7842,9051.7962,11004.4844,9999.1033,10102.7448,8125.4595,9540.5054,12229.5054,10606.7345,10827.5408,8205.6296,9925.6001,13521.2841,10997.3262,11356.6497,8051.3839,9996.7240,14636.4740,11366.6596,11722.1090,8224.5115,10263.0951,15337.1520,11692.0574,12039.0002,8330.2308,10375.3087,16092.0296,11937.5497,12332.7085,8266.6863,10327.6984,17062.6150,12059.6030,12532.8460,7988.2830,10081.9768,18125.6175,11.00000000000,22,087
22,123,00559578,22123,West Carroll,West Carroll Parish,15,H1,G4020,,,,A,931478647.00000000000,2386193.00000000000,+32.7924797,-091.4519982,22123,649.2775,647.4441,642.2064,647.4319,652.7977,693.4859,690.3913,677.6969,690.3883,702.8486,671.8795,667.7132,645.7421,667.7996,689.5240,592.5006,587.6619,559.3966,587.4776,615.9431,574.8111,569.2070,528.0870,568.6759,610.2508,661.5223,654.2695,595.4938,653.2524,712.6324,639.9383,632.3868,562.9793,631.1140,700.8305,625.8277,618.1052,550.8029,616.7909,683.7728,630.3149,622.3533,551.9114,620.8687,690.4661,552.3113,550.8323,464.0126,532.2718,647.7942,506.4924,511.3596,410.9151,482.7832,619.4084,487.2074,496.9897,376.2851,455.4670,621.0401,450.1587,464.5453,329.0202,408.7970,599.0932,429.1937,442.3252,310.0488,387.1554,579.0896,413.7448,425.7575,294.3173,366.8136,569.4246,382.6670,395.1067,264.5923,330.7770,546.9389,354.1716,367.8806,234.2655,295.8592,532.3092,11.00000000000,22,123
22,075,00558125,22075,Plaquemines,Plaquemines Parish,15,H1,G4020,406,35380,,A,2019961046.00000000000,4629053037.00000000000,+29.4023370,-089.2984889,22075,1466.5293,1462.4319,1450.6239,1462.4023,1474.4867,1368.5736,1362.4371,1337.3702,1362.4332,1387.0421,1362.8554,1354.1392,1309.5212,1354.3452,1398.4969,1597.6643,1584.0438,1507.8529,1583.5860,1660.5104,1650.9950,1634.3285,1516.2129,1632.7813,1752.4103,1811.4596,1790.6438,1629.1735,1787.6769,1951.1375,1674.6529,1654.2478,1472.1124,1650.7712,1833.9277,1644.7135,1623.7680,1446.3139,1620.1808,1796.9587,1728.4107,1706.1226,1512.5445,1701.9572,1893.2982,1714.7508,1710.1862,1440.6606,1652.5683,2011.2015,1662.4043,1678.1117,1348.2321,1584.2504,2032.9728,1661.7004,1694.8166,1282.9474,1553.1324,2118.1287,1648.7961,1701.2626,1204.7131,1497.0155,2194.2784,1639.4572,1689.4088,1183.9803,1478.6115,2212.0191,1636.1674,1683.4896,1163.5683,1450.3451,2251.7937,1607.2095,1659.3001,1111.0164,1389.0739,2297.1437,1575.3276,1636.1701,1041.7560,1315.7945,2367.6615,11.00000000000,22,075
22,103,01629503,22103,St. Tammany,St. Tammany Parish,15,H1,G4020,406,35380,,A,2189966775.00000000000,721668349.00000000000,+30.4100224,-089.9519622,22103,16955.9401,16908.8117,16772.4143,16908.4586,17047.9777,17269.7620,17193.9196,16878.4227,17193.7594,17503.2685,17876.6051,17765.3770,17180.7225,17767.7211,18345.8578,20578.3479,20406.7654,19425.2317,20400.6057,21390.2833,20942.9461,20738.4159,19240.2234,20719.0513,22233.9415,23429.3106,23169.6278,21086.4132,23133.0702,25238.6744,23466.7878,23191.8192,20648.1432,23145.5860,25699.9558,23587.4875,23300.4355,20767.3776,23251.7186,25771.6738,24633.5888,24333.5751,21590.7745,24277.8549,26985.7343,23177.2044,23131.7114,19501.6650,22356.7529,27188.0727,24712.4947,24961.4453,20069.2310,23570.0633,30223.6996,24981.7072,25495.1386,19314.8600,23369.1131,31845.4522,24757.8516,25560.8177,18115.5540,22497.7527,32949.9971,24936.6972,25710.9997,18033.8156,22508.6528,33646.8527,25096.0240,25835.6540,17871.2972,22263.3215,34539.7912,24684.2555,25497.0190,17086.0297,21349.9932,35281.4706,24008.6684,24947.2464,15896.9789,20067.1597,36084.8774,11.00000000000,22,103
22,047,00558582,22047,Iberville,Iberville Parish,15,H1,G4020,132,12940,,A,1602236448.00000000000,88658351.00000000000,+30.2883936,-091.3631498,22047,2013.4242,2007.7279,1991.4800,2007.6904,2024.3389,1862.7943,1854.3890,1820.2427,1854.3873,1887.9172,1948.0632,1935.6505,1871.8826,1935.9397,1999.0351,2250.4004,2231.1956,2123.8772,2230.5521,2338.9101,2255.5913,2232.7049,2071.3333,2230.5867,2394.0682,2388.7137,2361.6364,2148.9144,2357.7947,2573.0106,2224.3548,2197.1284,1955.1110,2192.4826,2435.8970,2219.2822,2191.0183,1951.5709,2186.1776,2424.7131,2263.3156,2234.1888,1980.7564,2228.7464,2479.2393,2168.4810,2162.7377,1821.9176,2089.8806,2543.3808,2043.2472,2062.3394,1656.7264,1946.9211,2498.6752,2004.8265,2044.5419,1547.4461,1873.5393,2555.4742,1931.4675,1992.6590,1410.7884,1753.3271,2570.4440,1862.6520,1919.0945,1344.6324,1679.5151,2513.1344,1804.6027,1856.4593,1282.7615,1599.2231,2483.5777,1699.8989,1754.6456,1174.4739,1468.7470,2429.5979,1600.0677,1661.5304,1057.5185,1336.0471,2404.8242,11.00000000000,22,047
22,059,00558049,22059,La Salle,La Salle Parish,15,H1,G4020,,,,A,1617923154.00000000000,97667582.00000000000,+31.6808355,-092.1618090,22059,868.6328,866.1994,859.2021,866.1821,873.3451,794.2337,790.7288,776.2105,790.7227,804.9678,852.7973,847.4628,819.5666,847.5779,875.1669,920.9470,913.3812,869.4494,913.0978,957.3560,898.0126,889.4878,825.2507,888.6668,953.5308,959.5758,948.9537,863.6405,947.4590,1033.6844,1018.2361,1006.1817,895.7139,1004.1477,1115.1202,1139.2519,1124.7721,1001.8797,1122.2933,1244.7100,1137.5350,1122.9760,995.6747,1120.2572,1246.0672,1012.1807,1009.4782,850.3765,975.4657,1187.1672,936.8128,945.5844,759.6276,892.6706,1145.6258,930.3678,948.8217,718.1550,869.4716,1185.9064,894.7780,923.1478,653.6042,812.2797,1190.7944,859.6047,885.6740,620.5781,775.1151,1159.8010,821.7821,845.4129,584.1740,728.2768,1130.9758,779.2985,804.4159,538.4580,673.3540,1113.8217,722.4879,750.2529,477.5297,603.2883,1085.8650,11.00000000000,22,059
22,095,01629472,22095,St. John the Baptist,St. John the Baptist Parish,15,H1,G4020,406,35380,,A,551851752.00000000000,348524505.00000000000,+30.1174706,-090.5046774,22095,2654.7706,2647.5156,2626.2237,2647.4547,2669.1984,2373.8556,2363.6446,2320.3873,2363.6077,2406.0140,2281.7636,2267.8274,2193.2528,2268.0965,2341.8054,2446.7346,2426.6243,2309.9083,2425.8720,2543.4581,2378.2363,2355.1538,2185.0246,2352.9603,2524.9337,2411.0563,2384.5054,2170.2211,2380.7761,2597.3039,2089.3465,2064.9298,1838.5066,2060.8283,2288.1822,1937.0358,1913.4554,1705.4307,1909.4532,2116.4036,1982.3941,1958.2321,1737.4877,1953.7441,2171.6813,1726.8950,1723.3752,1452.8023,1665.6035,2025.7065,1816.2496,1834.4223,1474.7749,1732.1310,2221.2766,1750.2175,1786.0703,1352.9913,1637.0903,2231.0769,1643.3910,1696.5797,1202.2946,1493.2295,2187.1641,1579.8796,1628.8327,1142.3650,1425.9179,2131.7076,1531.0911,1576.1172,1090.1435,1358.1452,2107.2410,1459.4143,1507.3741,1010.0168,1262.1646,2085.9499,1398.9342,1453.5349,926.1259,1169.1624,2102.5838,11.00000000000,22,095
22,063,00558083,22063,Livingston,Livingston Parish,15,H1,G4020,132,12940,,A,1678749073.00000000000,141614105.00000000000,+30.4404194,-090.7274738,22063,9170.6092,9144.9227,9071.0517,9144.7407,9220.3596,9830.1058,9786.6164,9606.8683,9786.5472,9962.9286,10091.6432,10028.5959,9698.4985,10029.9490,10356.3999,11991.7957,11891.9669,11319.9825,11888.3663,12465.0435,12350.9884,12230.0925,11346.5366,12218.6615,13112.1645,13138.4852,12993.0047,11824.8753,12972.5308,14153.1649,12731.9630,12582.7073,11202.5763,12557.6083,13943.5651,12910.6545,12753.3421,11366.6950,12726.6371,14106.1616,13784.9391,13616.5378,12081.1989,13585.2505,15101.1352,12888.0547,12862.7911,10844.2732,12431.8714,15118.3705,13040.9594,13172.2124,10590.4663,12437.9399,15949.2413,13205.0927,13476.3620,10209.4309,12352.5321,16833.1878,13102.8357,13527.6690,9587.2494,11906.5414,17438.4321,13018.8942,13423.0584,9414.9123,11751.1622,17566.2654,12944.4569,13325.9128,9217.8886,11483.3023,17815.5210,12633.9148,13049.8852,8744.9519,10927.3466,18057.7890,12220.1951,12697.9196,8091.4123,10213.9983,18366.8753,11.00000000000,22,063
48,291,01383931,48291,Liberty,Liberty County,06,H1,G4020,288,26420,,A,3000284900.00000000000,46411807.00000000000,+30.1621885,-094.8226815,48291,4756.1346,4742.7106,4704.3463,4742.6208,4781.9219,4950.0530,4927.7382,4837.0111,4927.7321,5016.8186,4842.6898,4812.0838,4653.6118,4812.7737,4969.5415,5123.8805,5080.6198,4836.2483,5079.1227,5325.7040,5675.7643,5619.2743,5213.2312,5613.9862,6024.9394,6566.9369,6493.4937,5909.2350,6483.1220,7073.8869,6846.8900,6765.6788,6022.7433,6751.9668,7498.3466,6851.1603,6767.0267,6030.6064,6752.7215,7485.5294,7717.6011,7622.7994,6762.7531,7605.1752,8454.4202,7739.2166,7721.7946,6507.8828,7462.4975,9077.9644,7192.4807,7263.7435,5838.9856,6858.4845,8796.3026,7479.5622,7632.0293,5780.7016,6995.1687,9534.4263,7632.3474,7878.5952,5582.4516,6933.9860,10157.7068,7825.7301,8067.4380,5657.2192,7062.1147,10559.0697,8007.4965,8242.2251,5700.0512,7102.0444,11020.6582,7989.7802,8251.6494,5528.2585,6909.0370,11419.7943,7859.1857,8165.3275,5201.8810,6567.5914,11812.2382,11.00000000000,48,291
48,287,01383929,48287,Lee,Lee County,06,H1,G4020,,,,A,1629142826.00000000000,13168645.00000000000,+30.3211046,-096.9763650,48287,1095.2136,1092.1862,1083.3847,1092.1626,1101.1608,1071.3066,1066.5443,1046.9433,1066.5384,1085.7754,1126.3611,1119.3344,1082.4932,1119.4842,1155.9172,1266.6455,1256.1564,1195.7374,1255.7723,1316.6681,1301.0270,1288.4936,1195.4249,1287.2971,1381.3405,1414.0469,1398.8262,1273.3442,1396.7058,1523.3803,1000.4864,989.6863,881.9606,987.9244,1095.8017,1013.6891,1002.0744,893.8572,1000.1284,1107.5981,991.5116,980.0993,870.3062,977.9936,1086.2669,854.6031,853.6674,720.4117,825.2679,1002.6741,868.2452,877.5816,706.1427,828.8464,1061.9710,864.2286,882.5887,669.2344,809.1948,1101.7484,824.0877,851.4122,604.0149,749.6071,1096.8236,775.8698,800.5542,562.1206,701.0791,1046.9269,719.9774,741.7813,513.7315,639.4521,990.9557,634.5185,655.9713,440.1949,549.5126,906.9635,571.1087,593.9473,379.0641,477.9782,858.4045,11.00000000000,48,287
48,189,01383880,48189,Hale,Hale County,06,H1,G4020,,38380,,A,2602115719.00000000000,246684.00000000000,+34.0684364,-101.8228878,48189,1694.9972,1690.2412,1676.5833,1690.2079,1704.1913,1576.3835,1569.4011,1540.5720,1569.3906,1597.6809,1421.5612,1412.5696,1366.0491,1412.7729,1458.7942,1499.1005,1486.3166,1414.8262,1485.8873,1558.0671,1422.3934,1408.2735,1306.5163,1406.9496,1509.9239,1300.7826,1286.0506,1170.2192,1283.9611,1401.1459,1359.8308,1342.9816,1194.8672,1340.0950,1489.1309,1354.6288,1337.1733,1190.8357,1334.1771,1480.0100,1329.1221,1311.9603,1163.0810,1308.7524,1455.9154,1098.7055,1095.6190,922.7944,1058.6629,1288.6134,978.0754,986.9836,792.6485,931.6759,1196.0452,914.8777,932.7655,705.7450,854.6696,1166.1304,838.3670,864.6925,611.9600,760.7490,1115.6986,771.7952,794.9585,556.7658,695.6272,1041.3044,709.0888,729.2509,503.6651,628.1166,975.8636,646.8428,667.4803,446.5645,558.6412,924.4931,584.0610,606.3214,385.7064,487.4728,877.8045,11.00000000000,48,189
48,029,01383800,48029,Bexar,Bexar County,06,H1,G4020,,41700,,A,3211119983.00000000000,42127509.00000000000,+29.4486708,-098.5201465,48029,114348.6816,114030.7699,113110.8815,114028.3920,114969.3571,129910.6919,129338.5225,126964.3613,129337.4275,131666.7578,139336.7053,138465.3271,133907.4651,138484.1106,142991.7424,175652.0107,174172.7168,165795.2368,174121.1414,182573.1182,193953.2632,192035.8218,178160.6440,191855.6011,205893.8716,200554.4312,198310.6191,180466.8716,197993.7007,216036.4492,200600.7202,198216.8521,176446.7231,197814.0825,219686.6240,216330.1831,213657.5293,190390.2354,213202.5474,236359.8931,233798.4238,230894.9951,204811.8379,230354.5708,256115.9365,231949.1499,231431.8687,195054.0693,223661.7178,272073.4351,261939.0811,264511.5771,212606.9692,249746.9014,320344.0967,268438.4849,273887.8208,207427.4048,251025.2891,342183.9990,270351.4907,279052.0093,197702.7876,245586.6436,359802.3291,277443.1719,285990.9380,200526.6377,250343.7021,374345.4893,283030.2236,291306.3037,201436.0586,251000.3491,389530.7520,284468.3208,293772.6172,196794.1138,245965.3384,406589.2568,283496.9922,294522.6338,187611.3052,236885.0181,426090.6289,11.00000000000,48,029
48,169,01383870,48169,Garza,Garza County,06,H1,G4020,,,,A,2313926862.00000000000,7219081.00000000000,+33.1837920,-101.3011341,48169,215.1451,214.5802,212.8666,214.5742,216.3176,378.4514,376.6607,369.6807,376.6661,383.5317,360.1705,357.7220,345.9025,357.7932,369.5082,284.7547,282.2428,268.6670,282.1670,295.9021,180.5518,178.9597,166.0463,178.7992,191.7945,179.9480,178.1124,162.1994,177.8619,193.8910,383.4127,378.3292,336.3072,377.4399,419.8314,507.1222,499.9161,444.5346,498.6570,554.0211,559.6145,551.5442,488.0890,550.0190,612.8971,456.6768,454.6240,382.1734,439.0813,535.4252,448.0357,451.2338,361.5494,425.6749,547.7396,435.5403,443.1800,334.4460,405.7746,555.0467,412.1174,424.2032,299.3583,372.8901,548.3701,394.6964,405.7202,283.3112,354.6985,532.4500,375.5027,385.3967,265.3483,331.6299,516.7123,351.5498,362.0427,241.4213,302.7067,502.3981,325.5753,337.3395,213.8565,270.9426,489.2780,11.00000000000,48,169
48,337,01383954,48337,Montague,Montague County,06,H1,G4020,,,,A,2411034772.00000000000,19087292.00000000000,+33.6762888,-097.7247469,48337,1100.9784,1097.9049,1089.0415,1097.8825,1106.9526,1057.5802,1052.8741,1033.5218,1052.8686,1071.8622,921.0388,915.2583,885.1261,915.3849,945.1877,1060.3292,1051.4312,1000.8588,1051.1177,1102.1290,1097.5869,1086.7861,1008.2669,1085.7681,1165.1921,1047.8346,1036.0485,942.7860,1034.3807,1128.7050,1005.6188,993.9262,884.9934,991.9656,1101.3268,1000.0129,987.4771,879.7596,985.3367,1092.5921,1021.8277,1009.0278,894.9294,1006.6431,1119.3541,922.9413,920.9913,776.3282,890.0989,1082.6248,803.2816,811.2234,652.0886,765.9583,982.3993,775.3032,791.0964,599.1865,725.0790,988.3013,752.1661,776.4269,550.1376,683.3342,1001.0392,717.3368,739.4919,518.5613,647.3399,967.8852,681.3907,701.3696,485.0493,604.3483,937.7934,642.2811,663.3404,444.4193,555.4129,918.0131,589.0312,611.9873,389.8914,492.2426,885.3058,11.00000000000,48,337
48,461,01384016,48461,Upton,Upton County,06,H1,G4020,,,,A,3215013323.00000000000,464312.00000000000,+31.3538489,-102.0420128,48461,191.4482,190.9029,189.3560,190.8995,192.4855,233.9999,232.9379,228.6453,232.9381,237.1541,305.1932,303.2321,293.2388,303.2793,313.1695,353.4282,350.2942,333.4450,350.2012,367.2535,360.8004,357.0878,331.2743,356.7470,382.9168,392.0647,387.3901,352.3494,386.7158,422.2467,406.9059,401.7056,357.2610,400.8059,445.5785,472.5825,466.4838,415.4235,465.4366,516.3231,504.9253,498.4338,441.9011,497.2210,553.0967,526.2826,524.6472,441.7383,506.9081,617.2108,492.3070,496.8119,399.0104,468.9785,602.0239,513.5175,523.6091,396.2216,479.7873,654.5509,512.2299,528.3868,374.0225,464.8973,681.6818,521.7707,537.5273,376.5683,470.4010,703.9805,530.5935,545.8020,377.0931,470.1585,730.2242,535.6768,552.9120,370.0738,462.8146,765.6203,535.2187,555.7780,353.7376,446.9047,804.4079,11.00000000000,48,461
48,193,01383882,48193,Hamilton,Hamilton County,06,H1,G4020,,,,A,2165007849.00000000000,1238631.00000000000,+31.7069819,-098.1117941,48193,426.4390,425.2502,421.8180,425.2415,428.7533,423.2955,421.4583,413.7363,421.4528,429.0252,363.9930,361.7114,349.8037,361.7610,373.5382,369.1970,366.1065,348.4973,365.9968,383.7562,360.7550,357.2178,331.4103,356.8837,382.9840,409.3759,404.7777,368.3447,404.1274,440.9729,395.2701,390.4955,347.5385,389.6843,432.8687,358.1332,353.6183,315.0189,352.8466,391.2870,366.2795,361.5744,320.5684,360.6954,401.2242,332.4702,331.7707,279.6613,320.6431,389.9936,294.1451,296.9681,238.6323,280.3714,359.7205,273.0450,278.5355,210.8953,255.2671,348.0497,266.1529,274.6769,194.5617,241.7208,354.2109,254.3932,262.2000,183.8137,229.5059,343.2421,241.0861,248.1119,171.5423,213.7728,331.8017,224.3855,231.7114,155.2057,193.9982,320.7122,207.6892,215.7616,137.4347,173.5353,312.1527,11.00000000000,48,193
48,151,01383861,48151,Fisher,Fisher County,06,H1,G4020,,,,A,2328245716.00000000000,7284133.00000000000,+32.7404728,-100.4031198,48151,205.0936,204.5259,202.8772,204.5215,206.2072,214.5894,213.6477,209.7278,213.6457,217.4911,163.2808,162.2190,156.8700,162.2457,167.5410,215.1033,213.3447,203.0832,213.2779,223.6127,192.3427,190.3653,176.6042,190.1837,204.1341,283.0127,279.8241,254.6317,279.3727,304.8537,207.6804,205.2088,182.6677,204.7911,227.4395,194.9964,192.5803,171.6013,192.1687,213.0504,217.9220,215.1853,190.8456,214.6753,238.7203,193.3139,192.8744,162.5494,186.3966,226.7527,194.8047,196.6801,158.0502,185.6901,238.2345,188.6004,192.3978,145.6803,176.3269,240.4090,188.9566,195.0073,138.1283,171.6096,251.4737,179.3362,184.8343,129.5715,161.7850,241.9703,179.4626,184.6873,127.6855,159.1241,246.9902,166.8383,172.2780,115.3878,144.2351,238.4600,157.4375,163.5453,104.1612,131.5333,236.6246,11.00000000000,48,151
48,115,01383843,48115,Dawson,Dawson County,06,H1,G4020,,29500,,A,2331781493.00000000000,4720787.00000000000,+32.7419338,-101.9473224,48115,479.5660,478.2678,474.4279,478.2563,482.1741,431.7295,429.9637,422.1434,429.9507,437.6042,380.0034,377.9739,365.6106,377.9850,390.1664,399.6653,396.9477,377.8570,396.7861,415.8271,368.2058,365.3635,339.0351,365.0516,391.4000,421.4078,417.6858,380.7364,417.2087,454.2276,477.9264,472.9706,421.6698,472.1751,523.4813,516.3011,510.6083,455.6889,509.6628,564.1446,622.3909,615.4115,546.6604,614.1278,681.8930,488.9408,488.7483,412.7835,472.5812,573.7393,438.3280,443.4012,357.1218,418.8886,536.1877,472.1290,482.4770,366.1598,442.4640,601.9249,468.0769,483.8846,343.5690,426.1330,623.0147,460.3859,475.2777,333.9735,416.3177,621.2478,459.9820,474.1023,328.5478,408.7770,633.1209,439.7806,454.7794,305.3263,381.0265,628.6195,420.1768,437.0630,279.0343,351.7611,631.5514,11.00000000000,48,115
48,127,01383849,48127,Dimmit,Dimmit County,06,H1,G4020,,,,A,3441794213.00000000000,14576915.00000000000,+28.4235871,-099.7658713,48127,592.2408,590.6051,585.8464,590.5923,595.4570,620.1012,617.3678,606.0342,617.3628,628.4827,734.9700,730.4040,706.3682,730.4996,754.2665,904.0345,896.4156,853.2991,896.1505,939.6522,1083.4795,1072.6157,995.1025,1071.6032,1150.0828,1276.1886,1261.8459,1148.2652,1259.8169,1374.6866,1215.2662,1201.0473,1069.3353,1198.6578,1330.9168,1274.6716,1258.8843,1121.7525,1256.1954,1392.6894,1390.6314,1373.4900,1218.4647,1370.3021,1523.3914,1494.9643,1491.5397,1257.0043,1441.4380,1753.5524,1480.5253,1494.9849,1201.5503,1411.5119,1810.6275,1558.3381,1589.8914,1204.0147,1457.1488,1986.4356,1604.1164,1655.6606,1172.9224,1457.0753,2134.8612,1658.0480,1709.0535,1198.2477,1495.9983,2237.1460,1703.4097,1753.1445,1212.2068,1510.5441,2344.3742,1702.1087,1757.7113,1177.3894,1471.6401,2432.8112,1685.0428,1750.5143,1115.0084,1407.9150,2532.5837,11.00000000000,48,127
48,293,01383932,48293,Limestone,Limestone County,06,H1,G4020,,,,A,2344684360.00000000000,72198941.00000000000,+31.5475427,-096.5936230,48293,1270.5188,1266.9996,1256.7855,1266.9726,1277.4170,1279.2954,1273.6597,1250.2796,1273.6491,1296.5879,1291.8687,1283.8228,1241.5708,1283.9932,1325.7752,1329.4493,1318.4188,1255.0050,1318.0171,1381.9386,1330.8432,1318.0002,1222.7983,1316.7755,1412.9825,1353.2730,1338.7208,1218.6396,1336.6942,1457.9115,1352.2904,1336.5731,1190.0922,1333.9380,1480.9930,1386.2127,1369.2089,1220.2243,1366.3185,1514.5673,1471.4363,1453.5456,1289.7374,1450.2234,1611.9404,1371.2118,1368.7701,1154.2089,1322.9810,1608.5637,1184.9442,1197.1385,962.7543,1130.4881,1449.2439,1191.8387,1216.5841,921.9204,1115.2194,1519.3276,1175.1037,1213.4562,860.2465,1068.1325,1563.9559,1151.3724,1187.3537,833.0515,1039.5582,1553.5567,1131.2293,1164.7841,805.9438,1003.8152,1556.9343,1087.5288,1123.5305,753.1114,940.8716,1554.4302,1034.7360,1075.3575,685.4385,865.0722,1555.2121,11.00000000000,48,293
48,233,01383902,48233,Hutchinson,Hutchinson County,06,H1,G4020,,14420,,A,2298404081.00000000000,19511584.00000000000,+35.8370470,-101.3627461,48233,1160.4271,1157.1665,1147.8136,1157.1439,1166.7210,1274.1330,1268.4361,1245.1072,1268.4313,1291.3317,1306.3337,1298.0419,1255.2866,1298.2321,1340.5324,1409.7711,1397.6814,1330.4540,1397.2823,1465.1808,1295.4255,1282.5155,1189.8407,1281.3079,1375.1094,1454.9304,1438.2880,1308.6400,1435.9196,1567.1393,1370.7627,1354.4557,1205.6806,1351.6995,1501.1802,1411.3861,1393.8477,1241.9564,1390.8585,1542.0584,1451.0518,1433.1673,1271.4078,1429.8412,1589.5801,1330.0747,1327.0684,1118.4338,1282.5023,1560.1513,1227.0547,1239.1574,996.0491,1170.0053,1500.6616,1241.8720,1267.1357,959.7113,1161.3810,1583.0459,1216.5941,1255.8008,889.7639,1105.2188,1619.1318,1204.7480,1241.9192,870.8447,1087.1420,1625.5341,1205.4772,1240.7798,858.0460,1069.1236,1659.0867,1180.7643,1219.4350,816.9379,1021.0105,1687.6645,1132.2293,1176.3098,749.3639,946.1274,1701.7221,11.00000000000,48,233
05,001,00063755,05001,Arkansas,Arkansas County,06,H1,G4020,,,,A,2560902522.00000000000,116495598.00000000000,+34.2895735,-091.3765467,05001,1075.1216,1072.1392,1063.4938,1072.1166,1080.9582,1090.4960,1085.6544,1065.7054,1085.6479,1105.2257,1116.6192,1109.6786,1073.1609,1109.8242,1145.9338,983.1041,974.9836,928.0887,974.6841,1021.9423,944.9249,935.6987,868.1017,934.8250,1003.1746,1046.8498,1035.4533,942.4858,1033.8590,1127.7544,905.3758,894.8024,796.6921,893.0267,991.5380,844.8832,834.7953,744.2363,833.0900,923.1301,839.3984,829.3590,736.0647,827.4983,919.5709,860.2441,858.7614,724.1935,830.0467,1009.1612,749.2655,756.9100,608.6540,714.7487,916.3771,709.9047,724.6084,549.0687,664.2225,904.9654,663.4128,685.0723,485.6704,603.0306,882.9427,629.2950,648.9778,455.3424,568.2032,849.1146,601.9019,619.7851,428.8764,534.1452,828.4123,555.4264,573.8460,384.6895,480.5661,793.8862,516.8225,537.1439,342.4151,432.1194,776.7882,11.00000000000,05,001
05,119,00069177,05119,Pulaski,Pulaski County,06,H1,G4020,340,30780,,A,1967777404.00000000000,124061704.00000000000,+34.7739877,-092.3165149,05119,23116.8067,23053.0864,22867.4029,23052.5809,23242.3622,24163.2722,24058.1682,23617.2552,24057.8740,24490.2759,24309.6809,24159.8769,23365.1089,24162.8971,24948.6137,27238.2782,27015.0343,25715.6643,27006.6164,28315.4586,26333.7261,26083.0740,24199.3443,26058.9711,27961.3278,26041.6001,25759.5508,23447.6736,25720.1686,28054.6181,25545.9222,25250.3455,22484.2392,25200.8672,27977.3777,25073.6699,24771.1719,22080.8651,24719.9254,27395.6287,26502.8966,26182.6830,23234.0890,26123.2647,29033.8450,25593.5920,25545.4119,21538.5523,24690.1439,30023.1202,26397.2286,26665.0028,21440.6635,25179.2349,32284.4509,25757.1943,26289.0399,19918.7683,24097.6567,32834.3044,24829.2914,25637.2652,18172.4335,22566.0456,33045.3136,24160.6674,24913.6913,17477.4677,21811.7678,32600.0161,23522.0835,24218.2190,16755.5314,20870.7080,32373.8008,22669.5700,23418.7909,15696.4425,19610.9469,32402.0559,21651.3817,22500.3914,14340.7489,18100.0435,32542.0496,11.00000000000,05,119
05,061,00066872,05061,Howard,Howard County,06,H1,G4020,,,,A,1524346632.00000000000,17509479.00000000000,+34.0831786,-093.9909884,05061,782.0733,779.9327,773.6584,779.9148,786.3232,695.9777,692.9271,680.2154,692.9202,705.3898,667.8380,663.7428,641.9128,663.8235,685.4022,681.3037,675.7408,643.2391,675.5288,708.2603,682.6483,676.1241,627.2919,675.4983,724.8231,634.1302,627.2749,570.9863,626.3184,683.1522,574.5673,568.0330,505.9080,566.9460,629.2675,609.6650,602.5282,537.3081,601.3268,666.1360,634.5031,626.8854,556.3377,625.4729,695.1022,583.5671,582.6771,491.4823,563.2251,684.6167,551.4473,557.2269,448.2282,526.2358,674.4637,547.8626,559.3465,423.9777,512.7795,698.4154,534.8125,552.3774,391.7031,486.2657,711.7964,531.1481,547.8481,384.4760,479.6951,716.6918,530.2736,546.0984,377.9608,470.6686,729.8342,527.9210,545.4827,365.7352,456.8360,754.5757,524.8658,545.5385,347.8066,438.8875,788.8795,11.00000000000,05,061
05,139,00069903,05139,Union,Union County,06,H1,G4020,,20980,,A,2691552718.00000000000,41401571.00000000000,+33.1682186,-092.5981447,05139,2294.8000,2288.3966,2269.9240,2288.3500,2307.2527,2220.0951,2210.3493,2169.7930,2210.3284,2250.1144,2103.8597,2090.7149,2021.8975,2090.9970,2159.0544,2215.1317,2196.6248,2090.9704,2195.9643,2302.5078,2018.4805,1998.6400,1854.2422,1996.7687,2142.8223,2119.1702,2095.4238,1906.8565,2092.0680,2282.7511,1881.6923,1859.3628,1655.1777,1855.5920,2060.7273,1766.3528,1744.6591,1554.7945,1740.9705,1929.9044,1869.2399,1846.2945,1638.0016,1842.0290,2047.7030,1758.0006,1754.5455,1479.2014,1695.7636,2062.2255,1544.6015,1560.1881,1254.4306,1473.2294,1889.0718,1450.4227,1480.3038,1121.5342,1356.8865,1848.9361,1362.3008,1406.6010,997.0087,1238.0856,1813.0839,1277.8169,1317.6210,924.3157,1153.5595,1724.1578,1211.1573,1247.0052,862.7525,1074.6421,1666.9345,1125.5972,1162.8414,779.4422,973.7841,1608.8410,1047.8564,1088.9852,694.1160,876.0317,1574.9317,11.00000000000,05,139
05,099,00069169,05099,Nevada,Nevada County,06,H1,G4020,,26260,,A,1600189595.00000000000,7257804.00000000000,+33.6666991,-093.3050716,05099,533.1661,531.6860,527.3980,531.6748,536.0604,510.8055,508.5403,499.1972,508.5371,517.7059,455.7448,452.8796,437.9688,452.9428,467.6913,472.5821,468.5412,446.0048,468.4065,491.1640,427.8193,423.4978,392.8906,423.0967,454.0970,489.1396,483.4298,439.7799,482.6117,526.8302,419.4324,414.2315,368.5435,413.3403,459.3139,396.9208,391.7955,348.9075,390.9154,433.6582,413.4009,407.9764,361.5909,406.9607,452.8273,345.0504,344.0292,289.7119,332.4108,404.6787,324.6471,327.6345,263.1529,309.2842,397.0016,308.0035,314.0753,237.6835,287.7962,392.5965,289.2543,298.4038,211.2532,262.5581,384.9454,277.9446,286.3686,200.6487,250.6191,375.0096,269.9595,277.7302,191.9178,239.2525,371.5318,257.4915,265.8124,177.9528,222.5131,368.0243,246.7941,256.3090,163.1737,206.1145,370.9217,11.00000000000,05,099
05,035,00069162,05035,Crittenden,Crittenden County,06,H1,G4020,,32820,,A,1579271661.00000000000,68938875.00000000000,+35.2118784,-090.3153314,05035,2764.7643,2757.1743,2734.9826,2757.1124,2779.7851,2670.2743,2658.6871,2609.9762,2658.6526,2706.4193,2446.4535,2431.3869,2351.4056,2431.6898,2510.7590,2525.5965,2504.9955,2384.5104,2504.2083,2625.5381,2367.9904,2345.3732,2175.9826,2343.2029,2514.2968,2561.8592,2533.5908,2305.8725,2529.6172,2759.7393,2166.2217,2140.9706,1906.2665,2136.7326,2372.3808,2006.8530,1982.6049,1767.2448,1978.4957,2192.6964,2025.6410,2001.1068,1775.6884,1996.5530,2219.0764,1802.0289,1798.3375,1515.9777,1738.0480,2113.8368,1595.9317,1611.8917,1295.8647,1522.0066,1951.8259,1500.3327,1531.0569,1159.8030,1403.3449,1912.5369,1383.0913,1427.8396,1011.8341,1256.6945,1840.7338,1275.6370,1315.1429,922.3411,1151.2986,1721.1959,1186.8327,1221.7142,844.9938,1052.7466,1633.4363,1084.4272,1120.0428,750.4619,937.8329,1549.9771,984.2465,1022.6436,651.5607,822.5638,1479.3112,11.00000000000,05,035
05,049,00066854,05049,Fulton,Fulton County,06,H1,G4020,,,,A,1601114128.00000000000,5527461.00000000000,+36.3834433,-091.8192392,05049,758.3407,756.2346,750.1352,756.2187,762.4572,648.7499,645.8595,633.9864,645.8564,657.5099,602.8680,599.0521,579.3228,599.1386,618.6565,662.1621,656.5353,624.9567,656.3443,688.2208,625.0302,618.8359,574.1217,618.2545,663.4997,692.4973,684.5636,622.8488,683.4340,745.9013,599.4265,592.2085,527.0820,590.9835,656.4473,631.4726,623.5887,555.5976,622.2438,689.9350,665.9131,657.3918,582.8710,655.8005,729.4481,568.6811,567.2098,477.8582,548.1114,667.0065,515.3712,520.1927,417.8887,491.0820,630.2454,495.3931,505.2266,382.4089,462.9769,631.4606,469.0587,483.9501,342.6643,425.8359,624.2375,445.5299,459.0782,321.7067,401.7860,601.1238,424.8370,437.1062,302.0929,376.5644,584.6853,398.6364,411.5505,275.5551,344.5248,569.7605,371.2285,385.5672,245.4934,310.0704,557.9434,11.00000000000,05,049
05,115,00069901,05115,Pope,Pope County,06,H1,G4020,,40780,,A,2104490517.00000000000,47206953.00000000000,+35.4552965,-093.0315353,05115,3626.8377,3616.7118,3587.5135,3616.6384,3646.5179,3595.1855,3579.0343,3513.1686,3579.0261,3643.6928,3471.7828,3449.5185,3335.8455,3450.0503,3562.5431,4136.1156,4100.6441,3903.4065,4099.4733,4298.6806,4771.1320,4723.3538,4382.0233,4718.8975,5064.4614,2933.5182,2901.0816,2640.2906,2896.5190,3160.0860,2423.2171,2394.5975,2131.7572,2389.7724,2653.7913,3881.9478,3833.7085,3415.9379,3825.4868,4241.3556,4589.5627,4532.6789,4020.7574,4522.0932,5027.6784,4214.2940,4204.9316,3544.0107,4063.7639,4943.3227,4130.8200,4171.3549,3352.7855,3938.5050,5051.8706,4185.9045,4270.8445,3234.4660,3914.3279,5335.8533,4184.8870,4319.5320,3060.2682,3801.4988,5569.5320,4171.2165,4299.6945,3014.7581,3763.7474,5628.0906,4094.1122,4213.7955,2913.7725,3630.7495,5634.6699,4141.6555,4277.0893,2865.1281,3581.0417,5919.6472,4205.0820,4368.5974,2782.7713,3513.6582,6320.1574,11.00000000000,05,115
05,041,00066850,05041,Desha,Desha County,06,H1,G4020,,,,A,1989504302.00000000000,133058424.00000000000,+33.8287478,-091.2444274,05041,608.1985,606.5011,601.6050,606.4887,611.4989,617.3577,614.6394,603.3575,614.6342,625.7030,595.7584,592.0332,572.5453,592.1134,611.3865,551.4395,546.9744,520.6662,546.8003,573.2818,472.9066,468.3744,434.5455,467.9403,502.1150,451.0750,446.2093,406.1753,445.5309,485.9489,390.8260,386.4388,344.2256,385.7123,428.0402,386.1373,381.6285,340.3308,380.8699,421.9044,403.6900,399.0809,354.4131,398.2313,442.2738,338.4300,337.9771,285.1409,326.7113,397.0474,338.5748,342.2488,275.4207,323.2528,414.1242,334.4463,341.5819,259.0392,313.1872,426.3674,320.4716,331.1242,234.9352,291.5410,426.5355,318.9590,329.1090,231.0910,288.2156,430.3904,323.0705,332.8235,230.4691,286.8977,444.6622,321.2881,332.0770,222.7621,278.1530,459.2352,318.4795,331.1137,211.2041,266.4202,478.6840,11.00000000000,05,041
05,051,00066855,05051,Garland,Garland County,06,H1,G4020,,26300,,A,1755444878.00000000000,147213948.00000000000,+34.5788613,-093.1469148,05051,5854.0010,5837.7350,5790.6470,5837.6128,5885.7774,6011.3391,5984.9937,5875.2016,5984.9339,6092.6347,5981.5686,5944.4902,5748.8900,5945.2587,6138.6601,6724.3751,6669.2392,6348.4621,6667.1628,6990.2864,6956.6631,6889.6496,6392.0065,6883.2523,7386.1062,7185.0356,7107.1659,6469.2773,7096.2902,7740.4246,6218.3108,6147.1511,5474.4510,6135.2865,6810.2592,6561.2888,6483.2808,5780.3046,6470.1057,7168.9673,7017.7711,6934.5841,6155.2815,6919.1817,7688.1424,6727.3020,6715.6504,5663.2533,6491.0813,7891.8539,6877.6298,6949.4508,5589.8262,6562.8634,8411.8420,6889.1250,7033.2870,5330.9037,6447.6655,8782.2294,6781.2229,7003.7026,4966.2433,6165.3706,9025.2922,6716.2288,6927.2739,4861.3871,6065.4630,9062.3687,6649.3908,6847.7940,4739.4002,5901.9297,9151.7869,6460.0529,6675.0416,4475.5806,5590.3135,9233.5830,6309.5571,6558.2612,4181.4212,5276.2233,9483.3503,11.00000000000,05,051
38,049,01035305,38049,McHenry,McHenry County,06,H1,G4020,,33500,,A,4853519308.00000000000,97354626.00000000000,+48.2338417,-100.6332668,38049,365.9269,364.8882,361.9334,364.8815,367.9101,392.5377,390.7777,383.5880,390.7766,397.8349,477.2900,474.2347,458.6084,474.3072,489.7706,634.6018,629.1181,598.8579,628.9413,659.5176,647.2080,640.6301,594.3268,640.0219,686.9346,778.7162,769.7671,700.3533,768.4916,838.7611,727.5216,718.6041,639.4374,717.0817,796.7095,764.3314,754.5686,672.0762,752.8956,835.0812,943.6903,931.7133,826.1974,929.4787,1033.7400,981.6759,979.3147,825.2160,946.3887,1151.4518,1002.0306,1011.6499,812.9255,955.1124,1225.4191,1046.1498,1067.1633,807.9881,978.0063,1333.5214,1077.3835,1111.8362,787.4930,978.4167,1433.8366,1111.4437,1145.4725,802.9452,1002.6107,1499.6176,1150.1686,1183.5949,818.2289,1019.7457,1582.9452,1163.3438,1201.2026,804.4579,1005.6443,1662.7485,1174.3608,1219.8617,776.8565,981.0639,1765.0315,11.00000000000,38,049
05,091,00069166,05091,Miller,Miller County,06,H1,G4020,,45500,,A,1620239736.00000000000,31263840.00000000000,+33.3055048,-093.9015091,05091,2797.7941,2790.0241,2767.5214,2789.9656,2812.9816,2727.5045,2715.5603,2665.7495,2715.5326,2764.3931,2693.9705,2677.2776,2589.1846,2677.6229,2764.7247,3065.5051,3040.1908,2893.9631,3039.2565,3186.6142,2887.4416,2859.6283,2653.0759,2856.9730,3065.6877,2711.8422,2681.8602,2440.7783,2677.6431,2921.2901,2589.8974,2559.0591,2277.9437,2553.8453,2836.3030,2555.7563,2524.1035,2249.1509,2518.7123,2792.3856,2845.2619,2809.6825,2492.0335,2803.0549,3116.8299,2703.1109,2696.4795,2272.0541,2605.7846,3170.5689,2338.5643,2361.0304,1897.2550,2229.0861,2859.9166,2253.5921,2298.8343,1740.5067,2106.7681,2872.6384,2127.3854,2195.3506,1554.8616,1931.8862,2831.2265,1980.1343,2040.6548,1430.3363,1786.1054,2671.6906,1846.4027,1899.9251,1313.2876,1636.8555,2541.1420,1715.8401,1771.5247,1186.2391,1483.0527,2452.4118,1586.2212,1647.5197,1049.0227,1324.9367,2384.0363,11.00000000000,05,091
05,145,00069906,05145,White,White County,06,H1,G4020,340,42620,,A,2680832626.00000000000,18311035.00000000000,+35.2547221,-091.7531583,05145,4868.4073,4854.9111,4815.7669,4854.8084,4894.8382,5084.8068,5062.4007,4969.4687,5062.3589,5153.5375,4827.4597,4797.4825,4639.6120,4798.1088,4954.2115,5304.7143,5261.1565,5008.1050,5259.5224,5514.4458,5594.6721,5541.1050,5140.8965,5535.9723,5940.2529,3662.2370,3623.1819,3298.3964,3617.7596,3945.5055,3881.3731,3837.0970,3417.3180,3829.7231,4250.8741,5224.5344,5162.7837,4603.3517,5152.3674,5708.4295,5592.4520,5525.8597,4904.5602,5513.5235,6126.6332,5296.4297,5287.6935,4459.4871,5110.9928,6213.3918,5034.1583,5087.3843,4092.6849,4804.5835,6157.2490,5012.5529,5118.1257,3879.9760,4692.2014,6390.0646,4931.3000,5093.7588,3612.5979,4484.2950,6563.2449,4861.4162,5014.8436,3519.9743,4391.2191,6559.6852,4750.9523,4893.3883,3387.4619,4217.7559,6538.9548,4810.5079,4971.1209,3333.6828,4163.5051,6875.8662,4780.0086,4968.8470,3168.5277,3997.6945,7184.4443,11.00000000000,05,145
05,039,00066849,05039,Dallas,Dallas County,06,H1,G4020,,,,A,1728522942.00000000000,1864048.00000000000,+33.9678233,-092.6539989,05039,409.7695,408.6306,405.3344,408.6221,411.9938,391.0206,389.2663,382.1038,389.2653,396.2970,344.8240,342.6724,331.3938,342.7184,353.8721,334.1691,331.3259,315.3895,331.2298,347.3177,374.3229,370.5241,343.7440,370.1726,397.3031,333.0427,329.3205,299.6911,328.7949,358.7534,279.3796,276.0494,245.7220,275.4862,305.9596,243.7340,240.8219,214.6955,240.3295,266.3067,284.4269,280.8440,249.0663,280.1761,311.5711,244.1937,243.5416,205.1574,235.3359,286.4101,248.2303,250.6418,201.4338,236.6432,303.5743,238.0740,242.8812,183.9191,222.5981,303.4747,219.8633,226.9147,160.7402,199.6928,292.6070,214.3914,220.9737,154.9154,193.4214,289.2696,209.1891,215.2847,148.8451,185.4886,287.9025,202.0460,208.6352,139.7407,174.6748,288.7821,195.8991,203.5012,129.6113,163.6692,294.4316,11.00000000000,05,039
05,075,00066865,05075,Lawrence,Lawrence County,06,H1,G4020,,,,A,1521913098.00000000000,12244885.00000000000,+36.0410983,-091.1011529,05075,958.8325,956.1391,948.4115,956.1204,964.0331,933.7142,929.5951,912.5278,929.5878,946.3337,824.8820,819.7183,792.7344,819.8300,846.5172,874.3084,866.8813,825.1852,866.6290,908.7174,864.3466,855.8242,793.9903,855.0219,917.5745,755.9364,747.4952,680.2469,746.3038,814.2965,730.1156,721.3394,642.0258,719.8508,799.5701,744.6668,735.3260,655.1082,733.7310,813.6063,721.7612,712.7255,632.1377,711.0422,790.6489,662.9193,661.1576,556.9618,638.8833,777.5273,604.8233,610.6446,490.7065,576.5226,739.6625,570.5636,582.0328,440.6866,533.4093,727.2954,525.2358,542.0327,383.9126,476.9895,699.0105,493.1192,508.2127,356.2390,444.8274,665.3417,461.7080,475.1183,328.4448,409.3427,635.4354,433.3508,447.4441,299.6479,374.5955,619.3806,400.3330,415.8330,264.8063,334.4256,601.6887,11.00000000000,05,075
05,137,00069902,05137,Stone,Stone County,06,H1,G4020,,,,A,1570581314.00000000000,7838986.00000000000,+35.8569888,-092.1404941,05137,654.9661,653.1496,647.8829,653.1357,658.5218,613.6516,610.9585,599.7488,610.9527,621.9494,676.6242,672.3780,650.2421,672.4710,694.3649,659.2244,653.7332,622.2896,653.5355,685.2381,640.1502,633.8156,588.0199,633.2205,679.5566,710.5527,702.5346,639.2778,701.3988,765.3847,718.5910,710.2072,632.3441,708.7997,786.9784,686.4850,678.3801,604.8808,677.0133,750.0676,705.9839,697.5141,619.0243,695.9437,773.4106,573.6306,572.6850,482.9865,553.5476,672.9424,561.6806,567.5960,456.5960,536.0369,686.9844,560.4034,572.1821,433.7387,524.5575,714.4062,533.6953,551.2670,390.9592,485.3044,710.3134,520.6392,537.0646,376.9653,470.2751,702.5168,515.5264,530.9712,367.5549,457.6554,709.5418,496.6718,513.2617,344.2061,429.8794,709.9150,461.9182,480.1924,306.2378,386.3504,694.2735,11.00000000000,05,137
05,095,00069167,05095,Monroe,Monroe County,06,H1,G4020,,,,A,1572439014.00000000000,36715157.00000000000,+34.6795127,-091.2033140,05095,431.0984,429.9139,426.4531,429.9043,433.4404,391.9732,390.2565,383.0980,390.2525,397.2745,334.4589,332.3751,321.4361,332.4193,343.2368,321.1003,318.3842,303.0703,318.2908,333.7448,293.2537,290.3861,269.4076,290.1148,311.3285,340.2585,336.5778,306.3734,336.0641,366.5619,269.0655,266.0833,237.0514,265.5919,294.6902,217.0523,214.4908,191.2528,214.0589,237.1558,235.4533,232.6616,206.5146,232.1447,257.9448,224.1949,223.8530,188.8178,216.3800,263.0162,202.0023,204.0950,164.1489,192.7363,247.0608,195.8212,199.8940,151.4855,183.2414,249.6291,190.1149,196.3219,139.1791,172.8111,253.0258,184.8705,190.6456,133.7553,166.9141,249.4471,183.2257,188.6531,130.5261,162.5790,252.1767,175.6902,181.4934,121.6424,151.9816,251.1171,168.1641,174.7497,111.3678,140.5707,252.7503,11.00000000000,05,095
05,087,00069165,05087,Madison,Madison County,06,H1,G4020,,22220,,A,2160711386.00000000000,7316240.00000000000,+36.0125452,-093.7240531,05087,1019.8865,1017.0022,1008.7726,1016.9832,1025.4154,959.0499,954.8407,937.3214,954.8317,972.0181,945.5856,939.7186,908.7963,939.8407,970.4160,948.5329,940.6469,895.4034,940.3615,985.9727,941.1030,931.8531,864.5286,930.9807,999.0769,1035.2434,1023.8632,931.8661,1022.2656,1115.2190,946.2061,935.3084,832.8927,933.4871,1036.2716,928.1363,916.7877,817.0676,914.8598,1014.0780,972.6570,960.7456,852.3864,958.5319,1065.5235,910.4611,908.3452,765.4846,877.8252,1067.9387,841.9515,850.2403,683.4182,802.7872,1029.6862,820.5277,837.1997,634.0637,767.3205,1045.9452,772.4870,797.3565,564.9205,701.7369,1028.0795,745.4802,768.4515,538.8145,672.6696,1005.8538,726.2805,747.5157,516.8994,644.0866,999.5701,680.7357,702.9914,470.9134,588.5856,972.9718,628.4114,652.8369,415.8414,525.0716,944.4897,11.00000000000,05,087
05,089,00069898,05089,Marion,Marion County,06,H1,G4020,,,,A,1546245256.00000000000,112174577.00000000000,+36.2666562,-092.6785880,05089,940.1027,937.4633,929.8873,937.4449,945.2018,812.2332,808.6635,793.8236,808.6562,823.2147,687.6698,683.2957,660.7871,683.3970,705.6672,882.5812,875.1274,833.0349,874.8697,917.3436,906.2652,897.2195,832.3850,896.3741,962.0020,905.5718,895.2892,814.6359,893.8295,975.4345,711.7494,703.1981,625.8830,701.7480,779.4571,642.5538,634.4974,565.2826,633.1218,702.0401,711.9402,703.0834,623.6433,701.4345,779.8974,683.1920,681.5548,574.3153,658.6414,801.3481,620.5095,626.5954,503.6320,591.6171,758.8643,591.3341,603.3337,456.9270,552.9695,753.7850,570.8009,589.1676,417.4105,518.5104,759.6608,540.6881,557.3482,390.7946,487.8785,729.5340,513.0178,528.0258,365.1330,454.9695,706.0602,479.5417,495.2367,331.7634,414.6484,685.4075,452.6579,470.2741,299.5785,378.2471,680.3370,11.00000000000,05,089
40,119,01101847,40119,Payne,Payne County,06,H1,G4020,,44660,,A,1773371786.00000000000,31779003.00000000000,+36.0792254,-096.9752553,40119,3151.1125,3142.2756,3116.8873,3142.2137,3168.2056,3337.5629,3322.7949,3261.7650,3322.7716,3382.6588,3616.2690,3593.4914,3475.1677,3593.9976,3711.0387,4370.8027,4334.5966,4126.1100,4333.2721,4543.4082,3432.6919,3400.1024,3154.5532,3396.9639,3644.9108,2451.9547,2424.3620,2206.1186,2420.4569,2641.1895,1948.1821,1922.5064,1709.1069,1918.0229,2133.2491,6010.0372,5933.8268,5285.6742,5920.7856,6566.3839,6434.6745,6352.9485,5633.4207,6337.6991,7048.6835,6197.2382,6181.0005,5207.1214,5972.8260,7268.6961,7339.7649,7409.3628,5953.0807,6995.0138,8975.9210,7503.5229,7653.3377,5793.7216,7013.6245,9564.5898,7514.7167,7754.0882,5491.1391,6823.2540,10000.8829,7662.3502,7896.0210,5533.9473,6910.8723,10338.3580,7919.6548,8148.9242,5632.4726,7020.4759,10899.5308,8273.6887,8542.1525,5719.9027,7151.1447,11825.3945,8699.8524,9036.2761,5753.9102,7267.0750,13075.5954,11.00000000000,40,119
40,015,01101795,40015,Caddo,Caddo County,06,H1,G4020,,,,A,3310753325.00000000000,30820558.00000000000,+35.1679202,-098.3810447,40015,1541.9493,1537.6150,1525.1864,1537.5851,1550.3122,1419.8889,1413.5931,1387.6226,1413.5841,1439.0702,1371.4923,1362.8565,1317.9820,1363.0482,1407.4359,1464.5087,1452.3884,1382.5310,1451.9438,1522.3501,1412.7663,1399.0124,1297.9482,1397.7077,1499.8826,1564.9504,1547.4589,1408.2315,1544.9893,1685.7635,1680.2852,1659.3217,1476.1909,1655.7224,1840.0393,1754.2371,1731.4920,1541.8603,1727.5831,1916.5971,1776.2744,1753.3653,1554.4231,1749.0837,1945.7275,1826.8405,1821.4067,1533.8059,1759.8875,2142.5310,1489.7169,1503.1999,1207.1419,1418.9386,1821.6951,1481.7089,1510.6613,1142.9719,1384.1747,1888.6282,1478.0192,1524.5021,1078.9925,1341.2707,1966.9537,1438.3689,1481.6718,1037.8575,1296.5878,1940.6563,1419.6142,1460.1893,1008.7184,1257.7724,1953.7212,1383.0368,1427.4406,955.3070,1194.7986,1976.7099,1350.6373,1402.4502,892.5424,1127.6900,2029.9382,11.00000000000,40,015
40,041,01101808,40041,Delaware,Delaware County,06,H1,G4020,,,,A,1911868565.00000000000,140205197.00000000000,+36.3933694,-094.8082060,40041,2516.1264,2509.1165,2488.8679,2509.0648,2529.7817,2510.3538,2499.3201,2453.4543,2499.2974,2544.2940,2277.0498,2262.8816,2188.4105,2263.1802,2336.8211,2561.9047,2540.8313,2418.6222,2540.0449,2663.1707,2605.8400,2580.6333,2394.2234,2578.2329,2766.6325,2798.8955,2768.0514,2519.2855,2763.7180,3015.0961,2645.1280,2614.6679,2328.3676,2609.5777,2896.9075,2567.1812,2536.1657,2260.6780,2530.9098,2804.9136,2447.0574,2416.7921,2143.9049,2411.1614,2680.6592,2045.1117,2040.9224,1720.4743,1972.5003,2398.9804,2310.4543,2333.6479,1876.1969,2203.5422,2825.7020,2241.6282,2287.6232,1733.0051,2096.8335,2857.5082,2151.3570,2221.0632,1574.0514,1954.8780,2863.2152,2098.7095,2163.8161,1517.6493,1894.2856,2831.7640,2039.0328,2099.0741,1451.9362,1808.8104,2806.3274,1935.5540,1999.2391,1339.6773,1674.0489,2766.5049,1806.4034,1876.9862,1196.0196,1509.8022,2715.0106,11.00000000000,40,041
40,095,01101832,40095,Marshall,Marshall County,06,H1,G4020,,,,A,961092926.00000000000,144663348.00000000000,+34.0270068,-096.7705330,40095,957.7633,955.0786,947.3624,955.0596,962.9589,956.0217,951.8341,934.3744,951.8245,968.9512,1005.7791,999.6334,966.7610,999.7523,1032.2434,1106.7409,1097.6407,1044.8463,1097.3007,1150.4899,1134.7423,1123.9177,1042.7458,1122.8782,1204.8613,1267.8991,1253.8943,1141.1856,1251.9251,1365.8285,1247.4735,1232.6605,1097.2879,1230.1585,1366.1642,1228.3080,1213.5574,1081.8254,1211.0609,1342.0600,1455.7149,1438.2297,1276.3674,1434.9872,1594.7438,1339.4746,1337.1428,1127.5903,1292.4261,1571.3459,1439.4829,1454.3660,1169.6857,1373.4159,1760.5682,1509.5006,1540.9110,1167.7626,1412.5474,1924.2839,1530.6597,1580.6836,1120.6492,1391.4056,2037.1746,1588.2678,1637.9511,1149.2422,1434.0870,2143.0678,1651.4842,1700.5112,1176.6702,1465.5235,2272.9749,1693.0260,1749.1012,1172.4684,1464.7517,2419.8833,1731.3963,1799.3741,1146.9385,1447.5108,2602.2958,11.00000000000,40,095
38,043,01034206,38043,Kidder,Kidder County,06,H1,G4020,,,,A,3499563866.00000000000,211662138.00000000000,+46.9353854,-099.7427266,38043,142.8636,142.4591,141.3060,142.4564,143.6380,125.3994,124.8311,122.5311,124.8311,127.0899,123.7209,122.9383,118.8896,122.9560,126.9614,167.8375,166.3749,158.3724,166.3290,174.4193,160.6672,159.0383,147.5437,158.8875,170.5319,169.1318,167.2494,152.2068,166.9840,182.1910,139.4200,137.6885,122.4996,137.3916,152.6764,123.6013,122.0285,108.6937,121.7591,135.0427,136.5571,134.8238,119.5549,134.5004,149.5878,151.0867,150.6991,126.9629,145.6258,177.2105,131.4684,132.7100,106.6215,125.2870,160.7741,132.5216,135.1617,102.3141,123.8620,168.9220,130.2932,134.4363,95.1953,118.2954,173.3987,126.2349,130.0769,91.1569,113.8448,170.3206,124.6016,128.2005,88.6025,110.4442,171.4839,118.2649,122.0927,81.7438,102.2071,169.0326,117.4481,121.9798,77.6600,98.0933,176.5201,11.00000000000,38,043
40,055,01101815,40055,Greer,Greer County,06,H1,G4020,,,,A,1655842714.00000000000,11157422.00000000000,+34.9352633,-099.5529675,40055,346.9481,345.9350,343.1190,345.9300,348.8244,316.1318,314.6683,308.8543,314.6705,320.3848,327.5785,325.4546,314.7246,325.5075,336.1292,348.5770,345.5706,328.9489,345.4731,362.2665,321.9116,318.7322,295.7031,318.4332,341.7319,336.7320,332.8170,302.7764,332.2569,362.6835,432.0335,426.2508,378.8575,425.2365,473.0642,458.0863,451.7842,401.9424,450.6893,500.4625,459.5986,453.0301,400.9700,451.7898,503.3656,454.4283,452.6866,380.8337,437.2916,532.8620,404.2683,407.3484,326.5712,384.3355,494.2639,387.7737,394.7625,298.0940,361.5079,494.1961,375.4019,386.6251,273.0551,339.9379,499.5349,350.6812,360.6718,252.0559,315.3932,473.0906,328.2944,337.1282,232.3102,290.1703,451.7658,306.5011,315.8253,210.7961,264.1374,438.0316,286.7067,297.2377,188.6308,238.8065,430.8764,11.00000000000,40,055
40,029,01101802,40029,Coal,Coal County,06,H1,G4020,,,,A,1338199454.00000000000,12080937.00000000000,+34.5828612,-096.2880390,40029,273.1399,272.3729,270.1716,272.3675,274.6214,280.4284,279.2310,274.1255,279.2260,284.2299,273.2018,271.4919,262.5548,271.5289,280.3676,236.6208,234.6428,223.3569,234.5723,245.9536,225.9473,223.7563,207.5930,223.5480,239.8858,282.1438,278.9882,253.8858,278.5425,303.9245,247.1231,244.1886,217.3714,243.6930,270.6356,222.8229,220.0522,196.0708,219.5800,243.4527,236.4264,233.4982,207.1291,232.9533,258.9957,211.0560,210.5580,177.4352,203.4813,247.5594,190.8358,192.7276,154.9256,181.9752,233.3897,189.4556,193.3189,146.4262,177.1877,241.5050,187.9127,193.9691,137.4323,170.7107,250.0879,190.2742,196.1418,137.5331,171.6959,256.7316,191.1553,196.7492,136.0551,169.5282,263.0848,186.4837,192.5839,129.0101,161.2440,266.5404,186.8938,194.1539,123.6666,156.1547,280.8974,11.00000000000,40,029
40,133,01101854,40133,Seminole,Seminole County,06,H1,G4020,,,,A,1639041127.00000000000,19778817.00000000000,+35.1583657,-096.6028575,40133,1506.0095,1501.8143,1489.6949,1501.7834,1514.1829,1519.7757,1513.0337,1485.2345,1513.0243,1540.3054,1580.4988,1570.6857,1518.9996,1570.8907,1621.9979,1744.2658,1729.8054,1646.6047,1729.2776,1813.1405,1731.1606,1714.2020,1590.3594,1712.5993,1837.8411,1810.6086,1790.4022,1629.3363,1787.5507,1950.3953,1764.5971,1743.2245,1551.4074,1739.5903,1932.4411,1785.2142,1762.9549,1570.7654,1759.1586,1950.4928,1785.2774,1762.8188,1563.3856,1758.6326,1955.6582,1783.3898,1779.2365,1499.3973,1719.4525,2091.8511,1628.0661,1643.9703,1321.2965,1552.1798,1991.0650,1620.4759,1653.2821,1252.0148,1515.2452,2065.6427,1587.9057,1638.9137,1161.0430,1442.3314,2113.2857,1549.5906,1597.2394,1119.8323,1398.1154,2090.8064,1520.8805,1565.2631,1082.2725,1348.6524,2093.1605,1473.5026,1521.6128,1019.2137,1273.9569,2106.0646,1427.6719,1483.1209,944.6633,1192.8444,2145.7594,11.00000000000,40,133
40,099,01101837,40099,Murray,Murray County,06,H1,G4020,,,,A,1078621351.00000000000,22368128.00000000000,+34.4857664,-097.0715567,40099,765.3646,763.1972,757.0199,763.1831,769.5133,876.5788,872.6228,856.5542,872.6221,888.4007,863.9281,858.3484,830.0541,858.4853,886.4910,1072.5801,1063.2883,1012.1447,1062.9911,1114.6769,1022.5038,1012.0241,938.8696,1011.0600,1085.2090,1076.3934,1064.1383,968.2529,1062.3970,1159.4250,1094.6790,1081.3280,962.2608,1079.0526,1198.7915,1127.2486,1112.8209,991.1337,1110.3475,1231.5898,1242.7744,1226.9183,1087.8854,1223.9583,1361.3535,1067.9489,1064.9921,897.0401,1029.0807,1252.5511,1105.2157,1115.6170,896.2721,1053.2047,1351.5739,1118.6357,1140.8872,863.5906,1045.4963,1425.8924,1105.1425,1140.2584,807.3988,1003.3443,1470.7597,1096.8432,1130.1985,792.0062,989.1517,1479.8975,1103.9930,1135.8538,784.9881,978.5224,1519.3772,1082.6754,1117.6950,748.2966,935.6428,1547.4354,1053.1974,1093.8059,696.3523,879.6008,1582.9142,11.00000000000,40,099
40,067,01101821,40067,Jefferson,Jefferson County,06,H1,G4020,,,,A,1965365227.00000000000,39497502.00000000000,+34.1050923,-097.8388139,40067,360.0801,359.0651,356.1613,359.0583,362.0326,371.2461,369.5874,362.7907,369.5859,376.2577,371.3182,368.9854,356.8372,369.0367,381.0526,346.4746,343.5310,327.0075,343.4310,360.1101,372.9331,369.2377,342.5584,368.8908,395.8868,352.1458,348.1803,316.8350,347.6189,379.3226,341.0066,336.7362,299.5581,336.0021,373.4262,323.7354,319.6641,284.7811,318.9686,353.7054,345.2182,340.7813,302.1312,339.9524,378.1532,322.2991,321.3519,270.6213,310.5011,377.9974,283.1236,285.7523,229.5358,269.7551,346.2275,277.1070,282.5894,213.8755,258.9516,353.2167,258.8227,267.0216,189.0484,234.9501,344.4475,251.6957,259.3322,181.7134,226.9610,339.5946,243.1911,250.1987,172.9008,215.5384,334.6925,230.3700,237.8156,159.2111,199.0774,329.2606,224.2846,232.9315,148.2907,187.3150,337.0909,11.00000000000,40,067
40,141,01101858,40141,Tillman,Tillman County,06,H1,G4020,,,,A,2256226803.00000000000,20894357.00000000000,+34.3710852,-098.9317010,40141,399.2910,398.1612,394.9389,398.1538,401.4555,336.7683,335.2688,329.1060,335.2671,341.3159,351.9296,349.6561,338.1301,349.7120,361.1205,422.3577,418.7579,398.6160,418.6368,438.9722,333.1644,329.9284,306.0951,329.6210,353.7135,375.1622,370.8967,337.4804,370.2909,404.1034,325.9194,321.9933,286.5815,321.3269,356.9225,310.3250,306.4502,273.0370,305.7892,339.0552,306.9301,303.2179,269.0667,302.5290,336.2406,335.3371,334.7331,282.2555,323.5335,393.3811,338.8899,342.1876,275.0118,323.0777,414.4478,354.4979,361.6857,273.9122,331.4915,451.8846,372.2431,384.2240,272.2162,338.1463,495.4068,373.1393,384.6529,269.7228,336.7149,503.4669,382.5747,393.7913,272.3352,339.3174,526.5349,394.8280,407.7798,273.2075,341.4352,564.3284,405.9057,421.7338,268.6928,339.2188,610.0713,11.00000000000,40,141
40,091,01101836,40091,McIntosh,McIntosh County,06,H1,G4020,,,,A,1601896473.00000000000,242915467.00000000000,+35.3690916,-095.6717644,40091,1107.6565,1104.5486,1095.6234,1104.5268,1113.6647,1105.9791,1101.1480,1080.9565,1101.1360,1120.9405,982.3751,976.3603,944.2506,976.4778,1008.2168,1200.2910,1190.2074,1132.9601,1189.8533,1247.6012,1077.3345,1066.8354,989.7666,1065.8400,1143.7597,1132.1677,1119.5216,1018.8016,1117.7365,1219.5726,1014.1708,1002.1005,892.0237,1000.0602,1110.6608,969.4352,957.3456,852.9780,955.2837,1059.1873,984.9507,972.7628,862.9192,970.4952,1078.9756,932.7999,931.0400,785.0005,899.8675,1094.2403,912.3178,921.4156,740.7386,870.0260,1115.7613,868.4762,886.2430,671.3268,812.3114,1107.0808,833.2597,860.2101,609.5765,757.0995,1108.9711,797.0667,821.7553,576.3206,719.3802,1075.4692,768.4260,791.0235,547.1222,681.6274,1057.5848,730.4917,754.5054,505.5656,631.7709,1044.0970,696.8217,724.0325,461.3361,582.3872,1047.3168,11.00000000000,40,091
40,023,01101799,40023,Choctaw,Choctaw County,06,H1,G4020,,,,A,1995214679.00000000000,75667441.00000000000,+34.0276453,-095.5542077,40023,820.4317,818.1543,811.5562,818.1371,824.8855,824.6384,820.9435,805.8407,820.9409,835.7674,841.4305,836.2429,808.7332,836.3477,863.5445,936.3136,928.5002,883.8407,928.2203,973.2525,941.2643,932.1542,864.8204,931.2870,999.3414,899.7089,889.6590,809.6188,888.2403,969.1676,866.4654,856.4402,762.6196,854.7620,948.9354,901.9275,891.1443,794.4584,889.3210,985.4566,929.0037,917.7340,814.3359,915.6419,1017.7153,805.4917,804.1703,678.2208,777.2990,944.9468,756.1348,763.9608,614.4295,721.4413,924.7966,772.6852,788.7692,597.7657,723.0638,985.0058,757.9440,782.7204,554.9271,688.9962,1008.7579,745.8015,769.1435,539.6698,673.4185,1006.3195,728.1919,749.8287,518.8649,646.2203,1002.2284,718.6184,742.4383,497.6961,621.7486,1027.1401,690.6477,717.7884,457.5535,577.4370,1038.0478,11.00000000000,40,023
40,059,01101817,40059,Harper,Harper County,06,H1,G4020,,,,A,2691040791.00000000000,5259448.00000000000,+36.8004561,-099.6628420,40059,211.4472,210.8495,209.1435,210.8456,212.5935,218.6251,217.6277,213.6146,217.6283,221.5706,268.0929,266.3431,257.5593,266.3877,275.0843,301.7933,299.1977,284.8065,299.1127,313.6502,218.0021,215.7206,200.1230,215.5133,231.3400,270.3499,267.2220,243.1119,266.7752,291.1898,263.6694,260.4189,231.7127,259.8630,288.7424,282.0294,278.4863,248.1003,277.8811,308.1387,340.4922,336.3333,298.4106,335.5606,373.0028,319.3025,318.6334,268.5900,307.9472,374.5482,321.0094,324.1535,260.5374,306.0571,392.5841,353.7574,360.9311,273.3415,330.8001,450.9408,376.2247,388.3308,275.1231,341.7596,500.7055,397.9749,410.2450,287.6582,359.1136,536.9760,437.7703,450.5837,311.5883,388.2447,602.4985,462.7660,477.9168,320.1660,400.1489,661.4304,484.2739,503.1237,320.5083,404.6698,727.8555,11.00000000000,40,059
38,061,01035307,38061,Mountrail,Mountrail County,06,H1,G4020,,,,A,4727500245.00000000000,301140196.00000000000,+48.2102905,-102.3647561,38061,773.3250,771.1325,764.8897,771.1184,777.5165,983.0041,978.5540,960.5274,978.5541,996.2573,1134.8003,1127.5691,1090.4225,1127.7376,1164.4926,1487.8593,1475.0806,1404.1304,1474.6607,1546.3258,1796.4634,1778.4995,1649.9795,1776.8225,1906.9271,2110.9078,2086.9096,1898.8888,2083.5014,2273.7507,2317.8170,2289.4671,2037.2967,2284.6308,2538.2502,2460.8762,2429.6007,2164.1449,2424.2465,2688.6745,2818.2094,2782.3728,2467.2005,2775.6852,3087.1231,2991.9167,2984.2436,2514.2051,2883.7800,3509.2380,3218.3390,3248.8335,2610.2659,3067.1441,3935.7569,3412.8001,3480.9581,2635.1695,3190.0043,4350.2297,3560.4561,3673.9352,2601.8016,3232.9247,4738.4018,3749.7419,3864.1952,2708.3355,3382.1184,5059.3150,3920.6655,4034.2774,2788.5784,3475.6631,5395.8772,4030.9817,4161.8648,2786.9171,3484.1807,5761.3963,4112.2260,4271.2950,2719.8322,3435.0442,6180.5449,11.00000000000,38,061
38,045,01035621,38045,LaMoure,LaMoure County,06,H1,G4020,,,,A,2967978523.00000000000,12813384.00000000000,+46.4641952,-098.5260571,38045,186.9176,186.3761,184.8613,186.3732,187.9290,211.5057,210.5527,206.6763,210.5524,214.3586,189.3203,188.1259,181.9310,188.1526,194.2806,219.2125,217.3568,206.9022,217.2931,227.8439,219.4225,217.2423,201.5449,217.0380,232.9239,303.1267,299.8011,272.8673,299.3346,326.5461,270.0501,266.9282,237.6894,266.4058,295.7537,309.2562,305.4135,272.1319,304.7585,337.8886,321.1202,317.0672,281.1827,316.3114,351.7652,317.9511,317.1660,267.2393,306.4969,372.9342,316.1772,319.2519,256.5769,301.4223,386.6708,323.7112,330.2511,250.0825,302.6729,412.6375,327.7639,338.2828,239.6373,297.7032,436.2081,335.1220,345.4191,242.1672,302.3535,452.1673,343.5316,353.5508,244.4501,304.6219,472.7959,336.0906,347.0612,232.4670,290.5727,480.3712,330.0603,342.8789,218.3939,275.7705,496.0733,11.00000000000,38,045
40,053,01101814,40053,Grant,Grant County,06,H1,G4020,,,,A,2592244963.00000000000,7021928.00000000000,+36.7882544,-097.7881508,40053,216.8490,216.2419,214.4952,216.2375,218.0255,192.4496,191.6097,188.0966,191.6075,195.0532,186.9365,185.7798,179.6672,185.8035,191.8471,239.6940,237.7386,226.3038,237.6639,249.1789,275.7439,272.9784,253.2514,272.7207,292.6939,320.5686,317.0530,288.5702,316.5599,345.3359,281.9061,278.4254,247.7295,277.8298,308.7127,309.0204,305.1295,271.8278,304.4646,337.6279,373.7022,369.0195,327.2902,368.1471,409.3693,356.4956,355.6309,299.6640,343.6720,418.1480,328.4440,331.6202,266.5000,313.0942,401.6697,339.0969,345.9306,261.9390,317.0373,432.2476,342.7543,353.7357,250.5654,311.2955,456.1566,342.3177,352.8164,247.3332,308.8207,461.8744,345.7350,355.7987,245.9833,306.5506,475.8269,334.9557,345.8684,231.6451,289.5654,478.7476,332.6399,345.5382,220.0642,277.9006,499.9491,11.00000000000,40,053
40,043,01101809,40043,Dewey,Dewey County,06,H1,G4020,,,,A,2588632047.00000000000,22688140.00000000000,+35.9784330,-099.0140936,40043,288.3687,287.5525,285.2253,287.5472,289.9319,230.7458,229.7164,225.4927,229.7153,233.8611,292.9509,291.0477,281.4512,291.0954,300.5955,318.8822,316.1620,300.9549,316.0708,331.4248,333.3623,330.0424,306.1937,329.7317,353.8695,453.2633,448.2287,407.9209,447.5194,488.2640,457.4993,452.1991,402.6559,451.3114,501.0432,449.6512,444.3184,396.1545,443.4182,491.2968,493.9984,488.1380,433.2767,487.0528,541.1869,505.1055,504.2770,425.2971,487.4267,592.5547,458.6777,463.5253,372.8937,437.7580,561.0057,497.0810,507.5178,384.7094,465.2716,633.6811,529.2436,546.6250,387.6233,481.2015,704.3846,558.2245,575.7682,404.0623,504.1389,753.2259,588.8761,606.4336,419.7023,522.6634,810.4896,599.2673,619.1860,415.1337,518.5548,856.5523,604.6863,628.4901,400.6774,505.6168,908.8498,11.00000000000,40,043
40,109,01101842,40109,Oklahoma,Oklahoma County,06,H1,G4020,416,36420,,A,1835832315.00000000000,24744702.00000000000,+35.5546109,-097.4094007,40109,44815.0139,44690.0763,44329.3832,44689.1600,45058.2178,50215.7356,49993.5454,49075.3123,49993.1936,50894.2322,55711.5701,55362.8684,53540.4229,55370.4131,57172.8145,70388.6387,69796.7878,66439.6565,69776.0544,73162.7168,74264.7188,73537.6467,68224.9529,73468.9094,78841.4678,71734.5583,70941.5981,64564.4895,70830.0701,77274.9824,70430.4248,69602.1125,61965.4438,69462.6633,77132.4348,77259.2395,76314.4175,68013.4531,76153.9045,84413.1250,86399.2173,85339.1838,75712.0576,85142.1433,94648.1255,88350.3555,88168.4719,74324.1436,85212.3682,103637.5308,92743.2813,93670.0918,75304.5322,88446.4932,113425.0127,96207.4707,98176.6138,74369.5205,89986.9302,122639.5659,98136.2305,101310.3521,71792.2959,89166.6313,130607.8394,100668.3882,103785.3203,72786.3850,90855.1567,135830.1270,103069.8511,106098.5620,73382.0659,91424.5142,141854.8643,104753.6904,108193.7734,72492.6924,90592.5522,149724.9355,105708.4629,109832.0503,69977.3918,88343.3472,158878.6016,11.00000000000,40,109
40,079,01101827,40079,Le Flore,Le Flore County,06,H1,G4020,,22900,,A,4116045949.00000000000,50018542.00000000000,+34.8996421,-094.7034907,40079,2925.6104,2917.4134,2893.8457,2917.3554,2941.4814,2944.4055,2931.2883,2877.4017,2931.2738,2984.1638,2924.8974,2906.4001,2810.6836,2906.8181,3001.5069,3014.6068,2989.3101,2845.5284,2988.4186,3133.4479,2943.9725,2915.1670,2704.5636,2912.4428,3125.4132,2967.6413,2934.3153,2670.2101,2929.6021,3196.6956,2717.5041,2685.0351,2389.9820,2679.5392,2976.0375,2772.6228,2737.9839,2439.4331,2732.0739,3029.3136,2787.4927,2752.4377,2441.0575,2745.9038,3053.5229,2466.3041,2460.5190,2073.4877,2377.8321,2892.8745,2322.4327,2344.6457,1883.9955,2213.5865,2840.1728,2224.8721,2269.4217,1718.1222,2079.7731,2836.0152,2087.9309,2154.5009,1525.7945,1895.8884,2778.7067,1955.1730,2014.7804,1412.0464,1763.3989,2637.9981,1821.7506,1874.3920,1295.4619,1614.7899,2507.2008,1673.0426,1727.1618,1156.3389,1445.8402,2391.2299,1519.4992,1578.0442,1004.5851,1268.9903,2283.7445,11.00000000000,40,079
40,105,01101840,40105,Nowata,Nowata County,06,H1,G4020,,,,A,1465355090.00000000000,38869372.00000000000,+36.7896148,-095.6133123,40105,643.7522,641.9693,636.7942,641.9557,647.2474,652.9444,649.9740,637.9926,649.9751,661.7435,653.8905,649.6881,628.2767,649.7894,670.9797,728.6433,722.3811,687.6352,722.1758,757.2733,734.1682,726.8595,674.3372,726.1754,779.3334,876.6424,866.6599,788.5674,865.2413,944.2650,793.1607,783.6469,697.5005,782.0344,868.6148,756.6170,747.2604,665.8747,745.6672,826.6706,776.7829,767.1509,680.5041,765.3584,850.9335,712.8298,711.2484,599.4583,687.3710,836.1424,738.7793,745.9980,599.5773,704.3460,903.5002,748.0860,763.2351,577.9948,699.5120,953.5960,737.7860,761.4930,539.4658,670.1571,981.8931,737.8312,760.5274,533.2181,665.7176,995.5297,734.7194,756.1689,522.8485,651.5292,1011.1818,711.0549,734.2797,491.8482,614.7729,1016.3053,686.6873,713.3648,454.3812,573.7482,1032.0763,11.00000000000,40,105
40,139,01101857,40139,Texas,Texas County,06,H1,G4020,,25100,,A,5286842403.00000000000,19215744.00000000000,+36.7419638,-101.4884339,40139,1268.1006,1264.4545,1254.1913,1264.4336,1274.9666,1350.6806,1344.6235,1319.8839,1344.6197,1368.9074,1461.2363,1451.6797,1403.8001,1451.9251,1499.3320,1776.0688,1759.9965,1675.3396,1759.5510,1845.3381,1872.2862,1851.9948,1718.0255,1850.1876,1986.3779,1636.5464,1616.4164,1469.8119,1613.4842,1762.3518,1675.4909,1653.4959,1470.0341,1649.6595,1834.6637,1813.2212,1788.5857,1591.5751,1784.3151,1980.9747,1904.5839,1878.6542,1664.0946,1873.7811,2086.1116,1848.5222,1842.0773,1550.3061,1779.6046,2167.7299,1931.4837,1947.5693,1562.6678,1837.9673,2361.6812,1892.4210,1927.9286,1457.2164,1766.0010,2411.9556,1856.6949,1913.5832,1352.8613,1683.0247,2470.7639,1842.6481,1896.6347,1326.9977,1659.1248,2485.9791,1846.0487,1897.3499,1309.1650,1633.7364,2540.4775,1838.7688,1896.4153,1267.6372,1586.7618,2627.9688,1803.3194,1871.2142,1189.3993,1504.0726,2710.2166,11.00000000000,40,139
54,061,01550037,54061,Monongalia,Monongalia County,06,H1,G4020,,34060,,A,932556578.00000000000,15068012.00000000000,+39.6336448,-080.0590736,54061,5576.9489,5561.3488,5516.4353,5561.2368,5607.2066,6341.2242,6312.9408,6196.8713,6312.9123,6426.8404,7449.9750,7402.9758,7159.1995,7404.0273,7645.1709,9982.1177,9897.2212,9421.1754,9894.3466,10374.9064,12270.6857,12147.4252,11269.5646,12135.9500,13024.8366,8919.1662,8820.1893,8027.0768,8806.2496,9607.9269,4493.2623,4440.9931,3954.2445,4432.2267,4920.8976,8889.2692,8779.2959,7823.0801,8760.5693,9712.3051,9768.1875,9646.8032,8556.9675,9624.2078,10700.6123,10371.1349,10347.5563,8720.6374,10000.0238,12165.1015,12227.9870,12347.7650,9924.4896,11658.4330,14954.4322,12289.5308,12538.6924,9495.7939,11491.9283,15665.6754,12134.8919,12525.1076,8873.4752,11022.9147,16149.9198,12182.5860,12557.6158,8804.6394,10992.2554,16437.5592,12029.9441,12381.4167,8561.3422,10668.1690,16556.6293,11983.9758,12375.6694,8289.9835,10361.5928,17128.6221,12260.7015,12737.2943,8113.3916,10244.5219,18427.5887,11.00000000000,54,061
54,005,01550009,54005,Boone,Boone County,06,H1,G4020,,16620,,A,1298991045.00000000000,4282300.00000000000,+38.0228383,-081.7133139,54005,1464.4856,1460.4145,1448.6336,1460.3840,1472.4348,1587.9904,1580.9614,1551.9224,1580.9505,1609.4461,1375.6361,1367.0773,1322.0871,1367.2576,1411.7461,1069.8035,1060.8907,1009.8635,1060.5699,1112.0180,1043.2412,1032.9004,958.2678,1031.9300,1107.4497,1054.9205,1043.1521,949.3122,1041.4916,1136.3662,917.8910,906.9495,807.3094,905.0989,1005.2187,884.7269,873.7305,778.5153,871.8563,966.6387,862.2479,851.5499,755.3643,849.5589,944.5560,698.2583,696.6533,587.1035,673.2508,819.0366,633.3775,639.6450,514.1734,603.9555,774.6105,568.7808,580.3760,439.5931,531.9464,725.0424,499.9361,516.0747,365.6783,454.2029,665.3537,463.0303,477.3447,334.7472,417.8656,624.7568,429.1115,441.7069,305.4875,380.6105,590.5843,387.0953,399.8016,267.8712,334.7584,553.2767,350.8824,364.5699,232.2787,293.2416,527.3722,11.00000000000,54,005
54,051,01717539,54051,Marshall,Marshall County,06,H1,G4020,,48540,,A,791062651.00000000000,17412491.00000000000,+39.8547174,-080.6713780,54051,2074.6742,2068.8644,2052.1530,2068.8231,2085.9294,1964.4365,1955.6342,1919.6563,1955.6281,1990.9478,1857.8289,1846.0996,1785.3064,1846.3628,1906.5007,1818.1751,1802.7536,1716.0432,1802.2273,1889.7457,1998.1324,1977.9338,1834.9828,1976.0602,2120.8528,2228.4974,2203.1368,2004.6282,2199.5340,2400.4043,1821.4683,1799.5072,1601.5863,1795.7786,1994.7334,1684.2193,1662.9848,1481.4590,1659.3552,1840.1339,1660.4037,1639.5213,1454.0426,1635.6290,1818.8677,1574.9140,1570.5861,1322.9316,1517.6349,1847.1565,1454.0639,1467.7292,1179.1364,1385.6124,1778.1791,1379.1202,1406.5189,1064.6257,1288.9066,1757.9202,1282.6679,1323.3903,937.0369,1164.4741,1707.0133,1221.7724,1258.8996,882.1679,1101.7804,1648.4537,1149.2416,1182.3796,817.1118,1018.5922,1581.6485,1040.7355,1074.3765,719.2707,899.3710,1487.4904,953.1222,989.8554,630.1549,796.0003,1432.5040,11.00000000000,54,051
54,001,01696996,54001,Barbour,Barbour County,06,H1,G4020,,,,A,883338809.00000000000,4639186.00000000000,+39.1397543,-079.9969144,54001,976.5611,973.8542,966.0023,973.8335,981.8630,1033.1607,1028.5448,1009.6299,1028.5407,1047.1077,865.6921,860.3435,832.0383,860.4527,888.4374,959.7850,951.7214,905.9449,951.4383,997.6152,952.1569,942.9542,874.8415,942.0775,1010.9145,1123.7110,1111.0268,1010.9865,1109.2298,1210.4245,1297.2370,1282.1914,1141.6987,1279.6707,1420.7037,1402.6475,1386.1115,1235.9569,1383.3238,1532.5628,1440.2140,1423.1360,1263.1990,1419.9738,1577.7894,1326.8341,1324.8647,1117.5622,1280.6504,1556.5999,1473.0029,1488.5418,1197.4648,1405.7850,1801.6153,1505.1074,1536.7436,1164.9195,1408.8359,1918.7220,1520.0969,1570.0838,1113.4436,1382.1905,2023.1436,1576.7895,1626.4064,1141.4421,1424.0952,2127.6061,1627.7729,1676.3692,1160.2542,1444.8287,2240.3624,1652.6925,1707.6785,1144.9727,1430.1656,2362.2511,1629.1328,1693.3269,1079.6081,1362.2988,2448.6076,11.00000000000,54,001
32,001,00858638,32001,Churchill,Churchill County,06,H1,G4020,,21980,,A,12769826211.00000000000,242422024.00000000000,+39.5257006,-118.2704194,32001,1273.7742,1270.2289,1259.9799,1270.2026,1280.6876,1107.3638,1102.3853,1082.0959,1102.3829,1122.3036,1063.3691,1056.5961,1021.7883,1056.7537,1091.1940,1139.8679,1130.0516,1075.6969,1129.7317,1184.6430,1214.4512,1202.1827,1115.2982,1201.0443,1289.0452,1183.7383,1170.1149,1064.5872,1168.1722,1275.0079,1110.8647,1097.4064,976.6490,1095.1177,1216.5270,896.9075,885.6374,789.0022,883.7122,979.9399,884.1920,872.8952,773.9635,870.7860,968.5552,851.2373,849.1624,715.5172,820.6048,998.4479,575.9321,581.4695,467.2562,548.9759,704.3293,546.9633,557.9734,422.4854,511.3652,697.2139,522.7362,539.4907,382.1499,474.7666,695.6872,481.9664,496.7862,348.2988,434.8528,650.2998,435.2053,447.9374,309.7519,385.9621,598.9678,385.3070,397.9495,266.6248,333.2056,550.7203,324.7105,337.3978,214.9902,271.3944,488.0374,11.00000000000,32,001
54,095,01678706,54095,Tyler,Tyler County,06,H1,G4020,,,,A,663797222.00000000000,11403019.00000000000,+39.4659809,-080.8794934,54095,626.5447,624.7553,619.6907,624.7444,629.9388,605.6959,603.0300,591.9617,603.0248,613.8839,505.9640,502.7632,486.2054,502.8356,519.2157,487.0970,482.9776,459.7469,482.8357,506.2788,535.2451,529.7246,491.4301,529.2185,568.0462,588.9242,582.2602,529.8212,581.3153,634.3649,489.4528,483.6707,430.5798,482.6957,536.0251,430.3415,424.9424,378.5837,424.0204,470.1814,413.1301,407.9254,361.7678,406.9552,452.5569,400.0951,398.9937,336.0775,385.5414,469.2558,369.3779,372.8700,299.5739,352.0150,451.7167,333.6762,340.3255,257.6201,311.8746,425.3288,305.7962,315.5221,223.4253,277.6398,406.9644,287.1607,295.9009,207.3655,258.9761,387.4475,270.4433,278.2540,192.3075,239.7144,372.1997,238.7097,246.4353,164.9932,206.2973,341.1809,210.1239,218.2301,138.9373,175.4949,315.8082,11.00000000000,54,095
54,049,01718173,54049,Marion,Marion County,06,H1,G4020,242,21900,,A,799620921.00000000000,7207890.00000000000,+39.5058387,-080.2434018,54049,3525.3447,3515.4418,3487.0297,3515.3730,3544.4656,3470.9351,3455.5279,3392.0338,3455.5070,3517.8191,3307.4285,3286.5720,3178.3488,3287.0377,3394.0911,3416.1852,3386.9404,3224.0316,3385.9698,3550.4877,2847.4551,2818.8875,2615.1775,2816.2259,3022.4817,3536.7960,3497.2215,3182.5427,3491.6317,3809.8215,3013.3312,2977.1739,2649.8811,2971.0450,3299.9909,3569.8833,3524.9598,3140.2727,3517.2841,3900.3661,3784.3166,3736.6525,3313.8541,3727.7669,4145.4719,3760.5498,3751.5128,3161.2060,3625.3833,4410.9199,3609.4693,3644.1218,2928.2878,3440.4657,4414.1496,3494.8157,3564.9573,2699.1021,3267.1007,4454.8155,3380.8724,3488.8846,2471.0107,3070.1833,4499.4271,3335.4457,3437.4378,2409.4191,3008.6741,4500.3450,3334.5126,3431.2758,2371.9156,2956.2130,4589.1858,3198.0415,3301.9514,2211.1706,2764.3186,4570.8978,3095.2708,3215.0307,2047.2680,2585.5918,4652.0953,11.00000000000,54,049
32,510,00863219,32510,Carson City,Carson City,00,C7,G4020,,16180,,F,374672985.00000000000,32587486.00000000000,+39.1534468,-119.7434420,32510,3189.7106,3180.7260,3155.0064,3180.6651,3207.0075,2821.8375,2809.4435,2757.8913,2809.4174,2859.9914,2697.1490,2680.2962,2592.0722,2680.6581,2767.9080,2792.2795,2769.0297,2635.8439,2768.1918,2902.4718,2867.0822,2839.8382,2634.7481,2837.2158,3044.3174,2980.4059,2947.9037,2683.1926,2943.3543,3210.7268,2894.7112,2860.3481,2546.2293,2854.5445,3170.1290,2762.3825,2728.0727,2430.8037,2722.2257,3018.1370,2911.5562,2875.0254,2549.8635,2868.2181,3189.4370,2535.8641,2530.3118,2132.6813,2445.3863,2974.5617,2408.1724,2431.7291,1954.4663,2295.9642,2945.1115,2352.3090,2399.9568,1817.4902,2199.5869,2998.5235,2261.5499,2334.2150,1653.6277,2054.2402,3009.8157,2208.3231,2276.2482,1595.9097,1992.4819,2979.6123,2120.1222,2182.0018,1508.7159,1880.0472,2917.8869,1994.6290,2059.7564,1379.6780,1724.5138,2850.9062,1872.9361,1945.6822,1239.2929,1564.8750,2814.9818,11.00000000000,32,510
54,105,01678877,54105,Wirt,Wirt County,06,H1,G4020,,37620,,A,602195193.00000000000,5845667.00000000000,+39.0200337,-081.3829749,54105,384.5890,383.5205,380.4271,383.5125,386.6767,350.7301,349.2133,342.8180,349.2084,355.4791,348.7844,346.5594,335.1418,346.6114,357.9090,409.6170,406.1024,386.5692,405.9865,425.7154,378.9822,375.1617,348.0486,374.8068,402.2653,422.2497,417.4894,379.9012,416.8153,454.8352,377.8723,373.3075,332.2410,372.5320,413.8159,357.7284,353.0684,314.3789,352.2669,390.8360,417.4469,412.0631,365.3094,411.0569,457.2705,385.8209,384.7047,323.9897,371.7195,452.5011,368.2457,371.6716,298.5585,350.8665,450.3231,351.3421,358.2819,271.1517,328.3089,447.8396,335.9266,346.5480,245.3322,304.9172,447.0574,322.2486,331.9926,232.5924,290.5384,434.7836,311.3278,320.2540,221.2653,275.8705,428.4621,289.7210,299.0319,200.1355,250.2999,414.0853,270.0306,280.3842,178.4351,225.4507,405.8417,11.00000000000,54,105
54,063,01557702,54063,Monroe,Monroe County,06,H1,G4020,,,,A,1224422242.00000000000,2298838.00000000000,+37.5503532,-080.5478911,54063,924.4132,921.8082,914.3537,921.7906,929.4259,890.5505,886.6051,870.3181,886.5992,902.5819,843.0254,837.7293,810.1483,837.8457,865.1259,817.5756,810.6551,771.6635,810.4174,849.7676,883.0348,874.2311,811.0587,873.4078,937.3496,924.5734,914.1600,831.8609,912.6858,995.9268,832.5462,822.3359,731.7366,820.5926,911.7214,841.0516,830.3712,739.6541,828.5430,918.9066,894.1349,882.6663,782.5813,880.5241,979.4414,768.5459,766.6124,645.9017,740.8148,901.4414,710.7179,717.5506,576.6073,677.4524,869.1641,671.9608,685.4529,518.9761,628.1844,856.5441,627.8176,647.8755,458.8597,570.1240,835.5298,602.5631,620.9848,435.2660,543.5258,813.0070,569.0640,585.5665,404.7691,504.4899,783.1842,521.8194,538.7587,360.7658,451.0301,745.8251,485.6423,504.4146,321.1808,405.6527,729.9041,11.00000000000,54,063
32,023,00863599,32023,Nye,Nye County,06,H1,G4020,332,37220,,A,47090965923.00000000000,43209307.00000000000,+37.9663789,-116.4590468,32023,2338.3670,2331.8672,2313.0567,2331.8185,2351.0597,2060.6885,2051.5276,2013.8243,2051.5162,2088.5195,1929.4107,1917.1675,1854.0200,1917.4480,1979.9229,2163.6745,2145.0252,2041.8510,2144.4190,2248.6553,2347.3732,2323.2510,2155.3083,2321.0352,2491.2842,2574.7385,2544.2490,2314.2468,2539.8604,2773.0086,2175.2422,2147.6199,1910.1665,2142.8508,2381.9991,1729.2247,1706.2570,1518.8421,1702.2920,1889.2378,1551.8108,1531.0663,1356.5972,1527.1749,1699.7619,1306.8187,1302.4946,1096.4117,1258.3841,1532.5399,1131.1193,1140.7166,915.4430,1076.5761,1383.0812,1030.1145,1049.5883,793.4716,961.4828,1312.9340,919.2963,947.5394,669.9663,833.4035,1223.3441,816.5304,840.4679,588.0560,735.2244,1101.6102,710.6542,730.3400,503.8651,628.8424,977.9762,608.6931,627.5591,419.2457,524.9984,869.9292,540.6102,560.7215,356.1328,450.6023,812.4704,11.00000000000,32,023
54,043,01550028,54043,Lincoln,Lincoln County,06,H1,G4020,,16620,,A,1131924510.00000000000,4024203.00000000000,+38.1716505,-082.0775472,54043,1423.8974,1419.8677,1408.3766,1419.8413,1431.6161,1378.2974,1372.2088,1347.0108,1372.1985,1396.9233,1276.9068,1268.8931,1227.1185,1269.0685,1310.3864,1220.5795,1210.3537,1152.1374,1209.9916,1268.7075,1135.3263,1124.0308,1042.8098,1122.9732,1205.1748,1190.6951,1177.4201,1071.5069,1175.5473,1282.6257,998.9873,986.9742,878.4488,984.9363,1094.0184,960.2026,948.2254,844.8493,946.1825,1049.0998,1029.0886,1016.1032,901.1076,1013.6819,1127.2965,995.8911,993.5935,837.3414,960.2137,1168.1491,813.0043,820.8482,659.6414,774.9861,994.2584,748.0012,763.0464,577.7506,699.3042,953.4755,692.2129,714.3544,505.9699,628.6346,921.2325,638.1969,657.7297,461.0437,575.6958,861.0878,595.5547,612.8463,423.6481,528.0010,819.6442,538.6154,556.1195,372.4127,465.5721,769.8326,492.6855,511.7469,325.8689,411.5565,740.4909,11.00000000000,54,043
54,075,01550044,54075,Pocahontas,Pocahontas County,06,H1,G4020,,,,A,2435323587.00000000000,3978348.00000000000,+38.3325126,-080.0120922,54075,531.1959,529.6901,525.4019,529.6804,534.0751,464.1904,462.0810,453.5644,462.0816,470.4465,483.4727,480.3385,464.5021,480.4164,496.0928,469.9035,465.7440,443.3417,465.6198,488.2897,466.3890,461.6846,428.3183,461.2477,495.0402,470.9542,465.4682,423.4475,464.6827,507.2469,473.3879,467.6407,416.1714,466.6627,518.4138,432.3503,426.8472,380.2020,425.9049,472.3716,430.9655,425.5227,377.3601,424.5077,472.0928,434.8542,433.7036,365.3585,419.0936,510.0347,393.0396,396.7099,318.6844,374.5075,480.6455,382.9403,390.5287,295.5807,357.8663,488.1194,368.2494,379.9253,268.9937,334.2972,490.0762,360.3078,371.2431,260.1326,324.9039,486.1374,347.8339,357.8532,247.2920,308.2778,478.7070,333.3547,344.1220,230.3729,288.0645,476.4528,312.9598,325.0158,206.9031,261.3618,470.3655,11.00000000000,54,075
32,029,00858642,32029,Storey,Storey County,06,H1,G4020,456,39900,,A,680960552.00000000000,1872364.00000000000,+39.4383853,-119.5246462,32029,221.0928,220.4787,218.7003,220.4741,222.2930,219.4988,218.5048,214.4794,218.5049,222.4581,194.9998,193.7230,187.3332,193.7559,200.0828,214.1697,212.3139,202.1017,212.2546,222.5752,217.4549,215.1629,199.6042,214.9555,230.7486,252.3667,249.4810,226.9933,249.0704,271.8303,178.6303,176.3952,156.9215,176.0110,195.6130,136.0189,134.3751,119.7782,134.0965,148.6149,109.6458,108.3960,96.2658,108.1657,120.1258,88.7774,88.7085,74.8883,85.7649,104.1660,121.8830,123.2304,99.1917,116.3984,149.0840,131.0221,133.8335,101.5088,122.7138,167.0349,135.0693,139.5655,99.0293,122.8840,179.7727,142.9347,147.4835,103.5591,129.1581,192.8703,151.1288,155.6877,107.8049,134.2032,208.0078,154.9884,160.1879,107.4507,134.1738,221.5333,158.4539,164.7332,105.0691,132.5446,238.1605,11.00000000000,32,029
54,033,01718426,54033,Harrison,Harrison County,06,H1,G4020,242,17220,,A,1077454759.00000000000,1320333.00000000000,+39.2791993,-080.3864869,54033,4250.2206,4238.3735,4204.1667,4238.2866,4273.2863,4331.3613,4312.1892,4232.9834,4312.1594,4389.8830,4068.1800,4042.5228,3909.4062,4043.0961,4174.7741,4546.9915,4508.6429,4291.7828,4507.3115,4726.1185,4376.9521,4333.8063,4020.6865,4329.7439,4646.4989,4698.0911,4645.3075,4227.1872,4637.8413,5060.7011,4055.1194,4007.0172,3567.0052,3998.8953,4440.9487,3979.1451,3929.5677,3501.2208,3921.1135,4347.5444,4213.6579,4161.2032,3691.0003,4151.4370,4615.8622,3959.0959,3950.0661,3328.9803,3817.3917,4643.9212,3668.0176,3704.2527,2977.5747,3497.5517,4485.9163,3518.2519,3589.8875,2718.9945,3290.2985,4484.8132,3357.5206,3465.7854,2455.6529,3050.2299,4468.4375,3207.7995,3306.8372,2318.8498,2894.7403,4328.2035,3062.7368,3152.4962,2180.1408,2716.3903,4215.2205,2860.6904,2954.4471,1979.3514,2473.7325,4088.7850,2675.3668,2779.5880,1770.7982,2235.6997,4021.0366,11.00000000000,54,033
54,069,01717163,54069,Ohio,Ohio County,06,H1,G4020,,48540,,A,274072974.00000000000,8297885.00000000000,+40.0989316,-080.6207278,54069,2350.3956,2343.8417,2324.9238,2343.7937,2363.1505,2369.6636,2359.1539,2315.8101,2359.1390,2401.6746,2331.9462,2317.1941,2240.8810,2317.5281,2393.0224,2528.9518,2507.2961,2386.6974,2506.5782,2628.3702,2581.1131,2555.4893,2370.8379,2553.0868,2739.9474,1732.8244,1713.1628,1558.8393,1710.3724,1866.5118,1561.3463,1542.3162,1372.4997,1539.0735,1709.8439,2049.4556,2023.8903,1803.2435,2019.5298,2239.1975,2152.7278,2125.5266,1884.9358,2120.4539,2358.1623,2073.0875,2067.9848,1742.4682,1998.4245,2431.5892,1909.0140,1927.2862,1548.6470,1819.5606,2334.5927,1816.0981,1852.4886,1402.4986,1697.6908,2314.9595,1699.3092,1753.5328,1241.8773,1543.0664,2261.5164,1597.7507,1646.5333,1154.0364,1441.1261,2155.7562,1475.9066,1518.6469,1049.6913,1308.3530,2031.2373,1426.6336,1472.9078,986.2536,1233.0517,2039.0538,1369.8872,1422.8156,905.9357,1144.2252,2058.8931,11.00000000000,54,069
54,067,01550040,54067,Nicholas,Nicholas County,06,H1,G4020,,,,A,1675266140.00000000000,19638976.00000000000,+38.2914157,-080.7975160,54067,1602.6771,1598.2124,1585.3150,1598.1795,1611.3750,1582.0372,1575.0173,1546.0784,1575.0076,1603.4075,1372.8658,1364.2442,1319.3292,1364.4334,1408.8582,1380.0461,1368.2975,1302.4838,1367.9009,1434.3426,1432.8558,1418.6554,1316.1501,1417.3227,1521.0455,1510.1645,1493.1353,1358.6997,1490.7236,1626.7045,1208.9390,1194.3122,1062.9090,1191.8259,1323.9320,1133.9908,1119.6618,997.4117,1117.2115,1238.9669,1250.9584,1235.1676,1095.3739,1232.2231,1370.3391,1073.8239,1071.2435,902.6816,1035.2273,1259.5369,964.8574,974.1530,782.8257,919.7213,1179.9640,901.8101,919.9426,696.5403,843.0916,1149.5345,833.3088,859.9615,609.1000,756.7687,1109.0099,781.1251,805.0364,564.3045,704.6317,1053.9342,724.1261,745.1585,515.1212,641.9985,996.5938,653.8688,675.1301,452.1224,565.2102,934.5628,599.2798,622.4781,396.3948,500.6141,900.6996,11.00000000000,54,067
54,023,01697238,54023,Grant,Grant County,06,H1,G4020,,,,A,1236391168.00000000000,7545463.00000000000,+39.1059882,-079.1950640,54023,815.3442,813.0830,806.5268,813.0658,819.7706,696.5981,693.5129,680.7735,693.5082,706.0094,618.8462,615.0273,594.7940,615.1048,635.1084,581.6525,576.7549,549.0138,576.5841,604.5716,609.6378,603.6360,560.0237,603.0705,647.1863,671.1710,663.6439,603.9186,662.5799,722.9775,605.6314,598.2633,532.4036,597.0085,663.2338,513.3631,506.9199,451.6154,505.8195,560.8889,505.0308,498.6402,442.1891,497.4483,553.2248,445.5903,444.3801,374.3226,429.4019,522.6193,405.8694,409.7539,329.2524,386.8506,496.3503,373.0084,380.4904,288.0728,348.6985,475.4705,334.8977,345.6003,244.7755,304.1260,445.6982,313.8455,323.4504,226.7259,283.1085,423.4563,288.7860,297.1786,205.4419,256.0391,397.4482,256.5167,264.8698,177.3918,221.7506,366.6356,229.8250,238.7376,152.0467,192.0061,345.4211,11.00000000000,54,023
54,015,01550014,54015,Clay,Clay County,06,H1,G4020,,16620,,A,885522451.00000000000,4957435.00000000000,+38.4598259,-081.0818663,54015,550.6689,549.1237,544.6864,549.1129,553.6559,492.4377,490.2900,481.3014,490.2844,499.1003,451.0537,448.2836,433.5389,448.3385,462.9141,385.4754,382.2591,363.8730,382.1439,400.6832,346.2996,342.8474,318.0731,342.5246,367.6005,344.1288,340.2535,309.6218,339.7049,370.6869,298.3789,294.8298,262.4458,294.2300,326.7674,281.7596,278.2042,247.8335,277.5965,307.8429,281.0395,277.4491,246.0041,276.7788,307.8542,236.3455,235.6800,198.5020,227.7299,277.1967,189.0059,190.7873,153.2784,180.1146,231.1368,168.2072,171.5584,129.8659,157.2161,214.4094,146.3841,151.0447,106.9616,132.9118,194.8135,132.5511,136.5945,95.7338,119.5527,178.8435,121.7723,125.3009,86.6105,107.9508,167.5910,110.2557,113.8385,76.2330,95.3031,157.5864,99.7698,103.6341,65.9968,83.3463,149.9511,11.00000000000,54,015
54,059,01550036,54059,Mingo,Mingo County,06,H1,G4020,,,,A,1095846454.00000000000,2224025.00000000000,+37.7211509,-082.1589931,54059,1574.7506,1570.3368,1557.6502,1570.3057,1583.2931,1513.2424,1506.5614,1478.8982,1506.5498,1533.6930,1407.9966,1399.1518,1353.0870,1399.3462,1444.9086,1301.4006,1290.5361,1228.4633,1290.1475,1352.7398,1206.2907,1194.4253,1108.1297,1193.3067,1280.5948,1116.5901,1104.1658,1004.8579,1102.4144,1202.8063,953.8716,942.5462,839.0355,940.6333,1044.6277,899.9258,888.7971,791.9965,886.9022,983.2481,871.4510,860.6001,763.3524,858.5798,954.6329,851.3232,849.2093,715.5197,820.6397,998.5392,673.7330,680.1925,546.5705,642.1765,823.9309,608.6217,620.7919,469.9696,568.9086,775.8001,544.8480,562.1812,398.0923,494.6863,725.1034,489.0451,503.9082,353.1132,441.0178,659.8352,438.1107,450.7178,311.4521,388.2723,602.9496,388.9086,401.4261,268.6867,336.0153,555.8510,342.2404,355.3638,226.1530,285.7405,514.3693,11.00000000000,54,059
54,009,01558262,54009,Brooke,Brooke County,06,H1,G4020,,44600,,A,231038789.00000000000,8720599.00000000000,+40.2726454,-080.5786912,54009,1455.6336,1451.5835,1439.8719,1451.5534,1463.5343,1408.6559,1402.4308,1376.6763,1402.4203,1427.6914,1299.3919,1291.2838,1248.7827,1291.4570,1333.4872,1155.9354,1146.1470,1091.0186,1145.8112,1201.4478,1233.8943,1221.6797,1133.4082,1220.5326,1309.8475,1052.7200,1041.0468,947.4414,1039.4032,1134.0164,1008.7267,996.7013,887.1998,994.6673,1104.6964,1152.0985,1137.6087,1013.4670,1135.1332,1258.7548,1119.8731,1105.7809,980.6761,1103.1541,1226.7495,926.8844,924.6308,779.1136,893.5367,1087.1785,1023.3735,1033.1394,830.1385,975.3830,1251.5106,950.5587,969.5744,734.0228,888.5440,1211.6626,860.5732,887.9995,628.8601,781.4054,1145.2861,825.9607,851.1488,596.5296,744.9549,1114.4201,780.5955,803.1755,555.1296,691.9459,1074.3036,731.7304,755.4381,505.8093,632.4076,1045.8431,684.4825,710.9030,452.6169,571.6957,1028.7519,11.00000000000,54,009
54,029,01560574,54029,Hancock,Hancock County,06,H1,G4020,,44600,,A,213957204.00000000000,13879374.00000000000,+40.5169313,-080.5700565,54029,1906.9576,1901.6091,1886.2445,1901.5716,1917.3019,1892.0998,1883.6808,1849.0582,1883.6708,1917.6518,1676.8619,1666.3519,1611.4953,1666.5807,1720.8358,1677.2940,1663.1097,1583.1161,1662.6211,1743.3458,1656.8094,1640.2870,1521.7587,1638.7421,1758.7156,1938.1958,1916.1163,1743.4544,1912.9784,2087.7021,1763.0751,1741.8593,1550.3157,1738.2595,1930.7903,1687.9704,1666.6768,1484.7362,1663.0366,1844.2316,1642.8979,1622.3442,1438.9200,1618.5153,1799.7044,1486.8583,1483.1091,1249.5707,1433.1980,1743.9611,1524.6426,1539.3111,1236.9658,1453.2946,1864.5453,1444.3108,1473.3224,1115.5064,1350.2327,1841.0550,1354.0221,1397.2939,989.6502,1229.6096,1801.9988,1310.8138,1350.9035,946.9024,1182.4034,1768.6141,1262.7602,1299.4001,898.2239,1119.4957,1737.8974,1178.5073,1216.7884,814.8177,1018.6631,1684.4165,1093.7279,1136.0266,723.3775,913.6072,1643.8378,11.00000000000,54,029
54,053,01560254,54053,Mason,Mason County,06,H1,G4020,,38580,,A,1115632960.00000000000,36174753.00000000000,+38.7592882,-082.0241715,54053,1590.4482,1586.0127,1573.2111,1585.9802,1599.0790,1700.2501,1692.7050,1661.6033,1692.6947,1723.2171,1617.8239,1607.7048,1554.7836,1607.9231,1660.2613,1508.1455,1495.5762,1423.6413,1495.1244,1567.6542,1469.2393,1454.5098,1349.3990,1453.1368,1559.5573,1636.9936,1618.8502,1473.2974,1616.2960,1763.4130,1515.3086,1497.5743,1333.3396,1494.5938,1659.5121,1475.1772,1457.2832,1298.9161,1454.2484,1611.7810,1511.7066,1493.3994,1325.1748,1490.0014,1656.0649,1323.8102,1320.9945,1113.4838,1276.6801,1552.8459,1263.2875,1276.0717,1026.0284,1204.9598,1545.0263,1215.1304,1240.1690,939.6039,1136.7741,1548.9963,1136.5208,1173.4477,831.7167,1032.8532,1512.5909,1097.1952,1131.3312,793.5900,990.4487,1480.4413,1070.4364,1102.0520,762.3942,949.6973,1473.2528,998.0571,1030.9816,690.9483,863.3208,1426.5381,923.5304,959.6888,611.5990,771.9811,1388.0637,11.00000000000,54,053
54,055,01557645,54055,Mercer,Mercer County,06,H1,G4020,,14140,,A,1085187156.00000000000,4482333.00000000000,+37.4034477,-081.1064560,54055,3562.3898,3552.4899,3523.8342,3552.4156,3581.7267,3662.9004,3646.8272,3579.9173,3646.7922,3712.4305,3445.3373,3423.9058,3311.2270,3424.3570,3535.7789,3272.9163,3245.5961,3089.4880,3244.6185,3402.0324,3642.9012,3607.4273,3346.8272,3604.0629,3867.5300,3100.7797,3066.6923,2791.1403,3061.9071,3340.3237,2705.3774,2673.4261,2379.9811,2668.0392,2962.8000,2777.9597,2744.0162,2445.5695,2738.2506,3035.1891,3013.5213,2976.3626,2640.4081,2969.4517,3301.2126,2904.0608,2897.9978,2442.8694,2800.8113,3406.5271,2574.4113,2600.1263,2090.3175,2455.1241,3148.5024,2418.5842,2468.0913,1869.6021,2262.2099,3083.0679,2264.1903,2337.4467,1656.4255,2057.2738,3013.3743,2156.9662,2223.7918,1559.6243,1946.7554,2910.3611,2005.5433,2064.5217,1427.9551,1779.0049,2760.2296,1871.0500,1932.5427,1294.9075,1618.1720,2674.3038,1758.3248,1826.9662,1164.0749,1469.5408,2642.7450,11.00000000000,54,055
32,027,00858646,32027,Pershing,Pershing County,06,H1,G4020,,,,A,15634626982.00000000000,79934443.00000000000,+40.4396390,-118.4094765,32027,459.3687,457.9990,454.2560,457.9936,461.8490,376.6067,374.8158,367.8652,374.8218,381.6597,363.6846,361.1934,349.2550,361.2675,373.1029,399.5557,395.9253,376.8810,395.8261,415.1296,415.9677,411.4352,381.6707,411.0327,441.2995,549.3945,542.6031,493.3690,541.6124,591.6180,663.4329,654.4024,581.5071,652.8105,726.4225,593.5933,585.1545,520.3262,583.6800,648.4889,593.1416,584.6193,517.3912,583.0093,649.6202,561.6340,559.0466,469.8947,539.9170,658.4658,503.5107,507.2043,406.4902,478.5060,615.5759,493.9516,502.7285,379.4965,460.3358,629.4989,475.7602,489.8518,345.8266,430.6500,633.0666,459.3617,472.3519,330.0043,413.0146,619.6986,446.1411,458.0899,315.6039,394.2607,613.9301,418.5186,431.2112,287.7665,360.6229,598.1169,387.9723,402.1841,255.1865,323.1060,583.0607,11.00000000000,32,027
54,021,01689673,54021,Gilmer,Gilmer County,06,H1,G4020,,,,A,876717515.00000000000,4082546.00000000000,+38.9158652,-080.8494093,54021,384.8440,383.7517,380.6443,383.7447,386.9297,346.4783,344.9710,338.6486,344.9668,351.1672,312.6354,310.7249,300.5069,310.7619,320.8615,282.1781,279.9810,266.5149,279.8859,293.4112,220.6652,218.7366,202.9545,218.5411,234.4170,183.6487,181.9374,165.7859,181.7125,197.9256,190.5794,188.5217,168.0011,188.1860,208.7357,280.3567,277.0010,246.9435,276.4334,306.3208,340.4798,336.4385,298.6243,335.6901,373.0034,284.1736,283.6371,239.1464,274.1404,333.3557,294.4312,297.5271,239.3377,280.9828,360.1142,283.6968,289.6650,219.5839,265.5571,361.6594,265.1399,273.8809,194.2480,241.1136,352.8848,256.7220,264.8332,185.8986,231.9033,346.4051,252.8373,260.4266,180.2906,224.4730,347.9924,245.9772,254.2082,170.4946,212.9167,351.5871,240.5979,250.1246,159.5240,201.2474,361.6245,11.00000000000,54,021
54,031,01718557,54031,Hardy,Hardy County,06,H1,G4020,,,,A,1508182025.00000000000,5624848.00000000000,+39.0108182,-078.8436412,54031,917.7730,915.2014,907.8081,915.1833,922.7517,832.9499,829.2535,814.0168,829.2484,844.2013,782.1613,777.3138,751.7369,777.4142,802.7034,748.5976,742.3572,706.6509,742.1330,778.1350,793.4525,785.6795,728.9180,784.9449,842.3478,757.1078,748.7076,681.3848,747.5246,815.5741,673.1351,665.2077,592.2121,663.8724,737.1879,644.7482,636.7672,567.4079,635.4080,704.4436,644.1297,636.2204,564.4418,634.7501,705.6268,605.7214,604.5115,509.6259,584.2536,710.5378,557.8330,563.4463,453.0101,532.0372,682.2359,538.3761,549.4300,416.2316,503.6095,686.2940,507.5355,523.9828,371.3454,461.1866,675.4731,485.0521,500.0988,350.7569,437.8050,654.4750,465.2095,478.9017,331.2512,412.6758,640.2688,441.9385,456.4680,305.8635,382.2155,631.6660,418.3147,434.6445,276.9389,349.6110,628.7228,11.00000000000,54,031
54,037,01550025,54037,Jefferson,Jefferson County,06,H1,G4020,548,47900,47894,A,542951079.00000000000,5274680.00000000000,+39.3073985,-077.8632200,54037,4379.2825,4367.0723,4331.8248,4366.9827,4403.0480,4159.2142,4140.8008,4064.7416,4140.7726,4215.4093,3973.4596,3948.5463,3818.5574,3949.0894,4077.6540,4540.9252,4502.9160,4286.3322,4501.5667,4719.9973,4754.5914,4707.8538,4367.7202,4703.4460,5047.4805,3883.0902,3840.1355,3494.9170,3834.0924,4182.9921,3666.8066,3623.4770,3225.7300,3616.1704,4015.7085,4564.2614,4507.8102,4016.8475,4498.1979,4986.8563,4591.2643,4534.2985,4022.1314,4523.6963,5029.5352,4323.0936,4313.4456,3635.4268,4168.6233,5070.9329,4331.8910,4374.5887,3516.3172,4130.4526,5297.8054,4233.7146,4319.8141,3271.7406,3959.2746,5396.8208,4090.5212,4222.3148,2991.5779,3716.0098,5443.9597,3985.3356,4108.2667,2880.7203,3596.2514,5377.3033,3857.2039,3970.1327,2745.4648,3420.8711,5308.6299,3762.1937,3885.3768,2602.9023,3253.1418,5377.2953,3655.1263,3797.3967,2419.0805,3054.3016,5493.5934,11.00000000000,54,037
54,065,01557950,54065,Morgan,Morgan County,06,H1,G4020,,25180,,A,593295447.00000000000,1401528.00000000000,+39.5548351,-078.2573143,54065,1290.5473,1286.9293,1276.5320,1286.9038,1297.5480,1166.9703,1161.7568,1140.3922,1161.7521,1182.7238,990.0237,983.8970,951.5247,984.0230,1016.0300,1001.7229,993.1123,945.3444,992.8301,1041.0818,1090.0256,1079.1619,1001.1814,1078.1457,1157.0746,1124.2524,1111.5467,1011.4497,1109.7458,1211.0031,1077.0978,1064.2628,947.3436,1062.0922,1179.5729,974.0757,961.8392,856.8927,959.7491,1064.2522,915.4111,903.9603,801.7590,901.8272,1002.7828,806.8085,804.8691,678.2211,777.8085,946.3422,863.0692,871.4743,700.3991,822.8078,1055.4977,815.7724,832.2628,630.2402,762.7665,1039.8732,757.3967,781.7044,553.7549,687.9334,1007.9896,743.1242,765.9547,536.9940,670.4570,1002.6688,708.8324,729.4987,504.3784,628.5384,975.5518,662.5139,684.1280,458.2270,572.7730,946.9242,613.2000,637.0000,405.7146,512.3197,921.6250,11.00000000000,54,065
32,007,00857664,32007,Elko,Elko County,06,H1,G4020,,21220,,A,44469662857.00000000000,85758966.00000000000,+41.1411327,-115.3514239,32007,3185.9442,3176.9531,3151.2552,3176.8930,3203.2182,3088.1286,3074.3467,3017.8172,3074.3332,3129.8207,3466.8934,3444.8432,3331.3659,3445.3533,3557.6286,4194.2319,4158.3570,3958.3439,4157.1633,4359.1419,4828.5461,4779.9145,4434.4721,4775.3939,5125.2218,5028.4341,4971.5913,4523.8808,4963.5343,5416.4396,4771.3245,4714.1584,4195.9881,4704.4731,5225.2328,4782.7630,4723.2488,4208.4618,4713.1027,5225.5675,5527.0042,5458.3627,4841.7520,5445.5863,6054.5905,4726.3985,4715.9320,3974.7257,4557.6183,5544.0241,4324.0584,4366.9481,3510.4311,4123.3218,5288.2701,4501.1621,4592.9630,3478.8790,4209.7159,5737.7744,4501.1391,4646.4160,3292.3149,4089.3511,5990.4623,4484.2051,4622.7672,3241.7378,4046.7260,6050.4358,4434.1255,4564.1759,3156.5077,3932.8232,6102.6598,4298.3776,4439.3324,2974.2470,3717.0467,6143.6769,4135.1647,4296.3147,2737.1327,3455.6710,6215.0950,11.00000000000,32,007
20,077,00485004,20077,Harper,Harper County,06,H1,G4020,,,,A,2075276375.00000000000,3913474.00000000000,+37.1881840,-098.0665900,20077,296.2495,295.4100,293.0187,295.4046,297.8552,266.0197,264.8091,259.9275,264.8096,269.6045,274.8385,273.0806,264.0828,273.1222,282.0260,304.4096,301.7867,287.2709,301.7013,316.3662,310.4698,307.3406,285.1290,307.0499,329.5442,323.6641,319.9429,291.0910,319.4124,348.6206,273.1057,269.7802,240.0790,269.2138,299.0808,270.6313,267.1474,237.9146,266.5494,295.6805,337.4154,332.9905,295.1332,332.1620,369.5953,321.2531,320.3624,269.8391,309.5594,376.7836,253.6867,255.9802,205.5619,241.6305,310.2195,253.4982,258.4476,195.5384,236.8066,323.1155,248.9017,256.7219,181.6916,225.8633,331.2387,239.3696,246.5715,172.7098,215.7690,322.9586,230.2708,236.8469,163.6113,204.0121,316.9060,219.2721,226.3058,151.4470,189.4202,313.3949,210.8954,218.9809,139.3575,176.0774,316.9647,11.00000000000,20,077
20,037,00484988,20037,Crawford,Crawford County,06,H1,G4020,,38260,,A,1527461827.00000000000,13611094.00000000000,+37.5056283,-094.8539407,20037,1993.5731,1987.9898,1971.9315,1987.9502,2004.3883,2006.2893,1997.4321,1960.7558,1997.4166,2033.4033,2049.8563,2036.9296,1969.8558,2037.2184,2103.5672,2359.5733,2339.8617,2227.3179,2339.1580,2452.6483,1834.2953,1815.7472,1684.5174,1814.0271,1946.9496,1800.2588,1780.0853,1619.8950,1777.2345,1939.2224,1388.1782,1371.4777,1220.6667,1368.6442,1520.2312,2066.6870,2040.8155,1818.2322,2036.3996,2258.0189,2113.2792,2086.8964,1851.0067,2081.9829,2314.9879,1957.6023,1953.3360,1646.3945,1887.7810,2296.2670,2096.8576,2117.5986,1702.2061,1999.4427,2564.4217,2027.8743,2069.1888,1567.2360,1896.5160,2584.9904,1941.5417,2004.1707,1420.0613,1763.8748,2583.9499,1864.8594,1922.4553,1348.1019,1682.8877,2516.2098,1877.7992,1932.8439,1336.6906,1665.4655,2584.4013,1854.4775,1915.2597,1283.1444,1603.6313,2650.6051,1857.9141,1930.2848,1229.7241,1552.5792,2792.4169,11.00000000000,20,037
20,001,00484970,20001,Allen,Allen County,06,H1,G4020,,,,A,1295779123.00000000000,13007076.00000000000,+37.8842285,-095.3009448,20001,642.4837,640.6871,635.5133,640.6742,645.9696,686.8119,683.7251,671.1417,683.7236,696.0782,669.8220,665.6355,643.7253,665.7255,687.3940,757.5449,751.2774,715.1423,751.0473,787.4657,633.9650,627.7578,582.4056,627.1710,673.0343,601.3402,594.7795,541.3686,593.8611,647.8100,478.6954,472.9552,420.9646,471.9823,524.2344,567.5109,560.6363,499.7197,559.4707,620.0639,606.7350,599.3826,531.8602,598.0178,664.6737,493.4621,492.3310,414.9143,475.7931,578.8174,462.5231,467.1158,375.5023,441.0576,565.6609,456.6044,465.9204,352.9088,427.0442,582.0485,415.3818,428.7839,303.8191,377.3747,552.8217,380.0477,391.7749,274.7174,342.9495,512.7882,362.3239,372.9286,257.8878,321.3332,498.6624,337.9385,348.9927,233.7863,292.1995,483.0140,329.0792,341.8746,217.7710,274.9689,494.5997,11.00000000000,20,001
20,111,00485020,20111,Lyon,Lyon County,06,H1,G4020,,21380,,A,2194947808.00000000000,20572299.00000000000,+38.4554978,-096.1615888,20111,1578.5359,1574.1303,1561.4229,1574.0982,1587.1017,1506.6643,1499.9822,1472.4238,1499.9727,1527.0174,1393.2354,1384.6239,1339.0693,1384.8000,1429.8393,1500.1838,1487.8189,1416.2575,1487.3600,1559.4665,1161.1514,1149.7226,1066.6560,1148.6455,1232.6701,1289.0843,1274.1214,1159.1326,1271.9816,1388.4394,1031.4435,1018.3741,905.8020,1016.1191,1129.4854,1573.6623,1554.5822,1385.6498,1551.3464,1719.3865,1581.1276,1561.9040,1385.8851,1558.3343,1732.1060,1115.0732,1113.1027,938.6330,1075.8704,1308.0922,1535.5604,1551.2446,1247.4188,1464.8428,1878.0451,1502.8833,1534.0004,1162.3709,1406.1593,1915.8295,1400.0629,1445.7186,1024.8635,1272.5646,1863.3527,1373.8586,1416.7674,993.9831,1240.4057,1853.7570,1405.3948,1447.0496,1001.2164,1247.0596,1934.2712,1410.9089,1457.5777,976.9839,1220.5949,2016.6421,1430.6686,1486.7773,947.6152,1196.0153,2150.2969,11.00000000000,20,111
20,149,00485038,20149,Pottawatomie,Pottawatomie County,06,H1,G4020,,31740,,A,2178235871.00000000000,54103438.00000000000,+39.3821868,-096.3371126,20149,1185.3542,1182.0900,1172.5704,1182.0639,1191.7926,1160.3148,1155.1759,1133.9562,1155.1681,1175.9912,1461.4921,1452.1637,1404.3202,1452.3826,1499.7237,1890.5510,1874.6904,1784.5204,1874.1312,1965.0822,1766.8218,1749.4656,1623.0712,1747.8281,1875.6681,2064.4642,2041.3688,1857.6901,2038.1068,2223.8333,2030.0656,2006.1170,1785.9425,2002.0809,2223.2339,2084.2281,2058.8003,1834.9188,2054.4826,2277.2225,2412.9792,2382.8522,2113.5066,2377.2413,2643.2935,2319.9579,2315.0174,1951.3530,2237.3555,2721.3381,2011.0430,2030.7833,1632.2770,1917.4246,2459.4471,2119.2345,2162.2451,1637.5543,1981.7503,2701.4300,2176.9243,2246.9729,1591.9258,1977.5007,2897.1995,2159.0242,2225.5321,1560.4538,1948.1277,2913.1039,2173.0828,2236.6165,1546.5931,1927.1481,2990.7843,2136.8642,2206.7472,1478.2589,1847.6270,3054.2095,2075.7010,2156.4202,1373.6332,1734.4086,3119.7390,11.00000000000,20,149
20,005,00484972,20005,Atchison,Atchison County,06,H1,G4020,312,11860,,A,1116729659.00000000000,6857598.00000000000,+39.5325441,-095.3133975,20005,929.7430,927.1496,919.6659,927.1307,934.7884,829.1668,825.4453,810.2563,825.4432,840.3551,802.9921,797.8795,771.5952,797.9983,824.0049,938.3684,930.3323,885.5841,930.0659,975.2571,921.1078,912.0034,846.1086,911.1476,977.8164,578.2801,571.7591,520.2803,570.8356,622.9062,582.8118,575.7145,512.3309,574.5054,638.2430,818.5031,808.2159,720.0262,806.4586,894.2770,822.2832,812.0114,720.2204,810.0983,900.7680,719.1329,717.5027,604.6962,693.4060,843.5275,682.0826,688.7054,553.4900,650.2393,834.1554,679.8003,693.5265,525.1650,635.6097,866.5464,646.9189,667.6629,472.9502,587.5651,860.9575,610.9220,629.6667,441.4206,551.1515,824.2912,579.7952,596.6724,412.5132,514.0839,797.9583,569.7874,588.3557,394.0563,492.5809,814.3897,553.0073,574.4560,365.8621,462.0111,831.1560,11.00000000000,20,005
20,137,00485032,20137,Norton,Norton County,06,H1,G4020,,,,A,2274357034.00000000000,8194926.00000000000,+39.7838666,-099.8992352,20137,308.8406,307.9556,305.4576,307.9504,310.5132,309.8274,308.4098,302.7203,308.4108,314.0003,278.8345,277.0155,267.8800,277.0618,286.1065,310.9499,308.1935,293.3694,308.1116,323.1142,292.7054,289.7842,268.8440,289.5112,310.7075,355.1128,351.1004,319.4837,350.5317,382.5147,381.7422,376.8273,335.1029,375.9750,418.0191,395.0621,389.7932,346.9567,388.8829,431.6178,404.1511,398.7076,353.2319,397.6857,442.6783,382.0849,380.5792,320.1320,367.6253,448.0223,363.2996,366.3319,293.9394,345.7181,444.2181,355.9122,362.5997,274.0789,332.1481,453.6235,339.9432,350.3585,247.6954,308.1454,452.3734,333.7248,343.4967,240.3247,300.4794,450.2390,323.3615,332.3326,229.2924,286.1530,444.9994,301.2020,310.6122,207.5892,259.8807,430.4757,285.2547,295.9557,188.0738,237.8713,428.7081,11.00000000000,20,137
20,193,00485057,20193,Thomas,Thomas County,06,H1,G4020,,,,A,2783425324.00000000000,288241.00000000000,+39.3577058,-101.0834385,20193,327.5661,326.6540,324.0182,326.6473,329.3440,388.0348,386.3440,379.2620,386.3395,393.2853,358.5440,356.2944,344.5646,356.3436,367.9451,476.7469,472.7650,450.0257,472.6228,495.5530,454.4805,450.0328,417.5206,449.6122,482.4902,432.8606,428.3188,389.9712,427.6920,466.3634,340.2588,336.3719,299.5679,335.7242,372.6503,404.4905,399.7322,356.4403,398.9304,441.9557,438.3078,433.0516,384.3234,432.0770,480.1697,439.9392,439.1722,370.3455,424.4850,516.0951,400.7094,404.8585,325.6165,382.3259,490.0911,399.4616,407.7857,309.0477,373.8197,509.2278,400.9186,414.0365,293.5527,364.4637,533.5891,393.4111,405.7345,284.6944,355.2423,530.8356,385.7863,397.2571,274.9016,342.3689,530.9678,371.2444,383.5599,257.1316,321.2131,530.6300,366.2410,380.6395,242.6454,306.2145,550.4629,11.00000000000,20,193
20,091,00485010,20091,Johnson,Johnson County,06,H1,G4020,312,28140,,A,1226034453.00000000000,16890687.00000000000,+38.8839065,-094.8223295,20091,37955.5693,37849.7486,37544.2603,37848.9733,38161.5472,39611.7301,39436.4286,38712.0814,39436.1541,40146.9409,41995.8188,41732.7529,40358.9362,41738.4642,43097.1963,49336.9332,48921.6707,46568.6025,48907.1677,51281.0780,45206.8867,44759.3496,41525.2945,44717.3214,47989.6124,51078.4208,50505.2106,45959.6997,50424.1623,55020.9677,52715.0613,52089.0547,46368.5179,51983.3148,57730.6206,54101.3362,53434.3690,47616.7965,53320.8749,59110.5841,56432.2605,55732.7542,49438.2120,55602.5800,61819.2285,52528.0969,52413.5276,44177.3308,50654.4763,61615.4216,57082.6567,57645.9604,46336.7566,54429.0740,69810.9138,57486.5759,58656.2720,44425.6946,53760.9229,73279.6313,56483.1021,58303.5205,41309.5575,51312.4595,75171.8237,56528.6331,58272.8142,40861.4719,51010.4480,76272.5684,57294.2598,58972.0884,40781.3787,50813.5562,78853.5291,56620.3418,58474.5757,39173.8362,48959.6418,80927.3564,55070.0586,57213.8950,36447.7018,46018.1028,82769.3896,11.00000000000,20,091
20,075,00485327,20075,Hamilton,Hamilton County,06,H1,G4020,,,,A,2580942885.00000000000,2904549.00000000000,+37.9952438,-101.7936887,20075,133.8587,133.4844,132.4065,133.4817,134.5850,143.1397,142.5297,139.9243,142.5271,145.0804,166.4581,165.4300,159.9874,165.4509,170.8318,186.4439,184.9485,176.0530,184.8887,193.8380,129.9247,128.7726,119.4800,128.6569,138.0106,98.8217,97.8042,89.0601,97.6648,106.4760,89.8254,88.8977,79.2588,88.7491,98.3878,102.3073,101.1811,90.3002,100.9941,111.7878,120.6616,119.2087,105.7890,118.9392,132.1850,56.3607,56.3267,47.5607,54.4603,66.1326,66.9081,67.6650,54.4819,63.9189,81.8429,67.7204,69.1937,52.5014,63.4516,86.3365,55.2117,57.0838,40.5384,50.2737,73.4879,42.9368,44.3497,31.1888,38.8575,57.9414,36.4196,37.5570,26.0471,32.3900,50.1296,34.1657,35.3450,23.7451,29.6189,48.8372,29.8531,31.0573,19.8330,24.9977,44.8713,11.00000000000,20,075
20,141,00485034,20141,Osborne,Osborne County,06,H1,G4020,,,,A,2311573881.00000000000,4806274.00000000000,+39.3486494,-098.7678759,20141,161.6134,161.1649,159.8653,161.1615,162.4907,120.0022,119.4630,117.2645,119.4628,121.6213,147.3806,146.4410,141.6166,146.4629,151.2366,198.9757,197.2713,187.7827,197.2148,206.7975,192.5123,190.5783,176.8058,190.3983,204.3439,249.9075,247.1183,224.8873,246.7247,269.2014,207.9950,205.6063,183.0986,205.2075,227.7940,160.9154,159.0049,141.7667,158.6823,175.8189,203.6537,201.3281,178.7937,200.8994,223.1185,200.8231,200.4991,169.1019,193.8009,235.5930,175.1160,177.0422,142.4972,167.2237,214.1955,190.0207,194.0994,147.2199,177.9729,242.2501,193.9257,200.3905,142.1974,176.4424,258.1094,195.5559,201.8004,141.7205,176.7342,263.8772,200.3284,206.4017,142.9535,177.9311,275.7266,195.6130,202.2092,135.6751,169.3851,279.6026,190.8166,198.4141,126.5921,159.6594,286.8047,11.00000000000,20,141
20,083,00485006,20083,Hodgeman,Hodgeman County,06,H1,G4020,,,,A,2227369168.00000000000,826344.00000000000,+38.0874927,-099.8984067,20083,87.6955,87.4512,86.7454,87.4494,88.1714,79.7518,79.4000,77.9422,79.3993,80.8297,75.3799,74.8913,72.4222,74.9034,77.3476,111.6774,110.7207,105.3952,110.6890,116.0674,89.7776,88.8625,82.4395,88.7780,95.2865,142.9422,141.3851,128.6903,141.1672,153.9890,112.2367,111.0216,98.9339,110.8231,122.9289,99.7813,98.6154,87.9430,98.4192,109.0238,104.3636,103.1832,91.6458,102.9659,114.3398,94.2923,94.1741,79.4593,91.0370,110.6260,86.4075,87.2958,70.2035,82.4353,105.6804,91.1491,93.0446,70.5116,85.2932,116.1951,91.7991,94.8011,67.2126,83.4499,122.1767,91.1871,94.0408,65.9835,82.3367,123.0399,93.4037,96.1793,66.5544,82.8898,128.5538,85.7098,88.5494,59.3578,74.1543,122.5072,77.6477,80.6965,51.4369,64.9166,116.7049,11.00000000000,20,083
20,195,00485058,20195,Trego,Trego County,06,H1,G4020,,,,A,2303736575.00000000000,26281954.00000000000,+38.9213022,-099.8654230,20195,142.0593,141.6574,140.5111,141.6548,142.8294,153.9909,153.2879,150.4610,153.2883,156.0654,134.8548,134.0242,129.6154,134.0409,138.3995,198.0402,196.4110,186.9640,196.3502,205.8681,220.6922,218.5084,202.7204,218.3033,234.2777,269.9536,267.0137,243.0393,266.6023,290.8164,211.8610,209.3541,186.3703,208.9311,232.0195,179.2949,177.1450,157.9190,176.7812,195.8994,175.9720,173.8284,154.2346,173.4303,192.7746,211.5044,210.9876,177.7801,203.8916,248.0810,186.7728,188.6919,151.7458,178.1857,228.4316,188.0230,191.9255,145.4387,175.9340,239.6870,186.3597,192.4414,136.4255,169.3944,248.0277,180.9226,186.5802,130.9090,163.3571,244.1208,176.3282,181.5649,125.6362,156.4759,242.6846,162.2512,167.6332,112.3777,140.3846,231.9102,154.7523,160.8382,102.5314,129.3910,232.5940,11.00000000000,20,195
20,029,00484984,20029,Cloud,Cloud County,06,H1,G4020,,,,A,1852726587.00000000000,6859864.00000000000,+39.4873286,-097.6413898,20029,491.5395,490.1835,486.2347,490.1728,494.2090,414.2423,412.3968,404.8155,412.3948,419.8358,469.2761,466.3048,450.9472,466.3723,481.5655,551.5827,546.8498,520.5468,546.6938,573.2604,573.4715,567.7690,526.7431,567.2349,608.7551,494.4960,489.1084,445.1914,488.3545,532.7113,371.1219,366.7852,326.5669,366.0568,406.4403,509.3879,503.0544,448.2315,501.9748,556.5491,520.1605,513.6979,455.6648,512.4950,569.8127,486.9185,485.8632,409.5217,469.5589,571.1568,419.3151,423.4696,340.4075,399.8434,512.8164,419.9801,428.5456,324.5962,392.7868,535.3619,410.0417,423.2796,299.9271,372.5334,545.7154,394.5997,406.8020,285.2811,356.1141,532.4253,379.4868,390.6309,270.1687,336.6015,522.2864,360.5735,372.4144,249.5272,311.8290,515.3694,350.7218,364.4055,232.1768,293.1104,527.1309,11.00000000000,20,029
20,013,00484976,20013,Brown,Brown County,06,H1,G4020,,,,A,1478551884.00000000000,3196161.00000000000,+39.8259308,-095.5699047,20013,519.2855,517.8370,513.6571,517.8264,522.1034,439.2694,437.3335,429.3051,437.3299,445.2068,500.8202,497.6549,481.2660,497.7262,513.9389,613.3729,608.1818,578.9290,608.0034,637.5250,513.5934,508.5184,471.7766,508.0413,545.2141,641.3111,634.2088,577.1900,633.2093,690.8390,538.3705,532.1091,473.7893,531.0591,589.6088,580.5468,573.6776,511.5072,572.5186,634.3165,561.6897,554.9426,492.4874,553.6914,615.3342,537.9792,537.1216,453.0212,519.1804,631.1259,414.7586,419.0808,337.0813,395.7652,507.2785,418.1498,426.8990,323.5686,391.3532,533.0555,421.4962,435.3243,308.6829,383.2165,560.9794,401.1963,413.8059,290.4015,362.3261,541.3440,394.6435,406.4250,281.2958,350.2894,543.1621,367.6471,379.8879,254.7189,318.1565,525.4914,343.5668,357.1175,227.7008,287.3101,516.3861,11.00000000000,20,013
20,087,00485008,20087,Jefferson,Jefferson County,06,H1,G4020,,45820,,A,1379359803.00000000000,62427436.00000000000,+39.2396440,-095.3753140,20087,1225.4075,1221.9693,1212.0953,1221.9452,1232.0545,1073.1838,1068.4318,1048.8060,1068.4245,1087.6833,986.7526,980.4785,948.1807,980.6234,1012.5789,1146.7154,1136.9556,1082.2692,1136.6259,1191.8332,1089.9015,1079.0968,1001.1261,1078.0829,1156.9809,1223.8643,1209.9039,1100.8674,1207.9190,1318.2639,1205.8479,1191.1669,1060.0281,1188.6662,1320.5364,1094.4301,1080.4399,962.3109,1078.0421,1195.7346,1070.7430,1057.2241,937.5666,1054.7032,1172.9252,966.9893,964.7909,813.0993,932.3874,1134.2561,936.9379,946.1163,760.4395,893.2981,1145.8448,902.3453,920.6441,697.2259,843.7877,1150.2356,872.5387,900.6021,638.0418,792.5910,1161.2329,840.4622,866.3439,607.4370,758.3540,1134.0086,808.7905,832.4323,575.6119,717.2513,1113.1271,764.6530,789.6598,528.9784,661.1527,1092.9148,713.2743,741.0156,472.0290,596.0004,1072.0379,11.00000000000,20,087
20,041,00484990,20041,Dickinson,Dickinson County,06,H1,G4020,,,,A,2193906542.00000000000,12634524.00000000000,+38.8677353,-097.1579434,20041,1060.1372,1057.1623,1048.6198,1057.1415,1065.8876,1023.1581,1018.5823,999.8481,1018.5786,1036.9688,990.6674,984.3901,951.9684,984.5331,1016.6083,1118.6415,1109.0692,1055.7240,1108.7511,1162.6219,1090.9217,1079.9353,1001.8889,1078.9139,1157.9508,1231.6989,1217.4409,1107.5923,1215.4038,1326.6423,1113.8247,1100.0319,978.7193,1097.6694,1219.7342,1136.5824,1122.0248,999.3207,1119.5288,1241.7869,1156.3077,1141.2136,1011.5423,1138.3889,1266.5952,1009.0565,1006.1443,847.3592,972.1852,1183.4500,953.9859,962.6383,773.0621,908.6835,1166.5812,920.9578,938.9508,710.4112,860.3323,1173.8786,868.9472,896.2379,634.2904,788.5043,1156.3951,823.5773,848.3210,594.1664,742.3324,1111.1711,783.7282,806.0668,556.7763,694.3016,1078.5884,725.8437,749.0740,501.2326,626.9604,1037.4093,670.8654,696.5244,443.1917,560.0327,1008.2714,11.00000000000,20,041
20,101,00485015,20101,Lane,Lane County,06,H1,G4020,,,,A,1858200248.00000000000,551220.00000000000,+38.4812863,-100.4661853,20101,111.5048,111.1903,110.2910,111.1882,112.1094,88.1397,87.7457,86.1319,87.7454,89.3295,81.7793,81.2838,78.6118,81.2930,83.9335,79.0918,78.4539,74.6804,78.4287,82.2262,71.8952,71.2340,66.0915,71.1691,76.3540,91.0510,90.0723,81.9933,89.9361,98.0914,94.2887,93.2317,83.0487,93.0568,103.2670,84.9152,83.9150,74.8255,83.7464,92.7802,69.4185,68.5811,60.8591,68.4257,76.0479,83.5069,83.3413,70.2609,80.5487,97.9576,78.1723,78.9535,63.4734,74.5506,95.6047,78.3711,79.9742,60.5801,73.3026,99.9027,81.4115,84.0417,59.5522,73.9668,108.3489,84.3758,86.9838,60.9987,76.1451,113.8464,85.4777,87.9843,60.8481,75.8135,117.6424,85.8049,88.6170,59.3694,74.1982,122.6409,84.8462,88.1490,56.1545,70.8997,127.5224,11.00000000000,20,101
20,015,00484977,20015,Butler,Butler County,06,H1,G4020,556,48620,,A,3703329246.00000000000,43160444.00000000000,+37.7736811,-096.8387616,20015,3841.4653,3830.7518,3799.8316,3830.6734,3862.3117,3697.6634,3681.3519,3613.7630,3681.3226,3747.6391,3861.8813,3837.6771,3711.3403,3838.2038,3963.1553,4329.4331,4293.3237,4086.8214,4292.0284,4500.2476,4444.3633,4401.0049,4083.0698,4396.8971,4718.3592,4397.9081,4349.3026,3958.3394,4342.4668,4737.5836,4297.7462,4246.7962,3780.4809,4238.1951,4706.6640,4384.8138,4330.7974,3859.3293,4321.6072,4790.8066,4365.1645,4311.6696,3825.3324,4301.7271,4781.9332,3806.5528,3798.7869,3202.3639,3671.4406,4465.2140,3965.5084,4005.1956,3219.9670,3781.8603,4849.8254,3946.0433,4026.8963,3050.4903,3691.0109,5030.1920,3805.5175,3928.7234,2784.1605,3457.8458,5064.7092,3708.1384,3823.0972,2681.3520,3346.8521,5003.3406,3595.9505,3701.7866,2560.4845,3189.8766,4949.1144,3450.7225,3564.2269,2388.3282,2984.4664,4932.1467,3294.4820,3423.1829,2181.2289,2753.5140,4951.5799,11.00000000000,20,015
20,023,00484981,20023,Cheyenne,Cheyenne County,06,H1,G4020,,,,A,2641495949.00000000000,2738022.00000000000,+39.7892558,-101.7273018,20023,115.1253,114.8044,113.8778,114.8021,115.7501,135.0837,134.4677,131.9882,134.4680,136.9037,126.5551,125.7917,121.6574,125.8055,129.8906,164.8947,163.5336,155.6679,163.4833,171.4096,147.1097,145.7053,135.1821,145.5705,156.1994,209.2320,206.9140,188.3107,206.5877,225.3906,208.5499,206.1079,183.5035,205.6974,228.3963,205.7098,203.2503,181.1983,202.8344,224.7610,197.3238,195.0628,173.2217,194.6458,216.1826,186.1534,185.8625,156.7665,179.6559,218.3858,186.5120,188.5609,151.7658,178.1028,228.1342,197.2435,201.4666,152.7972,184.7243,251.4568,197.4393,204.0090,144.7527,179.6239,262.7848,199.1292,205.4737,144.2858,179.9457,268.6976,204.8767,211.0692,146.1664,181.9472,281.9853,202.0455,208.8418,140.1068,174.9340,288.7959,196.0126,203.8043,130.0168,163.9915,294.6136,11.00000000000,20,023
20,199,00485060,20199,Wallace,Wallace County,06,H1,G4020,,,,A,2366348080.00000000000,140928.00000000000,+38.9266259,-101.7711031,20199,64.7025,64.5279,64.0101,64.5263,65.0544,61.1430,60.8707,59.7517,60.8704,61.9686,83.5124,82.9965,80.2660,83.0070,85.7067,81.7211,81.0527,77.1543,81.0274,84.9538,87.7219,86.8753,80.6001,86.7946,93.1360,118.7891,117.5213,106.9860,117.3453,127.9770,93.0825,91.9886,81.8965,91.8045,101.9401,98.6561,97.5614,87.0610,97.3793,107.7978,96.8370,95.7573,85.0662,95.5589,106.0956,106.0013,105.9492,89.4718,102.4417,124.3829,98.5309,99.6050,80.1607,94.0782,120.5178,104.5022,106.7357,80.9470,97.8644,133.2246,108.3395,111.9432,79.4271,98.5622,144.1960,111.3612,114.9059,80.6846,100.6287,150.2663,113.7828,117.2194,81.1724,101.0452,156.6065,110.7383,114.4623,76.7889,95.8777,158.2849,111.1037,115.5162,73.6889,92.9486,166.9924,11.00000000000,20,199
20,019,00484979,20019,Chautauqua,Chautauqua County,06,H1,G4020,,,,A,1654693205.00000000000,15244179.00000000000,+37.1542592,-096.2453962,20019,170.8465,170.3548,168.9718,170.3520,171.7715,142.7235,142.0686,139.4468,142.0692,144.6453,145.4428,144.4890,139.7229,144.5137,149.2332,169.7182,168.2501,160.1574,168.2029,176.3807,162.2647,160.5759,148.9664,160.4220,172.1986,186.3102,184.1376,167.5128,183.8264,200.6670,159.1075,157.1156,139.7694,156.7732,174.2339,148.2201,146.3145,130.3064,145.9875,161.9392,148.2050,146.2385,129.5894,145.8699,162.3368,153.6968,153.2676,129.0933,148.0984,180.2634,141.4862,142.7524,114.6235,134.7460,173.0135,138.5194,141.2060,106.8169,129.3760,176.5583,138.3662,142.6953,100.9724,125.5362,184.1363,134.5220,138.5447,97.0178,121.2276,181.4955,133.4669,137.2518,94.7837,118.2132,183.6793,127.9133,131.9865,88.2943,110.4615,182.8182,123.5818,128.2883,81.6054,103.1402,185.7349,11.00000000000,20,019
20,097,00485013,20097,Kiowa,Kiowa County,06,H1,G4020,,,,A,1871626797.00000000000,596764.00000000000,+37.5612311,-099.2865389,20097,127.6870,127.3426,126.3208,127.3395,128.3816,149.1210,148.4418,145.7051,148.4421,151.1303,131.6697,130.8293,126.5189,130.8490,135.1141,124.8569,123.7784,117.8247,123.7436,129.7593,134.5640,133.2155,123.5886,133.0897,142.8364,146.0987,144.4336,131.4181,144.1969,157.3681,121.7626,120.2867,107.0499,120.0357,133.3442,145.6157,143.8136,128.1493,143.5067,159.0979,155.8058,153.8204,136.3922,153.4498,170.6723,190.5480,190.0777,160.1568,183.6838,223.4995,165.6902,167.2506,134.3679,157.8942,202.6236,166.7459,170.0631,128.7290,155.8441,212.5462,172.5522,178.0387,126.0701,156.6625,229.6384,177.3007,182.6981,128.0347,159.9000,239.2205,180.1848,185.3907,128.1296,159.7139,247.9809,180.9350,186.7942,125.0662,156.3717,258.6054,181.7234,188.7382,120.1661,151.7801,273.1236,11.00000000000,20,097
20,081,00485328,20081,Haskell,Haskell County,06,H1,G4020,,,,A,1495773065.00000000000,910409.00000000000,+37.5585504,-100.8768686,20081,196.8543,196.3020,194.7157,196.2981,197.9221,222.5385,221.5816,217.5266,221.5781,225.5533,192.9197,191.6956,185.3815,191.7236,197.9704,178.5644,177.0522,168.5362,177.0003,185.5949,160.9543,159.3112,147.7959,159.1597,170.8291,215.4596,213.0372,193.8609,212.6945,232.0888,194.8943,192.6652,171.5823,192.2936,213.4472,186.0223,183.7513,163.7680,183.3657,203.2474,178.0061,175.8958,156.1285,175.5050,195.0100,141.3246,141.1738,119.1406,136.4783,165.8118,156.1914,157.8386,126.9736,149.0633,191.0361,149.1911,152.3290,115.4741,139.6509,190.1902,147.3257,152.1711,107.9147,133.9609,196.0803,152.3982,157.1906,110.3159,137.6361,205.6349,156.9972,161.6795,111.8972,139.3464,216.0805,153.6614,158.7698,106.4484,132.9667,219.6333,145.9312,151.6784,96.7015,122.0255,219.3362,11.00000000000,20,081
20,159,00485043,20159,Rice,Rice County,06,H1,G4020,,,,A,1880944775.00000000000,4470099.00000000000,+38.3471776,-098.2014154,20159,478.0155,476.6577,472.7974,476.6490,480.6060,501.4164,499.1509,489.9580,499.1506,508.1780,490.8803,487.7025,471.6244,487.7812,503.6963,574.1975,569.1455,541.7697,568.9917,596.6841,620.1154,613.7169,569.3504,613.1305,658.1158,376.0185,371.6469,338.1015,371.0214,404.9977,468.7105,462.8150,411.6939,461.8002,513.2679,593.3834,585.6890,521.5441,584.3666,648.3028,607.4144,599.6433,531.6706,598.1922,665.3682,602.5715,601.0154,506.3410,580.7794,706.7573,504.5360,509.1927,408.9919,480.6780,616.9848,504.1640,514.0961,389.0473,471.0788,642.6315,504.8354,520.7845,368.6668,458.2180,671.8433,489.6958,504.4976,353.4432,441.5015,660.7059,475.3568,488.9874,337.8457,421.2201,654.2057,481.7362,497.2411,332.8180,416.2175,688.5257,471.0126,489.1071,311.3052,393.2948,707.9093,11.00000000000,20,159
20,129,00485135,20129,Morton,Morton County,06,H1,G4020,,,,A,1889993253.00000000000,507841.00000000000,+37.1852495,-101.8095163,20129,151.2260,150.8009,149.5819,150.7980,152.0462,171.4119,170.6395,167.4980,170.6393,173.7240,143.5275,142.6131,137.9150,142.6344,147.2830,155.7329,154.3859,146.9601,154.3426,161.8465,88.6107,87.7014,81.3618,87.6178,94.0440,97.7113,96.5891,87.8797,96.4292,105.2458,83.0972,82.0643,73.0107,81.8872,90.9982,87.6462,86.4625,76.9458,86.2575,95.7553,93.9137,92.6037,81.9951,92.3569,102.8609,74.2230,73.9351,62.1963,71.4197,87.0330,56.9955,57.4351,46.0507,54.1920,69.6844,49.3932,50.2859,37.9745,46.0507,62.9493,44.2955,45.6123,32.2063,40.1016,58.9419,37.1732,38.2288,26.7128,33.4283,50.1487,33.7782,34.6879,23.9037,29.8566,46.4822,27.7415,28.5937,19.0939,23.9176,39.6469,22.0936,22.9183,14.5593,18.4186,33.2041,11.00000000000,20,129
20,165,00485358,20165,Rush,Rush County,06,H1,G4020,,,,A,1858997569.00000000000,544720.00000000000,+38.5235917,-099.3091827,20165,171.7686,171.2790,169.8909,171.2759,172.6992,151.4890,150.8126,148.0393,150.8119,153.5341,142.4912,141.6197,136.9625,141.6366,146.2400,158.3800,157.0337,149.4805,156.9880,164.6126,152.5684,151.0485,140.1337,150.9063,161.9535,184.5330,182.4391,166.0047,182.1419,198.7697,157.4489,155.5763,138.4879,155.2598,172.4290,154.7602,152.8891,136.2804,152.5720,169.0916,163.5806,161.5404,143.2828,161.1604,179.1943,130.6997,130.3694,109.8400,125.9819,153.2997,156.4835,157.9875,126.9547,149.1586,191.3696,152.4954,155.5580,117.7782,142.5617,194.3850,140.6757,145.1713,102.8193,127.7498,187.2180,138.4868,142.7229,100.0408,124.9211,186.8532,135.7037,139.6426,96.5307,120.3093,186.7649,127.3700,131.5096,88.0674,110.0973,182.0475,119.3072,123.9236,78.9124,99.6619,179.3150,11.00000000000,20,165
24,045,01668606,24045,Wicomico,Wicomico County,06,H1,G4020,480,41540,,A,969804281.00000000000,66808582.00000000000,+38.3673888,-075.6322064,24045,5696.1198,5680.3876,5634.6182,5680.2645,5727.0528,5470.2133,5446.3256,5346.4613,5446.2654,5544.2154,5603.5061,5568.8076,5385.5771,5569.5233,5750.6891,6110.8794,6060.3532,5768.8608,6058.4949,6352.2614,5843.7301,5787.1080,5369.0729,5781.7214,6204.2531,6718.1220,6645.7521,6049.5570,6635.6670,7237.5476,4805.6623,4751.1116,4231.5790,4742.0425,5263.1852,7268.4102,7183.0497,6405.2519,7168.6706,7941.6404,7800.6570,7708.0240,6841.6331,7690.8692,8545.7932,7417.2313,7404.8958,6244.9776,7157.4165,8701.3395,7517.0845,7595.5233,6109.4417,7172.9777,9193.9321,7632.7048,7792.3026,5906.0789,7143.4397,9730.1267,7607.5159,7856.9240,5571.0711,6916.3951,10125.0092,7657.6390,7898.0154,5542.3718,6915.3365,10332.6137,7758.2922,7989.4359,5529.1708,6885.7392,10677.9784,7646.1868,7900.2650,5296.6634,6616.2717,10928.9392,7676.0413,7978.1545,5086.1980,6418.3576,11537.1669,11.00000000000,24,045
24,013,01696228,24013,Carroll,Carroll County,06,H1,G4020,548,12580,,A,1159264845.00000000000,13190001.00000000000,+39.5631892,-077.0155121,24013,12622.5628,12587.4954,12485.9656,12587.2312,12691.0812,10077.4215,10033.2127,9849.1351,10033.1158,10213.6928,8757.3153,8702.6181,8416.1697,8703.7908,8987.0734,11163.2346,11069.1239,10536.7126,11065.8523,11603.0298,12592.9717,12467.8700,11566.9754,12456.1461,13367.8503,13249.6838,13101.5877,11922.8134,13080.6774,14272.5491,12247.6247,12102.2075,10773.1398,12077.6467,13412.9247,11593.8956,11451.2356,10204.7724,11426.9689,12667.3920,10421.2851,10292.5746,9130.5948,10268.6321,11416.1470,9540.2526,9519.5392,8023.7419,9200.0798,11190.7332,9434.5476,9528.0973,7659.2628,8996.5278,11538.3303,9167.4254,9354.4176,7085.4023,8573.8715,11686.0111,8945.8047,9234.5773,6543.3940,8127.4472,11905.7686,8705.8546,8974.9189,6293.7588,7856.5783,11746.6165,8323.7293,8567.9239,5925.5011,7382.7676,11455.9030,7758.4896,8012.9831,5368.5882,6709.2897,11089.2248,7202.5960,7483.3613,4767.6504,6019.1525,10825.4061,11.00000000000,24,013
24,031,01712500,24031,Montgomery,Montgomery County,06,H1,G4020,548,47900,13644,A,1272343169.00000000000,40645480.00000000000,+39.1373815,-077.2030633,24031,73088.3130,72885.9072,72298.3501,72884.3516,73485.1460,75147.0068,74814.9443,73441.0513,74814.3877,76162.4937,78190.6299,77700.8662,75143.0107,77711.4966,80241.2686,89249.0664,88496.6143,84240.0420,88470.4648,92765.1670,85924.8633,85077.1787,78930.2480,84997.4063,91215.9434,93032.6445,91992.4463,83715.4951,91845.5596,100214.5947,93356.6484,92253.8789,82127.5796,92067.9453,102239.7158,95197.6436,94029.5518,83797.7617,93830.9746,104012.3262,102380.1309,101115.7354,89700.3428,100880.5313,112153.8008,101190.7559,100971.2529,85105.9121,97582.8838,118696.9814,105121.1367,106161.6602,85337.4609,100238.3740,128561.5039,105542.1816,107692.8545,81568.6812,98706.0820,134537.7471,104681.6777,108058.5547,76565.3442,95102.6016,139318.2715,105681.5117,108945.1494,76396.3306,95368.7695,142593.4873,107120.7578,110260.4287,76252.0239,95007.4775,147429.4736,106556.6558,110048.6563,73727.4912,92142.6396,152301.4131,104770.1963,108850.8857,69345.0430,87551.4805,157468.0078,11.00000000000,24,031
24,035,00596089,24035,Queen Anne's,Queen Anne's County,06,H1,G4020,548,12580,,A,963235987.00000000000,359449898.00000000000,+39.0406929,-076.0824053,24035,3759.3831,3748.9152,3718.6643,3748.8377,3779.7864,3059.7639,3046.3122,2990.4068,3046.2848,3101.1311,2617.3136,2600.9258,2515.3065,2601.2809,2685.9590,3204.7704,3177.8578,3025.0071,3176.9115,3331.0952,3508.9854,3474.4811,3223.4555,3471.2275,3725.1363,3820.8653,3778.4456,3438.6751,3772.4703,4115.9168,3645.7562,3602.7991,3207.4323,3595.5625,3992.6694,3540.9583,3497.6821,3117.2549,3490.3311,3868.8381,3446.3597,3404.2971,3020.4842,3396.4830,3775.4256,3012.4477,3005.8134,2533.4225,2904.9181,3533.5837,2966.7693,2996.3928,2408.8778,2829.2887,3628.3542,2920.9714,2980.7581,2257.9478,2732.1099,3723.4810,2844.5603,2936.5872,2080.9979,2584.5971,3785.7787,2774.2027,2860.1420,2005.9101,2503.8267,3743.1880,2674.5944,2753.2527,1904.3302,2372.4883,3681.0452,2513.6827,2596.3186,1739.6979,2173.9795,3592.8246,2338.7430,2430.0760,1548.3921,1954.6730,3515.1101,11.00000000000,24,035
24,019,00596495,24019,Dorchester,Dorchester County,06,H1,G4020,,15700,,A,1400575316.00000000000,1145393243.00000000000,+38.4291957,-076.0474333,24019,1982.3367,1976.8894,1960.9753,1976.8453,1993.1058,1742.4576,1734.9068,1703.1265,1734.8836,1766.0466,1612.5483,1602.7660,1550.0761,1602.9485,1655.0179,1840.2984,1825.5445,1737.7405,1824.9534,1913.2861,1916.6915,1898.8242,1761.7235,1897.0841,2035.4040,1964.5775,1943.9935,1769.9658,1941.1544,2116.6414,1609.3262,1591.2515,1417.4209,1588.2583,1762.5643,1693.0896,1673.4164,1492.4251,1670.1100,1849.9228,1894.0070,1871.8831,1661.8581,1867.7939,2074.9714,1767.9085,1765.1033,1488.7430,1706.1481,2074.0104,1624.7427,1641.8346,1320.7368,1550.5406,1987.1990,1642.4389,1676.9117,1271.1233,1537.3202,2093.7870,1625.7541,1679.1735,1190.7638,1478.2095,2163.7623,1603.5342,1653.9759,1160.7737,1448.2287,2163.6921,1583.1891,1630.4492,1128.4664,1405.2490,2178.9997,1536.5325,1587.6541,1064.4985,1329.6464,2196.2196,1509.0729,1568.5224,1000.0209,1261.8864,2268.1551,11.00000000000,24,019
24,025,01698178,24025,Harford,Harford County,06,H1,G4020,548,12580,,A,1132055422.00000000000,231943998.00000000000,+39.5374292,-076.2997894,24025,17658.7217,17609.5685,17467.4822,17609.2043,17754.5642,15883.1700,15813.1808,15522.8936,15813.0498,16097.8607,14854.2906,14761.4258,14275.5301,14763.4245,15243.9612,17944.4857,17793.7108,16937.8570,17788.4178,18651.7631,18440.1862,18258.4759,16939.2968,18241.3643,19575.8339,19586.7924,19369.9043,17628.4588,19339.3806,21099.4716,18406.9403,18190.9652,16195.5213,18154.6343,20158.5635,17059.6365,16850.0325,15016.2231,16814.3895,18639.2310,16790.6152,16584.3057,14713.1154,16545.9506,18393.6512,15116.5326,15085.1447,12716.1991,14579.2994,17732.0662,14967.2490,15116.7221,12152.7472,14273.6940,18304.9258,14627.7723,14927.2164,11307.5263,13682.0362,18646.6207,14109.7057,14566.2460,10322.3611,12820.3058,18778.3822,13639.8364,14062.4532,9862.5372,12310.5905,18404.0229,13130.6699,13516.9171,9349.2734,11647.6124,18071.7512,12290.9446,12695.0861,8506.6051,10630.0318,17567.5403,11413.0394,11858.8228,7556.2772,9538.8790,17153.7015,11.00000000000,24,025
24,037,01697853,24037,St. Mary's,St. Mary's County,06,H1,G4020,548,30500,,A,925092041.00000000000,1054309969.00000000000,+38.2226660,-076.5342705,24037,7869.3312,7847.4827,7784.1922,7847.3176,7912.0499,7182.9981,7151.2691,7019.9500,7151.2151,7280.0676,7200.9633,7155.6882,6920.0897,7156.6871,7389.7210,9104.0818,9026.9663,8592.7794,9024.3233,9462.5208,9856.8236,9759.1179,9053.9685,9749.9490,10463.4811,9066.6097,8964.4779,8157.4225,8950.0188,9766.3149,8966.4928,8859.2429,7885.6137,8841.0825,9819.5185,9753.9397,9633.7087,8584.8722,9613.2505,10657.0590,10309.0215,10180.5678,9030.0732,10156.6494,11293.0292,9393.1321,9371.6949,7898.1296,9056.9158,11017.9074,8703.9218,8788.6891,7063.4239,8297.8956,10644.5345,8792.7811,8970.5549,6793.0836,8221.4994,11208.2495,8704.6464,8984.0714,6364.3228,7906.3892,11584.6786,8539.1007,8801.4912,6170.5824,7704.1580,11521.4825,8311.7115,8554.0876,5914.3794,7370.2485,11439.2451,8107.2491,8371.7966,5607.4642,7009.1481,11587.6099,7804.5260,8107.4979,5163.8464,6520.6367,11730.0211,11.00000000000,24,037
31,039,00835841,31039,Cuming,Cuming County,06,H1,G4020,,,,A,1477895767.00000000000,10447368.00000000000,+41.9158651,-096.7885168,31039,519.1755,517.6934,513.4969,517.6843,521.9880,444.6574,442.6900,434.5591,442.6869,450.6655,432.7222,429.9499,415.7823,430.0159,444.0361,529.0899,524.6828,499.4464,524.5241,549.9684,471.0246,466.4596,432.7645,466.0254,500.0833,633.3797,626.3518,570.0307,625.3620,682.2911,616.1964,608.9420,542.1229,607.7203,674.8315,656.7734,648.6937,578.0853,647.3194,717.5851,657.5061,649.3399,575.9859,647.8199,720.2690,607.4524,605.8798,510.4355,585.4790,712.4811,606.8148,612.6577,492.3265,578.4239,742.0984,620.4203,632.8963,479.2027,580.0253,790.8480,618.6877,638.4803,452.2319,561.8662,823.3817,619.7159,638.6943,447.7123,559.0391,836.1532,628.1485,646.4059,446.8679,556.9225,864.5036,611.1361,631.0234,422.6019,528.2911,873.4870,588.9852,611.8015,389.6149,492.0347,885.2280,11.00000000000,31,039
31,069,00835856,31069,Garden,Garden County,06,H1,G4020,,,,A,4414071674.00000000000,68874635.00000000000,+41.6593814,-102.3282290,31069,98.2663,97.9944,97.2045,97.9923,98.7999,91.1569,90.7397,89.0656,90.7400,92.3846,69.9009,69.4804,67.1971,69.4879,71.7439,90.4821,89.7207,85.4052,89.6941,94.0477,101.6039,100.6588,93.3912,100.5667,107.8982,110.9857,109.7460,99.8725,109.5710,119.5540,84.5034,83.5311,74.3852,83.3686,92.5471,76.6146,75.6388,67.3725,75.4717,83.7066,73.8810,72.9116,64.6219,72.7301,80.9271,75.2728,75.0564,63.2121,72.5233,88.2822,66.2371,66.8380,53.6755,63.0919,80.9980,63.3233,64.5617,48.8487,59.1564,80.7139,60.8622,62.7768,44.4319,55.2318,80.9957,58.7935,60.5648,42.4248,52.9998,79.3246,54.1070,55.6551,38.4489,47.9406,74.4641,49.3290,50.9141,34.0755,42.6168,70.5037,44.9375,46.6621,29.6973,37.5206,67.5388,11.00000000000,31,069
31,101,00835872,31101,Keith,Keith County,06,H1,G4020,,,,A,2749531266.00000000000,124671572.00000000000,+41.1944042,-101.6444736,31101,421.6694,420.4588,417.0469,420.4517,423.9528,429.2353,427.3160,419.4568,427.3144,435.0293,412.6080,409.9422,396.4288,410.0077,423.3835,470.5925,466.5153,444.0762,466.3849,489.0621,449.6561,445.0621,412.8919,444.6386,477.2409,532.1773,526.0393,478.5895,525.1633,573.2058,510.6817,504.4832,448.9602,503.4285,559.2549,463.6410,457.6575,407.5632,456.6301,506.5540,445.0905,439.5197,389.8246,438.4819,487.5719,408.9090,407.8069,343.5234,394.0638,479.5990,409.9682,413.9149,332.6177,390.7861,501.3666,405.9809,414.1438,313.5714,379.5466,517.5026,392.0349,404.5753,286.5572,356.0281,521.7402,386.0151,397.8357,278.8741,348.2189,520.8318,383.3691,394.5109,272.7289,339.8974,527.6204,368.3189,380.3048,254.6936,318.3902,526.4323,349.3219,362.8553,231.0794,291.8230,525.0210,11.00000000000,31,101
31,173,00835908,31173,Thurston,Thurston County,06,H1,G4020,,,,A,1019377309.00000000000,6458637.00000000000,+42.1540613,-096.5339428,31173,302.1709,301.3504,298.9297,301.3432,303.8138,253.1313,252.0525,247.4450,252.0479,256.5633,269.6671,268.0550,259.2483,268.0828,276.7827,289.7621,287.3641,273.5424,287.2762,301.2065,344.1773,340.9579,316.3387,340.6450,365.4871,428.6699,424.1920,386.2267,423.5751,461.8541,411.2676,406.6321,362.1964,405.8635,450.4262,400.4972,395.8136,352.9739,395.0254,437.5940,429.6693,424.5569,376.8259,423.6099,470.7111,452.4547,451.8429,381.1999,436.7798,530.8200,299.7491,302.8181,243.5153,285.9539,366.6050,310.2771,316.7211,240.0113,290.3328,395.5341,331.4548,342.2757,242.6500,301.2859,441.1364,327.5457,337.7857,236.9958,295.7416,441.9606,318.6611,328.1171,227.0367,282.7741,438.5801,301.4175,311.3903,208.7215,260.7635,430.8227,284.8617,296.0311,188.6762,238.1367,428.1474,11.00000000000,31,173
31,139,00835891,31139,Pierce,Pierce County,06,H1,G4020,,35740,,A,1484707293.00000000000,3481943.00000000000,+42.2714129,-097.6109917,31139,393.5600,392.4650,389.2986,392.4569,395.6961,392.7008,390.9995,383.8373,390.9942,398.0172,389.9757,387.5176,374.7573,387.5724,400.1946,508.9298,504.5713,480.3019,504.4268,528.9366,437.5743,433.1896,401.8852,432.7808,464.4745,596.1484,589.4369,536.3734,588.4869,642.1565,542.6376,536.2563,477.4193,535.1821,594.2739,495.2899,489.3014,436.1470,488.2864,541.1557,511.8235,505.6766,448.7672,504.5367,560.7057,496.8990,496.0918,418.4012,479.5171,582.9293,457.1356,461.9128,371.5453,436.2184,559.1107,461.0168,470.6656,356.7442,431.4766,587.7026,468.6078,483.9743,343.1728,426.0405,623.6806,467.7536,482.4423,338.5560,422.4186,631.1504,476.1830,490.3742,339.3730,422.6335,655.3859,460.2575,475.5601,318.8446,398.2732,657.8613,442.5328,459.9668,293.2552,370.0464,665.1322,11.00000000000,31,139
31,147,00835895,31147,Richardson,Richardson County,06,H1,G4020,,,,A,1429258779.00000000000,7077617.00000000000,+40.1237427,-095.7186026,31147,451.5291,450.2716,446.6382,450.2623,453.9797,433.0767,431.1654,423.2489,431.1620,438.9297,393.9129,391.4073,378.5138,391.4653,404.2222,455.9595,452.0632,430.3194,451.9331,473.8894,430.7709,426.5139,395.6971,426.1137,457.2921,522.1555,516.2742,469.7954,515.4416,562.4524,427.6277,422.6366,376.2993,421.7985,468.3243,385.7412,380.9499,339.4387,380.1333,421.4549,388.7284,383.8793,340.4920,382.9763,425.8323,390.2353,389.3646,328.1616,376.2918,457.7410,342.4994,345.8639,277.9965,326.5586,418.8672,329.9367,336.6378,254.9541,308.5384,420.5774,322.1768,332.5484,235.6072,292.6687,428.7752,310.3264,319.8928,224.3030,280.0220,418.7144,300.0826,308.8641,213.5844,266.1316,413.0002,280.9458,290.1438,194.3730,242.9307,401.5551,262.3831,272.5974,173.6562,219.2547,394.3575,11.00000000000,31,147
31,151,00835897,31151,Saline,Saline County,06,H1,G4020,,,,A,1486698620.00000000000,5934704.00000000000,+40.5168024,-097.1317550,31151,803.1169,800.8600,794.3870,800.8444,807.4727,835.4931,831.7767,816.4890,831.7722,846.7764,825.7129,820.4867,793.4647,820.6053,847.3377,935.9322,927.7629,883.1379,927.5077,972.6268,870.6305,861.6841,799.3949,860.8623,924.0067,715.9401,707.6197,643.7509,706.4294,771.1176,803.7589,793.7057,706.0859,791.9783,880.1738,1002.3979,989.6807,881.5715,987.5043,1095.1891,1193.7692,1178.3066,1044.5444,1175.4154,1307.6444,1121.5711,1118.4299,942.0162,1080.7069,1315.4335,1165.4884,1176.2962,944.8684,1110.4395,1425.2556,1193.7931,1217.3840,921.3399,1115.5438,1521.6745,1194.4733,1232.2821,872.4131,1084.2640,1589.6312,1229.0499,1266.3026,887.2572,1108.2214,1658.2642,1282.6150,1319.5306,911.8209,1136.7166,1765.1988,1329.5442,1372.4821,918.8030,1148.9019,1900.2729,1354.7245,1406.9200,895.6461,1131.3798,2036.0949,11.00000000000,31,151
31,163,00835903,31163,Sherman,Sherman County,06,H1,G4020,,,,A,1465488702.00000000000,15062176.00000000000,+41.2187425,-098.9728492,31163,173.0436,172.5732,171.1866,172.5691,173.9844,152.8217,152.1308,149.3287,152.1307,154.8823,120.8761,120.0816,116.1201,120.1023,124.0252,115.6658,114.6885,109.1722,114.6548,120.2213,107.8272,106.7906,99.0772,106.6915,114.4849,134.8008,133.2320,121.2052,133.0074,145.1893,126.0947,124.5976,110.9143,124.3448,138.0920,117.3951,115.9573,103.3421,115.7130,128.2653,123.1335,121.5993,107.8575,121.3136,134.8868,104.4032,104.1236,87.7121,100.6151,122.4523,96.2678,97.2341,78.1738,91.8131,117.7362,94.0636,95.9951,72.7232,87.9895,119.9075,90.7964,93.7409,66.4360,82.5073,120.8401,91.5664,94.4100,66.2201,82.6513,123.5497,91.7705,94.4766,65.3538,81.4137,126.3043,90.8738,93.8679,62.9048,78.6013,129.8870,87.4134,90.8334,57.8843,73.0660,131.3819,11.00000000000,31,163
31,057,00835850,31057,Dundy,Dundy County,06,H1,G4020,,,,A,2381954077.00000000000,3046323.00000000000,+40.1801650,-101.6811327,31057,91.1203,90.8638,90.1291,90.8620,91.6145,97.2268,96.8094,95.0381,96.8078,98.5442,70.0783,69.6478,67.3570,69.6564,71.9209,71.8658,71.2843,67.8557,71.2616,74.7126,52.9981,52.5098,48.7190,52.4619,56.2844,99.2389,98.2423,89.4751,98.1071,106.9329,97.7576,96.6995,86.1714,96.5267,107.0706,76.5730,75.6511,67.4368,75.4950,83.6642,73.3763,72.4709,64.2901,72.3025,80.3812,55.1153,54.9899,46.3439,53.1430,64.6489,76.9314,77.7043,62.4730,73.3723,94.0877,72.2601,73.7443,55.8671,67.5945,92.1135,66.2243,68.3725,48.4576,60.1793,88.1373,66.6139,68.6829,48.1751,60.1286,89.8816,67.0713,69.0498,47.7656,59.5029,92.3107,61.5557,63.5840,42.6105,53.2429,87.9823,54.8120,56.9564,36.2959,45.8155,82.3822,11.00000000000,31,057
31,167,00835905,31167,Stanton,Stanton County,06,H1,G4020,,35740,,A,1108381561.00000000000,7908749.00000000000,+41.9047925,-097.1747241,31167,355.9849,354.9698,352.0931,354.9636,357.9136,314.4401,313.0250,307.2630,313.0245,318.6819,337.5887,335.4119,324.3563,335.4650,346.4074,352.7122,349.6478,332.8299,349.5507,366.5499,292.8320,289.8350,268.8845,289.5590,310.7928,319.6508,315.9776,287.4845,315.4541,344.2984,282.2408,278.8052,248.1113,278.2200,309.0848,283.6046,279.9809,249.3711,279.3599,309.8561,278.0685,274.3772,243.1377,273.6852,304.5829,220.8690,220.0608,185.1683,212.5873,258.9999,187.6074,189.2046,151.8447,178.5676,229.3987,171.5802,174.8310,132.1764,160.1576,218.6887,147.6453,152.1979,107.6296,133.8711,196.4789,128.6934,132.4948,92.7329,115.9152,173.6274,112.4587,115.6172,79.8108,99.5672,154.7650,92.5469,95.4813,63.8597,79.9045,132.2703,73.4401,76.2415,48.5031,61.2980,110.3757,11.00000000000,31,167
31,033,00835838,31033,Cheyenne,Cheyenne County,06,H1,G4020,,,,A,3098368319.00000000000,292551.00000000000,+41.2142358,-103.0119289,31033,577.8041,576.1660,571.5016,576.1554,580.9358,635.2377,632.3592,620.7086,632.3595,643.8014,633.9698,629.9365,609.1853,630.0298,650.5614,838.6975,831.5086,791.5137,831.2709,871.6639,745.9734,738.3270,684.9567,737.6235,791.7197,852.7877,842.8954,766.8286,841.4811,918.5175,853.5969,843.1089,750.2035,841.3170,934.7718,816.3978,805.8954,717.7173,804.0932,891.9627,871.5554,860.5356,763.1232,858.4803,954.7270,833.8885,832.0112,701.2140,804.0723,978.1364,830.0545,838.0034,673.3711,791.1644,1015.1002,836.3574,853.1333,645.9148,781.8495,1066.0972,836.1808,862.8955,611.1481,759.3394,1112.8296,821.6114,846.7361,593.5080,741.1203,1108.5580,825.6278,849.5890,587.2925,731.9638,1136.2861,811.4644,837.8374,561.0704,701.4213,1159.8106,783.7578,814.0884,518.4022,654.7086,1177.9639,11.00000000000,31,033
31,013,00835991,31013,Box Butte,Box Butte County,06,H1,G4020,,,,A,2784995043.00000000000,6588657.00000000000,+42.2156652,-103.0878210,31013,526.1608,524.7110,520.4849,524.6994,529.0186,543.4340,540.9923,531.0361,540.9911,550.7660,584.4933,580.7735,561.6416,580.8597,599.7893,637.7341,632.3394,601.9246,632.1538,662.8471,660.1139,653.4421,606.2160,652.8232,700.6572,840.5084,830.8661,755.9535,829.4925,905.3229,763.8732,754.4802,671.3345,752.8750,836.5147,821.9940,811.2835,722.3798,809.4411,898.0689,873.9917,862.6176,764.6376,860.4898,957.3565,929.5377,926.6371,780.1907,895.3027,1090.1353,781.5979,788.5357,633.1029,744.2925,955.7521,796.1041,811.5193,613.8586,743.5232,1014.7198,800.3975,825.4235,584.0609,726.1603,1065.1593,791.4940,815.1765,570.8521,713.2903,1067.8755,790.1500,812.5701,561.1606,699.8618,1087.4181,762.7010,787.0329,526.5465,658.6987,1090.0819,740.5096,768.7711,489.0913,618.0959,1112.9388,11.00000000000,31,013
31,183,00835913,31183,Wheeler,Wheeler County,06,H1,G4020,,,,A,1489715284.00000000000,1059454.00000000000,+41.9378588,-098.5222885,31183,45.2301,45.0986,44.7318,45.0980,45.4748,29.0700,28.9473,28.4189,28.9467,29.4645,36.0969,35.8557,34.6720,35.8624,37.0351,39.7538,39.4084,37.5129,39.3975,41.3134,47.1959,46.6719,43.2947,46.6259,50.0637,50.0030,49.3820,44.8994,49.2912,53.8451,45.4124,44.8271,39.8630,44.7255,49.7279,21.7569,21.4652,19.1048,21.4148,23.7700,35.2668,34.7677,30.7774,34.6735,38.6259,21.5838,21.4899,18.0682,20.7560,25.3064,20.1336,20.2973,16.2820,19.1538,24.6173,19.2796,19.6403,14.8439,17.9903,24.5724,17.0823,17.6049,12.4455,15.4835,22.7319,15.8594,16.3254,11.4235,14.2815,21.3966,14.8646,15.2794,10.5445,13.1572,20.4564,13.8260,14.2622,9.5363,11.9345,19.7604,12.6621,13.1428,8.3584,10.5658,19.0302,11.00000000000,31,183
31,095,00835869,31095,Jefferson,Jefferson County,06,H1,G4020,,,,A,1476771431.00000000000,14204829.00000000000,+40.1757356,-097.1431027,31095,385.6743,384.6251,381.5343,384.6161,387.7710,371.7369,370.0808,363.2775,370.0790,376.7564,349.8892,347.6791,336.2295,347.7288,359.0550,377.7590,374.5905,356.5732,374.4787,392.6518,334.2959,331.0089,307.0940,330.6989,354.8884,400.3356,395.9933,360.4495,395.3867,431.2797,391.4453,386.8835,344.4724,386.1180,428.6993,412.3136,407.3397,363.1003,406.4970,450.4961,406.5052,401.5172,356.2215,400.5901,445.3159,387.9241,387.1040,326.2999,374.1195,455.0410,380.1582,383.9766,308.7101,362.5698,464.9366,378.0220,385.7804,292.2525,353.6066,481.8826,376.7003,388.9061,275.6153,342.2974,501.3460,378.0967,389.8246,273.4121,341.2664,510.1613,383.9376,395.2402,273.3859,340.5845,528.4143,374.3387,386.6514,259.0881,323.7581,535.0454,364.2039,378.4289,241.1291,304.3966,547.3953,11.00000000000,31,095
31,131,00835887,31131,Otoe,Otoe County,06,H1,G4020,,,,A,1594475793.00000000000,8775372.00000000000,+40.6379916,-096.1310274,31131,901.3520,898.8200,891.5556,898.8024,906.2408,957.2644,952.9984,935.4785,952.9939,970.1900,932.7908,926.8707,896.3413,927.0065,957.2109,1046.0174,1037.1242,987.2396,1036.8228,1087.1794,1020.7819,1010.4829,937.4541,1009.5265,1083.4889,1216.9761,1203.1030,1094.6850,1201.1310,1310.8470,1138.1103,1124.5775,1001.0583,1122.2906,1246.3935,1094.5422,1081.1198,963.4860,1078.8383,1195.8901,1159.3277,1144.7939,1015.3315,1142.0859,1269.9761,1099.7760,1097.0372,924.3246,1060.1278,1289.9540,1045.6846,1055.8199,848.5109,996.8439,1278.8209,1050.1085,1071.2885,811.1980,981.8168,1338.5781,1046.4365,1079.9759,765.0036,950.4082,1392.6574,1049.2562,1081.4456,758.1304,946.5948,1415.7167,1061.2193,1092.1168,755.0487,940.9540,1460.5314,1042.0536,1076.0075,720.6599,900.8488,1489.3934,1011.3531,1050.5656,669.0734,844.9205,1520.0373,11.00000000000,31,131
31,111,00835877,31111,Lincoln,Lincoln County,06,H1,G4020,,35820,,A,6640905294.00000000000,28641137.00000000000,+41.0503221,-100.7444808,31111,2011.2596,2005.6138,1989.4064,2005.5745,2022.1689,2142.9625,2133.3860,2094.1518,2133.3776,2171.8905,2157.0784,2143.4776,2072.8956,2143.7813,2213.6000,2345.0174,2325.2471,2213.4056,2324.5599,2437.4030,2063.3360,2042.9158,1895.3069,2040.9977,2190.3495,1992.6961,1970.5836,1793.3889,1967.4693,2146.5774,1839.1418,1817.3440,1617.7969,1813.6643,2014.1313,1850.1884,1827.6659,1628.9687,1823.8432,2021.5143,1994.0683,1969.6522,1747.5058,1965.1147,2184.4567,1674.7136,1671.4516,1409.1759,1615.4615,1964.5327,1693.3151,1710.3446,1375.1056,1614.9990,2070.9414,1679.7643,1714.2514,1298.6637,1571.2885,2141.2766,1622.7294,1675.3110,1187.2843,1474.5332,2159.6714,1584.0965,1633.2281,1145.4965,1429.7846,2137.4018,1566.1101,1612.2051,1115.1456,1389.2582,2155.4407,1531.7893,1582.1561,1060.1560,1324.7935,2189.3980,1491.1324,1549.3533,987.2019,1246.2440,2241.1581,11.00000000000,31,111
31,091,00835867,31091,Hooker,Hooker County,06,H1,G4020,,,,A,1867695559.00000000000,882994.00000000000,+41.9187000,-101.1168102,31091,23.7442,23.6776,23.4863,23.6772,23.8730,27.5026,27.3801,26.8768,27.3800,27.8739,32.7915,32.5875,31.5151,32.5918,33.6523,25.7277,25.5431,24.3147,25.5334,26.7619,22.2513,22.0584,20.4670,22.0388,23.6390,56.5894,56.0770,51.1083,56.0105,60.9930,60.6951,60.1342,53.6727,60.0487,66.4883,35.6143,35.2376,31.4635,35.1756,38.9155,46.0124,45.5395,40.4962,45.4535,50.4165,37.6027,37.6019,31.7708,36.3618,44.1277,43.4051,43.9405,35.4216,41.5215,53.1010,52.9417,54.1515,41.1455,49.6775,67.5022,55.7755,57.7132,41.0319,50.8454,74.2424,60.6692,62.6923,44.1154,54.9391,81.8728,64.3341,66.3761,46.0689,57.2576,88.5551,59.8313,61.9294,41.6408,51.9100,85.5265,54.2045,56.4301,36.0808,45.4366,81.4756,11.00000000000,31,091
31,145,00835894,31145,Red Willow,Red Willow County,06,H1,G4020,,,,A,1856983744.00000000000,2643458.00000000000,+40.1694196,-100.4685764,31145,534.0483,532.5277,528.2131,532.5182,536.9420,504.0770,501.8375,492.6154,501.8346,510.8853,578.8898,575.1822,556.2292,575.2703,594.0260,647.7628,642.1197,611.2340,641.9423,673.1662,555.7228,550.1842,510.4278,549.6661,589.9061,606.6356,599.9582,546.0447,599.0205,653.4974,543.0631,536.4742,477.4327,535.3532,594.7165,625.4292,617.6643,550.3626,616.3411,683.3346,624.8681,617.1349,547.4475,615.6961,684.5189,577.3635,575.9397,485.2798,556.5662,677.2071,560.3880,565.9231,454.9030,534.3438,685.3438,569.7045,581.3015,440.2771,532.7888,726.2177,556.7747,574.7245,407.2124,505.8123,740.9968,555.4693,572.6135,401.5276,501.2525,749.4804,560.2551,576.6671,398.7922,496.8899,771.0741,548.6550,566.6279,379.6065,474.4289,784.1920,545.0575,566.2805,360.7499,455.4708,819.2126,11.00000000000,31,145
31,075,00835859,31075,Grant,Grant County,06,H1,G4020,,,,A,2010409972.00000000000,18130867.00000000000,+41.9158667,-101.7568746,31075,35.9855,35.8884,35.6004,35.8875,36.1812,27.8472,27.7322,27.2272,27.7314,28.2258,34.9182,34.7170,33.5782,34.7198,35.8438,39.8252,39.5185,37.6178,39.5048,41.4127,57.3555,56.8190,52.7164,56.7669,60.9067,45.7927,45.3415,41.3007,45.2808,49.3455,47.5064,46.9969,41.8843,46.9140,52.0327,51.1658,50.6138,45.1820,50.5225,55.9078,58.0670,57.3984,50.9683,57.2750,63.6162,53.0067,53.0097,44.7933,51.2626,62.2056,46.8163,47.3968,38.2106,44.7885,57.2746,49.7060,50.8368,38.6219,46.6349,63.3760,52.0230,53.8171,38.2487,47.4080,69.2464,53.4690,55.2329,38.8468,48.3946,72.1545,53.5371,55.2147,38.2993,47.6207,73.6914,53.5514,55.4073,37.2314,46.4341,76.5480,53.2711,55.4366,35.4206,44.6274,80.0712,11.00000000000,31,075
31,053,00835848,31053,Dodge,Dodge County,06,H1,G4020,420,23340,,A,1369341649.00000000000,37020463.00000000000,+41.5770082,-096.6458526,31053,2048.6589,2042.8810,2026.3582,2042.8421,2059.7672,2063.0355,2053.8777,2016.1384,2053.8653,2090.9020,2203.6855,2189.7541,2117.6400,2190.0686,2261.4077,2422.9756,2402.2566,2286.7102,2401.5665,2518.2463,2138.2532,2116.7504,1963.7766,2114.7497,2269.6536,2168.4519,2143.8362,1950.7099,2140.3421,2335.7447,2030.3124,2005.9854,1785.4905,2001.8637,2223.4609,2309.7224,2281.0181,2032.4465,2276.1257,2523.5665,2417.5330,2387.4497,2117.6877,2381.8490,2648.2941,2317.4783,2312.1269,1948.5184,2234.4498,2718.3285,2186.4358,2207.9637,1774.7511,2084.7351,2673.9583,2184.6532,2229.0556,1688.2161,2043.0056,2784.8284,2136.1417,2204.9375,1562.2044,1940.5287,2842.9285,2111.8177,2176.9264,1526.4298,1905.6023,2849.4145,2129.2850,2191.5900,1515.5126,1888.3727,2930.5103,2114.4418,2183.6387,1462.8307,1828.2987,3022.1647,2078.7967,2159.6777,1375.7558,1737.0463,3124.3944,11.00000000000,31,053
31,029,00835836,31029,Chase,Chase County,06,H1,G4020,,,,A,2316533574.00000000000,7978174.00000000000,+40.5303903,-101.6941918,31029,222.0502,221.4209,219.6285,221.4169,223.2538,246.0008,244.8657,240.3434,244.8672,249.3114,251.4966,249.8902,241.6570,249.9280,258.0749,298.5137,295.9734,281.7374,295.8875,310.2590,241.3555,238.8601,221.5921,238.6317,256.1423,248.0055,245.1410,223.0262,244.7320,267.1245,262.4984,259.4506,231.0190,258.9397,287.4817,281.1015,277.7014,247.5326,277.1251,307.1325,344.1941,339.8838,301.4519,339.0808,377.0452,274.9762,274.4648,231.4203,265.2774,322.5684,295.5613,298.5373,240.0254,281.8960,361.4750,310.4715,316.8481,240.0367,290.4248,395.7733,308.3242,318.3196,225.5962,280.1724,410.3455,310.7526,320.3974,224.7238,280.4896,419.2952,328.5664,338.2421,233.9640,291.4697,452.2070,340.0511,351.2369,235.3585,294.1046,486.0380,338.0228,351.2260,223.7967,282.5158,508.0455,11.00000000000,31,029
31,153,00835898,31153,Sarpy,Sarpy County,06,H1,G4020,420,36540,,A,618982000.00000000000,22099822.00000000000,+41.1150635,-096.1091254,31153,11056.8043,11025.7926,10936.7063,11025.5751,11116.7813,12234.4254,12179.9872,11956.1156,12179.9231,12399.6459,13627.1485,13541.1878,13095.2854,13543.1108,13984.1964,16319.4602,16181.1738,15402.8772,16176.4398,16961.9431,15656.5998,15500.3710,14380.2944,15485.7682,16619.5349,16500.7666,16313.4516,14843.8615,16286.8624,17773.7744,16827.6502,16625.0635,14796.8053,16590.6844,18428.3957,18609.9485,18377.6461,16373.9352,18338.0174,20332.8781,20531.3158,20272.8931,17979.2126,20224.7214,22490.7375,19611.8398,19566.1680,16488.7936,18908.7271,23003.9715,20248.5389,20444.7471,16430.3974,19302.7284,24762.9596,20813.9832,21233.8334,16078.6669,19460.4434,26531.6829,20903.3712,21573.4536,15281.7180,18985.2675,27819.4088,21171.8593,21821.5838,15297.8901,19100.6248,28566.3073,21644.1988,22274.6320,15400.1257,19191.6479,29788.4274,21819.5211,22530.8919,15090.6007,18863.3568,31186.3795,21751.2582,22595.1392,14390.7725,18172.4341,32691.6037,11.00000000000,31,153
31,157,00835900,31157,Scotts Bluff,Scotts Bluff County,06,H1,G4020,,42420,,A,1915039277.00000000000,15437667.00000000000,+41.8515889,-103.7058602,31157,1830.7348,1825.6635,1810.9455,1825.6246,1840.6746,1962.5086,1953.7539,1917.8313,1953.7450,1989.0050,2033.6184,2020.9286,1954.4121,2021.1996,2086.9794,2262.7750,2243.9646,2136.0336,2243.2834,2352.0909,1978.2111,1958.9030,1817.3881,1957.0742,2100.1623,1853.2352,1832.7084,1667.9358,1829.8193,1996.3580,1613.7365,1594.4604,1419.2527,1591.1978,1767.2621,1936.1073,1912.2593,1704.0860,1908.2020,2115.3729,1997.8505,1973.0436,1750.1614,1968.4263,2188.5581,1733.7744,1729.9702,1458.1032,1671.9046,2033.7107,1850.6510,1868.8203,1502.0994,1764.5034,2263.2930,1868.3134,1906.2539,1443.7042,1747.1358,2381.5787,1805.9335,1864.0853,1320.7002,1640.5469,2403.4633,1796.4004,1851.8113,1298.4912,1621.0189,2423.8335,1813.9695,1867.1087,1291.1940,1608.8098,2496.5500,1816.8804,1876.4220,1257.1158,1571.1094,2596.8669,1834.7470,1906.2248,1214.4069,1533.2310,2757.5978,11.00000000000,31,157
31,177,00835910,31177,Washington,Washington County,06,H1,G4020,420,36540,,A,1009986004.00000000000,8387694.00000000000,+41.5339790,-096.2245739,31177,1208.0671,1204.6787,1194.9450,1204.6549,1214.6202,1130.5672,1125.4888,1104.7766,1125.4861,1145.8213,1085.2590,1078.3277,1042.7998,1078.4907,1113.6461,1245.7880,1235.1996,1175.7878,1234.8405,1294.8133,1159.3830,1147.5628,1064.6162,1146.4719,1230.5234,1183.2321,1169.8365,1064.4757,1167.9369,1274.5272,1072.9165,1060.0850,943.5834,1057.9123,1174.9884,1205.3456,1190.4750,1060.8531,1187.9442,1316.9481,1167.0017,1152.5331,1022.3613,1149.8406,1278.4021,1075.6995,1073.4095,904.7891,1037.4000,1261.8084,1047.1556,1057.4973,850.0411,998.4870,1280.6510,1030.5217,1051.4993,796.4046,963.7462,1313.6340,1007.7474,1040.2359,737.0435,915.5067,1341.1844,975.9825,1006.1067,705.5026,880.7228,1316.8679,968.4820,996.8543,689.3731,858.9482,1332.9132,938.9048,969.6634,649.6179,811.8851,1341.9758,904.9266,940.1647,598.9367,756.1946,1360.0904,11.00000000000,31,177
31,077,00835860,31077,Greeley,Greeley County,06,H1,G4020,,,,A,1475804031.00000000000,2188872.00000000000,+41.5675996,-098.5305656,31077,120.1832,119.8552,118.8915,119.8524,120.8364,112.2311,111.7107,109.6463,111.7116,113.7407,115.0619,114.3341,110.5687,114.3505,118.0755,109.8633,108.9320,103.6925,108.9002,114.1883,97.7986,96.8288,89.8324,96.7378,103.8176,106.0810,104.9055,95.4735,104.7400,114.2734,117.9796,116.6397,103.8845,116.4168,129.2118,102.1530,100.9225,89.9636,100.7141,111.6130,114.9752,113.6019,100.8248,113.3474,125.9569,93.3410,93.1939,78.6037,90.0815,109.5026,77.9244,78.7358,63.3294,74.3552,95.3068,78.6422,80.2960,60.8688,73.6130,100.2538,74.0857,76.5284,54.2774,67.3725,98.6036,70.2653,72.4863,50.8825,63.4736,94.8118,69.2443,71.3232,49.3767,61.4767,95.3043,64.9410,67.1139,45.0124,56.2124,92.8233,58.2461,60.5524,38.6190,48.7198,87.5453,11.00000000000,31,077
31,181,00835912,31181,Webster,Webster County,06,H1,G4020,,,,A,1489018081.00000000000,337241.00000000000,+40.1806461,-098.4985897,31181,183.7162,183.1975,181.7156,183.1941,184.7122,184.2100,183.3629,179.9780,183.3638,186.6898,192.7192,191.4548,185.1393,191.4876,197.7413,207.4471,205.5902,195.7013,205.5368,215.5509,230.2388,227.7402,211.2656,227.5178,244.2667,320.2211,316.3144,287.6461,315.7468,344.8466,281.5790,277.9477,247.1665,277.3178,308.3367,234.9962,231.9503,206.5484,231.4269,256.7459,273.9557,270.3249,239.5530,269.6444,300.0787,247.5469,246.5130,207.3034,238.1065,290.2525,227.1047,229.0078,183.7597,216.1237,277.6894,226.7416,231.0028,174.6092,211.6031,288.9908,209.4028,215.8209,152.5827,189.8184,278.6593,205.4790,211.5014,147.9812,185.0166,277.2189,202.9862,208.6252,143.9487,179.6385,279.3434,188.1463,194.0346,129.6890,162.3477,268.8980,173.5530,180.0766,114.4499,144.7402,260.8329,11.00000000000,31,181
31,055,00835849,31055,Douglas,Douglas County,06,H1,G4020,420,36540,,A,850693384.00000000000,28210895.00000000000,+41.2970908,-096.1540664,31055,33159.9776,33067.1624,32800.0835,33066.5007,33339.8798,35564.0910,35406.3599,34755.8539,35406.1372,36044.5157,38985.5938,38741.0474,37465.6409,38746.3881,40007.8370,48759.1379,48348.4987,46022.9996,48334.1837,50680.3593,47426.6416,46959.6322,43566.8188,46915.6348,50347.6542,43129.7212,42647.6218,38810.5198,42579.5508,46459.2952,42065.4215,41565.2809,36999.9480,41480.7651,46067.6563,47688.2969,47099.6543,41971.0245,46999.4629,52103.7192,51755.9001,51113.5332,45339.8450,50993.9749,56696.3665,51068.3872,50954.7148,42945.5659,49244.0076,59902.6292,54040.5610,54571.2131,43862.7278,51525.0959,66090.0669,54891.0034,56005.2129,42415.1492,51330.2000,69970.6658,54566.6294,56322.6201,39903.3669,49568.0874,72621.0081,54624.8723,56307.7273,39480.8792,49289.2361,73703.6438,55037.0195,56646.2700,39170.3665,48808.4973,75746.7158,55397.0161,57208.8447,38323.3048,47898.8923,79178.6958,55321.8376,57473.3188,36610.4965,46225.8499,83147.6768,11.00000000000,31,055
31,025,00835834,31025,Cass,Cass County,06,H1,G4020,420,36540,,A,1443778631.00000000000,21873113.00000000000,+40.9098778,-096.1406086,31025,1600.4477,1596.0100,1583.1412,1595.9762,1609.1365,1610.6092,1603.4569,1573.9924,1603.4474,1632.3638,1544.0179,1534.3387,1483.8276,1534.5495,1584.5070,1721.0920,1706.4989,1624.4182,1706.0003,1788.8441,1492.9902,1478.1751,1371.3676,1476.7858,1584.8687,1755.4847,1735.7630,1579.5292,1732.9734,1890.9776,1669.5822,1649.5161,1468.1489,1646.1127,1828.4066,1660.7207,1639.7194,1460.6702,1636.1276,1814.4563,1640.5682,1619.7214,1436.2632,1615.8314,1797.1132,1497.6436,1494.1572,1259.1567,1443.9525,1756.6816,1420.6308,1434.3555,1152.6791,1354.2214,1737.3544,1368.0895,1395.6323,1056.7462,1279.0546,1743.9037,1305.4651,1347.2515,954.2737,1185.5974,1737.3826,1257.0306,1295.5383,908.1594,1133.9691,1696.0529,1230.9007,1266.6813,875.6757,1091.3333,1694.0552,1158.4610,1196.1538,801.0689,1001.4145,1655.7691,1083.4552,1125.4149,716.6871,905.0977,1628.4018,11.00000000000,31,025
31,031,00835837,31031,Cherry,Cherry County,06,H1,G4020,,,,A,15437421571.00000000000,126677198.00000000000,+42.5669845,-101.0726220,31031,291.8707,291.0595,288.7117,291.0534,293.4550,326.7800,325.3284,319.3500,325.3265,331.1937,332.7691,330.6475,319.7544,330.6970,341.4754,397.5435,394.1397,375.1819,394.0268,413.1720,368.9351,365.2978,338.9048,364.9553,391.6549,444.7779,439.7534,400.1542,439.0414,479.0990,405.3599,400.5210,356.5125,399.7022,443.9249,434.6808,429.3004,382.5395,428.3841,474.9266,438.5221,433.2081,384.4057,432.2217,480.3978,510.3080,509.2569,429.2922,492.1825,598.6060,459.6799,464.3397,373.3609,438.4658,562.1991,470.0364,479.7257,363.4642,439.7316,599.1828,487.6104,503.4489,356.8300,443.1273,648.9584,496.5150,511.9548,359.1107,448.1990,669.9451,506.6668,521.6199,360.8420,449.5032,697.3298,507.2979,524.0189,351.1742,438.7959,725.0876,506.5935,526.4112,335.4570,423.4422,761.4076,11.00000000000,31,031
31,011,00835828,31011,Boone,Boone County,06,H1,G4020,,,,A,1778165884.00000000000,1718584.00000000000,+41.7054004,-098.0667935,31011,280.8402,280.0590,277.7996,280.0532,282.3645,219.4619,218.4795,214.4606,218.4787,222.4240,206.6465,205.3473,198.5863,205.3759,212.0633,268.0448,265.8096,253.0245,265.7294,278.6206,234.7045,232.3799,215.5894,232.1617,249.1511,324.3252,320.9188,292.1847,320.4486,349.4265,267.6549,264.6264,235.6984,264.1235,293.1381,241.1136,238.2607,212.4399,237.7793,263.4453,262.8026,259.7637,230.6500,259.2027,287.9161,250.6345,250.2497,211.0807,241.8948,294.0334,209.9228,212.1411,170.6615,200.3481,256.7551,219.3383,223.9560,169.7759,205.3180,279.6150,221.2961,228.5859,162.1172,201.2356,294.5309,219.2422,226.1543,158.7327,198.0278,295.8309,223.1224,229.7972,159.0624,198.0631,307.0925,212.4920,219.5723,147.2316,183.8943,303.7230,203.8603,211.9012,135.1102,170.4800,306.4051,11.00000000000,31,011
31,097,00835870,31097,Johnson,Johnson County,06,H1,G4020,,,,A,973968264.00000000000,1766531.00000000000,+40.3954568,-096.2685622,31097,284.7937,283.9432,281.6219,283.9399,286.3312,307.2044,305.7012,300.0098,305.7090,311.3141,286.1486,284.2556,274.8753,284.3061,293.5966,278.4233,275.8796,262.6096,275.8115,289.2668,284.1439,280.9986,260.6660,280.7218,301.4154,379.1871,374.3737,340.3237,373.6659,408.2927,499.6317,492.7377,437.7675,491.5178,547.0585,511.3658,503.9557,447.9827,502.6567,558.6488,573.8082,565.5906,500.5782,564.0385,628.4492,490.8549,488.6035,410.6948,471.8870,575.4860,491.2105,494.7469,396.4428,466.7327,600.5273,502.0830,510.9695,385.6827,467.8699,639.8574,479.8139,493.9875,348.7080,434.2716,638.4572,473.6583,487.0320,340.2391,425.8423,638.9834,476.9447,489.7233,337.4030,421.4883,656.3189,467.5940,481.8093,321.5707,402.9525,668.2544,452.1708,468.7981,297.5266,376.6494,679.5450,11.00000000000,31,097
31,045,00835844,31045,Dawes,Dawes County,06,H1,G4020,,,,A,3616823898.00000000000,11921996.00000000000,+42.7112144,-103.1348721,31045,446.3032,445.0708,441.4848,445.0611,448.7269,394.5003,392.7858,385.5880,392.7809,399.8395,442.5352,439.7867,425.3145,439.8441,454.1543,458.2267,454.4381,432.5804,454.2987,476.3269,281.2907,278.5632,258.4408,278.3038,298.6433,52.3826,51.7329,47.0374,51.6380,56.4078,30.8923,30.4267,26.9971,30.3423,33.8202,362.8799,358.8578,320.2392,358.1889,396.5053,339.0221,335.2140,297.7589,334.5135,371.4327,287.4515,287.1354,242.3128,277.5827,337.2558,321.1948,324.8652,261.6067,306.8912,392.8961,319.8107,326.8354,248.0559,299.7353,407.7336,306.4855,316.8757,225.0288,279.0715,407.9386,306.0553,316.0008,222.0980,276.8179,412.9971,327.0554,337.1222,233.6507,290.6820,450.1624,388.3197,401.4856,269.4608,336.3432,555.0562,452.0341,470.0313,299.8883,378.2234,679.4246,11.00000000000,31,045
31,063,00835853,31063,Frontier,Frontier County,06,H1,G4020,,,,A,2524180489.00000000000,14212836.00000000000,+40.5309469,-100.4066834,31063,120.4743,120.1396,119.1705,120.1371,121.1283,117.8749,117.3753,115.2311,117.3729,119.4739,101.5962,100.9662,97.6439,100.9793,104.2642,125.4233,124.3941,118.4110,124.3554,130.3826,115.7165,114.6274,106.3501,114.5220,122.8767,79.2056,78.3286,71.2865,78.2052,85.3226,69.9460,69.1032,61.5032,68.9601,76.5996,75.5802,74.6572,66.5378,74.5005,82.5787,82.6465,81.6380,72.4341,81.4507,90.5378,76.7037,76.5353,64.5076,73.9664,89.9731,74.7739,75.5338,60.7362,71.3255,91.4505,69.4148,70.8509,53.6853,64.9459,88.4877,64.2147,66.3087,47.0059,58.3669,85.4637,59.3655,61.2212,42.9535,53.6009,80.1024,53.5905,55.1836,38.1866,47.5588,73.7580,52.2354,53.9688,36.1803,45.1965,74.6616,50.9826,52.9875,33.7785,42.6273,76.6272,11.00000000000,31,063
31,129,00835886,31129,Nuckolls,Nuckolls County,06,H1,G4020,,,,A,1489645213.00000000000,1718484.00000000000,+40.1764918,-098.0468422,31129,192.8875,192.3496,190.7971,192.3457,193.9343,213.8193,212.8912,208.9905,212.8884,216.7135,203.0351,201.7661,195.1247,201.7934,208.3615,235.8973,233.9461,222.6937,233.8744,245.2149,186.8214,185.0260,171.6619,184.8544,198.3570,246.0786,243.4045,221.5536,243.0306,265.0979,238.3166,235.5848,209.8000,235.1290,261.0025,261.2740,258.1699,230.1790,257.6458,285.4723,231.2099,228.5700,202.9869,228.0834,253.3084,184.8625,184.6455,155.8089,178.4989,216.8887,193.6621,195.7596,157.5314,184.8930,236.8750,193.1561,197.2821,149.6141,180.8843,246.2448,186.8753,193.0982,137.0159,170.0191,248.7249,181.5386,187.3346,131.5604,164.0648,244.9625,182.6461,188.1804,130.3303,162.2220,251.3889,173.1164,178.9594,120.0812,149.9116,247.4471,161.2676,167.7046,107.0173,134.9550,242.3923,11.00000000000,31,129
31,099,00835871,31099,Kearney,Kearney County,06,H1,G4020,,28260,,A,1337065724.00000000000,272321.00000000000,+40.5062692,-098.9484608,31099,353.8865,352.8912,350.0385,352.8844,355.8058,388.5358,386.8022,379.6902,386.8005,393.7815,394.8806,392.4016,379.4827,392.4559,405.2336,438.0330,434.2871,413.3983,434.1624,455.2562,456.3741,451.8890,419.2410,451.4659,484.4880,573.4398,566.8783,515.7782,565.9444,617.6647,507.3047,501.0739,445.8607,500.0095,555.5483,522.8838,516.2843,459.9215,515.1561,571.2887,613.0524,605.4125,536.9945,603.9900,671.5688,567.1552,565.7933,476.7657,546.7710,665.2423,549.3886,554.6553,445.6942,523.6554,671.8658,575.7868,587.3471,444.6966,538.2749,733.9517,581.6387,600.2331,425.1286,528.2036,774.0737,595.2313,613.4521,430.0099,536.9418,803.1167,607.6610,625.3173,432.2832,538.7510,836.3068,607.9406,627.7204,420.3860,525.5244,868.9194,611.9607,635.6670,404.8132,511.2283,919.7596,11.00000000000,31,099
31,051,00835847,31051,Dixon,Dixon County,06,H1,G4020,512,43580,,A,1233434205.00000000000,17271598.00000000000,+42.4852801,-096.8558616,31051,311.0738,310.1898,307.6775,310.1842,312.7596,283.5405,282.2471,277.0424,282.2478,287.3605,253.5909,251.9967,243.6998,252.0318,260.2383,286.5761,284.0892,270.4247,284.0101,297.8210,246.5291,244.0061,226.3684,243.7738,261.6500,305.5280,301.9167,274.6275,301.3973,329.0575,303.2551,299.4245,266.3364,298.7642,332.0818,261.0230,257.5326,229.2218,256.9293,285.1753,299.7142,295.6437,261.8887,294.8789,328.2814,286.1280,285.0506,239.8242,275.3617,335.5180,221.2461,223.0439,178.9208,210.4779,270.5168,208.8211,212.6961,160.7225,194.8169,266.1444,194.5407,200.4639,141.6859,176.2969,258.8783,174.3143,179.3717,125.4479,156.8897,235.1689,160.9887,165.4294,114.1107,142.4316,221.5452,145.1764,149.7008,100.0361,125.2459,207.4843,129.2816,134.1265,85.2290,107.8007,194.2964,11.00000000000,31,051
31,093,00835868,31093,Howard,Howard County,06,H1,G4020,,24260,,A,1474576349.00000000000,16201501.00000000000,+41.2194026,-098.5133031,31093,385.9544,384.8819,381.7773,384.8738,388.0494,375.6831,373.9801,367.0895,373.9803,380.7475,403.4941,400.9191,387.7103,400.9795,414.0494,421.7572,418.1587,398.0457,418.0380,438.3457,456.7890,452.1654,419.4856,451.7369,484.8399,500.4295,494.7539,450.1876,493.9485,539.0384,417.4131,412.4037,367.0657,411.5545,457.1217,469.0580,463.1588,412.6167,462.1510,512.4813,472.1239,466.2661,413.5995,465.1758,517.1917,443.5185,442.7462,373.3603,427.9398,520.2943,409.7379,413.8683,332.7565,390.7996,501.1152,416.7136,425.2802,322.1901,389.8170,531.2062,417.2258,430.7587,305.2899,379.1394,555.2821,416.2826,429.2105,301.0523,375.7524,561.6865,415.3765,427.6212,295.8013,368.4945,571.6851,404.1207,417.4305,279.7318,349.5379,577.6144,396.4107,411.9102,262.4818,331.3349,595.8029,11.00000000000,31,093
31,103,00835873,31103,Keya Paha,Keya Paha County,06,H1,G4020,,,,A,2002246688.00000000000,2192459.00000000000,+42.8754803,-099.7183514,31103,29.6568,29.5657,29.3226,29.5654,29.8166,23.3323,23.2239,22.7946,23.2241,23.6461,40.2485,39.9855,38.6668,39.9923,41.2980,33.3006,33.0239,31.4355,33.0139,34.6151,36.0294,35.6760,33.0986,35.6426,38.2494,47.4046,46.9030,42.7010,46.8335,51.0724,32.0188,31.6197,28.1303,31.5512,35.0631,37.4916,37.0414,33.0205,36.9652,40.9637,37.7485,37.3744,33.2495,37.3067,41.3634,30.1651,30.1553,25.4702,29.1583,35.3972,29.9980,30.3375,24.4271,28.6581,36.6940,34.8424,35.5951,27.0028,32.6393,44.4198,34.8041,35.9688,25.5280,31.6720,46.3236,34.7680,35.8826,25.2041,31.4273,46.9153,34.9127,35.9753,24.9209,31.0147,48.0532,32.5462,33.6496,22.5842,28.1898,46.5209,33.3889,34.7224,22.1582,27.9420,50.1851,11.00000000000,31,103
31,113,00835878,31113,Logan,Logan County,06,H1,G4020,,35820,,A,1478003028.00000000000,1203561.00000000000,+41.5421555,-100.4436647,31113,38.9080,38.7995,38.4863,38.7987,39.1192,37.8236,37.6513,36.9572,37.6514,38.3332,46.4097,46.1087,44.5885,46.1162,47.6211,47.8359,47.4052,45.1250,47.3931,49.7030,59.8336,59.2077,54.9267,59.1508,63.4946,59.2872,58.5905,53.2973,58.4904,63.8542,55.8345,55.1797,49.1272,55.0696,61.1478,69.2156,68.3206,60.8405,68.1668,75.6219,67.7155,66.9109,59.3896,66.7619,74.1838,58.7140,58.5092,49.2416,56.5248,68.8528,46.6473,47.1043,37.8601,44.4747,57.0482,50.6802,51.7046,39.1538,47.3871,64.6026,48.2263,49.7745,35.2604,43.8039,64.1826,48.4441,49.9338,35.0089,43.7087,65.3639,47.8959,49.2936,34.0832,42.4721,65.9183,46.2575,47.7679,31.9963,39.9933,66.1155,43.3686,45.0544,28.6987,36.2369,65.1821,11.00000000000,31,113
31,027,00835835,31027,Cedar,Cedar County,06,H1,G4020,,,,A,1917398625.00000000000,14335209.00000000000,+42.6045112,-097.2568241,31027,450.8544,449.5841,445.9485,449.5755,453.2993,375.2047,373.5379,366.6736,373.5358,380.2725,377.0097,374.6367,362.3013,374.6893,386.8907,440.0232,436.3037,415.3180,436.1754,457.3524,387.6216,383.7456,356.0149,383.3837,411.4563,518.4108,512.8325,466.8298,512.0554,558.4946,454.3337,449.1495,400.0111,448.2860,497.5855,444.3096,438.9679,391.3118,438.0636,485.4562,481.0974,475.2942,421.7782,474.2176,527.0419,409.2451,408.5290,344.5022,394.8660,480.0871,337.8057,341.3536,274.5888,322.3709,413.1643,345.7667,353.0253,267.5996,323.6388,440.7849,342.1421,353.3927,250.6122,311.1017,455.3674,333.5929,344.0995,241.5051,301.3002,450.1271,332.5303,342.4756,237.0543,295.1801,457.6748,310.1042,320.4393,214.8692,268.3725,443.2440,287.5788,298.9272,190.6049,240.4970,432.2357,11.00000000000,31,027
31,115,00835879,31115,Loup,Loup County,06,H1,G4020,,,,A,1471864091.00000000000,7275368.00000000000,+41.8977143,-099.5097643,31115,17.1910,17.1468,17.0104,17.1463,17.2849,26.6167,26.5100,26.0290,26.5091,26.9795,18.7596,18.6568,18.0460,18.6576,19.2598,19.8829,19.7235,18.7748,19.7171,20.6714,17.2181,17.0567,15.8251,17.0410,18.2839,20.5043,20.3083,18.5023,20.2822,22.0969,21.7674,21.5551,19.2290,21.5219,23.8438,17.6836,17.5044,15.6375,17.4753,19.3232,19.3984,19.1794,17.0353,19.1391,21.2528,12.7997,12.7958,10.8081,12.3728,15.0199,11.2640,11.4054,9.1964,10.7782,13.7806,10.4512,10.6920,8.1260,9.8093,13.3259,9.1087,9.4271,6.7043,8.3060,12.1248,8.7173,9.0096,6.3416,7.8961,11.7641,8.7060,8.9835,6.2363,7.7499,11.9838,8.0749,8.3591,5.6217,7.0071,11.5428,6.8932,7.1767,4.5893,5.7788,10.3613,11.00000000000,31,115
31,143,00835893,31143,Polk,Polk County,06,H1,G4020,,,,A,1135308002.00000000000,5949280.00000000000,+41.1879253,-097.5706627,31143,303.1208,302.2629,299.8167,302.2573,304.7639,282.5293,281.2733,276.1039,281.2717,286.3451,255.6253,254.0234,245.6610,254.0583,262.3290,252.0732,249.9448,237.9228,249.8712,262.0020,247.7620,245.3340,227.6097,245.1046,263.0294,391.9334,387.6196,352.7874,387.0137,422.2099,377.3476,372.8396,331.8695,372.0765,413.2471,336.8029,332.6250,296.3853,331.9132,367.9860,340.1347,335.9313,298.0038,335.1494,372.6051,282.7531,282.1264,237.7838,272.6552,331.6668,317.7876,320.9477,258.0058,303.0449,388.6516,325.4388,332.0833,251.5393,304.3760,414.8480,320.8881,331.2527,234.7236,291.5412,427.0633,334.5761,344.9241,241.8895,301.9470,451.4368,345.8524,356.0063,246.2189,306.7649,475.9954,334.6402,345.6190,231.5620,289.3884,478.3021,326.9626,339.7056,216.4237,273.2371,491.4203,11.00000000000,31,143
31,009,00835827,31009,Blaine,Blaine County,06,H1,G4020,,,,A,1841156202.00000000000,9443899.00000000000,+41.9252304,-099.9907710,31009,29.1284,29.0495,28.8163,29.0488,29.2868,21.1681,21.0766,20.6907,21.0763,21.4547,24.1597,24.0273,23.2406,24.0284,24.8039,20.5007,20.3433,19.3649,20.3362,21.3182,22.8989,22.6889,21.0510,22.6682,24.3194,47.7005,47.1991,42.9728,47.1299,51.3922,55.4263,54.8093,48.8266,54.7074,60.7046,38.0358,37.6531,33.6398,37.5909,41.5626,46.1218,45.6617,40.6190,45.5783,50.5381,44.1415,44.1120,37.2443,42.6496,51.7942,50.0442,50.6620,40.8404,47.8731,61.2232,55.2948,56.5447,42.9503,51.8683,70.5008,55.8905,57.8146,41.0864,50.9281,74.3941,61.0969,63.1011,44.3692,55.2842,82.4470,66.5019,68.5638,47.5356,59.1249,91.5351,67.4486,69.7640,46.8541,58.4564,96.4117,67.0614,69.7675,44.5544,56.1556,100.7981,11.00000000000,31,009
31,105,00835874,31105,Kimball,Kimball County,06,H1,G4020,,,,A,2465269246.00000000000,1448446.00000000000,+41.1991550,-103.7111054,31105,205.8297,205.2458,203.5840,205.2420,206.9452,169.9404,169.1826,166.0721,169.1818,172.2349,163.2180,162.1567,156.8098,162.1834,167.4767,211.3034,209.4971,199.4205,209.4369,219.6122,209.8696,207.6721,192.6563,207.4724,222.7092,224.4008,221.8279,201.8283,221.4614,241.7055,221.3877,218.6097,194.4687,218.1319,242.4344,202.8460,200.1574,178.1779,199.6935,221.6166,218.3884,215.5886,191.1445,215.0656,239.2242,200.8252,200.2062,168.5728,193.4382,235.5240,190.3639,192.0629,154.2130,181.2895,232.7820,192.0143,195.7406,148.0725,179.3425,244.7438,187.5592,193.4266,136.8696,170.1668,249.6017,183.0214,188.4981,132.0019,164.9385,246.9307,184.3090,189.5433,130.9035,163.2544,253.6496,176.1513,181.7695,121.6072,152.1295,251.7622,168.6679,175.0999,111.3924,140.7791,253.4968,11.00000000000,31,105
31,073,00835858,31073,Gosper,Gosper County,06,H1,G4020,,30420,,A,1186616260.00000000000,11831826.00000000000,+40.5098384,-099.8240783,31073,93.4027,93.1381,92.3842,93.1364,93.9090,102.8705,102.3982,100.5083,102.3986,104.2556,103.3313,102.6753,99.2933,102.6904,106.0364,131.6806,130.5970,124.3155,130.5566,136.8853,114.0975,112.9479,104.7852,112.8411,121.1076,147.4286,145.7340,132.5922,145.4924,158.7964,128.8963,127.3546,113.3584,127.0935,141.1588,138.1657,136.3935,121.4750,136.0896,150.9544,149.7270,147.7257,130.8922,147.3502,164.0021,142.3105,141.8891,119.4865,137.0972,166.9032,143.0948,144.3978,115.9658,136.3060,174.9843,144.7768,147.6147,111.6947,135.2581,184.5377,144.4286,148.9780,105.4489,131.0748,192.2067,142.7111,147.0160,102.9881,128.6548,192.5474,146.1821,150.3702,103.8883,129.5294,201.1815,144.9993,149.6643,100.1727,125.2763,207.2414,143.0677,148.5644,94.5584,119.4620,215.0239,11.00000000000,31,073
31,083,00835863,31083,Harlan,Harlan County,06,H1,G4020,,,,A,1433470225.00000000000,53339818.00000000000,+40.1787663,-099.4034177,31083,190.9159,190.3766,188.8363,190.3730,191.9509,180.7221,179.9117,176.6015,179.9112,183.1609,177.6939,176.5630,170.7466,176.5892,182.3441,209.3631,207.6485,197.6610,207.5837,217.6435,174.6251,172.8822,160.3895,172.7194,185.3649,289.1997,286.0434,260.3561,285.6014,311.5479,251.0282,248.1656,221.0171,247.6889,274.9258,221.4624,218.6467,194.7564,218.1646,241.9627,272.4092,268.8972,238.3886,268.2408,298.3967,303.1328,302.0450,254.1736,291.7930,355.4711,243.2501,245.4503,197.1071,231.6913,297.4573,248.8661,253.7222,191.9604,232.4759,317.2110,247.7698,255.5466,180.8520,224.8264,329.7317,239.4776,246.6690,172.7640,215.8489,323.1030,242.4120,249.3178,172.2080,214.7472,333.6137,222.0741,229.1813,153.3534,191.8202,317.3985,202.0902,209.8195,133.5059,168.7030,303.7297,11.00000000000,31,083
31,137,00835890,31137,Phelps,Phelps County,06,H1,G4020,,,,A,1398048596.00000000000,1646534.00000000000,+40.5163647,-099.4065568,31137,479.5443,478.1990,474.3351,478.1896,482.1455,508.1050,505.8254,496.5182,505.8240,514.9613,439.6970,436.9512,422.5690,437.0101,451.2333,548.3716,543.6452,517.4962,543.4915,569.9096,516.7886,511.5666,474.5944,511.0821,548.5299,675.7986,668.2023,608.0557,667.1277,727.9573,680.7289,672.6951,598.8627,671.3409,745.5025,688.1787,679.6161,605.5455,678.1564,751.8927,681.4008,672.7964,596.6476,671.1920,746.4274,654.6393,653.1615,550.4767,631.2273,767.8793,610.0625,616.0153,495.0992,581.6183,746.0829,622.6704,635.2718,481.0809,582.2298,793.7260,633.0921,653.4281,462.9023,575.0513,842.5590,644.6596,664.4837,465.8741,581.6446,869.8159,662.7640,682.1080,471.6345,587.7151,912.1504,650.7798,672.0319,450.1479,562.6544,930.1542,631.7002,656.2380,417.9901,527.8006,949.4317,11.00000000000,31,137
31,081,00835862,31081,Hamilton,Hamilton County,06,H1,G4020,,,,A,1406047715.00000000000,10730466.00000000000,+40.8771451,-098.0219432,31081,539.6417,538.1504,533.8139,538.1388,542.5722,496.4973,494.3360,485.2753,494.3300,503.2160,456.7346,453.9056,438.9706,453.9640,468.7309,554.9926,550.3486,523.8776,550.1836,576.8798,542.2917,536.9076,498.1123,536.4028,575.6624,751.8435,743.5562,676.7313,742.3918,809.9190,712.7275,704.4378,627.2301,703.0476,780.5597,655.2474,647.2661,576.8928,645.9113,715.9225,624.2178,616.5616,547.0097,615.1385,683.8149,614.5100,613.3170,517.0822,592.7733,720.8556,615.5057,621.7961,500.0149,587.1641,752.7860,613.4338,626.1341,474.4451,573.9529,781.9865,613.7814,633.7779,449.2636,557.8632,816.8840,622.1510,641.5557,450.0788,561.6832,839.4703,636.1722,655.0024,453.1705,564.4673,875.5738,612.3634,632.6046,424.0062,529.7456,875.2631,586.4223,609.4195,388.4192,490.2376,881.3934,11.00000000000,31,081
31,023,00835833,31023,Butler,Butler County,06,H1,G4020,,,,A,1514900899.00000000000,15292991.00000000000,+41.2260724,-097.1320395,31023,418.7380,417.5615,414.1865,417.5533,421.0091,419.8392,417.9404,410.2421,417.9403,425.5002,404.3859,401.7857,388.5440,401.8485,414.9536,443.5456,439.6912,418.5422,439.5691,460.9463,362.2925,358.6448,332.7258,358.3056,384.5532,488.1173,482.5188,439.0146,481.7213,525.7581,468.9394,463.1837,412.1491,462.2007,513.5350,444.9365,439.3669,391.4473,438.4163,486.1283,393.4513,388.3725,344.3021,387.4232,430.9853,361.6778,360.8136,304.0437,348.6840,424.2296,337.6336,340.7629,273.7187,321.6843,412.8860,321.4867,327.8320,248.1019,300.4045,409.7838,310.0402,319.8435,226.4276,281.4209,412.6074,298.2450,307.2734,215.2848,268.9098,402.3984,291.4546,299.8286,207.1719,258.2830,401.1132,272.4440,281.2271,188.2493,235.4081,389.3941,253.0973,262.8345,167.3042,211.3532,380.3939,11.00000000000,31,023
17,077,00424240,17077,Jackson,Jackson County,06,H1,G4020,166,16060,,A,1512763725.00000000000,47391559.00000000000,+37.7860959,-089.3812119,17077,2822.5005,2814.6800,2791.9877,2814.6200,2837.8248,2935.6554,2922.7318,2869.0850,2922.7066,2975.3396,2959.7219,2941.3109,2844.5140,2941.6985,3037.4157,3153.2664,3126.9704,2976.5679,3126.0268,3277.6785,3112.8285,3082.7960,2860.1198,3079.9317,3304.9563,2435.2234,2409.6737,2193.9359,2406.1479,2623.7065,1446.9820,1430.7424,1274.4566,1428.0538,1584.7632,2476.7770,2447.9587,2183.1569,2443.1140,2706.2018,2590.2966,2560.3252,2273.3502,2554.7917,2837.8231,2440.7784,2437.3256,2056.1180,2356.0312,2863.4853,2656.2028,2684.7081,2160.1860,2535.5991,3248.8542,2672.7834,2729.5302,2069.6671,2502.5372,3407.3524,2562.6839,2647.5950,1878.2150,2330.9940,3410.8112,2527.0242,2607.2323,1830.5112,2283.1884,3409.8461,2476.7315,2551.3955,1766.6451,2199.2901,3408.8728,2429.6717,2511.2339,1684.5426,2103.4384,3472.8652,2500.5208,2599.6692,1658.1696,2091.7220,3758.3532,11.00000000000,17,077
17,107,00424255,17107,Logan,Logan County,06,H1,G4020,,30660,,A,1600764560.00000000000,2247126.00000000000,+40.1290697,-089.3653078,17107,1576.5285,1572.0821,1559.3670,1572.0521,1585.0768,1396.6573,1390.4760,1364.9363,1390.4664,1415.5281,1336.3498,1327.9919,1284.2782,1328.1721,1371.4041,1456.8950,1444.6778,1375.1908,1444.2464,1514.3336,1351.5818,1338.4773,1241.7908,1337.2312,1434.9607,1164.7580,1151.9925,1048.5072,1150.2024,1254.7501,1244.6800,1229.8094,1094.6690,1227.2924,1363.0944,1658.0428,1637.0555,1458.2772,1633.4653,1811.5294,1640.2037,1619.4791,1436.1690,1615.6143,1796.7282,1528.3301,1524.7148,1284.8533,1473.4679,1792.6618,1303.6675,1316.0239,1057.3593,1242.4271,1594.2759,1292.5067,1318.2868,997.9422,1208.0872,1647.5291,1262.4070,1302.5759,922.3892,1146.1927,1680.0575,1221.8333,1259.0197,882.3108,1101.9082,1648.5410,1182.6587,1216.7905,840.9242,1048.2485,1627.6414,1151.3743,1188.6067,795.7617,995.0004,1645.6242,1110.5918,1153.3946,734.2670,927.5121,1669.1745,11.00000000000,17,107
17,067,00424235,17067,Hancock,Hancock County,06,H1,G4020,,,,A,2055740516.00000000000,53535882.00000000000,+40.4057924,-091.1679875,17067,1058.2870,1055.2976,1046.7598,1055.2777,1064.0245,973.8604,969.4990,951.6644,969.4958,987.0039,968.5465,962.4715,930.7858,962.6042,993.9431,1001.9589,993.3756,945.5950,993.0913,1041.3458,845.3991,836.8951,776.4140,836.1040,897.3491,900.4933,890.2446,810.0304,888.7885,969.9573,766.5615,757.3051,673.9995,755.7328,839.4782,705.4975,696.7363,620.8167,695.2433,770.8159,728.4665,719.2911,637.9039,717.5807,797.9875,615.6890,614.1273,517.4147,593.4576,722.1497,506.0068,510.8460,410.4801,482.2910,618.8109,477.7425,487.3123,368.9357,446.5904,608.9725,435.2057,449.0893,318.0481,395.1864,579.1908,401.9771,414.2466,290.3369,362.5673,542.3651,377.9895,388.9343,268.8307,335.0763,520.2133,345.7876,356.9998,239.0417,298.8625,494.2257,315.4103,327.5915,208.5781,263.4461,474.0504,11.00000000000,17,067
17,037,00422190,17037,DeKalb,DeKalb County,06,H1,G4020,176,16980,16974,A,1635077221.00000000000,8684327.00000000000,+41.8946125,-088.7689910,17037,5459.0348,5443.7733,5399.8145,5443.6634,5488.6542,5287.9708,5264.5417,5167.8308,5264.5068,5359.4113,5396.0145,5362.0195,5185.4613,5362.7757,5537.4209,5891.8229,5842.2637,5561.2586,5840.5299,6124.0129,5196.6540,5145.7362,4773.9810,5140.9248,5516.8836,3954.9324,3910.7498,3558.9069,3904.5125,4260.2568,2873.8274,2838.9307,2526.4668,2832.9916,3147.1685,5132.3667,5069.6818,4518.3165,5059.0354,5607.6073,5197.8428,5134.3694,4555.4673,5122.5772,5694.1397,4592.1949,4583.1232,3863.8409,4429.5639,5386.8708,4572.8582,4619.3194,3714.3493,4361.9546,5592.7287,4589.7924,4684.5263,3549.3500,4294.0237,5850.8904,4368.0037,4510.0961,3196.8386,3969.7908,5813.3737,4211.9766,4343.2050,3046.7989,3802.4276,5683.2204,4137.7936,4260.1850,2947.3662,3671.3031,5694.9027,4126.0796,4262.3306,2856.7010,3569.2374,5897.4774,4168.7599,4332.0500,2760.8514,3484.7657,6265.6393,11.00000000000,17,037
17,119,00424258,17119,Madison,Madison County,06,H1,G4020,476,41180,,A,1853347576.00000000000,64697196.00000000000,+38.8270818,-089.9001954,17119,16461.5601,16415.6372,16283.1308,16415.3020,16550.8905,16237.7815,16166.2265,15869.4572,16166.0931,16457.2648,15537.0919,15440.4557,14932.3217,15442.4890,15944.9537,17540.2077,17393.6589,16557.0500,17388.4288,18232.0802,18429.6419,18249.3979,16930.9947,18232.3466,19565.5377,15113.3485,14946.3220,13602.7854,14922.8316,16280.6402,12523.0948,12375.9154,11018.1334,12351.1429,13714.7781,12875.2504,12718.1905,11335.1876,12691.5223,14067.4685,13192.4929,13031.9842,11563.2290,13002.1766,14452.2015,12213.5404,12189.4970,10276.5400,11781.1062,14327.1043,10758.3233,10867.3074,8737.9894,10261.7372,13157.6664,10207.3714,10417.8642,7893.1718,9549.3662,13011.9407,9560.9543,9871.8085,6997.1513,8689.1128,12724.6543,8877.3726,9153.8602,6421.4199,8014.0645,11978.2315,8100.9286,8340.5860,5770.3938,7187.6902,11149.4239,7466.7487,7713.5007,5169.9500,6459.2937,10672.3671,6934.3833,7206.3087,4592.9915,5796.9922,10422.3860,11.00000000000,17,119
17,137,00424270,17137,Morgan,Morgan County,06,H1,G4020,,27300,,A,1473161231.00000000000,9079454.00000000000,+39.7168060,-090.2022771,17137,1968.7421,1963.2409,1947.3889,1963.2012,1979.4244,1840.6855,1832.5002,1798.8209,1832.4901,1865.5445,1876.2306,1864.4925,1803.1179,1864.7460,1925.4448,2200.1571,2181.5926,2076.6607,2180.9489,2286.8257,2183.2099,2161.8241,2005.6431,2159.8030,2317.7480,1775.8797,1755.5811,1597.3417,1752.6930,1912.8456,1539.6233,1521.1929,1354.0010,1518.0713,1686.0934,1841.4947,1818.1956,1619.6457,1814.2103,2011.9643,1781.9887,1759.1863,1559.7687,1754.9282,1952.0089,1661.4966,1656.9363,1395.6711,1601.0753,1948.7072,1419.0812,1432.1877,1150.3650,1351.9883,1735.3613,1354.9052,1381.5639,1045.4793,1265.9496,1727.0229,1256.1346,1295.7173,917.1444,1140.0129,1671.6757,1148.7862,1183.3572,828.8848,1035.5319,1549.9482,1038.7682,1068.3649,737.9421,920.2262,1429.5806,967.3254,998.2563,667.9390,835.5096,1382.5440,892.2308,926.3001,589.3310,744.7574,1340.9671,11.00000000000,17,137
17,155,00424279,17155,Putnam,Putnam County,06,H1,G4020,,36860,,A,414813807.00000000000,31243045.00000000000,+41.1989402,-089.2983864,17155,345.7704,344.8128,342.0332,344.8055,347.6478,302.8216,301.4657,295.9202,301.4647,306.9086,295.7069,293.8149,284.1338,293.8597,303.4399,318.6325,315.8855,300.6916,315.7963,331.1468,272.8368,270.0827,250.5634,269.8270,289.5963,307.5675,303.8581,276.3461,303.3210,331.2324,249.9909,246.8324,219.5554,246.2879,273.7544,231.1295,228.0490,202.9895,227.5168,252.5164,219.3979,216.4328,191.7366,215.8759,240.3116,177.4675,176.8554,148.8492,170.8593,208.1147,155.1869,156.5525,125.6821,147.7649,189.7635,139.4706,142.1554,107.5152,130.2390,177.7683,122.8479,126.6694,89.6103,111.4292,163.4827,108.6547,111.8920,78.3415,97.9015,146.5946,96.7546,99.4887,68.6950,85.6845,133.1544,84.9913,87.6961,58.6637,73.3935,121.4725,73.1550,75.9468,48.3172,61.0616,109.9473,11.00000000000,17,155
17,203,01785231,17203,Woodford,Woodford County,06,H1,G4020,426,37900,,A,1366993724.00000000000,38442098.00000000000,+40.7895956,-089.2103006,17203,2419.6328,2412.8612,2393.3734,2412.8130,2432.7601,2318.8635,2308.5654,2266.1441,2308.5519,2350.1844,2463.7585,2448.2374,2367.6232,2448.5827,2528.3235,2695.8236,2673.0813,2544.5096,2672.2926,2802.0206,2706.2071,2679.1877,2485.5848,2676.6630,2872.6379,2767.5382,2736.5442,2490.2935,2732.1649,2981.1724,2660.1859,2628.7971,2340.2764,2623.5067,2913.3117,2676.3685,2643.5817,2355.9742,2638.0098,2924.1860,2786.7209,2752.7527,2442.4420,2746.4432,3052.8081,2475.5127,2470.5446,2082.7389,2387.7469,2903.8792,2071.5265,2092.5812,1682.6313,1975.9958,2533.5339,2067.8504,2110.5442,1599.1202,1934.6135,2636.0175,1998.0137,2063.0191,1462.3152,1815.8748,2659.1561,1910.5051,1970.0504,1382.0310,1724.7658,2577.8465,1835.4481,1889.7767,1307.4634,1628.5700,2526.1557,1723.4495,1780.4324,1193.3605,1490.9478,2463.3615,1590.8854,1653.3070,1053.7886,1329.9901,2391.1049,11.00000000000,17,203
17,053,00424228,17053,Ford,Ford County,06,H1,G4020,,16580,,A,1257738509.00000000000,1621586.00000000000,+40.5944228,-088.2247456,17053,754.8125,752.7045,746.6274,752.6892,758.9082,724.5873,721.3573,708.0954,721.3539,734.3709,694.4878,690.1759,667.4645,690.2659,712.7230,731.0676,724.8626,689.9976,724.6513,759.8426,737.3845,729.9718,677.2183,729.2820,782.7001,800.6474,791.4681,720.1114,790.1608,862.3897,763.3124,754.0086,670.9882,752.4232,835.9100,731.3290,722.2375,643.5296,720.6879,799.0385,707.0671,698.1896,619.2189,696.5352,774.5493,647.2302,645.8011,544.3040,624.1227,759.1964,558.3187,563.8566,453.2639,532.3998,682.8168,541.1295,552.1677,418.2339,506.0942,689.7952,517.4349,534.1375,378.4764,470.0998,688.6423,499.7553,515.1993,361.2875,451.0010,674.3086,483.7867,497.9766,344.3930,429.0928,665.8327,458.2984,473.3270,317.1176,396.3159,655.0465,430.3959,447.1679,284.8846,359.6719,646.8790,11.00000000000,17,053
17,045,00424224,17045,Edgar,Edgar County,06,H1,G4020,,,,A,1614531997.00000000000,1610636.00000000000,+39.6790370,-087.7471102,17045,976.3388,973.5897,965.7176,973.5710,981.6334,1040.9577,1036.3016,1017.2410,1036.2978,1055.0084,923.1198,917.3765,887.1860,917.4975,947.3515,987.0693,978.8371,931.7566,978.5418,1026.0137,916.0583,907.1617,841.6306,906.3166,972.5600,914.8505,904.9321,823.7096,903.5467,985.5657,782.3205,773.2666,688.5555,771.7509,856.7814,705.1532,696.6032,620.9049,695.1532,770.4518,686.2270,677.9726,601.6594,676.4416,751.7642,560.1203,558.9267,471.1246,540.1762,657.0275,499.8466,504.9399,406.0312,476.8118,611.3282,465.6540,475.2901,360.1404,435.6785,593.6008,417.7193,431.3324,305.7611,379.6685,555.9445,378.1485,389.9583,273.5882,341.4153,510.2383,340.0724,350.1661,242.2956,301.7770,468.0492,295.5014,305.3030,204.6683,255.6762,422.3683,257.4733,267.6056,170.6011,215.2858,386.9849,11.00000000000,17,045
17,165,00424283,17165,Saline,Saline County,06,H1,G4020,,25380,,A,983725654.00000000000,18029169.00000000000,+37.7516531,-088.5450310,17165,1567.9265,1563.5521,1550.9309,1563.5202,1576.4350,1507.3996,1500.7561,1473.2056,1500.7437,1527.7746,1470.5186,1461.4078,1413.3219,1461.5962,1509.1408,1688.3574,1674.2996,1593.7685,1673.7929,1754.9855,1748.2586,1731.0971,1606.0308,1729.4773,1855.9694,1810.4626,1790.2431,1629.1821,1787.3890,1950.2337,1459.8579,1442.8225,1284.6369,1439.9625,1598.7902,1455.5849,1437.5084,1280.8704,1434.4279,1590.3500,1373.9960,1356.5672,1202.9468,1353.3157,1505.1080,1359.4976,1356.1205,1142.6272,1310.4967,1594.5900,1091.4774,1101.8728,885.3471,1040.2676,1334.7933,1032.8313,1053.4785,797.5288,965.4311,1316.5324,965.7568,996.5307,705.7148,876.9070,1285.2684,889.0998,916.2133,642.1301,801.9016,1199.6100,810.5127,833.9628,576.4139,718.4715,1115.4779,719.5927,742.9208,497.4434,621.9345,1028.4959,638.2724,662.9277,422.0932,533.1227,959.3010,11.00000000000,17,165
17,147,00424275,17147,Piatt,Piatt County,06,H1,G4020,,16580,,A,1137528578.00000000000,672948.00000000000,+40.0090561,-088.5923282,17147,953.2946,950.6582,942.9965,950.6377,958.4710,940.9352,936.7895,919.5929,936.7817,953.6539,933.5996,927.7045,897.1544,927.8369,958.0577,1013.9091,1005.3436,956.9878,1005.0477,1053.8425,983.4151,973.6593,903.3064,972.7442,1043.9362,1086.8724,1074.6229,977.8725,1072.8884,1170.7487,988.6179,976.9583,869.7383,974.9935,1082.6889,935.9018,924.2470,823.5043,922.2597,1022.5503,856.1146,845.4026,749.8189,843.4071,937.8263,785.9687,784.3048,661.1085,757.9964,921.9530,680.1461,686.9041,552.1884,648.5862,831.8122,647.4497,660.6688,500.4291,605.5460,825.3265,616.5648,636.4799,451.0062,560.1771,820.5731,580.2364,598.1799,419.4911,523.6466,782.9010,546.7772,562.8268,389.2552,484.9774,752.5272,499.6523,516.0483,345.7523,432.0911,714.1545,449.7926,467.3305,297.7414,375.8936,676.0326,11.00000000000,17,147
17,095,00424249,17095,Knox,Knox County,06,H1,G4020,,23660,,A,1855453788.00000000000,8849496.00000000000,+40.9309412,-090.2137611,17095,2863.9005,2855.9117,2832.8590,2855.8533,2879.4419,2692.6534,2680.8173,2631.6203,2680.7931,2729.0580,2744.9979,2727.9440,2638.1738,2728.3011,2817.0672,2725.7327,2703.2893,2573.2662,2702.4541,2833.4601,2670.6590,2645.0521,2454.0089,2642.6005,2835.6007,2247.1939,2222.2606,2022.4372,2218.7491,2420.7291,2400.2371,2371.0177,2109.9887,2366.0408,2628.5246,2677.7600,2644.3073,2355.9721,2638.5997,2925.6684,2490.4179,2459.0510,2180.8121,2453.2035,2728.0904,2339.8602,2334.2906,1967.0371,2255.8238,2744.5413,2020.1200,2039.6312,1639.0868,1925.6802,2470.4963,1927.8548,1966.6247,1489.0487,1802.3372,2457.4314,1798.7930,1856.2708,1314.7180,1633.5032,2393.9209,1683.3598,1734.8166,1215.9751,1518.4199,2271.2691,1566.5653,1611.9772,1114.2503,1388.7783,2156.0113,1477.3264,1525.2893,1021.3770,1276.9217,2111.5109,1375.6677,1428.8603,909.8313,1149.1036,2067.5836,11.00000000000,17,095
17,189,01785150,17189,Washington,Washington County,06,H1,G4020,,,,A,1457055371.00000000000,3454799.00000000000,+38.3531405,-089.4171873,17189,856.7087,854.3322,847.4430,854.3141,861.3597,824.1109,820.4093,805.3114,820.4073,835.2302,829.0461,823.7778,796.6426,823.8992,850.7464,846.6767,839.4407,799.0644,839.1993,879.9703,847.3804,838.8602,778.2374,838.0674,899.4546,866.2089,856.6213,779.6097,855.2722,933.1070,687.3805,679.2517,604.6851,677.8806,752.7850,680.2731,671.8060,598.5836,670.3624,743.2550,664.8334,656.6879,582.6183,655.1740,728.3094,604.2656,602.9367,508.1815,582.6986,708.8005,511.9285,516.9667,415.5334,488.1136,626.0758,487.2883,497.1908,376.5550,455.6918,621.1575,451.5794,466.1262,330.2551,410.2311,600.9941,418.3801,431.2810,302.4100,377.5284,564.5083,387.2208,398.5543,275.6086,343.4136,532.9277,343.8216,355.0726,237.8640,297.2919,491.4230,309.5421,321.5823,204.8501,258.6498,465.2360,11.00000000000,17,189
17,105,00424254,17105,Livingston,Livingston County,06,H1,G4020,,38700,,A,2704686611.00000000000,4252873.00000000000,+40.8943761,-088.5528518,17105,1964.1270,1958.6166,1942.7905,1958.5780,1974.7811,1693.3622,1685.7722,1654.7579,1685.7671,1716.2145,1612.0815,1601.9041,1549.1526,1602.1325,1654.3154,1678.4548,1664.3085,1584.2574,1663.8164,1744.5829,1529.5499,1514.2613,1404.8365,1512.8337,1623.6054,1726.7113,1707.0684,1553.2615,1704.2781,1859.9123,1614.2539,1594.7082,1419.2383,1591.3849,1767.7983,1531.3964,1511.8454,1346.5741,1508.4953,1673.1495,1468.9926,1450.1795,1285.7739,1446.6659,1609.1478,1243.6337,1240.3804,1044.9509,1198.6061,1458.6503,996.8197,1006.2737,808.4961,950.0010,1219.0278,944.5967,963.4408,729.3274,882.9051,1204.0566,873.7988,901.6020,638.4482,793.3583,1162.8834,802.0494,826.4609,579.1783,723.3284,1082.1538,747.2807,768.8465,531.3491,662.3505,1028.4497,681.2582,703.2405,470.7608,588.6732,973.6981,605.4677,628.7444,400.2005,505.5854,909.9898,11.00000000000,17,105
17,079,00424241,17079,Jasper,Jasper County,06,H1,G4020,,,,A,1280774187.00000000000,9348767.00000000000,+39.0048737,-088.1507629,17079,603.9767,602.3028,597.4467,602.2900,607.2558,531.5689,529.1753,519.4338,529.1745,538.7394,628.0520,624.0226,603.4586,624.1190,644.4697,664.8023,658.9966,627.2991,658.8155,690.8649,603.3388,597.2494,554.0853,596.6840,640.4007,602.1673,595.4759,541.9249,594.5330,648.6656,541.6039,535.1242,476.3128,534.0269,593.1291,552.7940,545.9272,486.4384,544.7569,603.9743,571.2707,563.9937,500.0946,562.6355,625.7798,528.7276,527.3464,444.2617,509.5867,620.1418,432.9048,437.0251,351.1441,412.5904,529.4090,422.6937,431.1443,326.3954,395.1103,538.8004,398.1362,410.8255,290.9376,361.5109,529.8560,377.0155,388.5167,272.2969,340.0449,508.6851,359.2767,369.6774,255.5180,318.4851,494.4593,331.2704,342.0140,229.0097,286.3181,473.4769,305.8898,317.7084,202.2913,255.5003,459.7417,11.00000000000,17,079
49,035,01448031,49035,Salt Lake,Salt Lake County,06,H1,G4020,482,41620,,A,1922501205.00000000000,168569885.00000000000,+40.6678820,-111.9242439,49035,62599.7847,62424.0273,61919.5574,62422.8026,62939.3257,74807.3324,74474.2422,73105.2612,74473.8638,75817.5069,88296.8835,87740.3569,84851.2272,87752.7632,90610.6252,100376.3277,99527.7731,94740.6094,99498.5250,104329.3398,99698.4060,98718.2052,91585.9885,98625.7687,105839.8521,99842.3772,98731.1934,89851.2151,98574.5342,107551.5237,98424.3666,97260.4539,86583.4590,97064.1355,107789.4893,106219.6302,104913.4230,93494.4376,104691.2666,116054.7106,114982.3601,113560.0642,100737.4639,113295.4481,125958.8219,105863.6622,105635.0068,89037.8054,102090.4001,124178.5469,122917.6180,124131.2195,99779.2782,117204.3733,150325.8210,125712.5909,128271.0475,97151.8004,117565.9608,160249.1724,123733.5769,127721.9746,90494.8666,112407.2783,164673.7021,125360.5845,129229.0168,90617.1222,113123.7693,169145.7134,127197.0017,130922.3245,90538.0808,112809.9624,175060.0288,127299.6853,131468.9087,88075.2542,110076.5361,181949.2456,126403.6191,131324.6311,83659.6573,105626.7104,189982.5669,11.00000000000,49,035
49,053,01448040,49053,Washington,Washington County,06,H1,G4020,,41100,,A,6284236933.00000000000,9307859.00000000000,+37.2625308,-113.4878003,49053,7898.0653,7876.1052,7812.5680,7875.9410,7940.9353,9632.0911,9589.6267,9413.5766,9589.5489,9762.2806,11747.5155,11673.7075,11289.3667,11675.3311,12055.4806,13892.2536,13775.9547,13113.3509,13771.8276,14440.0868,13491.0267,13360.1409,12395.0485,13347.6996,14323.2330,13910.3075,13757.5597,12521.5095,13736.1264,14984.9674,13753.9991,13592.2465,12100.9237,13565.0152,15062.8017,15354.2510,15166.4270,13516.6730,15134.5163,16775.9880,16799.5901,16592.0600,14718.8546,16553.4545,18403.3488,14755.9927,14723.6897,12409.9141,14229.5158,17308.7404,15798.5778,15955.2535,12825.8229,15065.1222,19321.4617,16394.6495,16728.9940,12671.1306,15333.0804,20898.7776,16200.3124,16723.1815,11849.5522,14718.2147,21560.6208,16185.9228,16686.0585,11701.1686,14606.8115,21839.2958,16262.7053,16739.6496,11576.8285,14424.0772,22382.2585,16082.7802,16610.1201,11128.3245,13907.6068,22987.1356,15821.4795,16437.9767,10472.3587,13221.5874,23779.4583,11.00000000000,49,053
49,005,01448017,49005,Cache,Cache County,06,H1,G4020,,30860,,A,3016851000.00000000000,21264707.00000000000,+41.7342254,-111.7445805,49005,4679.7156,4666.6059,4628.9086,4666.5131,4705.1026,5626.9279,5602.0562,5499.1771,5602.0150,5702.9645,6854.0598,6811.2070,6587.0049,6812.1297,7033.8596,6773.5073,6716.7183,6393.6535,6714.7121,7040.5627,4436.6284,4393.4293,4076.0487,4389.3318,4710.2027,6818.5558,6742.7200,6136.3059,6732.0310,7345.0526,7154.5047,7067.9856,6290.3741,7053.2814,7835.0390,10095.1275,9970.3658,8884.5522,9949.1254,11029.8182,10818.0239,10683.9628,9477.3341,10659.0157,11850.7058,9358.7464,9336.9347,7868.4012,9023.2007,10977.4641,9582.9367,9676.2838,7776.7974,9135.9295,11719.5363,10072.8139,10276.5201,7782.0973,9418.4327,12839.9265,9978.5974,10298.9697,7295.8506,9063.5790,13280.1352,10154.4485,10466.5575,7338.0176,9161.6635,13701.0169,10730.6277,11043.6907,7635.8736,9515.3649,14768.3645,10841.0539,11194.9776,7498.6284,9372.8799,15495.0222,10869.3041,11291.4345,7191.9775,9081.4670,16336.3226,11.00000000000,49,005
49,023,01455158,49023,Juab,Juab County,06,H1,G4020,,39340,,A,8785958124.00000000000,36571957.00000000000,+39.7108265,-112.7942622,49023,515.1736,513.7102,509.5498,513.7009,517.9655,607.9713,605.2384,594.0991,605.2371,616.1738,710.0298,705.5288,682.2911,705.6315,728.6210,691.9323,686.0519,653.0535,685.8524,719.1621,650.3367,643.9679,597.4445,643.3659,690.4141,830.0185,820.7493,746.9101,819.4409,894.0977,862.0479,851.7135,758.0896,849.9623,944.0560,821.6509,811.1520,722.4699,809.3528,897.7061,845.1808,834.3205,739.6972,832.2915,925.8143,682.6977,680.9023,573.6129,657.9679,800.7296,570.8490,576.3538,463.1606,544.1511,698.1157,577.4727,589.0920,446.0426,539.8826,736.1037,546.3417,563.8236,399.3569,496.1694,727.1002,526.2052,542.3212,380.1579,474.6857,709.9838,506.4262,521.1436,360.2704,448.9996,696.9804,460.5141,475.4951,318.4379,398.0812,658.2050,410.3453,426.2385,271.4391,342.7965,616.7373,11.00000000000,49,023
06,045,00277287,06045,Mendocino,Mendocino County,06,H1,G4020,,46380,,A,9081386386.00000000000,962952644.00000000000,+39.4323876,-123.4428811,06045,4932.4342,4918.7002,4879.0101,4918.5986,4959.2042,4963.4319,4941.6123,4850.9253,4941.5677,5030.5368,5061.9942,5030.5922,4865.0577,5031.2451,5194.9219,5476.3133,5431.2264,5169.9946,5429.5480,5692.7529,4712.5761,4667.1896,4330.0768,4662.8563,5003.4952,4749.3423,4697.5519,4275.7302,4690.3026,5116.3645,4288.2918,4239.1186,3775.1307,4230.9136,4696.5017,4294.7809,4243.6780,3783.4982,4235.0456,4692.5425,4645.5100,4589.4708,4072.7131,4579.0740,5089.1533,4333.8523,4326.1348,3647.9923,4181.4136,5084.0269,3499.9638,3536.4033,2844.4204,3339.6449,4280.6928,3424.2306,3495.7735,2649.5218,3204.6621,4365.1819,3277.4712,3384.8908,2400.0777,2979.6843,4362.0554,3069.8549,3166.2487,2221.9214,2772.3128,4142.2225,2933.7541,3021.2364,2090.9587,2603.9005,4037.8232,2747.1278,2838.5183,1903.1751,2377.2308,3926.5650,2543.5477,2643.8180,1685.6603,2126.9975,3822.9876,11.00000000000,06,045
06,067,00277298,06067,Sacramento,Sacramento County,06,H1,G4020,472,40900,,A,2498415670.00000000000,76077248.00000000000,+38.4500114,-121.3404409,06067,95625.6094,95360.0195,94590.8848,95358.0181,96144.6968,98571.7842,98139.5571,96339.1143,98138.5972,99904.7729,102588.4629,101951.9883,98597.1851,101965.2280,105282.3901,124524.1724,123488.6128,117549.0103,123451.1509,129439.1162,135536.9043,134216.2827,124520.4443,134091.0723,143893.8711,135870.6948,134368.0029,122288.8535,134156.6108,146364.4556,120963.3545,119545.3413,106433.0620,119306.8828,132474.5034,122045.7432,120561.5186,107455.9556,120309.6577,133347.1587,131411.3765,129805.8965,115169.4580,129507.6138,143958.6216,123976.3071,123726.6768,104304.3091,119579.8921,145429.1636,117709.6709,118894.5327,95591.4189,112266.9165,143960.2915,117932.2100,120355.3213,91179.3105,110318.7246,150334.0996,115599.1265,119347.9775,84584.3777,105045.8584,153849.7856,112818.5615,116322.1899,81589.4663,101834.2783,152225.0850,109037.4834,112252.5674,77650.0911,96731.8672,150068.9888,104026.3916,107453.7271,72009.0886,89977.5330,148686.1865,99288.1572,103171.9380,65746.2268,82990.7942,149229.6108,11.00000000000,06,067
06,039,00277284,06039,Madera,Madera County,06,H1,G4020,260,31460,,A,5534982985.00000000000,41957504.00000000000,+37.2100387,-119.7498519,06039,8130.5851,8107.8510,8042.3773,8107.6879,8174.6992,8358.4983,8321.2693,8168.3019,8321.2279,8471.3653,8544.8968,8491.0943,8211.5103,8492.2885,8768.8390,9352.4697,9272.9026,8826.8855,9270.2113,9720.4657,9609.5308,9513.1622,8825.6865,9504.1810,10200.2338,10217.5298,10103.9472,9195.2729,10087.9402,11006.4962,9850.8567,9737.9744,8672.1830,9719.1431,10788.5856,9970.3737,9852.9025,8785.6280,9833.1002,10893.8490,10835.0425,10706.9679,9504.0996,10683.2623,11870.1013,10107.3360,10091.1589,8511.0634,9754.0724,11857.3222,7881.6871,7965.6139,6408.7180,7522.9998,9640.1409,8296.8851,8471.8681,6422.6342,7766.9308,10577.0007,8470.5249,8749.5602,6205.3464,7702.6755,11273.7251,8453.2640,8719.9300,6120.4915,7635.5091,11406.2850,8525.6392,8780.9095,6078.2575,7568.3901,11734.2040,8332.6728,8610.7557,5774.3172,7211.7863,11910.2391,7931.7586,8245.1901,5257.8736,6633.7159,11921.5904,11.00000000000,06,039
06,115,00277322,06115,Yuba,Yuba County,06,H1,G4020,472,49700,,A,1636454192.00000000000,30998568.00000000000,+39.2700256,-121.3442802,06115,3838.1320,3827.3776,3796.4587,3827.3017,3858.9533,3705.6745,3689.3390,3621.6093,3689.3088,3755.7617,4125.4016,4099.5434,3964.5854,4100.1063,4233.5849,4806.9044,4766.6999,4537.4288,4765.2697,4996.4853,5250.4242,5198.7717,4823.1669,5193.9027,5573.8304,5322.7065,5263.0034,4789.3475,5254.5633,5733.5543,4923.7092,4864.5090,4329.6267,4854.4672,5392.0904,5001.4009,4938.3325,4399.2697,4927.5519,5464.3992,5297.3305,5230.3948,4638.3604,5217.9123,5802.8537,4924.0366,4912.1591,4139.1798,4746.9954,5775.6157,3749.9400,3785.5728,3041.6037,3573.8976,4585.8762,3791.0264,3866.7917,2927.3083,3543.6068,4832.3540,3705.9640,3824.0614,2708.0981,3365.0227,4932.0480,3523.5969,3631.0125,2544.7639,3177.9726,4754.1782,3339.4339,3435.9728,2374.7735,2960.1102,4595.9297,3104.1445,3204.6256,2145.5803,2682.6822,4436.6658,2861.6653,2972.0139,1892.0924,2389.9950,4300.9705,11.00000000000,06,115
06,107,00277318,06107,Tulare,Tulare County,06,H1,G4020,,47300,,A,12494658169.00000000000,37391616.00000000000,+36.2304529,-118.7805422,06107,25015.5369,24945.4224,24743.8923,24944.9287,25151.2389,26358.3971,26241.2267,25758.9646,26241.0800,26714.3886,27914.3003,27738.7668,26825.4715,27742.6410,28645.9993,32173.5401,31902.6338,30368.1592,31893.1841,33441.2861,32338.4357,32019.8956,29706.4630,31989.8908,34330.0963,34566.6156,34183.5745,31110.1331,34129.6535,37236.0977,31899.6531,31526.9094,28069.9683,31464.2985,34935.4349,33300.4251,32894.2439,29317.2898,32825.2770,36383.9696,36350.8698,35905.9711,31856.5331,35823.2965,39821.5795,33037.8735,32971.1828,27795.2724,31866.0868,38754.7055,27457.0144,27733.7897,22298.3906,26187.9289,33580.3103,28440.8669,29025.4200,21989.3927,26605.0154,36255.0213,28450.7975,29373.5135,20817.6790,25853.5490,37864.9037,27774.1298,28636.7469,20086.1640,25070.0773,37475.3946,27230.7065,28033.6350,19392.1136,24157.5408,37477.7970,26042.5205,26900.5389,18027.1414,22525.4563,37222.8903,24685.3566,25651.0051,16346.1391,20633.5133,37101.9712,11.00000000000,06,107
13,033,00347944,13033,Burke,Burke County,06,H1,G4020,,12260,,A,2141836337.00000000000,20758796.00000000000,+33.0637365,-082.0038904,13033,1327.2312,1323.5867,1312.9330,1323.5570,1334.4418,1347.5520,1341.6406,1317.0258,1341.6276,1365.7743,1174.2872,1167.0119,1128.6128,1167.1623,1205.1292,1293.2543,1282.4805,1220.7952,1282.0927,1344.2867,1287.3173,1274.8109,1182.7212,1273.6230,1366.7152,1325.1105,1310.2404,1192.3181,1308.1380,1427.3909,1081.5139,1068.8780,951.6763,1066.7556,1184.4381,1060.7752,1047.8536,933.9261,1045.6602,1159.0016,965.2817,953.5253,846.0467,951.3418,1057.4519,884.0079,882.4250,744.0924,852.9031,1037.0244,736.5470,744.1159,598.4172,702.6840,900.8307,695.4694,709.9155,537.9763,650.7682,886.5687,664.3137,686.0118,486.3458,603.8611,884.1424,627.3990,647.0318,453.9867,566.5031,846.5572,590.0918,607.6313,420.4740,523.6737,812.1584,551.0737,569.3560,381.6873,476.8089,787.6652,514.3566,534.5867,340.7915,430.0646,773.0822,11.00000000000,13,033
13,151,01671894,13151,Henry,Henry County,06,H1,G4020,122,12060,,A,834304554.00000000000,11447521.00000000000,+33.4528811,-084.1544404,13151,16568.7885,16522.8100,16389.5648,16522.4613,16658.7351,16982.5086,16908.7557,16598.9309,16908.5399,17212.3674,14973.3472,14881.4876,14392.0364,14883.3004,15367.1238,15546.0231,15418.8336,14677.2191,15414.0143,16160.9586,16917.0817,16754.4187,15544.2649,16738.8733,17961.5900,20474.3149,20250.3416,18431.4902,20218.9565,22056.3343,20802.3142,20561.8832,18309.6179,20521.6520,22782.3033,20634.9562,20387.8061,18175.3578,20345.9993,22545.9709,20730.3056,20481.2459,18176.1701,20435.0599,22710.1596,19110.5938,19076.1878,16085.5441,18437.9348,22418.4792,22241.2183,22468.3038,18067.5966,21216.8297,27201.7891,22183.8583,22642.9042,17157.1301,20755.7902,28279.2695,21914.9997,22628.8337,16040.6679,19918.2699,29166.7429,22415.0627,23113.9582,16215.2022,20236.2238,30244.6958,22752.5513,23425.8400,16207.2430,20187.8257,31314.6766,22400.7201,23140.8166,15509.8661,19378.0706,32017.7667,21806.2981,22661.0240,14442.7192,18229.1108,32774.8655,11.00000000000,13,151
13,179,00357095,13179,Liberty,Liberty County,06,H1,G4020,496,25980,,A,1268578765.00000000000,291960039.00000000000,+31.8072445,-081.4579687,13179,2304.6100,2298.2692,2279.7637,2298.2182,2317.1288,1967.8157,1959.0787,1923.0803,1959.0670,1994.3956,1909.7779,1897.3364,1834.7691,1897.6515,1959.5949,2606.7704,2583.3905,2459.1285,2582.7225,2708.5722,3172.0240,3138.3296,2911.3698,3135.2936,3365.7682,3675.0324,3630.8771,3302.2364,3624.4920,3957.8465,3308.6646,3266.2859,2904.8217,3258.9494,3623.1114,3399.9709,3354.0422,2984.8640,3346.0887,3714.5410,3601.7453,3552.9434,3147.4044,3543.7761,3945.0595,3378.9109,3366.9412,2833.4615,3252.7027,3962.3443,2988.7002,3014.7530,2420.0458,2845.4536,3654.5596,3089.2991,3148.8394,2381.6040,2884.9070,3937.6083,3142.8688,3240.9928,2293.1476,2851.1859,4182.4786,3221.2496,3317.7056,2323.3978,2903.0653,4346.0833,3276.1367,3369.4144,2327.2546,2902.1865,4508.7017,3249.4541,3353.5328,2244.0603,2806.8756,4644.2755,3228.5106,3352.1945,2133.1995,2695.3802,4852.2746,11.00000000000,13,179
13,195,01688004,13195,Madison,Madison County,06,H1,G4020,,12020,,A,731181736.00000000000,8487230.00000000000,+34.1284855,-083.2036369,13195,1892.9859,1887.6457,1872.3777,1887.6098,1903.2500,1914.4324,1905.9163,1870.8861,1905.9059,1940.2866,1708.1624,1697.5921,1641.7378,1697.8094,1753.0334,1828.7915,1813.6116,1726.3800,1813.0595,1900.9918,1828.4789,1810.7702,1679.9688,1809.0850,1941.2904,2069.5790,2046.8018,1862.8737,2043.6031,2229.4522,1818.6161,1797.5677,1600.6436,1794.0439,1991.7109,1748.4983,1727.1694,1539.3535,1723.5478,1910.4053,1841.3666,1819.3240,1614.6491,1815.2381,2017.2366,1759.1482,1755.7715,1480.3122,1696.9702,2063.5913,1671.2740,1688.3168,1357.6181,1594.2718,2044.0232,1666.0784,1700.5234,1288.5012,1558.7871,2123.8593,1631.5875,1684.6983,1194.1798,1482.8860,2171.4820,1616.0615,1666.4257,1169.0278,1458.9428,2180.5533,1600.3298,1647.6675,1139.9241,1419.9126,2202.5562,1546.4229,1597.4960,1070.6824,1337.7318,2210.3297,1491.7473,1550.1971,987.9745,1247.0095,2242.0949,11.00000000000,13,195
13,279,00345220,13279,Toombs,Toombs County,06,H1,G4020,,47080,,A,942767920.00000000000,18098787.00000000000,+32.1266975,-082.3320708,13279,1531.4739,1527.2719,1514.9805,1527.2376,1539.7946,1545.9659,1539.3134,1511.1408,1539.2896,1566.9082,1494.1779,1485.0611,1436.2287,1485.2362,1533.5004,1550.5749,1538.0671,1464.0897,1537.5742,1612.0230,1597.2787,1582.1284,1467.8711,1580.6684,1696.0363,1666.2683,1648.3348,1500.4717,1645.8364,1795.1039,1511.0453,1493.8783,1330.5100,1491.0233,1654.9027,1460.1931,1443.0652,1286.8272,1440.1807,1595.4435,1627.1607,1607.5132,1426.4936,1603.8676,1782.5512,1384.2317,1381.9139,1165.4330,1335.7247,1623.8730,1120.8525,1132.5511,910.9676,1069.5472,1370.8833,1079.1720,1101.7845,835.1308,1010.0554,1375.7278,1017.9594,1051.4124,745.5998,925.5807,1354.8315,944.0242,973.7670,683.4458,852.6534,1273.8016,866.4475,892.4133,617.7643,769.1930,1192.5308,772.4224,798.2683,535.3884,668.6038,1104.0606,681.6034,708.6288,451.9898,570.1700,1024.4690,11.00000000000,13,279
13,207,00343073,13207,Monroe,Monroe County,06,H1,G4020,356,31420,,A,1024750743.00000000000,5575307.00000000000,+33.0174352,-083.9229376,13207,1779.6089,1774.6619,1760.3460,1774.6248,1789.2686,1790.8200,1782.9864,1750.2863,1782.9677,1815.0428,1644.9583,1634.8063,1581.0240,1635.0124,1688.1843,1795.6144,1780.7089,1695.0598,1780.1669,1866.5042,1863.1121,1845.3860,1712.1121,1843.6810,1978.2700,1922.3374,1901.6259,1731.0274,1898.7394,2070.9659,1900.5349,1878.2983,1672.3160,1874.5614,2081.3991,1930.5215,1906.7309,1699.1478,1902.6829,2109.2692,1862.0822,1838.7653,1630.8507,1834.4214,2039.8061,1664.3199,1660.3970,1399.2041,1604.5935,1952.1750,1743.0507,1759.8457,1414.2077,1661.5135,2131.6491,1672.8114,1706.4429,1292.0404,1563.8874,2132.3272,1580.6862,1631.2341,1155.3737,1435.4876,2103.6573,1526.7959,1573.5218,1102.9760,1377.2664,2060.0305,1442.5577,1484.4377,1026.1574,1278.9238,1985.3489,1333.0695,1376.3896,921.7142,1152.2847,1905.3303,1228.6462,1276.1773,812.6368,1026.3243,1846.6164,11.00000000000,13,207
13,065,00351285,13065,Clinch,Clinch County,06,H1,G4020,,,,A,2072566618.00000000000,61565598.00000000000,+30.9176531,-082.7026143,13065,352.7289,351.7497,348.9129,351.7423,354.6437,414.3395,412.5259,404.9595,412.5216,419.9435,357.8688,355.6251,343.9177,355.6740,367.2531,409.4193,406.0652,386.5343,405.9386,425.6114,508.2965,503.3650,467.0036,502.8963,539.6511,518.4481,512.8593,466.8478,512.0802,558.5318,466.0063,460.6499,410.2186,459.7553,510.3647,482.2029,476.2780,424.4437,475.2704,526.8513,481.3880,475.4994,421.8763,474.4052,527.3504,446.0619,445.1953,375.3395,430.2827,523.2561,391.1859,395.2028,317.8190,373.1973,478.4378,397.8918,406.1452,307.7668,372.3029,507.2220,406.7272,419.9899,297.7283,369.6873,541.3159,410.7649,423.5903,297.1808,370.8595,554.2477,411.0265,423.2110,292.8227,364.7218,565.7037,396.8830,410.0198,274.8376,343.3598,567.2740,386.7844,401.9676,256.2150,323.3627,581.3383,11.00000000000,13,065
13,219,00356774,13219,Oconee,Oconee County,06,H1,G4020,,12020,,A,477308229.00000000000,5393182.00000000000,+33.8341247,-083.4377284,13219,2622.7850,2615.4698,2594.3586,2615.4163,2637.0180,2748.7154,2736.5423,2686.2743,2736.5238,2785.8520,2794.6765,2777.0870,2685.6483,2777.4769,2867.9226,3008.1079,2982.7850,2839.3170,2981.9011,3126.6412,3129.8953,3098.9658,2875.0571,3096.0581,3322.5937,3750.1965,3708.4078,3374.8373,3702.5137,4039.7461,3979.6933,3932.5884,3500.8409,3924.6409,4358.3580,4060.7035,4010.7078,3574.1142,4002.2028,4436.6882,4169.5407,4118.6475,3654.2919,4109.1928,4567.6569,3982.4199,3973.8496,3349.5146,3840.5145,4671.4039,4266.4553,4308.9751,3464.0198,4068.6454,5217.8550,4318.2499,4406.5349,3337.8845,4038.9171,5504.6362,4284.3531,4422.8473,3134.1155,3892.6664,5701.9653,4356.0967,4490.9008,3149.4714,3931.3709,5877.6000,4417.7615,4547.5153,3145.1801,3918.5422,6080.1528,4351.6469,4494.5137,3011.3991,3763.3188,6219.8263,4224.8857,4389.6775,2796.7798,3530.8275,6349.9534,11.00000000000,13,219
13,019,00326638,13019,Berrien,Berrien County,06,H1,G4020,,,,A,1170407787.00000000000,15503056.00000000000,+31.2743080,-083.2319058,13019,1271.1895,1267.6687,1257.4494,1267.6417,1278.0913,1224.1095,1218.7398,1196.3799,1218.7280,1240.6626,1084.8012,1078.1278,1042.6640,1078.2612,1113.3195,1090.9388,1081.7861,1029.7537,1081.4634,1133.9466,1115.8160,1104.9605,1025.1392,1103.9303,1184.6262,1071.4442,1059.5095,964.2098,1057.8265,1154.1709,907.4167,896.5913,798.0813,894.7598,993.7469,923.0744,911.8232,812.6785,909.9131,1008.5494,885.3196,874.3779,775.6573,872.3423,969.8353,736.1662,734.6313,619.2601,709.9955,863.5396,641.0049,647.3855,520.4311,611.2756,783.9447,592.6402,604.7510,458.0844,554.2974,755.4602,538.6786,556.0910,394.0561,489.4302,716.9173,499.5441,515.0061,361.1772,450.8417,674.0259,451.6513,464.9235,321.5603,400.6220,621.6069,402.7153,415.9459,278.7009,348.2811,575.6032,360.6894,374.7678,238.7856,301.4477,542.1125,11.00000000000,13,019
13,049,00357747,13049,Charlton,Charlton County,06,H1,G4020,,,,A,2003553604.00000000000,22786057.00000000000,+30.7799036,-082.1396442,13049,860.2062,857.7038,850.7269,857.6910,864.8596,806.9679,803.2440,788.4092,803.2490,817.8276,748.2665,743.2155,718.6670,743.3593,767.6861,785.9923,778.7968,741.3360,778.6053,816.5943,934.9921,924.7991,857.8959,923.8944,991.9285,1106.5211,1092.5374,993.2089,1090.4839,1191.4736,1179.2588,1162.8436,1032.9873,1159.9317,1291.1817,1117.8177,1101.6155,979.2579,1098.7751,1221.1756,1213.4087,1195.5585,1057.6481,1192.1788,1328.8983,1106.3507,1101.2174,925.5698,1063.5257,1297.0887,1000.0746,1006.9754,806.6094,949.8645,1222.5881,956.3206,972.8207,733.8662,890.6183,1218.6888,915.0389,941.6343,664.2665,827.6413,1217.5445,875.9718,900.2092,628.3738,786.9116,1181.6758,833.0148,854.7463,588.2682,735.4117,1146.2566,781.4816,804.6134,536.3278,672.6627,1116.7978,732.4156,758.7328,480.8292,609.3323,1100.6728,11.00000000000,13,049
13,075,00343878,13075,Cook,Cook County,06,H1,G4020,,,,A,588345665.00000000000,15647080.00000000000,+31.1529350,-083.4295515,13075,1063.0932,1060.2126,1051.6989,1060.1870,1068.8743,1053.2338,1048.6955,1029.4990,1048.6797,1067.4996,1068.6603,1062.1671,1027.2467,1062.2892,1096.7998,1074.2229,1065.5372,1014.2873,1065.1971,1116.7805,1068.1365,1058.0719,981.6665,1057.0981,1134.2219,1006.7184,996.0567,906.8164,994.5802,1084.6081,1085.5579,1073.3204,956.0289,1071.2910,1188.9182,1018.4618,1006.5850,897.6736,1004.5874,1112.8008,1104.5040,1091.6112,969.1418,1089.2284,1210.0357,934.4735,933.2626,787.4027,902.1645,1096.3375,832.2416,841.2099,676.8945,794.5004,1017.9372,812.9500,830.2830,629.6346,761.2599,1036.3843,769.5109,795.0857,564.1154,700.0381,1024.1896,731.9258,755.2797,530.3996,661.4571,987.6367,694.1755,715.2803,495.4650,616.6404,955.4492,652.3875,674.5038,452.6966,565.0621,932.5090,595.6225,619.4935,395.4277,498.5586,895.2530,11.00000000000,13,075
13,229,00349086,13229,Pierce,Pierce County,06,H1,G4020,,48180,,A,819714945.00000000000,69246241.00000000000,+31.3539879,-082.2104266,13229,1260.9355,1257.4071,1247.2517,1257.3818,1267.7765,1302.2400,1296.4132,1272.5675,1296.4085,1319.8168,1269.3249,1261.3167,1219.7820,1261.4959,1302.5821,1330.5753,1319.2496,1255.7950,1318.8671,1382.9265,1357.3139,1343.7371,1246.6339,1342.4698,1440.7717,1550.9496,1533.2103,1395.0069,1530.6858,1670.5642,1502.6061,1484.4942,1321.2246,1481.4194,1645.5403,1530.9157,1511.6811,1346.7383,1508.3957,1672.6423,1517.6573,1498.4611,1328.8285,1494.8808,1662.4847,1364.5361,1361.3484,1147.2255,1315.6032,1600.5485,1236.1893,1248.1202,1003.0050,1178.3869,1511.7905,1215.5251,1239.9909,938.8922,1136.4122,1549.4292,1178.5834,1216.3101,861.5280,1070.3680,1568.5218,1147.7891,1182.9625,829.2574,1035.4376,1548.6594,1115.0539,1147.4875,793.2969,988.6480,1534.6201,1058.1139,1092.5744,731.7374,914.7120,1512.3470,989.6842,1028.0475,654.7219,826.8064,1487.4688,11.00000000000,13,229
13,099,00345041,13099,Early,Early County,06,H1,G4020,,,,A,1327612162.00000000000,9717191.00000000000,+31.3241906,-084.9067225,13099,579.8834,578.2899,573.6345,578.2769,583.0336,543.1755,540.7993,530.8810,540.7937,550.5224,510.9853,507.8746,491.1761,507.9337,524.4370,458.1092,454.3550,432.5014,454.2134,476.2261,497.9068,493.0118,457.3926,492.5502,528.5781,508.4216,502.9148,457.7789,502.1459,547.7226,432.2933,427.4070,380.6887,426.5959,473.4522,423.1312,418.0354,372.6432,417.1725,462.3159,396.1474,391.4710,347.4978,390.6056,433.9917,383.5221,382.9136,322.9613,370.1242,449.9265,317.6968,320.9654,258.1237,303.0954,388.5583,301.5391,307.8056,233.2592,282.1616,384.3956,283.8223,293.0943,207.7899,257.9965,377.7424,270.3502,278.8022,195.6121,244.0998,364.7861,258.4836,266.1531,184.1606,229.3727,355.7565,239.2937,247.2161,165.7117,207.0250,342.0281,219.1724,227.7756,145.1842,183.2338,329.4169,11.00000000000,13,099
13,167,00346664,13167,Johnson,Johnson County,06,H1,G4020,,20140,,A,784793399.00000000000,9278578.00000000000,+32.6898312,-082.6613536,13167,634.9766,633.1209,627.9663,633.1118,638.4103,640.6235,637.6316,625.8365,637.6380,649.2345,629.4208,625.2727,604.6427,625.3821,645.8126,617.2598,611.7222,582.2981,611.5641,641.3646,592.6046,586.3566,543.9562,585.7912,628.8312,646.8791,638.9174,580.9661,637.7574,696.6049,731.2803,721.6716,641.5916,719.9953,800.7515,702.3984,692.6524,616.1546,690.9566,767.3702,679.9656,670.4711,593.6535,668.6823,744.7449,564.4023,562.2306,472.9820,543.1079,661.8153,569.1720,573.6559,460.0400,541.2933,695.9014,542.9866,552.9229,417.6738,506.3964,692.0247,503.2158,518.3835,366.2338,455.8320,669.6234,478.4601,492.2358,344.1483,430.4983,645.4851,456.4706,468.9168,323.2973,403.6690,628.1622,432.9577,446.3010,298.0713,373.3314,618.7671,401.5398,416.4441,264.4591,334.6451,603.4627,11.00000000000,13,167
13,269,00344156,13269,Taylor,Taylor County,06,H1,G4020,,,,A,975612230.00000000000,7803620.00000000000,+32.5546668,-084.2514261,13269,498.6890,497.3120,493.3052,497.3012,501.3972,536.9494,534.5767,524.7598,534.5727,544.2054,405.3140,402.8076,389.5548,402.8590,415.9620,333.3438,330.6512,314.7476,330.5455,346.5516,370.0569,366.5183,340.0468,366.1790,392.9182,440.8938,436.0691,396.9010,435.3929,474.9605,333.9901,330.0602,293.8446,329.3985,365.7717,276.1243,272.6664,242.9266,272.0762,301.6875,266.6349,263.4181,233.7579,262.8213,292.0983,214.3099,213.8727,180.2940,206.7031,251.3927,202.7823,204.8190,164.6705,193.4002,248.0044,185.5257,189.3375,143.4389,173.5483,236.4989,170.8610,176.4025,125.0206,155.2634,227.3973,162.2828,167.3244,117.3649,146.4850,218.9668,151.5410,156.0096,107.9191,134.4389,208.5669,136.4849,140.9814,94.4771,118.0522,195.0795,127.2239,132.2004,84.2446,106.3411,191.2169,11.00000000000,13,269
13,093,00351608,13093,Dooly,Dooly County,06,H1,G4020,,,,A,1015120132.00000000000,13841107.00000000000,+32.1519954,-083.8071670,13093,845.0811,842.7017,835.8880,842.6855,849.6639,812.7401,809.0926,794.2048,809.0905,823.7069,803.8138,798.7616,772.4631,798.8729,824.8850,786.8663,780.2921,742.7612,780.0574,817.9043,647.1629,640.6690,594.3703,640.0641,686.9418,707.9064,699.8516,636.7939,698.7074,762.5148,760.4253,750.7005,667.6375,749.0178,832.6958,746.8291,736.9999,656.1382,735.3059,815.9419,739.9519,729.9884,646.7305,728.1180,810.4908,567.6814,565.7567,476.1974,546.5842,665.7233,645.6303,651.1586,522.6127,614.5607,789.4556,629.4453,641.4296,484.9948,587.6153,802.2707,595.9461,614.3716,434.5140,540.4111,793.0594,580.7958,597.9772,418.5497,523.1599,783.5861,579.6513,595.9266,411.3644,513.1979,797.7123,571.1050,589.1706,394.0018,493.0359,816.2347,558.9005,580.0964,368.9024,466.3435,839.9835,11.00000000000,13,093
13,085,00351312,13085,Dawson,Dawson County,06,H1,G4020,122,12060,,A,546046104.00000000000,9269206.00000000000,+34.4428421,-084.1732841,13085,1627.1087,1622.5473,1609.4385,1622.5152,1635.9352,1647.6202,1640.2666,1610.1061,1640.2595,1669.8642,1529.6013,1519.8826,1469.8179,1520.1064,1569.6394,1636.4286,1622.6510,1544.6036,1622.1703,1700.9103,1723.8714,1706.9764,1583.6550,1705.3801,1830.0975,1607.5779,1589.3679,1446.2153,1586.7849,1731.6115,1747.5605,1726.6547,1536.8930,1723.1146,1913.8141,1716.4316,1695.3202,1510.7941,1691.7295,1875.3590,1725.0857,1703.4869,1510.8714,1699.4631,1889.7345,1557.6520,1554.1362,1309.8078,1501.9459,1827.0961,1550.9967,1566.1035,1258.6710,1478.6469,1896.8047,1502.2164,1532.5864,1160.5714,1404.6123,1914.8906,1446.3577,1492.7861,1057.4901,1313.7191,1924.9017,1402.9240,1446.0165,1013.7616,1265.7267,1892.9103,1342.9108,1382.0391,955.5213,1190.7593,1848.2192,1292.4522,1334.6186,893.9247,1117.3841,1847.2885,1207.5355,1254.4155,798.9692,1008.8932,1814.8979,11.00000000000,13,085
13,177,00343390,13177,Lee,Lee County,06,H1,G4020,,10500,,A,921475641.00000000000,15407913.00000000000,+31.8184185,-084.1466814,13177,1804.3901,1799.3370,1784.8026,1799.3011,1814.1790,1960.4303,1951.6954,1915.8163,1951.6859,1986.9016,1806.2543,1794.8677,1735.7656,1795.1217,1853.5845,2006.0624,1989.1606,1893.4845,1988.5720,2085.1013,2047.0124,2026.6413,1880.1984,2024.7341,2172.9470,2207.3547,2182.8233,1986.5205,2179.3664,2377.8017,2253.0919,2226.1872,1981.5696,2221.6339,2467.4446,2222.3412,2194.4889,1955.1126,2189.7337,2428.0815,2271.2098,2242.5933,1988.8356,2237.2584,2487.9609,2205.3904,2199.9898,1853.7212,2125.9968,2586.7782,2121.8303,2142.3980,1721.7424,2022.7285,2594.8946,2097.1546,2139.4641,1620.0498,1960.7843,2673.2538,2053.2397,2119.0647,1501.0612,1864.8408,2732.5700,2030.6362,2092.9659,1467.2746,1831.9966,2739.8539,2012.4059,2071.0389,1431.8832,1784.3980,2769.6306,1943.8610,2007.2591,1344.4353,1680.5311,2778.3388,1858.1505,1930.2671,1229.4110,1552.4535,2792.7560,11.00000000000,13,177
13,015,00351604,13015,Bartow,Bartow County,06,H1,G4020,122,12060,,A,1190213681.00000000000,27373871.00000000000,+34.2409175,-084.8381879,13015,7380.4330,7359.8324,7300.4182,7359.6825,7420.4818,7136.1617,7104.5203,6973.9961,7104.4748,7232.5643,6234.0701,6195.0826,5991.1586,6195.9231,6397.5997,6645.6173,6590.0385,6273.0672,6588.0606,6907.7184,7226.6249,7155.6991,6638.7234,7149.0035,7671.8682,7687.6929,7601.8834,6918.0033,7589.7735,8281.2114,7067.2851,6984.1094,6217.7678,6970.1033,7739.7863,6821.8768,6737.8461,6004.3452,6723.5499,7453.5195,6610.7164,6529.4882,5792.7711,6514.3866,7241.8557,5916.3329,5904.2357,4977.2243,5706.3016,6940.0501,5462.8265,5517.0529,4434.9980,5209.2765,6680.9763,5243.1260,5350.1416,4052.4755,4903.7418,6683.5892,5017.9994,5180.0598,3670.5407,4559.0534,6678.3486,4815.5806,4964.4967,3481.4946,4345.9181,6497.5634,4562.0955,4696.0262,3247.8280,4046.4869,6278.7942,4219.4758,4357.9783,2919.8903,3648.9853,6030.9120,3861.0566,4011.6609,2555.9394,3226.7720,5803.1228,11.00000000000,13,015
13,317,00351265,13317,Wilkes,Wilkes County,06,H1,G4020,,,,A,1215973866.00000000000,11924803.00000000000,+33.7790400,-082.7479223,13317,610.0971,608.3940,603.4824,608.3816,613.4077,531.6994,529.3787,519.6726,529.3728,538.8927,436.0680,433.4272,419.1796,433.4760,447.5553,446.3398,442.7820,421.4853,442.6372,464.0551,368.1298,364.7525,338.4211,364.4203,390.9662,403.0398,398.9277,363.2861,398.3663,434.2684,390.6616,386.3091,344.1395,385.5905,427.8639,336.2066,332.4090,296.5656,331.7747,367.3563,377.4025,373.0200,331.1938,372.2105,413.4648,320.5926,320.0992,269.9963,309.4119,376.1048,291.9579,295.1100,237.4710,278.7253,357.1026,282.2061,288.2066,218.5414,264.2417,359.7668,267.1933,276.0432,195.8230,243.0326,355.6214,257.6685,265.8332,186.6247,232.7883,347.6844,254.7097,262.3608,181.6357,226.1426,350.5699,245.0387,253.2257,169.8219,212.0886,350.2447,234.0791,243.3249,155.1612,195.7668,351.8252,11.00000000000,13,317
13,171,00326713,13171,Lamar,Lamar County,06,H1,G4020,122,12060,,A,475262611.00000000000,6046031.00000000000,+33.0744604,-084.1467206,13171,1052.7040,1049.7508,1041.2687,1049.7301,1058.4142,1023.0174,1018.5163,999.8227,1018.5073,1036.8473,865.6168,860.2774,831.9764,860.3855,888.3649,904.8022,897.5032,854.3354,897.2156,940.6586,1065.0631,1054.6414,978.4499,1053.6559,1130.7040,861.5761,852.2162,775.7132,850.9079,928.1677,663.0107,655.3091,583.4948,654.0181,726.1125,966.6921,955.0617,851.3680,953.0925,1056.2150,1030.9075,1018.1577,903.1950,1015.7857,1129.3204,914.5864,912.6407,769.2764,882.0248,1072.8211,881.9592,890.7200,716.0297,841.0319,1078.6273,855.5023,872.9664,661.2329,800.1297,1090.5380,815.2432,841.5759,596.3365,740.6859,1084.9901,783.4106,807.6535,566.4072,707.0261,1057.0413,751.6480,773.7647,535.1982,666.7605,1034.4944,719.2022,742.8535,497.7678,622.0181,1027.9613,724.7048,752.9620,479.7206,605.6391,1089.2221,11.00000000000,13,171
13,143,00350637,13143,Haralson,Haralson County,06,H1,G4020,122,12060,,A,730804051.00000000000,2616008.00000000000,+33.7951649,-085.2200622,13143,2061.4410,2055.7044,2039.1182,2055.6618,2072.6296,1988.4183,1979.7305,1943.4275,1979.7089,2015.3168,1697.5410,1686.9525,1631.4292,1687.1780,1742.0858,1905.6844,1889.9731,1799.0689,1889.3905,1980.9887,2067.0702,2047.1573,1899.2899,2045.2564,2194.6724,2070.0249,2047.3139,1863.3852,2044.1281,2229.9532,1876.1560,1854.8013,1651.9276,1851.2474,2054.7688,1816.0596,1794.8022,1600.5272,1791.2240,1984.2746,1772.7735,1751.5797,1554.5542,1747.6517,1942.0956,1662.5209,1659.6572,1399.5905,1604.1631,1950.3209,1469.9399,1485.1585,1194.4701,1402.5007,1797.8223,1397.8258,1426.9904,1081.5065,1308.1436,1781.9324,1350.6726,1394.9164,989.0494,1227.9212,1797.6364,1279.3697,1319.5399,925.9875,1155.3655,1726.2814,1185.9619,1221.3658,845.3332,1052.6694,1632.2818,1085.4289,1121.6058,752.0904,939.3617,1551.4458,976.5949,1015.1818,647.3661,816.7686,1467.8413,11.00000000000,13,143
13,069,00347456,13069,Coffee,Coffee County,06,H1,G4020,,20060,,A,1489494986.00000000000,71361932.00000000000,+31.5492446,-082.8449382,13069,2657.7928,2650.2958,2628.8596,2650.2455,2672.2038,2664.3884,2652.5594,2603.8186,2652.5435,2700.3773,2445.3114,2429.9957,2350.0023,2430.3280,2509.4430,2501.1374,2480.3526,2361.0517,2479.5992,2599.8664,2710.3475,2683.9954,2490.1074,2681.4936,2877.5000,2785.8806,2755.0694,2507.3997,2750.7351,3001.0437,2753.6733,2720.1153,2420.6215,2714.3974,3015.5722,2790.3178,2755.0197,2454.1731,2748.9822,3048.6213,2927.3213,2889.7294,2562.0188,2882.7068,3206.6017,2697.0990,2689.9477,2266.0384,2599.3282,3163.3876,2423.9464,2446.3667,1965.0076,2309.3857,2964.1928,2384.4830,2431.4964,1840.0975,2228.0531,3039.3804,2308.9827,2381.9246,1686.1749,2095.7606,3072.8321,2242.1741,2309.9306,1618.2842,2021.4852,3025.1780,2162.5282,2224.4947,1536.8779,1916.1911,2976.1573,2049.0849,2114.9291,1415.4667,1770.2646,2928.6652,1946.3161,2020.9584,1286.1462,1625.0143,2925.2113,11.00000000000,13,069
13,125,00345642,13125,Glascock,Glascock County,06,H1,G4020,,,,A,372283969.00000000000,1847855.00000000000,+33.2274908,-082.6069126,13125,214.6557,214.0526,212.3225,214.0484,215.8199,221.3686,220.3911,216.3443,220.3894,224.3602,218.0056,216.6516,209.5222,216.6799,223.7295,195.9633,194.3449,184.9972,194.2852,203.7051,201.3760,199.3812,184.9749,199.1939,213.7709,231.9383,229.3139,208.6617,228.9418,249.8344,240.5047,237.5930,211.4503,237.0979,263.3811,214.4123,211.6864,188.5568,211.2197,234.2600,214.1581,211.3692,187.3591,210.8475,234.5851,148.9523,148.5742,125.1766,143.5736,174.7080,165.5353,167.1336,134.3114,157.7960,202.4405,160.1669,163.4010,123.7336,149.7553,204.1659,147.5696,152.3129,107.9049,134.0446,196.3953,143.4982,147.9202,103.7174,129.4831,193.6178,140.7640,144.8869,100.1953,124.8427,193.7322,133.1666,137.5339,92.1450,115.1572,190.3352,124.8914,129.7654,82.6800,104.3776,187.7104,11.00000000000,13,125
13,245,00358024,13245,Richmond,Richmond County,06,H6,G4020,,12260,,C,840000029.00000000000,11046882.00000000000,+33.3614870,-082.0749983,13245,10763.9263,10734.2873,10647.8431,10734.0503,10822.3933,10448.3157,10402.6712,10211.9172,10402.5575,10589.6572,10926.9209,10859.6342,10502.4044,10860.9859,11214.1411,12600.8994,12497.7521,11896.6354,12493.8494,13099.3040,13413.4229,13284.7771,12325.2601,13272.4637,14241.8220,12096.6752,11967.4442,10894.5245,11949.4898,13032.2683,9918.3139,9805.4157,8732.9182,9786.6271,10862.5510,11573.5357,11432.0711,10188.6395,11408.0410,12645.2016,12181.9624,12032.3593,10674.8409,12004.5480,13345.0099,10869.1609,10846.2725,9142.6861,10482.4816,12749.7172,9641.7993,9738.3716,7829.2119,9195.3703,11791.9542,9567.8621,9764.0813,7396.7500,8949.7149,12196.5891,9158.8196,9455.5968,6701.1346,8322.3907,12189.3649,8647.2877,8915.7555,6253.5146,7805.2689,11667.7016,8066.9798,8304.9249,5744.9720,7156.6702,11102.6426,7437.5159,7682.7523,5148.7368,6433.3162,10630.5454,6986.5941,7260.1195,4626.7754,5840.0900,10500.8309,11.00000000000,13,245
13,289,00345456,13289,Twiggs,Twiggs County,06,H1,G4020,356,31420,,A,928246376.00000000000,10972021.00000000000,+32.6658469,-083.4258792,13289,509.8287,508.3972,504.2887,508.3873,512.5940,409.8401,408.0364,400.5472,408.0329,415.3805,363.0562,360.7518,348.8693,360.8047,372.5607,402.0289,398.6300,379.4564,398.5128,417.8614,436.2159,431.9597,400.7543,431.5565,463.1083,426.4345,421.6619,383.7202,420.9877,459.3531,265.8103,262.6818,233.8585,262.1550,291.1039,243.8155,240.8127,214.5976,240.3018,266.3906,258.6219,255.3960,226.5304,254.7952,283.3073,232.0269,231.5376,195.1701,223.7715,272.1714,186.3037,188.1385,151.2252,177.6384,227.8450,177.5520,181.1615,137.2067,166.0409,226.3298,172.1209,177.6666,125.8798,156.3624,229.0708,161.5230,166.5099,116.7616,145.7595,217.9389,151.0060,155.4355,107.4972,133.9347,207.8287,141.7934,146.4480,98.1220,122.6227,202.6658,138.4270,143.8264,91.6357,115.6865,208.0541,11.00000000000,13,289
13,311,00326781,13311,White,White County,06,H1,G4020,,,,A,623374958.00000000000,3939977.00000000000,+34.6436773,-083.7437125,13311,1806.6430,1801.6509,1787.1330,1801.6119,1816.4538,1802.6911,1794.7710,1761.8363,1794.7545,1827.0645,1756.2129,1745.2991,1687.8647,1745.5279,1802.3202,1746.0913,1731.7544,1648.4604,1731.2166,1815.1266,1968.9977,1949.8722,1809.0179,1948.0555,2090.4419,2039.0048,2016.3216,1834.9780,2013.1242,2196.4456,2106.4194,2081.5763,1853.1254,2077.3898,2306.8538,2134.0633,2107.7539,1878.2755,2103.2771,2331.6564,2201.0899,2173.9628,1928.5927,2168.9178,2411.2228,1924.6200,1920.8361,1619.3945,1856.4826,2257.6784,2005.1600,2025.2271,1628.1755,1912.2974,2452.3149,1995.6620,2036.5515,1542.7458,1866.6814,2543.9565,1944.7184,2007.6750,1422.7704,1767.0433,2588.1975,1932.3453,1992.2398,1397.2573,1744.0609,2607.2860,1903.7773,1959.7926,1355.5489,1688.7714,2620.1715,1855.9479,1916.9745,1284.5092,1605.1489,2652.7204,1779.8289,1849.3388,1178.3631,1487.5486,2675.0672,11.00000000000,13,311
13,201,00344088,13201,Miller,Miller County,06,H1,G4020,,,,A,731466754.00000000000,3216381.00000000000,+31.1629079,-084.7303856,13201,355.5116,354.5233,351.6634,354.5159,357.4413,325.8378,324.3777,318.4102,324.3767,330.2352,312.1160,310.1296,299.9133,310.1757,320.2840,340.8237,338.0257,321.7673,337.9207,354.2992,282.9879,280.1903,259.9457,279.9273,300.4098,291.2100,288.0050,262.1245,287.5549,313.7057,283.2217,279.8824,249.1665,279.3197,310.1715,273.7608,270.4555,241.0798,269.8955,299.1124,295.4611,291.9285,259.0908,291.2738,323.6813,232.8097,232.3862,195.9501,224.6099,273.1061,214.6513,216.8213,174.3335,204.7377,262.5226,214.2455,218.6551,165.6573,200.4238,273.1104,205.1583,211.8162,150.1231,186.4348,273.0437,192.9183,198.9067,139.5122,174.1319,260.3027,188.4463,193.9963,134.1888,167.1705,259.3594,180.8717,186.8194,125.1827,156.4305,258.5214,170.4032,177.0548,112.8119,142.4157,256.1143,11.00000000000,13,201
13,199,00346892,13199,Meriwether,Meriwether County,06,H1,G4020,122,12060,,A,1298161653.00000000000,10834104.00000000000,+33.0302196,-084.6632794,13199,1277.2593,1273.7202,1263.4512,1273.6930,1284.1938,1119.0933,1114.1774,1093.7323,1114.1671,1134.2243,1107.3021,1100.4509,1064.2440,1100.5917,1136.3898,1203.1703,1193.0865,1135.7007,1192.7299,1250.6093,1196.2755,1184.3586,1098.7771,1183.2436,1269.8638,1103.8385,1091.3083,992.9986,1089.5297,1188.9981,952.1237,940.6519,837.2001,938.7046,1042.6942,886.8704,875.8853,780.4730,874.0142,968.9829,888.3955,877.2498,778.0348,875.1729,973.1847,797.6522,795.4597,670.0289,768.6412,935.5357,660.0561,666.2237,535.1935,628.9387,807.1788,610.4563,622.5529,471.1932,570.4847,778.1253,542.4197,559.6088,396.2036,492.3977,721.8657,483.5789,498.2435,349.1106,436.0473,652.4572,434.0371,446.5299,308.5613,384.6657,597.3435,384.9687,397.3956,266.0287,332.6567,550.2225,340.0922,353.1873,224.8300,284.0134,511.1440,11.00000000000,13,199
13,217,01673547,13217,Newton,Newton County,06,H1,G4020,122,12060,,A,704894510.00000000000,18224766.00000000000,+33.5440455,-083.8551891,13217,7598.1388,7577.1320,7516.0686,7576.9684,7639.3976,7919.0779,7884.7317,7740.2815,7884.6283,8026.2759,7237.8809,7193.1803,6956.5296,7194.0906,7428.0593,7311.8321,7251.6910,6902.8984,7249.4460,7600.8535,7973.0946,7896.1424,7325.7863,7888.8047,8465.1859,9146.4636,9046.3086,8233.7207,9032.2689,9853.1678,8983.8100,8879.0763,7905.6962,8861.4980,9838.7964,9633.3645,9516.5917,8482.4774,9496.7896,10525.4346,10075.8060,9953.4007,8831.8022,9930.6732,11037.9346,8981.3308,8964.5100,7558.4886,8664.3990,10535.7665,9462.6431,9558.5668,7685.7428,9025.9454,11573.0316,9429.6862,9624.1204,7291.7642,8821.7860,12020.5768,9294.0409,9596.1050,6801.6202,8446.3983,12369.4099,9403.7395,9696.3317,6801.6664,8488.8752,12688.4318,9439.9287,9718.7189,6723.3394,8375.1320,12992.2709,9216.1770,9520.1792,6380.2515,7971.9740,13172.8189,8950.9595,9301.3714,5927.6160,7482.0790,13453.2657,11.00000000000,13,217
13,205,00343645,13205,Mitchell,Mitchell County,06,H1,G4020,,,,A,1326293194.00000000000,4504169.00000000000,+31.2289404,-084.1924067,13205,1310.8737,1307.1667,1296.5891,1307.1423,1317.9802,1300.5480,1294.7880,1271.0037,1294.7793,1318.1190,1115.2752,1108.2853,1071.8004,1108.4374,1144.5222,1163.2885,1153.5483,1098.0643,1153.2029,1209.1610,1063.8937,1053.3221,977.2117,1052.3315,1129.3562,1062.6247,1050.6036,955.9871,1048.8992,1144.6166,1077.3749,1064.1373,946.8758,1061.8757,1179.8304,992.1224,979.1854,871.8725,976.9597,1083.9420,1032.3504,1018.7883,902.9394,1016.2487,1130.8045,828.0424,825.3751,694.8523,797.4423,971.0842,684.0254,689.9249,553.7665,651.1613,836.4107,628.5754,640.5258,484.2943,586.7814,801.1599,565.8084,583.2348,412.4249,512.9975,752.9476,506.9919,521.8674,365.1514,456.5241,684.0019,457.8648,470.5500,324.6367,405.1569,630.0969,404.5406,417.1314,278.7256,348.9824,578.1632,352.1256,365.2580,232.0254,293.5396,529.2034,11.00000000000,13,205
13,135,01688166,13135,Gwinnett,Gwinnett County,06,H1,G4020,122,12060,,A,1114687261.00000000000,16555611.00000000000,+33.9591011,-084.0229381,13135,67749.5791,67561.6396,67016.8369,67560.2124,68117.3794,74369.9097,74043.3755,72684.7666,74042.6792,75375.4937,72620.1167,72169.7212,69794.9585,72179.0762,74527.1758,79822.4663,79158.3691,75350.9795,79134.3755,82972.8633,81961.4468,81164.5259,75301.3169,81088.8755,87016.1553,93359.1689,92333.8594,84038.0171,92189.9795,100571.7158,97685.5332,96548.9370,85966.6235,96358.3022,106982.4912,103759.6333,102506.1514,91371.6440,102293.7358,113368.2441,111000.1533,109652.8213,97297.7690,109402.6758,121599.5898,106372.2559,106169.5850,89514.3101,102614.3423,124781.7021,116864.6792,118049.3643,94919.7944,111471.4336,142928.2100,118650.5190,121096.4102,91748.7095,111000.7549,151250.7334,118591.5337,122444.7690,86786.4990,107774.2871,157832.9951,121685.4248,125470.1021,88011.7285,109845.0767,164189.5713,124822.5742,128506.8267,88897.8320,110740.2363,171794.4131,124969.3906,129088.8120,86509.9219,108094.7710,178620.4141,123410.5645,128238.8730,81721.1985,103154.8677,185485.5288,11.00000000000,13,135
13,133,00348672,13133,Greene,Greene County,06,H1,G4020,,,,A,1003453171.00000000000,48628232.00000000000,+33.5768360,-083.1671033,13133,914.1245,911.5650,904.2019,911.5468,919.0837,899.1622,895.2607,878.8583,895.2490,911.3334,997.4136,991.2841,958.6785,991.4061,1023.6382,1119.2830,1110.2075,1056.8090,1109.8549,1163.6095,952.6989,943.5947,875.4448,942.7214,1011.5583,976.2598,965.7232,879.0748,964.2539,1051.7355,862.6282,852.5563,759.0800,850.8649,944.7225,934.8068,923.4779,823.1314,921.5569,1021.3720,978.0200,966.3076,857.5927,964.1365,1071.4307,943.4813,941.6661,793.9262,910.1284,1106.7618,910.4189,919.7101,739.5689,868.4813,1113.4735,908.0276,926.8127,702.2662,849.5684,1157.5239,870.3893,898.7459,637.0902,791.0929,1158.4044,837.2109,863.3391,605.6856,755.8612,1129.6527,832.5679,857.2340,593.1107,738.7554,1145.8779,815.4468,842.4163,564.6505,705.4492,1165.5353,800.2435,831.6331,530.0572,668.9967,1202.7675,11.00000000000,13,133
13,261,00343504,13261,Sumter,Sumter County,06,H1,G4020,,11140,,A,1250179595.00000000000,25787952.00000000000,+32.0422026,-084.2042832,13261,1645.3141,1640.8450,1627.6631,1640.8060,1654.2598,1466.8909,1460.6340,1433.9309,1460.6075,1486.7778,1250.9471,1243.4097,1202.5450,1243.5453,1283.9220,1196.3546,1186.7488,1129.6691,1186.3655,1243.7937,1001.6876,992.0547,920.3995,991.1342,1063.5337,936.6739,926.4196,843.2052,924.9823,1009.0470,767.0603,758.0853,674.9502,756.5771,840.0574,815.1808,805.2983,717.7898,803.6223,890.6682,809.2249,799.5738,709.6582,797.7856,886.5188,648.0544,646.7993,545.3136,625.1348,760.2058,547.9673,553.5415,445.1036,522.7031,670.1798,494.2387,504.4489,382.2175,462.4011,630.0375,429.8355,443.8185,314.5871,390.6497,572.0678,370.8124,382.3492,268.2050,334.7361,500.3358,328.2680,337.9544,233.7855,291.2297,451.7979,287.4255,296.8966,198.9640,248.6102,410.8208,250.6394,260.4389,165.9592,209.4933,376.7095,11.00000000000,13,261
13,243,00352242,13243,Randolph,Randolph County,06,H1,G4020,,,,A,1109126837.00000000000,6830057.00000000000,+31.7626510,-084.7523108,13243,339.5367,338.6143,335.8939,338.6063,341.3828,279.6865,278.4981,273.4090,278.4927,283.4795,264.2250,262.6263,253.9936,262.6557,271.1863,277.3731,275.1847,261.9491,275.0932,288.3965,228.3054,226.1665,209.8357,225.9588,242.4387,238.7838,236.1379,214.9068,235.7654,257.2244,217.7561,215.2565,191.6935,214.8393,238.4844,220.1761,217.4211,193.7092,216.9509,240.5598,249.2116,246.1863,218.4471,245.6246,273.0088,210.1581,209.8065,176.9400,202.7940,246.5412,189.0576,190.9838,153.5733,180.3448,231.2234,185.5918,189.4222,143.5203,173.6319,236.5852,178.7180,184.5251,130.7880,162.4166,237.8551,170.1698,175.4573,123.0703,153.6052,229.6088,167.8604,172.8054,119.5325,148.9105,231.0269,165.9477,171.4046,114.8535,143.5231,237.1904,162.8172,169.1706,107.7862,136.0732,244.7125,11.00000000000,13,243
13,119,00349324,13119,Franklin,Franklin County,06,H1,G4020,,,,A,677273046.00000000000,12832270.00000000000,+34.3751554,-083.2272905,13119,1387.0403,1383.1874,1372.0310,1383.1584,1394.5695,1278.6886,1273.1350,1249.8067,1273.1189,1295.9955,1166.7881,1159.5141,1121.3516,1159.6688,1197.4078,1279.6928,1268.9830,1207.9467,1268.6026,1330.1588,1438.4438,1424.5393,1321.6398,1423.2146,1527.2090,1401.0781,1385.5841,1261.0266,1383.4045,1509.2886,1290.1256,1275.3163,1135.7141,1272.8443,1412.9331,1471.0898,1453.8152,1296.3945,1450.9053,1607.3483,1447.7497,1430.8406,1270.3025,1427.7152,1586.0763,1422.1063,1420.1373,1198.0630,1372.7816,1668.4045,1249.3575,1262.9237,1016.3315,1192.8298,1528.1397,1242.0375,1268.5583,962.0343,1163.1141,1583.4086,1245.8378,1287.2188,913.2606,1133.3305,1658.1602,1246.8653,1286.5309,903.3523,1126.6680,1682.4687,1222.8748,1259.8364,872.4420,1086.0119,1683.1230,1200.0719,1240.4443,832.1889,1039.0466,1715.3358,1164.4037,1210.6948,772.3669,974.1895,1750.1390,11.00000000000,13,119
13,235,00347593,13235,Pulaski,Pulaski County,06,H1,G4020,,,,A,644987096.00000000000,5634982.00000000000,+32.2387936,-083.4818548,13235,681.6958,679.8276,674.3575,679.8122,685.3999,612.4867,609.8715,598.7204,609.8606,620.7895,492.3468,489.3438,473.2533,489.4014,505.3046,482.3715,478.4781,455.4644,478.3249,501.4860,456.8492,452.5506,419.8716,452.1343,485.1184,570.6730,564.4896,513.8260,563.6261,614.7853,566.4831,560.2699,499.1982,559.2501,620.4401,539.1651,533.1341,475.7059,532.1291,589.1223,517.8954,512.2715,455.2311,511.2413,567.4298,376.5870,376.5110,318.0599,364.0759,441.9171,384.7899,389.2849,313.5750,367.7769,470.7036,373.4084,381.7126,289.8072,350.0973,476.0788,359.1150,371.3876,263.8387,327.1166,477.9982,350.5750,362.0665,254.5764,317.2109,473.0818,342.3969,353.0696,244.8447,304.4869,471.2893,320.3267,331.4130,222.6789,277.7340,457.8842,289.9396,301.7517,192.8304,242.9262,435.8070,11.00000000000,13,235
13,027,00345518,13027,Brooks,Brooks County,06,H1,G4020,,46660,,A,1276982395.00000000000,12314550.00000000000,+30.8336956,-083.5889713,13027,1009.4815,1006.6871,998.5725,1006.6656,1014.9627,957.4120,953.1450,935.6222,953.1404,970.3395,801.9241,796.8357,770.5896,796.9523,822.9187,954.3186,946.2027,900.6913,945.9279,991.8706,937.8269,928.4459,861.3532,927.5703,995.4914,874.4138,864.4703,786.5838,863.0580,941.8684,647.6968,639.9968,569.7034,638.6957,709.3208,619.3423,611.5946,544.8959,610.2723,676.6807,613.4228,605.7944,537.3496,604.3743,671.9765,515.2934,514.1645,433.3644,496.9072,604.4376,440.3020,444.6511,357.4216,419.8389,538.4809,406.7709,415.0953,314.4365,380.4685,518.5272,375.4338,387.6081,274.7049,341.1585,499.6612,338.1159,348.6402,244.5642,305.2267,456.2189,314.4273,323.7420,223.9927,278.9972,432.7518,288.3400,297.8967,199.6951,249.4707,412.1319,265.0060,275.4342,175.5915,221.5837,398.3065,11.00000000000,13,027
13,055,00352213,13055,Chattooga,Chattooga County,06,H1,G4020,,44900,,A,811541767.00000000000,570807.00000000000,+34.4741785,-085.3452894,13055,1516.3786,1512.1428,1499.9340,1512.1122,1524.6066,1450.2532,1443.8209,1417.2940,1443.8118,1469.8442,1306.3338,1298.2176,1255.4962,1298.3876,1340.6311,1278.8536,1268.4716,1207.4609,1268.0696,1329.4913,1252.6127,1240.5993,1150.9947,1239.4493,1329.9728,1290.3808,1276.2844,1161.6630,1274.3100,1390.0922,1312.6599,1297.2580,1154.9564,1294.6672,1437.5740,1258.1533,1242.7168,1107.4923,1240.0926,1374.6502,1285.1388,1269.0869,1125.6291,1266.0972,1407.8020,1190.8495,1188.2488,1001.5256,1148.3690,1396.8649,1004.9702,1014.6519,815.3702,957.9572,1229.0196,964.4731,983.8410,744.8968,901.6436,1229.4080,913.9061,943.0953,667.9411,829.9112,1216.2694,850.5786,876.5443,614.3556,767.1926,1147.6380,801.5246,824.7079,570.0101,710.4956,1103.1073,742.8463,766.8837,513.4393,641.9764,1061.7286,674.8815,700.8751,446.1678,563.6076,1014.3184,11.00000000000,13,055
36,057,00974127,36057,Montgomery,Montgomery County,06,H1,G4020,104,11220,,A,1043875858.00000000000,18939233.00000000000,+42.9008912,-074.4353575,36057,3009.6311,3001.2480,2977.0286,3001.1861,3025.9651,2923.9017,2910.9312,2857.4484,2910.9130,2963.3991,2697.2869,2680.2851,2592.0280,2680.6641,2767.9663,3334.4058,3306.3379,3147.3074,3305.3578,3465.7978,3241.6727,3209.1685,2977.2561,3206.1391,3440.9431,3244.7847,3208.2853,2919.4824,3203.1205,3495.2124,2898.1461,2863.3431,2548.5394,2857.4421,3173.8449,2817.3277,2781.8881,2478.3077,2775.8332,3078.1433,2961.5289,2924.0267,2592.9696,2917.0315,3244.1372,2792.3929,2785.3464,2346.7456,2691.6096,3275.2430,2379.5728,2402.2696,1930.2386,2267.9701,2910.0410,2316.6095,2362.9928,1788.9595,2165.5238,2952.9513,2238.1580,2309.5793,1635.6812,2032.3753,2978.6405,2112.8541,2177.4039,1526.1587,1905.7858,2850.7600,2017.8334,2076.3483,1435.2613,1788.8599,2777.0781,1885.0676,1946.3003,1303.3331,1629.3914,2694.2887,1755.6431,1823.5649,1161.2029,1466.5446,2638.6764,11.00000000000,36,057
26,123,01623004,26123,Newaygo,Newaygo County,06,H1,G4020,266,24340,,A,2106188282.00000000000,125575601.00000000000,+43.5627086,-085.7914227,26123,3007.8311,2999.4809,2975.2905,2999.4179,3024.1593,2595.4549,2583.8731,2536.3630,2583.8617,2630.4958,2435.4538,2420.1537,2340.4736,2420.4900,2499.3010,2632.5783,2610.3718,2484.8162,2609.6013,2736.2853,2943.6732,2914.7035,2704.1190,2911.9734,3124.9855,2978.6520,2945.4322,2680.4730,2940.7453,3208.6230,2562.9573,2532.5659,2254.4734,2527.4350,2806.8144,2353.1753,2324.4042,2071.5778,2319.5166,2571.0701,2274.2228,2246.3776,1993.0221,2241.2028,2491.3597,2032.2634,2027.9984,1709.4817,1959.9820,2383.8843,1665.1544,1681.7837,1352.0319,1587.9940,2036.4816,1617.1810,1650.2775,1250.0942,1512.6137,2061.4858,1517.4285,1566.5140,1110.0960,1378.7435,2019.5203,1414.2563,1458.0554,1022.5693,1276.4067,1908.2327,1298.3205,1336.4886,924.3876,1151.6513,1786.8778,1163.3387,1201.5688,805.1119,1006.1057,1662.7673,1036.4817,1076.9509,686.2012,866.2606,1557.8222,11.00000000000,26,123
26,157,01623019,26157,Tuscola,Tuscola County,06,H1,G4020,,,,A,2080088206.00000000000,286929756.00000000000,+43.4879024,-083.4366179,26157,3437.6075,3428.0094,3400.3343,3427.9399,3456.2608,3060.3270,3046.7170,2990.7212,3046.7004,3101.6574,2778.0962,2760.6810,2669.7983,2761.0604,2850.9471,2872.5556,2848.4603,2711.4533,2847.6102,2985.8027,2923.3529,2894.4154,2685.2816,2891.6975,3103.3028,3038.1624,3004.5026,2734.3727,2999.7647,3272.7931,2411.5729,2383.3007,2121.8874,2378.5461,2641.0636,2172.5217,2145.5047,1911.6828,2140.8994,2373.6621,2079.4434,2053.4242,1821.2574,2048.5771,2277.9154,1765.6311,1761.4038,1484.2589,1702.1879,2070.9928,1609.1099,1624.7296,1305.7381,1533.9826,1967.8662,1498.6079,1528.8471,1157.6823,1401.1655,1910.2839,1364.6783,1408.4182,997.6571,1239.4466,1816.1918,1255.1410,1293.6410,906.8808,1132.3282,1693.5077,1144.5729,1177.8814,814.3266,1014.8413,1575.2477,1005.7629,1038.5127,695.5239,869.4487,1437.5220,897.0085,931.7647,593.3865,749.3648,1348.1788,11.00000000000,26,157
26,141,01623013,26141,Presque Isle,Presque Isle County,06,H1,G4020,,,,A,1706074274.00000000000,4957333304.00000000000,+45.4895147,-083.3840186,26141,642.8293,641.0282,635.8498,641.0155,646.3165,621.5342,618.7783,607.4101,618.7744,629.9305,565.8261,562.2979,543.7911,562.3730,580.6745,585.7258,580.7766,552.8419,580.6057,608.7943,503.7267,498.7110,462.6744,498.2416,534.7147,576.8002,570.2242,518.8378,569.2894,621.2913,553.6588,547.2240,487.2515,546.1452,606.3527,493.6296,487.5772,434.5261,486.5484,539.3368,455.8304,450.2699,399.5079,449.2370,499.3544,408.7592,408.0546,344.1124,394.4103,479.5196,383.8803,387.7669,311.7867,366.1583,469.4937,361.9797,369.4377,279.9006,338.6368,461.4362,342.2944,353.4113,250.4863,311.0662,455.5578,325.5516,335.6738,235.4571,293.8705,439.2649,314.6413,323.9267,224.0829,279.1419,433.0434,296.1946,305.9569,205.0381,256.1979,423.3548,271.1570,281.7633,179.5531,226.6483,407.5476,11.00000000000,26,141
26,025,01622955,26025,Calhoun,Calhoun County,06,H1,G4020,,12980,,A,1829135298.00000000000,31390284.00000000000,+42.2429896,-085.0123853,26025,8226.9086,8203.9514,8137.7260,8203.7840,8271.5515,7860.5348,7825.8595,7682.1777,7825.7970,7966.7739,7532.0106,7484.9035,7238.5220,7485.9195,7729.5860,8155.3013,8086.9603,7697.9888,8084.5423,8476.8569,8376.7614,8294.8500,7695.6007,8287.1003,8893.0655,7826.2770,7739.3219,7043.3335,7727.0700,8430.6115,6856.4657,6776.0750,6032.8308,6762.5551,7508.9407,7133.4344,7045.5343,6278.5056,7030.5782,7793.9224,7258.7121,7169.1995,6359.9741,7152.5514,7951.6776,6693.0057,6678.4342,5629.0189,6454.3065,7850.8978,5879.0818,5937.4050,4772.8734,5606.1678,7190.0461,5658.5030,5773.9360,4373.4193,5292.1553,7213.0768,5350.6308,5523.3580,3913.7228,4861.1674,7121.0338,5053.9239,5210.1266,3653.6633,4560.9089,6819.1476,4738.9331,4877.9598,3373.5543,4203.2171,6522.1675,4401.9325,4546.3227,3045.9716,3806.6460,6291.6908,4070.3472,4229.0097,2694.2977,3401.5517,6117.6775,11.00000000000,26,025
26,111,01622998,26111,Midland,Midland County,06,H1,G4020,,33220,,A,1337087878.00000000000,30601740.00000000000,+43.6483780,-084.3792195,26111,5489.0082,5473.6801,5429.4885,5473.5688,5518.7927,4953.7869,4931.6991,4841.0289,4931.6763,5020.6724,4829.9263,4799.4323,4641.3842,4800.1169,4956.4613,5799.7514,5750.4869,5473.8946,5748.8127,6028.0064,6378.4743,6314.5252,5858.2027,6308.5646,6770.5738,6132.0743,6062.9456,5517.0758,6053.1561,6605.2943,5150.1763,5088.7511,4529.6560,5078.3600,5640.1577,5165.6322,5101.7558,4546.1175,5090.8797,5643.9075,4937.0093,4875.6047,4324.7331,4864.1733,5408.2658,4555.7058,4545.4507,3830.8794,4392.8150,5343.7627,4419.7640,4463.1463,3587.3285,4214.0120,5405.2425,4298.6242,4385.8767,3321.6090,4019.7661,5479.5423,4124.5772,4257.3216,3016.2336,3746.7638,5489.2711,3956.6113,4078.5397,2859.7563,3570.1832,5338.5359,3746.1119,3855.7072,2666.2504,3322.2433,5155.7286,3500.7469,3615.3248,2421.9389,3027.0144,5003.6068,3288.6934,3416.6804,2176.5268,2748.0772,4942.8494,11.00000000000,26,111
26,019,01622952,26019,Benzie,Benzie County,06,H1,G4020,,45900,,A,828028289.00000000000,1398240608.00000000000,+44.6486213,-086.4943167,26019,1047.7890,1044.8858,1036.4618,1044.8635,1053.4778,889.4381,885.5168,869.2601,885.5096,901.4599,801.5601,796.6271,770.4225,796.7259,822.6312,866.0953,858.8089,817.5013,858.5540,900.2264,832.7746,824.5189,764.9428,823.7442,884.0288,1005.3579,994.0566,904.5786,992.4578,1082.9521,962.3563,951.0788,846.7636,949.1826,1053.9367,882.2081,871.2638,776.3382,869.3991,963.8879,767.9483,758.4514,672.8135,756.6845,841.2586,647.1914,645.8698,544.4648,624.2181,759.1770,610.6296,616.6886,495.7357,582.2850,746.7928,582.2905,594.1649,450.0410,544.5860,742.2640,550.3188,568.0751,402.5159,499.9657,732.4061,525.0698,541.2876,379.5735,473.8353,708.4640,500.2841,514.9506,356.1244,443.7160,688.5373,456.8981,471.8696,316.1289,395.0910,653.0443,409.7314,425.6876,271.1878,342.3902,615.8199,11.00000000000,26,019
26,069,01622977,26069,Iosco,Iosco County,06,H1,G4020,,,,A,1422153154.00000000000,3473073181.00000000000,+44.3294820,-082.8494466,26069,1485.3510,1481.1570,1469.1748,1481.1289,1493.4043,1243.3346,1237.8088,1215.0608,1237.8017,1260.1271,1213.0420,1205.3953,1165.7036,1205.5659,1244.8281,1457.9567,1445.6272,1376.0943,1445.2026,1515.3710,1584.4149,1568.4716,1455.1201,1566.9888,1681.7741,1778.2475,1758.2058,1599.9111,1755.3679,1915.4786,1566.7572,1547.9546,1377.7791,1544.7673,1715.8033,1331.6702,1315.0964,1171.7609,1312.2708,1454.9606,1313.8483,1297.4580,1150.8139,1294.4057,1439.2543,1404.2730,1400.8017,1180.2906,1353.6793,1647.1122,1229.6842,1241.4051,997.4693,1172.0016,1503.8112,1202.9170,1226.9800,928.8924,1124.4370,1533.3396,1172.4392,1209.8188,856.7792,1064.5994,1560.3315,1121.2510,1155.4602,809.8234,1011.3052,1512.8393,1069.9175,1100.8869,760.9201,948.4364,1472.4879,977.8190,1009.5178,675.9498,845.1152,1397.5724,895.8302,930.4228,592.3967,748.2357,1346.4006,11.00000000000,26,069
26,001,01622943,26001,Alcona,Alcona County,06,H1,G4020,,,,A,1747168145.00000000000,2890419533.00000000000,+44.6825347,-082.8340798,26001,568.5930,566.9723,562.3777,566.9622,571.6735,431.6478,429.7604,421.8789,429.7558,437.4865,365.4052,363.0859,351.1265,363.1391,374.9712,401.2346,397.7905,378.6571,397.6771,417.0026,385.2936,381.4949,353.9316,381.1372,409.0208,495.6294,490.0993,446.0104,489.3190,533.8944,364.5072,360.1281,320.5331,359.3855,399.1823,308.0097,304.1170,270.9113,303.4513,336.5228,277.0689,273.6503,242.7599,273.0144,303.5196,274.1031,273.6045,230.7055,264.4488,321.5468,254.4867,257.0636,206.6941,242.7387,311.2426,233.0900,237.8972,180.2450,218.0647,297.1337,223.4344,230.6978,163.5179,203.0586,297.3683,213.0834,219.7172,154.1285,192.3579,287.5130,200.4217,206.3465,142.7552,177.8221,275.8429,177.4614,183.3227,122.8680,153.5133,253.6487,162.7195,169.0977,107.7726,136.0267,244.5674,11.00000000000,26,001
26,045,01622965,26045,Eaton,Eaton County,06,H1,G4020,330,29620,,A,1489695507.00000000000,11028096.00000000000,+42.5896144,-084.8465237,26045,6894.4413,6875.2896,6819.8348,6875.1453,6931.8661,6243.2023,6215.6468,6101.5205,6215.5984,6327.5780,6425.6230,6385.3694,6175.1663,6386.2435,6594.1391,7473.7425,7411.3760,7054.9000,7409.1422,7768.5930,7937.5046,7859.4626,7291.6300,7852.1032,8426.4546,7839.5395,7752.1402,7054.8099,7739.8111,8444.8116,7183.4173,7098.5584,6319.3764,7084.2501,7866.9327,6741.4365,6658.1304,5933.0411,6643.9478,7365.6152,6696.8820,6614.0617,5867.2548,6598.6530,7336.1831,6310.2160,6295.7264,5305.7287,6084.2396,7401.7027,6268.5369,6330.1060,5087.9662,5976.7697,7666.2448,6140.3725,6265.0223,4744.7790,5742.0554,7827.2576,5854.7684,6043.1822,4281.4681,5318.4503,7791.9272,5617.8406,5790.9057,4060.3606,5069.0942,7579.9774,5355.7069,5512.2878,3811.6777,4749.5819,7370.9868,5027.3455,5191.7462,3477.8419,4346.8506,7185.5596,4688.6057,4870.9178,3102.7408,3917.6720,7046.8841,11.00000000000,26,045
36,079,00974138,36079,Putnam,Putnam County,06,H1,G4020,408,35620,35644,A,596504166.00000000000,41282767.00000000000,+41.4279035,-073.7438816,36079,7761.8963,7740.1884,7677.6815,7740.0329,7804.0092,6354.2511,6326.0556,6209.8227,6326.0168,6440.0848,5470.2478,5435.6404,5256.6253,5436.4238,5613.5182,6210.7194,6157.6614,5861.4837,6155.8890,6454.9554,6449.6580,6385.4025,5923.9941,6379.3910,6846.4016,7783.8530,7697.0731,7004.6951,7684.8310,8384.8255,7722.8064,7631.9148,6794.4905,7616.6090,8457.6848,6954.5982,6869.8205,6122.8401,6855.4274,7598.5812,6467.9612,6388.1984,5667.1265,6373.3632,7085.4361,5580.1350,5568.5412,4694.0601,5381.8112,6545.6347,6082.9639,6143.5484,4938.8113,5800.8848,7439.4303,5943.9507,6065.4317,4594.4335,5559.4054,7576.9738,5796.5029,5983.8399,4240.2269,5266.5236,7714.4541,5778.6163,5957.4110,4177.9041,5215.1535,7796.9765,5709.9358,5877.6079,4065.0704,5064.6539,7858.5661,5410.1539,5587.7181,3743.8049,4678.6516,7732.7509,5049.2356,5246.1117,3342.3568,4219.6689,7588.9372,11.00000000000,36,079
26,053,01622969,26053,Gogebic,Gogebic County,06,H1,G4020,,,,A,2853775286.00000000000,969936900.00000000000,+46.4880535,-089.7883140,26053,928.1867,925.5549,918.0617,925.5379,933.2176,833.2629,829.4799,814.1937,829.4807,844.4942,711.4508,706.8893,683.5952,706.9982,730.0503,773.6958,766.9365,730.0471,766.7260,804.0258,795.0492,787.0106,730.1309,786.2651,843.8782,732.8852,724.4331,659.0885,723.2270,789.3876,746.6892,737.0918,655.4914,735.4285,817.6487,718.0690,708.3563,630.3752,706.6740,784.5050,764.8764,754.5222,668.4095,752.5774,837.7847,648.3363,645.8937,543.4144,623.9395,760.2485,590.9399,595.8429,478.0678,562.3053,722.5564,559.7223,570.2137,430.9829,522.3176,713.3840,517.6525,533.4966,377.1538,469.2120,688.8555,488.0735,502.3534,351.4558,439.4374,658.4748,454.0483,466.6356,321.9444,401.7898,624.8454,421.9759,435.1655,290.8378,364.0936,603.0854,393.9778,408.7703,259.7798,328.5502,592.1085,11.00000000000,26,053
36,023,00974110,36023,Cortland,Cortland County,06,H1,G4020,296,18660,,A,1291782573.00000000000,7144297.00000000000,+42.5938237,-076.0762647,36023,2757.8613,2750.1202,2727.8965,2750.0662,2772.8202,2454.2807,2443.3818,2398.4830,2443.3673,2487.4308,2352.6175,2337.8092,2260.8338,2338.1374,2414.2769,2499.3709,2478.1785,2358.9808,2477.4543,2597.7604,2532.1224,2506.7138,2325.5629,2504.3466,2687.7633,1976.0575,1954.0702,1778.3225,1950.9706,2128.6366,1523.8301,1505.1549,1339.3388,1501.9670,1668.7478,2263.8785,2236.2162,1992.9989,2231.5175,2473.5057,2240.9727,2213.4045,1963.6343,2208.2784,2454.9192,1851.7552,1847.9957,1557.8712,1786.0504,2172.1754,1846.7604,1865.1567,1499.4062,1761.1263,2258.5781,1865.9097,1904.0555,1442.2915,1745.2078,2378.5454,1725.6995,1781.4862,1262.3982,1567.9347,2296.7014,1620.8843,1671.0528,1171.9189,1462.8564,2187.0298,1561.1751,1607.0428,1111.4880,1384.7764,2148.6421,1501.5223,1550.8331,1039.1005,1298.5403,2146.1328,1469.4281,1526.7551,972.7498,1228.0472,2208.5339,11.00000000000,36,023
26,011,01622948,26011,Arenac,Arenac County,06,H1,G4020,,,,A,940660726.00000000000,822319209.00000000000,+44.0368697,-083.7406754,26011,899.2848,896.7745,889.5349,896.7563,904.1647,788.7852,785.2939,770.8698,785.2885,799.4427,784.2468,779.2655,753.5970,779.3801,804.7758,807.8486,801.0875,762.5563,800.8474,839.7068,753.2909,745.9081,692.0196,745.2106,799.7091,764.8033,756.0108,687.8353,754.7573,823.7745,620.3150,612.8717,545.4962,611.6100,679.3259,555.7677,548.8839,489.0929,547.7114,607.2245,516.3788,509.9131,452.2562,508.7086,565.6639,482.7149,481.6149,405.8895,465.4388,566.2128,427.6084,431.7651,347.0000,407.6513,522.9460,394.9177,402.8928,305.0870,369.2473,503.4046,366.1430,377.8864,267.6849,332.5533,487.2847,336.2010,346.5241,242.9345,303.3179,453.6225,310.3091,319.3592,220.8095,275.1622,427.0724,287.4374,296.8241,198.8221,248.5141,410.8319,262.9282,273.1482,173.9892,219.6911,395.1758,11.00000000000,26,011
26,063,01622974,26063,Huron,Huron County,06,H1,G4020,,,,A,2164469622.00000000000,3369824158.00000000000,+43.9076160,-082.8570449,26063,1977.2373,1971.7131,1955.7931,1971.6732,1987.9658,1605.8135,1598.7180,1569.3595,1598.7061,1627.5136,1466.9693,1457.6907,1409.6843,1457.9006,1505.3917,1683.4198,1669.0229,1588.7444,1668.5436,1749.6102,1601.3979,1585.3537,1470.7882,1583.8576,1699.8468,1725.2069,1705.8237,1552.2838,1703.0820,1858.3624,1573.3321,1554.6067,1383.8391,1551.4412,1723.0215,1379.7399,1362.7283,1214.3617,1359.8336,1507.4901,1372.6408,1355.5573,1202.3878,1352.3767,1503.6635,1197.4693,1194.7544,1006.9135,1154.6295,1404.6056,1048.7709,1058.9723,851.0786,999.8314,1282.6012,993.6946,1013.7641,767.6666,929.1060,1266.6702,930.8783,960.7325,680.5559,845.4778,1238.8676,867.3388,893.9560,626.7028,782.4877,1170.2640,808.8628,832.4109,575.4956,717.1938,1113.2189,727.1136,750.7952,502.8364,628.5722,1039.2531,646.8666,671.9307,427.9134,540.3953,972.2226,11.00000000000,26,063
26,137,01623011,26137,Otsego,Otsego County,06,H1,G4020,,,,A,1333769920.00000000000,29053674.00000000000,+45.0217942,-084.5765966,26137,1575.1661,1570.7525,1558.0635,1570.7214,1583.7112,1338.6437,1332.7263,1308.2510,1332.7165,1356.7326,1231.1128,1223.3761,1183.0977,1223.5463,1263.3858,1355.9447,1344.4778,1279.8100,1344.0829,1409.3418,1480.2491,1465.5080,1359.6112,1464.1286,1571.3090,1732.9097,1713.1366,1558.7449,1710.3250,1866.5716,1534.0498,1515.5333,1348.8271,1512.3883,1679.9721,1491.1326,1472.3675,1311.6838,1469.1612,1629.1745,1500.4222,1481.6545,1314.1406,1478.1585,1643.6304,1371.2711,1367.5548,1151.9646,1321.4626,1608.3241,1203.6159,1215.0817,976.3121,1147.1478,1471.9306,1178.7698,1202.3466,910.2404,1101.8613,1502.5592,1126.6830,1162.6032,823.3411,1023.0510,1499.4371,1083.5502,1116.6140,782.6023,977.3073,1461.9722,1032.3123,1062.2033,734.1931,915.1138,1420.7342,954.6345,985.5995,659.9543,825.0995,1364.4366,880.1919,914.2033,582.0956,735.2017,1322.8983,11.00000000000,26,137
26,153,01623017,26153,Schoolcraft,Schoolcraft County,06,H1,G4020,,,,A,3033804451.00000000000,1845681047.00000000000,+46.0207579,-086.1993524,26153,533.1545,531.6719,527.3827,531.6608,536.0484,463.0389,461.0219,452.5712,461.0164,469.3044,387.3125,384.9056,372.2391,384.9560,397.4809,383.9996,380.7421,362.4288,380.6309,399.1150,360.2747,356.7161,330.9425,356.3815,382.4568,431.9876,427.2062,388.7997,426.5335,465.3504,386.5740,382.0536,340.1583,381.2941,423.3626,313.7355,309.8105,276.0231,309.1406,342.7810,300.5655,296.8002,263.2385,296.0987,329.2524,242.9993,242.5795,204.5663,234.4680,285.0648,205.8142,207.8882,167.1447,196.3005,251.7135,180.3813,184.0871,139.4612,168.7357,229.9410,162.2716,167.5314,118.7303,147.4542,215.9655,151.8009,156.5106,109.7733,137.0154,204.8232,140.2704,144.3972,99.8762,124.4283,193.0543,121.9732,125.9812,84.4134,105.4873,174.3370,106.2414,110.3868,70.3320,88.7900,159.6797,11.00000000000,26,153
26,081,01622983,26081,Kent,Kent County,06,H1,G4020,266,24340,,A,2193584722.00000000000,64739558.00000000000,+43.0324971,-085.5474460,26081,39312.2213,39202.4872,38886.0121,39201.6899,39525.5435,39088.7682,38915.4242,38200.4578,38915.1783,39616.8114,42461.2808,42194.8779,40805.7545,42200.7000,43574.6290,52330.0126,51888.2211,49392.4612,51872.9297,54391.2469,60781.6768,60183.0184,55834.8069,60126.6234,64525.1350,59173.4646,58509.5981,53243.8065,58415.7433,63740.8918,55373.7083,54715.7085,48706.3304,54604.5388,60642.1743,57588.8308,56878.8208,50686.1882,56758.0005,62920.9839,61051.4636,60294.8167,53485.1454,60154.0122,66879.3904,58505.1450,58374.1318,49198.0342,56414.1208,68625.6704,56259.1272,56812.5432,45665.1752,53641.6235,68803.4673,57233.5146,58396.2651,44226.9813,53522.0012,72956.8333,56751.0552,58578.3162,41502.4578,51553.6326,75528.2791,56232.1882,57965.5056,40644.2208,50740.7563,75872.4343,54878.1848,56483.6912,39058.9004,48668.7808,75528.1873,53245.4038,54987.6902,36836.3020,46039.5457,76103.4624,51325.1968,53321.9856,33966.9430,42887.2400,77140.8477,11.00000000000,26,081
26,051,01622968,26051,Gladwin,Gladwin County,06,H1,G4020,,,,A,1299601369.00000000000,36650228.00000000000,+43.9897504,-084.3898162,26051,1652.9479,1648.3389,1635.0346,1648.3051,1661.9181,1423.5723,1417.2558,1391.2157,1417.2471,1442.8021,1355.7764,1347.3135,1302.9675,1347.4944,1391.3496,1415.8757,1403.8467,1336.3232,1403.4382,1471.5976,1488.5711,1473.8093,1367.3181,1472.4245,1580.1840,1487.4694,1470.4915,1337.9642,1468.0772,1602.1985,1340.1692,1324.0475,1178.4532,1321.3124,1467.6554,1164.1558,1149.6349,1024.3014,1147.1582,1271.9352,1164.6038,1149.7089,1019.3882,1146.9276,1275.7200,1071.9366,1069.0802,900.5901,1033.0610,1257.2552,894.5149,903.0209,725.5583,852.5293,1093.9211,830.3057,846.8996,641.1350,776.1160,1058.3759,760.0259,784.2476,555.3853,690.1077,1011.4737,703.5768,725.0413,508.1557,634.5847,949.2955,638.0863,656.5620,453.8143,565.6440,878.1751,571.9229,590.4773,395.3853,494.3223,817.4361,506.0393,525.5998,334.6702,422.6900,760.5600,11.00000000000,26,051
26,027,01622956,26027,Cass,Cass County,06,H1,G4020,515,43780,,A,1269253670.00000000000,47281098.00000000000,+41.9162400,-085.9994574,26027,3456.5714,3446.8880,3419.0438,3446.8195,3475.3230,3199.1861,3185.0361,3126.5395,3185.0134,3242.4141,2755.3108,2738.1074,2647.9833,2738.4756,2827.6028,2963.6613,2938.6674,2797.3212,2937.7996,3080.4144,2914.5648,2885.5796,2677.0725,2882.8649,3093.8851,3187.1813,3151.5538,2868.0006,3146.5233,3433.2283,2915.0430,2880.2725,2563.8174,2874.3904,3192.3763,2621.3778,2589.1550,2307.3590,2583.6751,2864.0971,2496.4265,2465.5566,2187.1694,2459.8134,2734.7419,2127.0099,2122.2264,1788.6044,2050.9635,2494.9462,2002.1523,2021.9889,1625.3822,1909.1779,2448.6039,1885.7593,1924.2058,1457.4507,1763.6411,2403.8357,1762.4329,1819.3047,1289.0943,1601.1814,2345.5803,1674.6865,1726.4245,1210.6534,1511.2915,2259.6154,1587.1795,1633.7219,1129.8455,1407.7291,2184.4248,1452.4788,1500.1016,1005.0238,1256.0297,2076.0294,1321.2204,1372.7028,874.5258,1104.1085,1985.7755,11.00000000000,26,027
26,071,01622978,26071,Iron,Iron County,06,H1,G4020,,,,A,3020312287.00000000000,116706564.00000000000,+46.1702489,-088.5404093,26071,581.3521,579.7179,575.0320,579.7066,584.5050,490.4265,488.2222,479.2368,488.2212,497.0432,557.9306,554.3115,536.0359,554.4018,572.4931,588.9586,583.9515,555.8641,583.7818,612.1349,497.2932,492.3180,456.7413,491.8537,527.8699,578.1170,571.4839,519.9572,570.5390,622.6973,500.3480,494.2882,439.8992,493.2579,547.9399,488.6006,482.3301,429.5704,481.2546,533.8258,494.7333,488.5314,433.2846,487.3758,541.9517,430.3678,429.4498,361.9864,415.0427,504.8262,391.9556,395.7228,317.9929,373.6086,479.3373,384.5304,392.2650,297.0088,359.4966,490.1601,366.2129,377.9448,267.7125,332.5996,487.3766,343.8222,354.3832,248.4482,310.1986,463.9058,329.9528,339.5815,234.7975,292.5882,454.1081,307.9307,317.9992,213.0197,266.2481,440.1237,288.4091,299.6318,190.8728,240.9969,433.4738,11.00000000000,26,071
26,033,01622959,26033,Chippewa,Chippewa County,06,H1,G4020,,42300,,A,4036289692.00000000000,2952509199.00000000000,+46.3218192,-084.5206297,26033,2148.5989,2142.4383,2125.0577,2142.4022,2160.2347,1955.9015,1947.0357,1911.1619,1947.0367,1982.2685,1768.3786,1757.0402,1699.1406,1757.3109,1814.6093,1924.7088,1907.9755,1816.2028,1907.4461,2000.2122,1896.7359,1877.3367,1741.6363,1875.5497,2013.0802,2251.0365,2224.4249,2023.3634,2220.5965,2424.3926,2356.6317,2326.0659,2068.3111,2320.7540,2580.5560,2420.3230,2387.3533,2124.3033,2381.6353,2644.2386,2412.2206,2378.8787,2106.6741,2372.6031,2642.0709,2215.5509,2207.3781,1857.3163,2132.3954,2598.0294,2095.8504,2112.6945,1694.5794,1993.6108,2562.5579,2009.6465,2046.7049,1546.3475,1874.5789,2561.2851,1908.4931,1966.2591,1389.3890,1729.0881,2539.6308,1827.4794,1880.2619,1314.7620,1644.5004,2465.4467,1739.1456,1786.6436,1231.8951,1538.0719,2393.2938,1629.6564,1679.8614,1121.9085,1405.1982,2329.0433,1523.8525,1580.3594,1003.5295,1269.9179,2290.1511,11.00000000000,26,033
36,041,00974119,36041,Hamilton,Hamilton County,06,H1,G4020,,,,A,4447975965.00000000000,234214069.00000000000,+43.6578786,-074.5024556,36041,287.5664,286.7659,284.4520,286.7600,289.1272,273.7067,272.5264,267.5374,272.5224,277.4137,200.9022,199.6690,193.1018,199.6934,206.1853,236.6347,234.6699,223.3827,234.5985,245.9766,222.6551,220.4568,204.5284,220.2500,236.3646,263.6756,260.8594,237.4729,260.4682,284.0693,251.6749,248.7298,221.4526,248.2348,275.6255,236.0584,233.2735,208.0015,232.8039,257.9224,187.5076,185.1930,164.2869,184.7624,205.4081,179.7923,179.4760,151.3460,173.4731,210.9147,189.1149,191.0239,153.5887,180.3772,231.2906,169.8248,173.3213,131.3127,158.8703,216.4850,161.8388,167.0947,118.4311,147.0737,215.3903,153.5015,158.2759,111.0238,138.5656,207.1188,147.8870,152.2541,105.3279,131.2053,203.5383,133.0559,137.4457,92.1145,115.0941,190.1789,119.8972,124.5929,79.4033,100.2241,180.2053,11.00000000000,36,041
26,023,01622954,26023,Branch,Branch County,06,H1,G4020,,17740,,A,1311488743.00000000000,34465281.00000000000,+41.9185851,-085.0665229,26023,2533.0282,2525.9115,2505.4962,2525.8621,2546.7666,2372.2519,2361.6180,2318.1691,2361.6110,2404.2656,2157.4415,2143.8110,2073.2119,2144.1178,2213.9572,2531.3663,2510.2093,2389.4720,2509.4551,2631.2112,2344.1313,2321.3814,2153.6918,2319.2193,2488.7259,2474.9241,2447.7679,2227.8611,2443.9585,2666.1337,2327.5560,2300.1461,2047.7442,2295.5294,2549.0372,2303.2499,2275.1923,2027.8217,2270.4295,2516.5278,2382.4156,2353.4382,2088.2057,2348.0572,2609.9059,2095.0162,2090.7766,1762.5503,2020.6971,2457.5327,1702.1560,1718.8457,1381.5339,1622.8936,2081.6843,1668.1257,1701.9690,1288.9569,1559.8918,2126.3913,1604.4120,1656.0370,1173.2607,1457.4333,2135.2609,1496.6460,1542.6803,1081.5944,1350.3633,2019.3714,1411.5608,1452.7145,1004.4119,1251.6632,1942.7027,1293.1840,1335.3094,894.3161,1117.9355,1848.3299,1170.5339,1215.8566,774.2716,977.8302,1759.2779,11.00000000000,26,023
26,103,01622994,26103,Marquette,Marquette County,06,H1,G4020,,32100,,A,4683737366.00000000000,4185779618.00000000000,+46.6565965,-087.5840278,26103,3414.5718,3404.9963,3377.4853,3404.9290,3433.0941,3167.2374,3153.1336,3095.1723,3153.1177,3210.0064,3431.4565,3409.9305,3297.6707,3410.4008,3521.4320,3907.5451,3874.4813,3688.1232,3873.3446,4061.4122,3274.8344,3242.6986,3008.4247,3239.6646,3476.6053,3018.5676,2984.7798,2716.2028,2980.0068,3251.5846,2282.0961,2253.9232,2005.4359,2249.1026,2499.1021,3615.7075,3571.2309,3182.5177,3563.6661,3950.4920,3911.8129,3863.6251,3427.5702,3854.6638,4285.2672,3503.9400,3496.1207,2946.5756,3378.7398,4110.0763,3663.0614,3699.0272,2973.1653,3492.5497,4479.8192,3647.6692,3721.7077,2818.6048,3411.0381,4649.7568,3500.3012,3612.9385,2559.6847,3179.6525,4658.4402,3409.5559,3514.5906,2464.2949,3076.5117,4600.4074,3371.5697,3470.1473,2399.5691,2990.0038,4640.2461,3322.4434,3431.1031,2298.4364,2872.7362,4748.7525,3334.5112,3464.1868,2206.6814,2786.2471,5011.7070,11.00000000000,26,103
26,155,01623018,26155,Shiawassee,Shiawassee County,06,H1,G4020,330,37020,,A,1374422924.00000000000,26624209.00000000000,+42.9515446,-084.1463518,26155,4639.8515,4626.9074,4589.5590,4626.8129,4665.0300,4012.5668,3994.6842,3921.2456,3994.6651,4066.7466,3731.0319,3707.5433,3585.4669,3708.0643,3828.8158,3711.5432,3679.9885,3502.9850,3678.9190,3857.5970,3768.4485,3730.8845,3461.2894,3727.3711,4000.2471,4024.2906,3978.5682,3620.1359,3972.0762,4334.7469,3363.2132,3322.7770,2957.4188,3315.9181,3683.1479,3145.7114,3106.7386,2768.3056,3100.1002,3436.9620,2891.0751,2854.9209,2532.1559,2848.1864,3167.0156,2513.2251,2507.7008,2113.6028,2423.5283,2948.0009,2362.0654,2384.9968,1916.7408,2251.7872,2888.6960,2211.2518,2255.8729,1708.2069,2067.4744,2818.6951,2045.0564,2110.6085,1495.0606,1857.3952,2721.6783,1923.8821,1982.9011,1390.0790,1735.6424,2595.8120,1794.2957,1846.5192,1276.5959,1590.9305,2469.4459,1632.4518,1685.6198,1128.9246,1411.2154,2333.2400,1493.6836,1551.5735,988.1231,1247.8476,2244.9658,11.00000000000,26,155
26,005,01622945,26005,Allegan,Allegan County,06,H1,G4020,266,10880,,A,2137337922.00000000000,2610856790.00000000000,+42.5957875,-086.6347446,26005,7472.8872,7451.9999,7391.8266,7451.8497,7513.4336,6942.7525,6911.8919,6784.8663,6911.8533,7036.5200,6573.6476,6532.3467,6317.2783,6533.2550,6745.9784,7680.5418,7615.9056,7249.5905,7613.6469,7983.2034,8135.3046,8054.4582,7472.4619,8046.8829,8635.8726,8960.5154,8859.8638,8062.4080,8845.6280,9652.1156,8501.3532,8399.8898,7476.9417,8382.7217,9310.1536,7931.9935,7834.3725,6981.5842,7817.7666,8666.4277,8141.6237,8041.0441,7133.2251,8022.3340,8918.8563,7521.4983,7505.4707,6326.4322,7253.6817,8822.8041,6491.6625,6555.9497,5269.9924,6190.1700,7939.2065,6445.3499,6576.7274,4981.3801,6027.9246,8216.0832,6308.9756,6512.5395,4614.5335,5731.7195,8396.4642,6079.8967,6267.7236,4395.2283,5486.6885,8203.4626,5839.0294,6010.2589,4156.5673,5178.8622,8036.2182,5442.8879,5621.3678,3766.1758,4706.7606,7779.5266,5030.2844,5226.3279,3329.6450,4203.7164,7560.4480,11.00000000000,26,005
26,131,01623008,26131,Ontonagon,Ontonagon County,06,H1,G4020,,,,A,3396056253.00000000000,6292619305.00000000000,+47.2166041,-089.5004614,26131,325.2492,324.3394,321.7200,324.3329,327.0139,247.1472,246.0600,241.5440,246.0578,250.4884,170.0097,168.9082,163.3396,168.9355,174.4478,149.3048,148.0393,140.9188,147.9960,155.1826,108.6988,107.6056,99.8292,107.5039,115.3785,97.9272,96.8463,88.1416,96.6944,105.4911,84.0916,83.1185,74.0130,82.9556,92.0954,73.0820,72.2226,64.4011,72.0778,79.8511,64.9417,64.1040,56.8304,63.9474,71.1370,54.0647,53.9104,45.4042,52.0913,63.4090,55.7007,56.2285,45.1767,53.0840,68.1173,48.6919,49.6577,37.5855,45.5048,62.0658,44.7956,46.2139,32.7182,40.6629,59.6150,42.9126,44.2132,30.9787,38.6938,57.8987,42.0732,43.2807,29.9042,37.2830,57.9030,40.2386,41.5317,27.7963,34.7635,57.5112,37.6171,39.0583,24.8552,31.4054,56.5364,11.00000000000,26,131
26,099,01622992,26099,Macomb,Macomb County,06,H1,G4020,220,19820,47644,A,1241183094.00000000000,237312769.00000000000,+42.6714669,-082.9108693,26099,62280.1835,62107.0955,61606.1130,62105.7984,62618.2462,60368.4531,60102.3242,58998.9479,60101.8348,61184.4125,56110.2208,55760.7659,53925.6141,55768.1603,57582.8986,61113.4743,60602.7415,57687.8401,60584.5297,63524.0101,68812.1635,68134.8691,63212.1782,68071.0410,73050.5095,74797.8282,73963.6344,67310.1658,73845.9404,80572.6986,69238.0022,68419.7161,60909.2129,68281.7220,75826.0865,67335.4291,66507.4601,59268.7213,66366.6417,73570.1512,68464.3774,67620.7368,59988.6873,67463.8444,75000.5260,64578.1229,64439.8774,54316.3724,62277.9153,75750.7289,67729.3992,68401.7871,54986.2744,64585.9237,82832.3177,66750.8702,68113.3080,51592.5701,62430.1409,85089.5859,65136.9126,67240.5264,47645.9612,59179.4482,86689.3245,64912.0562,66919.1743,46928.7637,58580.9320,87584.4763,63908.3599,65784.1842,45496.7555,56684.9810,87956.7981,61511.2765,63529.8798,42565.1492,53194.0999,87918.2556,59021.9608,61323.5250,39070.1658,49325.1942,88709.2749,11.00000000000,26,099
26,159,01623020,26159,Van Buren,Van Buren County,06,H1,G4020,,28020,,A,1573351092.00000000000,1249470315.00000000000,+42.2839861,-086.3056965,26159,4681.8581,4668.7611,4631.0562,4668.6675,4707.2595,4321.6827,4302.6503,4223.6711,4302.6138,4380.1015,4125.0983,4099.3628,3964.4379,4099.9117,4233.3414,4309.5306,4273.4382,4067.8920,4272.1591,4479.4649,3901.9358,3863.5098,3584.3724,3859.8896,4142.2541,4315.9892,4267.8692,3883.9582,4261.0808,4649.2154,3736.4012,3692.2829,3287.0129,3684.8452,4091.9293,3425.0068,3383.0535,3014.9999,3375.9238,3742.1443,3411.7854,3370.1926,2990.2738,3362.4668,3737.5559,3068.0418,3061.3434,2580.2813,2958.5999,3598.8093,2523.0571,2548.3352,2048.7533,2406.2449,3085.7088,2392.6803,2441.7524,1849.7446,2238.1006,3050.0587,2215.0650,2286.8421,1620.6750,2012.7760,2948.0041,2036.6659,2099.8753,1472.8310,1838.3203,2748.0516,1899.3437,1955.3164,1352.5459,1684.9501,2614.0765,1706.2148,1762.4176,1181.0546,1475.7745,2438.7129,1527.6589,1587.4262,1011.5986,1276.9193,2296.0645,11.00000000000,26,159
26,147,01625033,26147,St. Clair,St. Clair County,06,H1,G4020,220,19820,47644,A,1867822812.00000000000,298719230.00000000000,+42.9288035,-082.6689135,26147,11387.2431,11355.3575,11263.6353,11355.1306,11449.0201,9914.0921,9870.0866,9688.7285,9870.0265,10048.0088,8805.8442,8750.5658,8462.4762,8751.7771,9036.7194,9247.3950,9169.7681,8728.7150,9167.0358,9611.9253,9595.7071,9501.0156,8814.5527,9492.1055,10186.5738,10573.7956,10455.1480,9514.1845,10438.3727,11389.9501,9142.3732,9034.1397,8042.2887,9015.8769,10012.2603,8334.8814,8231.8731,7335.3871,8214.3361,9106.5941,7964.2775,7865.2341,6976.5918,7846.7960,8724.5003,6774.0179,6758.5897,5695.9279,6531.5883,7945.7601,6576.3543,6641.0361,5337.9683,6270.3719,8042.7113,6188.1329,6313.8546,4781.8636,5786.8463,7888.1511,5730.0242,5914.5342,4190.4348,5205.2718,7625.9190,5398.9512,5565.3949,3902.3656,4871.7404,7284.6476,5034.5959,5181.9207,3583.3729,4464.9797,6929.0564,4522.2658,4670.2858,3128.6760,3910.3083,6463.6614,4048.5667,4206.1226,2679.4209,3383.0336,6084.9258,11.00000000000,26,147
26,085,01622985,26085,Lake,Lake County,06,H1,G4020,,,,A,1469481397.00000000000,17896759.00000000000,+43.9951867,-085.8113997,26085,683.2898,681.3826,675.8819,681.3687,686.9976,651.9128,649.0243,637.1016,649.0200,660.7201,570.2174,566.6592,548.0083,566.7352,585.1796,611.8948,606.9824,577.7880,606.7862,636.1587,524.2025,519.3155,481.8193,518.8396,556.6693,536.7113,530.9466,483.3258,530.1441,578.2131,593.9024,587.0812,522.8131,585.9424,650.4357,541.6270,535.2735,477.3202,534.2035,591.7951,533.8426,527.4972,468.1997,526.3219,584.8357,486.0213,485.1027,409.0098,468.8604,570.1369,446.7619,451.3282,362.9343,426.1909,546.4063,427.8326,436.6880,330.8924,400.2942,545.3875,406.8666,420.1205,297.8075,369.7973,541.5002,382.4544,394.3802,276.6718,345.2795,516.0466,365.7841,376.6082,260.5575,324.5519,503.4341,344.9406,356.3342,238.8257,298.3923,493.0298,314.0176,326.3207,207.9704,262.4985,471.9681,11.00000000000,26,085
26,113,01622999,26113,Missaukee,Missaukee County,06,H1,G4020,,15620,,A,1462634072.00000000000,23577412.00000000000,+44.3254240,-085.0854708,26113,895.3466,892.8423,885.6318,892.8243,900.2043,809.3527,805.7447,790.9313,805.7409,820.2807,735.8619,731.3314,707.2743,731.4223,755.2049,917.5314,909.7181,865.9616,909.4546,953.6293,926.9100,917.8779,851.5700,917.0217,984.0613,1038.1656,1026.7422,934.4795,1025.1382,1118.3638,898.8829,888.3055,790.8363,886.5245,984.4180,870.2992,859.6876,766.2081,857.8859,950.8872,904.3460,893.2124,792.4099,891.1421,990.6832,903.3671,901.5250,759.9832,871.3035,1059.6801,680.7788,687.5732,552.7548,649.2273,832.5909,676.7773,690.6232,523.1462,633.0108,862.7147,667.1128,688.6886,488.0292,606.1375,887.8489,637.0205,656.7421,460.5821,574.9206,859.5206,605.1481,622.9258,430.8359,536.7697,832.8640,555.7588,574.0007,384.5858,480.6172,794.3480,511.9758,531.9376,338.9025,427.8595,769.4931,11.00000000000,26,113
26,003,01622944,26003,Alger,Alger County,06,H1,G4020,,,,A,2370019042.00000000000,10703554733.00000000000,+47.0800765,-086.5641076,26003,513.6799,512.2320,508.0896,512.2222,516.4653,439.5796,437.5888,429.5273,437.5889,445.5059,390.2209,387.7669,374.9997,387.8211,400.4494,412.2948,408.6906,389.0327,408.5785,428.4559,370.7491,367.0047,340.4805,366.6572,393.5219,397.7549,393.1551,357.6840,392.4982,428.4165,519.4620,512.6874,455.8426,511.5081,568.8164,475.3942,468.8054,417.0372,467.6592,519.3686,454.9516,448.4710,396.9569,447.2477,498.2787,390.4438,388.7923,326.9324,375.5283,457.7962,378.5109,381.3400,305.6683,359.7795,462.7637,352.7795,359.0708,271.0758,328.7999,449.5899,322.8289,332.3831,234.6487,292.2095,429.5690,304.0646,312.6379,218.3955,273.3539,410.1940,285.2589,292.8511,201.7108,252.0263,392.5380,262.8476,270.7631,180.6306,226.4164,375.6391,238.1048,246.7666,156.5047,198.2214,357.8300,11.00000000000,26,003
36,071,00974134,36071,Orange,Orange County,06,H1,G4020,408,39100,,A,2102256780.00000000000,69822194.00000000000,+41.4024096,-074.3062522,36071,25782.3828,25710.6581,25503.2268,25710.1242,25922.3204,22793.2905,22693.0271,22276.5385,22692.8270,23101.4343,20789.8890,20659.9065,19979.8521,20662.7047,21335.2611,22627.7461,22438.2822,21359.0334,22431.5630,23520.0359,22772.6643,22548.5974,20919.4856,22527.4773,24175.3511,24436.2569,24167.0547,21995.2068,24129.2372,26323.8602,25083.1978,24787.1804,22066.6479,24737.2857,27469.9448,25776.2468,25457.8128,22685.4769,25403.6041,28162.8340,26160.8721,25836.0693,22917.5643,25775.6147,28658.0988,23598.3849,23545.5613,19844.3459,22754.9841,27680.5615,21045.7847,21251.9598,17081.2389,20065.5455,25738.3163,20691.5719,21111.0710,15987.8134,19348.6586,26375.9016,20140.2104,20787.8162,14727.1997,18294.6274,26803.9265,19640.9565,20245.4999,14194.8309,17721.7786,26500.8844,19176.5580,19736.7085,13647.1564,17005.6419,26392.3955,18206.2186,18801.1176,12593.9600,15741.2628,26022.0239,17038.2493,17700.3378,11274.5013,14236.1744,25608.1333,11.00000000000,36,071
36,005,00974101,36005,Bronx,Bronx County,06,H6,G4020,408,35620,35644,C,109028908.00000000000,39838229.00000000000,+40.8487111,-073.8529390,36005,91473.8667,91222.7441,90488.5168,91220.6968,91970.8362,89139.5278,88751.8142,87125.2722,88750.7256,90345.8662,94247.5056,93667.1541,90585.9583,93678.8127,96724.8625,109347.6301,108441.1721,103225.3384,108408.0811,113665.4067,124502.8967,123280.8691,114374.2266,123165.5137,132173.6521,131647.3584,130189.2710,118484.4313,129984.0503,141814.3224,114682.1417,113336.6967,100904.4602,113110.3846,125595.4336,116736.1498,115308.3658,102765.7161,115065.8015,127545.4269,124559.0505,123028.9712,109148.1387,122744.5167,136451.0222,122637.7114,122380.8259,103160.2048,118276.4648,143856.5217,127195.9850,128459.7550,103266.1581,121293.8112,155559.4701,127289.0461,129887.6550,98384.2208,119050.4088,162259.7021,125220.0670,129264.2925,91595.5888,113767.6256,166652.7333,124844.0131,128704.2311,90257.0552,112667.4502,168449.4159,123181.4603,126796.6920,87693.0057,109258.1556,169534.0825,118877.5441,122778.0812,82260.8579,102802.8474,169911.9966,115339.0081,119835.7597,76348.1784,96388.7558,173353.0345,11.00000000000,36,005
26,073,01622979,26073,Isabella,Isabella County,06,H1,G4020,,34380,,A,1483225590.00000000000,12960487.00000000000,+43.6452331,-084.8394245,26073,3473.3832,3463.7270,3435.7855,3463.6549,3492.2367,3373.1018,3358.1866,3296.5119,3358.1623,3418.6807,3765.3773,3741.8464,3618.6799,3742.3521,3864.1591,4476.1147,4438.3703,4224.8903,4437.0592,4652.4535,4941.9982,4892.7737,4539.2235,4888.1678,5246.0072,1840.0729,1819.9512,1656.4908,1817.1318,1982.2547,641.3775,633.6812,564.0177,632.3766,702.3920,2975.4130,2940.4733,2622.0756,2934.5879,3251.0082,3156.7844,3119.3821,2768.8466,3112.4573,3458.3377,2638.3901,2634.3561,2222.0436,2546.4087,3095.2473,3879.8689,3920.0480,3152.7915,3701.8778,4745.3073,3786.7327,3865.6960,2929.7417,3543.7268,4827.2783,3550.9931,3667.3311,2600.2972,3228.2963,4726.0874,3484.0934,3593.4357,2521.6404,3146.3269,4701.1585,3375.8264,3476.4635,2405.9863,2996.2339,4646.2597,3492.4818,3608.5056,2419.2587,3022.0197,4991.9138,3983.4517,4139.9846,2639.0211,3330.4777,5987.1526,11.00000000000,26,073
26,009,01622947,26009,Antrim,Antrim County,06,H1,G4020,,,,A,1232064018.00000000000,326513140.00000000000,+45.0054565,-085.1756245,26009,1463.8806,1459.8032,1448.0231,1459.7732,1471.8253,1115.0155,1110.0772,1089.6858,1110.0697,1130.0799,1099.2189,1092.2656,1056.2935,1092.4229,1128.0089,1184.6691,1174.7265,1118.2237,1174.3762,1231.3698,1081.7431,1071.2307,993.8470,1070.2324,1148.4597,1303.9492,1289.2543,1173.1808,1287.1735,1404.5782,1145.1400,1131.4825,1007.1681,1129.1721,1254.0873,1075.4727,1062.2690,946.6712,1060.0241,1175.0540,922.9456,911.3710,808.3017,909.2143,1011.0328,796.8606,794.9575,669.8808,768.2334,934.6769,715.5791,722.6257,580.8440,682.2955,875.1361,672.6433,686.3236,519.8088,629.0422,857.4352,620.3955,640.3965,453.7435,563.6100,825.6681,572.7923,590.4840,414.0719,516.9010,772.8549,528.9743,544.4898,376.5611,469.1721,728.0242,466.7094,482.0251,322.9576,403.6036,667.0691,408.8266,424.7788,270.6447,341.6724,614.4618,11.00000000000,26,009
36,011,00974104,36011,Cayuga,Cayuga County,06,H1,G4020,532,12180,,A,1791189978.00000000000,445707605.00000000000,+43.0085456,-076.5745866,36011,4989.4190,4975.4201,4935.2168,4975.3221,5016.4830,4158.1387,4139.6016,4063.4956,4139.5821,4214.2825,3957.4686,3932.5651,3803.0818,3933.1163,4061.1930,4554.7113,4516.6706,4299.4255,4515.3113,4734.3805,4347.5778,4304.6873,3993.6684,4300.6512,4615.2931,4497.5335,4447.1333,4046.9334,4440.0107,4844.7018,4220.7472,4169.5690,3710.7157,4160.8633,4622.2077,4047.7219,3996.5740,3560.2072,3987.8275,4422.4283,4066.8643,4014.8643,3559.7892,4005.1548,4454.8899,3770.4288,3760.5870,3168.1045,3633.9416,4422.3178,3248.0362,3278.4166,2633.6594,3094.9504,3972.0097,3107.2414,3168.7793,2398.3281,2903.7416,3960.6775,2936.5017,3029.4824,2144.8001,2665.6015,3907.9635,2721.4342,2803.7880,1964.3870,2453.7193,3671.8138,2535.1439,2607.8297,1801.7641,2246.4149,3488.9692,2316.3298,2390.7371,1600.0311,2001.1149,3310.6245,2108.3799,2189.1560,1393.0943,1760.2242,3168.7798,11.00000000000,36,011
26,047,01622966,26047,Emmet,Emmet County,06,H1,G4020,,,,A,1210803605.00000000000,1073558172.00000000000,+45.5900944,-084.9868217,26047,1906.4156,1901.0880,1885.7375,1901.0495,1916.7596,1814.4595,1806.3361,1773.1086,1806.3300,1838.9487,1713.2132,1702.4679,1646.4207,1702.7025,1758.1362,1930.1009,1913.9083,1821.8520,1913.3374,2006.1912,2117.2907,2096.1835,1944.7123,2094.2095,2247.5247,2277.3266,2251.7486,2049.0758,2248.1311,2453.0985,2004.4317,1980.4521,1762.7970,1976.3915,2195.1225,1833.6190,1811.0086,1613.8329,1807.1610,2003.3937,1649.2723,1628.5098,1444.2562,1624.6395,1806.6714,1473.0107,1469.8725,1238.9700,1420.5622,1727.8586,1470.2222,1484.7757,1193.5295,1401.9329,1798.0588,1398.2733,1426.7734,1080.6732,1307.7142,1782.4213,1313.7766,1356.1697,960.9325,1193.5731,1748.4740,1241.8913,1280.2622,897.7863,1120.7278,1675.6553,1156.4318,1190.3519,823.2303,1025.6942,1591.5902,1037.3838,1071.4116,717.8305,897.0952,1482.7347,933.3423,969.7286,617.8182,779.9911,1402.8014,11.00000000000,26,047
26,095,01622990,26095,Luce,Luce County,06,H1,G4020,,,,A,2328602234.00000000000,2624718308.00000000000,+46.9406018,-085.5823683,26095,376.2475,375.1600,372.1120,375.1541,378.2838,335.1121,333.5817,327.4294,333.5826,339.6264,277.9802,276.2115,267.1126,276.2525,285.2551,324.3220,321.5364,306.0708,321.4449,337.0664,282.7633,279.7970,259.5658,279.5278,300.0588,335.9345,331.8203,301.7365,331.2218,361.7638,432.8398,426.9580,379.4070,425.9216,473.9369,443.7639,437.4092,388.9033,436.2974,484.8005,476.5734,469.6388,415.5432,468.3272,521.9419,390.0101,388.2694,326.4053,374.9986,457.2657,363.1334,365.7194,293.0256,345.0024,443.9424,344.1574,350.1789,264.2474,320.6177,438.5878,322.6017,332.0539,234.3204,291.8843,429.2583,301.2694,309.6737,216.2323,270.7264,406.4150,287.5531,295.1311,203.2013,253.9579,395.6890,270.9191,279.0199,186.0753,233.2968,387.1701,250.9746,260.0641,164.8916,208.8857,377.1686,11.00000000000,26,095
26,143,01623014,26143,Roscommon,Roscommon County,06,H1,G4020,,,,A,1345849993.00000000000,156424239.00000000000,+44.3395168,-084.6112715,26143,1452.2166,1448.1721,1436.4861,1448.1423,1460.0982,1251.6700,1246.1111,1223.2129,1246.1038,1268.5762,1122.2822,1115.3374,1078.6405,1115.4802,1151.7629,1262.4682,1252.0124,1191.7928,1251.6297,1312.3251,1286.5933,1274.2979,1182.2633,1273.1184,1366.0810,1443.3414,1427.5591,1299.3424,1425.3479,1554.8681,1164.4285,1151.0924,1025.1154,1148.8681,1275.2744,1090.9759,1078.0981,961.2938,1075.9265,1192.0228,1145.6726,1131.6999,1004.1184,1129.1044,1255.0652,1015.8919,1013.8286,854.6629,979.8447,1191.6775,989.2607,999.3956,803.6837,943.7404,1209.9061,958.8593,978.7350,741.6476,897.1767,1222.3271,915.9100,945.7751,670.4534,832.4985,1218.9903,888.1174,915.8397,642.5237,801.8282,1198.3415,848.1256,873.2539,604.1960,752.5617,1167.2904,786.2728,812.2719,544.4396,680.2037,1123.8359,735.1434,763.9722,486.9240,614.5648,1104.9214,11.00000000000,26,143
36,123,00974159,36123,Yates,Yates County,06,H1,G4020,,,,A,875785717.00000000000,97504792.00000000000,+42.6382370,-077.1043238,36123,1320.0527,1316.3707,1305.7453,1316.3438,1327.2161,1245.0263,1239.5608,1216.8168,1239.5491,1261.8611,1166.2023,1158.9391,1120.7970,1159.0928,1196.8106,1413.3016,1401.3822,1333.9775,1400.9684,1468.9782,1398.1248,1383.8924,1283.8657,1382.5777,1483.9289,1254.6507,1240.0052,1128.0429,1237.9069,1351.3278,1204.7694,1189.8639,1058.6567,1187.3117,1319.3280,1234.9947,1219.4770,1086.4161,1216.8264,1349.3259,1277.8352,1261.7117,1118.9205,1258.7054,1399.7815,1159.7276,1157.0088,975.0167,1118.1274,1360.3138,857.0804,865.4191,695.5250,817.0884,1048.1724,831.9673,848.7882,642.7573,777.9131,1060.5174,796.1593,821.7276,582.1235,723.1616,1059.5787,732.6670,755.2193,529.5118,661.0771,988.5631,683.8748,703.8768,486.7305,606.4884,941.2082,648.1773,669.3934,448.4344,560.4657,926.4379,606.5194,630.1335,401.4252,506.8282,911.5888,11.00000000000,36,123
26,075,01622980,26075,Jackson,Jackson County,06,H1,G4020,,27100,,A,1817306121.00000000000,56540223.00000000000,+42.2484738,-084.4208679,26075,10182.7392,10154.1756,10072.1300,10153.9759,10237.9744,9251.0552,9209.9207,9040.6546,9209.8698,9375.9945,8500.8679,8447.3110,8169.1619,8448.5026,8723.6386,9089.3782,9012.9782,8579.4658,9010.2991,9447.6159,9706.8923,9611.5995,8917.1909,9602.6055,10304.9331,9709.8457,9600.1950,8735.7331,9584.6585,10459.1121,9407.8808,9293.2354,8270.0237,9273.7016,10302.6549,9444.4586,9324.5692,8305.9164,9304.0491,10318.7205,9417.5049,9296.7069,8242.5533,9274.1432,10315.9974,8663.5501,8639.8427,7277.5837,8348.5835,10161.1712,7580.0047,7650.3631,6145.2737,7222.0672,9269.4676,7290.5548,7434.4553,5626.3713,6812.4683,9292.9224,6933.5020,7152.6199,5063.4569,6293.3374,9227.2258,6579.6160,6778.4462,4748.8239,5932.0092,8877.3255,6152.8087,6329.0141,4372.5359,5451.8038,8467.7318,5695.8402,5878.7033,3934.2824,4920.5985,8140.7975,5249.1952,5450.2790,3468.3212,4382.3703,7889.2520,11.00000000000,26,075
26,083,01622984,26083,Keweenaw,Keweenaw County,06,H1,G4020,,26340,,A,1398883200.00000000000,14053475910.00000000000,+47.6819813,-088.1488021,26083,82.3386,82.1113,81.4498,82.1096,82.7858,102.2804,101.8245,99.9525,101.8240,103.6615,83.3599,82.8421,80.1159,82.8529,85.5485,81.7251,81.0427,77.1447,81.0183,84.9490,86.1053,85.2416,79.0816,85.1611,91.3981,94.6579,93.5537,85.1070,93.3955,101.9519,85.8306,84.7453,75.3795,84.5582,93.9893,95.5766,94.3721,84.0713,94.1663,104.4246,71.1727,70.2722,62.3168,70.1043,77.9646,34.4619,34.3448,28.9079,33.1809,40.4136,26.4444,26.7176,21.4877,25.2305,32.3430,21.1281,21.5705,16.3498,19.7746,26.9340,13.2046,13.6429,9.6791,12.0117,17.5747,7.0875,7.3188,5.1449,6.4117,9.5641,3.6789,3.7875,2.6202,3.2639,5.0633,3.6302,3.7493,2.5119,3.1392,5.1887,4.0244,4.1812,2.6637,3.3630,6.0486,11.00000000000,26,083
26,061,01622973,26061,Houghton,Houghton County,06,H1,G4020,,26340,,A,2613554735.00000000000,1275314652.00000000000,+46.9983053,-088.6520662,26061,1673.6381,1668.9350,1655.4456,1668.9025,1682.7154,1552.0715,1545.2171,1516.8431,1545.2053,1573.0462,1528.3120,1518.8138,1468.8324,1519.0130,1568.4356,1763.6131,1748.7858,1664.6716,1748.2663,1833.1198,1459.9650,1445.5192,1341.0748,1444.1621,1549.8386,732.2691,726.0931,662.0467,725.3193,789.3841,656.1621,650.2086,580.4408,649.3091,718.8040,1666.3833,1647.0818,1469.0003,1643.8401,1820.7462,1689.4707,1669.6647,1482.2555,1666.0023,1850.8838,1295.1012,1293.3785,1091.1934,1250.2687,1519.4202,1153.5166,1166.2622,938.7520,1101.6010,1410.9486,1158.8853,1183.8399,897.9941,1085.5090,1477.4275,1107.3930,1144.4382,812.2234,1007.7176,1473.9190,1056.0929,1089.9971,765.6688,954.6771,1425.0758,1040.8607,1072.6118,743.0960,924.7378,1432.6284,1020.7701,1055.3821,708.3329,884.1439,1459.0679,1001.9144,1041.9796,665.0022,838.5311,1505.9265,11.00000000000,26,061
26,109,01622997,26109,Menominee,Menominee County,06,H1,G4020,,31940,,A,2704152851.00000000000,761800249.00000000000,+45.5441740,-087.5098923,26109,1499.8998,1495.6828,1483.5927,1495.6537,1508.0345,1278.4015,1272.6897,1249.2848,1272.6846,1295.6591,1316.2081,1307.9121,1264.8449,1308.0970,1350.6981,1389.9287,1377.9880,1311.7078,1377.5959,1444.5450,1369.8808,1356.2039,1258.2021,1354.9258,1454.1282,1596.7348,1578.7772,1436.6613,1576.2363,1719.9693,1479.6320,1461.9276,1301.2564,1458.9293,1620.3958,1274.1581,1257.9624,1120.5162,1255.1896,1392.1041,1203.0735,1187.9073,1053.4832,1185.0798,1317.8869,1038.8545,1036.2688,873.1248,1001.4044,1218.4980,988.6628,998.1536,802.0803,942.3703,1209.0711,951.7511,970.8542,735.0550,889.7387,1213.1901,884.2865,912.5300,646.2937,803.0143,1176.8503,841.2600,866.9599,607.6572,758.8113,1135.0666,795.7141,818.7707,565.9502,705.3974,1095.1138,716.4458,739.6896,495.2993,619.2369,1023.9994,640.9701,665.7337,423.8845,535.3810,963.3558,11.00000000000,26,109
26,041,01622963,26041,Delta,Delta County,06,H1,G4020,,21540,,A,3033124287.00000000000,2124381333.00000000000,+45.8051009,-086.9013728,26041,2140.3035,2134.3167,2117.0802,2134.2738,2151.9157,1997.1830,1988.3313,1951.8037,1988.3183,2024.1639,1994.7732,1982.2007,1916.9304,1982.4808,2047.0446,2107.0525,2089.3625,1988.8670,2088.7400,2190.1105,1960.2677,1940.8788,1800.6435,1939.0569,2080.9440,2007.8600,1985.4236,1806.7952,1982.2560,2162.8669,1746.7167,1725.9576,1536.3945,1722.4502,1912.9056,1732.7858,1711.4467,1525.1388,1707.8163,1893.2258,1751.2830,1729.7851,1534.6360,1725.7888,1918.4843,1601.1970,1597.7398,1346.7066,1544.1275,1878.2115,1340.6597,1354.0349,1088.5328,1278.5189,1639.6228,1287.4329,1313.7724,995.1813,1204.1765,1641.1416,1208.9578,1248.0595,884.4207,1098.4586,1608.9812,1126.8833,1161.7815,814.7842,1017.0431,1520.4849,1061.9051,1093.1226,756.0621,941.9428,1461.4992,979.8464,1012.0431,678.1163,847.4093,1400.5004,902.8535,938.0952,597.7148,754.5657,1356.9798,11.00000000000,26,041
26,149,01625034,26149,St. Joseph,St. Joseph County,06,H1,G4020,,44780,,A,1296524618.00000000000,52942658.00000000000,+41.9114878,-085.5228703,26149,3560.8013,3550.7582,3522.0394,3550.6907,3580.1087,3494.6370,3479.0206,3415.0397,3479.0069,3541.8115,3340.7385,3319.7778,3210.4851,3320.2360,3428.3332,3682.9491,3651.8240,3476.1757,3650.7500,3827.9969,3478.2155,3443.6102,3194.7796,3440.3701,3692.2050,3692.9150,3651.1055,3322.2687,3645.1760,3977.8503,3362.0786,3321.8055,2956.6873,3314.9828,3681.9228,3317.2989,3276.1983,2919.3035,3269.1974,3624.4360,3324.2824,3282.9885,2912.1127,3275.3020,3641.6043,3071.2418,3063.8306,2581.7022,2960.8133,3602.3918,2407.9961,2431.5369,1954.2985,2295.7784,2944.8936,2360.2923,2408.1022,1823.6592,2207.0525,3008.7000,2246.1510,2318.3428,1642.4050,2040.2798,2989.3238,2115.8144,2180.9327,1529.1225,1909.0642,2854.7969,2033.3058,2092.7166,1447.0496,1803.1441,2798.4083,1906.7559,1969.0984,1319.0458,1648.6463,2725.3158,1765.9493,1834.6256,1168.6540,1475.5904,2654.1883,11.00000000000,26,149
26,031,01622958,26031,Cheboygan,Cheboygan County,06,H1,G4020,,,,A,1852525483.00000000000,440605827.00000000000,+45.4761203,-084.4952706,26031,1635.9274,1631.3580,1618.1867,1631.3249,1644.8041,1391.0352,1384.8588,1359.4117,1384.8506,1409.8242,1172.7758,1165.4611,1127.1020,1165.6169,1203.5507,1277.8593,1267.0927,1206.1472,1266.7178,1328.2068,1193.4372,1181.5486,1096.1701,1180.4362,1266.8509,1303.8654,1289.0722,1172.9520,1286.9728,1404.4589,1116.2403,1102.7691,981.4682,1100.4812,1222.4199,1005.1343,992.3960,884.0038,990.2165,1098.1796,867.6188,856.3513,759.1074,854.2439,950.3785,730.0025,728.0307,613.2654,703.4948,856.2004,707.2711,713.8400,573.4068,673.8777,864.9113,634.8697,647.3905,489.9329,593.2246,809.2369,575.9826,594.1656,420.5998,522.7779,766.5259,527.0507,542.9496,380.3492,475.1393,711.1029,479.3543,493.0542,340.6075,424.7048,659.7035,422.5496,436.0921,291.8260,365.0085,603.9287,370.3915,384.5603,244.6946,309.2024,556.6768,11.00000000000,26,031
26,139,01623012,26139,Ottawa,Ottawa County,06,H1,G4020,266,26100,,A,1459373665.00000000000,2765957666.00000000000,+42.9423461,-086.6553423,26139,16516.1985,16470.0101,16337.0058,16469.6790,16605.8092,16238.5641,16166.0087,15868.7127,16165.9436,16457.7722,16944.0442,16836.9232,16282.4405,16839.3413,17387.8658,19914.6978,19746.0781,18796.3139,19740.2916,20698.8061,20897.8749,20690.2723,19195.2480,20670.8153,22183.7774,23781.2216,23510.1284,21391.5091,23471.5950,25615.5765,20695.7665,20442.7320,18191.1844,20399.5714,22664.0238,24879.5986,24569.2220,21890.6326,24516.2813,27182.9911,26300.3459,25969.7550,23031.9857,25908.1386,28810.3942,25362.4724,25302.1827,21321.4718,24451.6762,29748.9579,24688.4045,24927.3344,20032.5387,23534.8319,30192.6463,25082.4901,25588.1005,19375.4614,23450.9368,31972.7280,25021.5704,25823.3083,18291.7739,22725.1283,33300.1134,25053.1272,25821.5755,18101.6644,22601.6992,33803.1050,25043.5532,25772.5635,17818.0446,22205.2593,34466.8479,24582.5348,25383.5075,17000.6815,21251.4305,35135.4903,24230.2736,25169.8759,16030.0911,20243.0068,36417.4753,11.00000000000,26,139
26,091,01622988,26091,Lenawee,Lenawee County,06,H1,G4020,,10300,,A,1941337767.00000000000,30701176.00000000000,+41.8959147,-084.0668533,26091,6240.6806,6223.1642,6172.8752,6223.0419,6274.5310,5943.2949,5916.8358,5808.0748,5916.8052,6023.5523,5446.7901,5412.3546,5234.1116,5413.1318,5589.4593,5835.1442,5785.3742,5507.1031,5783.7036,6064.6615,5937.2931,5878.0609,5453.3055,5872.5236,6302.4657,5580.8509,5517.2936,5020.1404,5508.2619,6011.3452,5012.3172,4951.6414,4406.8125,4941.3259,5489.0801,5217.2477,5150.7535,4587.7992,5139.3638,5700.1867,5153.8574,5087.4088,4510.1986,5074.9902,5645.5282,4575.1047,4562.7509,3843.4927,4408.9800,5366.0185,4150.1050,4188.5256,3364.4027,3954.0051,5075.0812,3886.7227,3963.3080,2999.2888,3631.6821,4954.2042,3588.6458,3701.8845,2620.4514,3257.0926,4775.8173,3326.0950,3426.4171,2400.2746,2998.4788,4487.6048,3051.0734,3138.2597,2167.9322,2703.2149,4198.9891,2772.6466,2861.4701,1914.8087,2395.0309,3962.8006,2501.5560,2597.1884,1652.5129,2088.2211,3759.6891,11.00000000000,26,091
36,095,00974145,36095,Schoharie,Schoharie County,06,H1,G4020,104,10580,,A,1610503950.00000000000,11676842.00000000000,+42.5912940,-074.4381718,36095,2049.0167,2043.2881,2026.7883,2043.2470,2060.1341,1730.7901,1723.0966,1691.4297,1723.0870,1754.1659,1539.5997,1529.9493,1479.5829,1530.1595,1579.9737,1617.8026,1604.3457,1527.1792,1603.8592,1681.6550,1491.7352,1477.1665,1370.4524,1475.7872,1583.6907,1158.9642,1146.2286,1043.2396,1144.4411,1248.4989,944.8212,933.5370,830.9566,931.6272,1034.7086,1152.2021,1138.2434,1014.5649,1135.8766,1258.8990,1102.5418,1089.0813,966.2903,1086.5807,1207.8144,931.3919,929.4691,783.5175,898.3045,1092.5484,884.1227,892.9739,717.9069,843.1814,1081.2844,806.6557,823.1832,623.5845,754.5209,1028.2788,715.1896,738.3352,523.2256,649.8387,951.8348,644.0844,664.0355,465.7082,581.3097,869.0527,584.0059,601.1730,415.8021,518.0298,803.7668,528.8600,546.2444,366.0166,457.3870,755.9032,486.7606,505.7802,322.2843,406.8374,731.5975,11.00000000000,36,095
36,037,00974117,36037,Genesee,Genesee County,06,H1,G4020,464,12860,,A,1276697637.00000000000,6142600.00000000000,+43.0009096,-078.1927784,36037,3956.4725,3945.4203,3913.5654,3945.3405,3977.9404,3285.0054,3270.3685,3210.2474,3270.3525,3329.3622,2958.7761,2940.1845,2843.3825,2940.5935,3036.3402,3540.9070,3511.0655,3342.1878,3510.0273,3680.4137,3529.5504,3494.5663,3242.0652,3491.2834,3746.7851,3515.7376,3476.3853,3163.5729,3470.8263,3787.1336,2886.7212,2851.8635,2538.1508,2845.9423,3161.3111,2890.0302,2853.6132,2542.1428,2847.3891,3157.5726,2975.0745,2937.3333,2604.7004,2930.2921,3258.9671,2575.4377,2569.2401,2164.9575,2482.8573,3020.8459,2191.1846,2211.9120,1777.1217,2088.2013,2679.6281,2077.9031,2119.3001,1604.2604,1942.1248,2648.6504,1947.2510,2009.1588,1422.6872,1767.9261,2591.4683,1776.1392,1830.1460,1282.5003,1601.7446,2396.4258,1612.8573,1659.3531,1146.7248,1429.4893,2219.7007,1435.5970,1481.9562,992.0861,1240.5410,2051.8504,1300.5935,1350.6615,859.7838,1086.1215,1954.7358,11.00000000000,36,037
26,043,01622964,26043,Dickinson,Dickinson County,06,H1,G4020,,27020,,A,1972018016.00000000000,40533105.00000000000,+46.0128231,-087.8661191,26043,1615.8522,1611.3267,1598.3108,1611.2946,1624.6182,1358.1757,1352.1699,1327.3366,1352.1601,1376.5280,1307.5423,1299.2515,1256.4583,1299.4409,1341.7775,1678.3584,1664.0519,1584.0127,1663.5709,1744.3800,1602.2403,1586.0342,1471.4061,1584.5316,1700.6399,1880.1013,1858.4152,1690.7817,1855.3204,2025.0483,1566.9531,1547.7503,1377.2423,1544.4723,1715.9720,1496.4445,1477.6735,1316.4716,1474.4682,1634.9817,1476.5687,1457.6470,1292.3832,1454.1131,1617.4453,1387.6870,1383.9108,1165.7275,1337.2633,1627.5741,1271.1337,1282.8971,1030.4736,1211.0648,1554.4434,1222.3383,1246.4419,943.2804,1142.1533,1558.0536,1170.0896,1207.0601,854.4899,1062.0466,1557.1751,1098.6644,1131.8779,792.9808,990.5433,1482.3371,1041.4452,1071.3094,740.1787,922.8403,1433.2800,953.0956,983.7509,658.4308,823.4437,1362.2189,876.5761,910.2221,579.3022,731.9045,1317.4498,11.00000000000,26,043
26,007,01622946,26007,Alpena,Alpena County,06,H1,G4020,,10980,,A,1481110566.00000000000,2908717141.00000000000,+44.8949540,-083.4265739,26007,1628.0056,1623.4879,1610.3957,1623.4537,1636.8435,1608.9051,1601.7703,1572.3421,1601.7601,1630.6395,1595.1030,1585.0740,1532.8860,1585.2952,1636.9152,1740.2061,1725.4663,1642.4733,1724.9611,1808.7205,1672.5006,1655.7051,1536.0523,1654.1412,1775.2950,1778.9063,1758.9377,1600.6285,1756.1141,1916.2117,1472.2334,1454.6803,1294.8615,1451.7112,1612.3007,1362.2741,1345.3627,1198.7713,1342.4808,1488.4005,1313.9655,1297.3408,1150.4710,1294.2401,1439.3544,1158.8948,1156.0939,974.1652,1117.2206,1359.3166,1077.1150,1087.4608,873.8499,1026.6883,1317.2434,1009.8225,1030.0854,779.8944,944.0190,1287.2125,929.3253,958.9983,679.1956,843.9024,1236.7891,860.2444,886.5175,621.3583,775.9265,1160.6805,799.1257,822.2697,568.3566,708.4072,1099.8083,713.2656,736.3848,493.0627,616.4613,1019.4525,639.0017,663.6637,422.5370,533.7053,960.3958,11.00000000000,26,007
26,049,01622967,26049,Genesee,Genesee County,06,H1,G4020,220,22420,,A,1649763682.00000000000,32658914.00000000000,+43.0210768,-083.7063718,26049,25918.9950,25846.8777,25638.3412,25846.3427,26059.6740,24640.0921,24531.7737,24081.5746,24531.5528,24973.2218,22215.2614,22076.9709,21350.4080,22079.8924,22798.3650,21931.8593,21749.3155,20703.2087,21742.7284,22797.4065,21830.1916,21616.6810,20055.0118,21596.4838,23175.6723,22343.5810,22096.1141,20109.5372,22061.2850,24069.1497,19016.4180,18793.3540,16731.8879,18755.8351,20826.0470,17614.0497,17399.1500,15507.0954,17362.6594,19245.0676,16391.7802,16190.5667,14364.0005,16153.1627,17956.7624,14111.9329,14083.0788,11871.9259,13610.9565,16553.7547,13255.6339,13388.7086,10764.2082,12642.2625,16211.7355,12142.2142,12391.4835,9387.3827,11358.0673,15478.2642,10964.6494,11320.1398,8022.7260,9963.5518,14592.7407,10110.6870,10424.6282,7311.8799,9126.2225,13642.2556,9261.0239,9534.0473,6595.0736,8215.7942,12746.0033,8261.2919,8533.4026,5718.4984,7145.5063,11807.9602,7366.7801,7654.8590,4877.9582,6157.4810,11072.2290,11.00000000000,26,049
26,129,01623007,26129,Ogemaw,Ogemaw County,06,H1,G4020,,,,A,1459425916.00000000000,29693554.00000000000,+44.3332801,-084.1280728,26129,1146.6793,1143.5122,1134.2983,1143.4873,1152.9063,1104.2764,1099.4301,1079.2580,1099.4196,1119.2084,1020.4261,1014.1204,980.7557,1014.2492,1047.2362,1097.5071,1088.2894,1035.9442,1087.9654,1140.7676,1031.8169,1021.7563,947.9436,1020.8028,1095.4323,1140.8376,1128.3571,1027.0096,1126.6082,1228.9883,956.9231,945.8948,842.3135,944.0513,1048.0079,860.9166,850.5924,758.2748,848.8455,940.6458,819.4308,809.5815,718.4620,807.7549,897.6903,766.2911,764.9601,645.0811,739.3792,898.9415,696.7465,703.9640,566.1817,664.7855,852.1623,663.0442,676.8580,512.9661,620.4790,845.2388,626.0101,646.4858,458.3527,569.0791,833.1664,595.7124,614.3665,431.0802,537.9083,803.8032,566.2353,583.0642,403.4722,502.5004,779.3239,519.7743,537.0060,359.9869,449.7122,742.9272,479.9439,498.8008,317.9559,401.2672,721.3584,11.00000000000,26,129
36,101,00974148,36101,Steuben,Steuben County,06,H1,G4020,,18500,,A,3601531651.00000000000,35027245.00000000000,+42.2667252,-077.3855253,36101,6375.7044,6357.8630,6306.5135,6357.7356,6410.2948,5641.9913,5617.0129,5513.8371,5616.9744,5718.2201,5430.6186,5396.4209,5218.7336,5397.1801,5572.9405,5979.1269,5928.5680,5643.4110,5926.8265,6214.5880,5849.7565,5791.2950,5372.8004,5785.8353,6209.4776,6365.3021,6294.1893,5727.9114,6284.1505,6856.7085,5561.9289,5496.1921,4892.8662,5485.1062,6091.1528,5118.1506,5055.0643,4504.7138,5044.3298,5592.0413,5069.8283,5006.9882,4441.4936,4995.2938,5553.7894,4588.4964,4578.3132,3858.7154,4424.6135,5382.2606,3762.2513,3799.1980,3053.6861,3587.1312,4601.1268,3581.9173,3654.6154,2767.7874,3349.5446,4565.9408,3364.9517,3473.2169,2460.6782,3056.6807,4478.3065,3124.2091,3220.4182,2257.9962,2818.9927,4215.3949,2910.0102,2995.0426,2070.9862,2580.6160,4005.0039,2599.3436,2684.2874,1798.0840,2247.4271,3715.2246,2308.6437,2398.3489,1527.6578,1928.9612,3469.8428,11.00000000000,36,101
26,115,01623000,26115,Monroe,Monroe County,06,H1,G4020,220,33780,,A,1422924260.00000000000,338316259.00000000000,+41.9160970,-083.4871059,26115,10044.2784,10016.2259,9935.3581,10016.0223,10098.7799,9138.6112,9098.0547,8930.8863,9097.9990,9262.0542,8307.5449,8255.5313,7983.7703,8256.6582,8525.4320,8836.8505,8762.2860,8340.8312,8759.7012,9184.9521,9158.0110,9066.9946,8411.8343,9058.4669,9721.5024,9429.2627,9323.3379,8484.1614,9308.3563,10157.0402,8253.5941,8155.2385,7259.3065,8138.6051,9038.8407,7343.6910,7253.2092,6463.5804,7237.8140,8023.6476,6988.2843,6901.7461,6122.3394,6885.6434,7655.3893,6125.9126,6112.4262,5151.8074,5907.2535,7185.6610,5843.0149,5900.5986,4742.9242,5571.2970,7145.8750,5483.0090,5594.5085,4237.1619,5127.5781,6989.3267,5066.4203,5229.6528,3705.2892,4602.5546,6742.7562,4761.3213,4908.1854,3441.6209,4296.4748,6424.3189,4426.8497,4556.4539,3150.9211,3926.0748,6092.6273,3995.2739,4126.0916,2764.1657,3454.6882,5710.4366,3595.8247,3735.7940,2379.8455,3004.7567,5404.4643,11.00000000000,26,115
26,165,01623023,26165,Wexford,Wexford County,06,H1,G4020,,15620,,A,1463347858.00000000000,27101225.00000000000,+44.3313751,-085.5700462,26165,2058.4791,2052.6771,2036.0768,2052.6379,2069.6412,1914.8468,1906.3001,1871.2476,1906.2919,1940.6984,1830.7329,1819.2411,1759.3474,1819.4928,1878.7321,2096.4410,2078.7126,1978.7290,2078.1020,2178.9992,2006.2519,1986.2031,1842.6749,1984.3308,2129.6239,2166.0314,2141.3274,1948.3534,2137.8153,2333.1038,1898.7887,1876.0834,1669.9079,1872.2392,2079.4303,1857.1348,1834.2780,1634.6122,1830.3899,2029.0894,1964.8369,1940.7810,1721.8933,1936.3105,2152.4345,1766.0241,1762.2703,1485.4432,1703.1533,2071.5690,1344.1440,1357.4150,1091.1185,1281.6676,1643.8615,1317.9572,1344.7861,1018.5400,1232.5568,1680.0358,1261.3240,1301.9881,922.5046,1145.8738,1678.6630,1176.6757,1212.9926,850.5733,1061.8252,1587.6580,1107.5883,1140.0301,788.3800,982.3145,1524.3636,1015.3456,1048.5963,702.4851,877.9695,1451.2317,919.3720,955.1578,608.4711,768.2476,1381.8007,11.00000000000,26,165
26,037,01622961,26037,Clinton,Clinton County,06,H1,G4020,330,29620,,A,1466991079.00000000000,21106494.00000000000,+42.9504550,-084.5916949,26037,5497.8221,5482.5487,5438.3271,5482.4339,5527.6656,5098.2433,5075.7581,4982.5705,5075.7174,5167.1500,5433.5115,5399.4076,5221.6471,5400.1542,5575.9718,6322.1446,6268.6393,5967.1251,6266.8009,6571.0849,6970.3108,6901.4838,6402.8374,6895.0101,7399.4875,5830.4560,5763.4849,5243.7836,5753.9409,6280.0385,5033.4262,4971.9300,4424.3649,4961.4432,5512.1319,4845.3563,4783.7610,4261.0765,4773.2156,5293.8800,4588.8425,4530.2784,4016.8950,4519.3453,5026.6842,4290.5758,4279.2628,3604.9537,4135.1192,5032.3680,4044.7727,4082.4488,3279.4163,3853.9391,4946.3100,3793.3089,3868.2469,2927.5423,3544.6414,4835.1580,3453.5624,3562.6724,2522.0420,3134.6575,4596.0581,3126.2080,3220.5570,2256.1226,2818.3514,4217.9201,2714.2998,2791.8189,1928.5619,2404.7818,3735.5065,2435.5198,2513.4539,1681.8287,2103.7066,3480.9562,2187.0554,2270.5764,1444.5984,1825.5775,3287.0081,11.00000000000,26,037
26,015,01622950,26015,Barry,Barry County,06,H1,G4020,266,24340,,A,1432500402.00000000000,62029172.00000000000,+42.5828109,-085.3145503,26015,3872.4417,3861.5965,3830.4039,3861.5197,3893.4500,3704.9472,3688.5348,3620.7774,3688.5103,3755.0018,3456.2170,3434.4628,3321.3788,3434.9449,3546.8009,3830.9220,3798.5358,3615.8308,3797.4195,3981.7907,3925.7364,3886.8970,3606.0542,3883.2482,4167.4025,4198.0946,4151.4463,3778.1084,4144.8734,4522.2643,3813.8770,3769.1837,3355.7760,3761.6688,4176.8160,3635.4668,3591.2351,3200.8324,3583.7287,3972.1093,3370.7696,3329.4987,2953.9848,3321.8289,3692.6019,3008.8728,3002.9355,2531.6568,2902.3229,3529.5576,2596.1185,2622.4937,2108.7196,2476.3812,3175.1224,2476.9511,2528.1190,1915.5365,2317.3898,3157.5270,2347.5345,2423.9549,1718.1982,2133.5877,3124.3372,2203.7975,2272.5406,1594.2922,1989.6164,2973.5916,2040.0510,2100.5177,1453.3537,1810.2154,2807.7605,1813.9253,1874.0116,1256.2066,1569.3584,2592.6881,1593.9713,1656.6421,1056.0611,1332.7271,2395.7507,11.00000000000,26,015
26,119,01623002,26119,Montmorency,Montmorency County,06,H1,G4020,,,,A,1415851499.00000000000,41411010.00000000000,+45.0241337,-084.1301067,26119,516.9575,515.5183,511.3586,515.5076,519.7632,458.3503,456.3108,447.9236,456.3084,464.5401,451.7664,448.9109,434.1273,448.9753,463.6001,470.6447,466.6732,444.2268,466.5355,489.1841,427.3484,423.0617,392.4887,422.6622,453.6170,386.9742,382.7477,348.3741,382.1557,416.8771,360.1089,355.8367,316.7616,355.1153,394.3718,279.4794,275.9578,245.8373,275.3560,305.3520,266.8704,263.5863,233.8410,262.9757,292.3485,217.9996,217.5970,183.4740,210.3140,255.7310,201.8720,203.8950,163.9233,192.5263,246.8904,186.3626,190.1800,144.0657,174.3166,237.5643,166.6873,172.0790,121.9419,151.4526,221.8414,149.3838,154.0054,108.0027,134.8170,201.5607,135.4898,139.4645,96.4522,120.1730,186.4739,118.4654,122.3461,81.9644,102.4385,169.3225,102.3546,106.3362,67.7373,85.5268,153.8371,11.00000000000,26,119
26,107,01622996,26107,Mecosta,Mecosta County,06,H1,G4020,,13660,,A,1437626850.00000000000,41759550.00000000000,+43.6352949,-085.3327509,26107,2355.8799,2349.3063,2330.3420,2349.2584,2368.6641,2261.7582,2251.7211,2210.3480,2251.7073,2292.3099,2355.2702,2340.4684,2263.4106,2340.7942,2417.0123,2610.1300,2587.9817,2463.5026,2587.2266,2712.8690,3035.7329,3005.2874,2788.1078,3002.4502,3222.3399,899.7296,890.0944,810.2798,888.7546,969.3106,154.1013,151.9116,134.9076,151.5210,168.7219,1901.7616,1878.2121,1673.6207,1874.2012,2077.8399,1793.4174,1771.0549,1570.8937,1766.8906,1964.5992,1568.6851,1564.5925,1318.0921,1511.9022,1839.9037,1532.9113,1547.6740,1243.6998,1461.1946,1874.6598,1424.3957,1453.0159,1100.1402,1331.6257,1815.6704,1261.3068,1301.6072,921.8705,1145.4028,1678.6080,1128.1487,1162.6222,814.8983,1017.5951,1522.1507,957.5980,985.3256,681.0552,848.8817,1317.9076,960.5398,991.7020,664.0469,830.2107,1372.8772,1050.7207,1091.3566,694.9338,877.6831,1579.1994,11.00000000000,26,107
26,013,01622949,26013,Baraga,Baraga County,06,H1,G4020,,,,A,2326474801.00000000000,441629543.00000000000,+46.6960684,-088.3560221,26013,529.6976,528.2338,523.9772,528.2224,532.5741,446.2689,444.3090,436.1562,444.3049,452.3030,383.4959,381.0516,368.4981,381.1086,393.5298,356.9895,353.9649,336.9396,353.8613,371.0441,319.5476,316.3452,293.4845,316.0466,339.1918,377.0271,372.8220,339.2842,372.2287,406.1360,463.7802,457.8715,407.2292,456.8503,507.8603,417.9304,412.3161,366.9639,411.3448,456.5997,405.3382,399.8003,354.1195,398.7592,443.9690,379.1163,377.8401,318.0368,365.0383,444.5942,330.2266,332.9841,267.1828,314.2473,403.7789,306.3998,312.1291,235.9018,285.9065,390.5148,288.8436,297.6573,210.4007,261.7804,384.3703,273.5375,281.4991,196.8993,246.2269,369.0340,261.1291,268.3178,185.0663,231.0106,359.3526,241.0596,248.5295,166.0305,207.9123,344.5163,221.2331,229.4685,145.7492,184.4058,332.4864,11.00000000000,26,013
26,055,01622970,26055,Grand Traverse,Grand Traverse County,06,H1,G4020,,45900,,A,1202611911.00000000000,354786289.00000000000,+44.7186875,-085.5538484,26055,5892.6138,5876.1113,5828.6466,5875.9943,5924.5813,5856.7730,5830.7664,5723.6235,5830.7319,5935.8815,6121.2596,6082.6814,5882.3907,6083.5412,6281.6638,7473.5672,7410.4009,7053.9698,7408.2221,7767.8992,7844.8388,7767.6732,7206.4695,7760.3988,8328.0579,8469.0810,8374.3657,7620.8743,8360.9899,9122.8719,7939.8683,7845.4924,6983.8042,7829.5459,8695.2949,8113.3189,8012.6303,7139.6027,7995.4741,8864.4932,8440.5722,8335.8287,7394.2459,8316.3341,9246.2861,7999.7549,7981.6726,6726.8361,7713.6290,9383.5531,8079.9610,8159.2632,6558.1377,7703.8086,9881.5558,8128.6145,8293.5743,6281.0402,7601.2578,10361.7034,8015.5001,8273.4047,5861.4903,7281.1959,10667.5735,7938.2948,8182.8151,5737.4451,7162.8505,10710.8911,7810.0399,8038.3628,5558.4124,6926.1316,10748.8509,7537.4743,7783.9596,5214.3115,6517.2120,10773.2738,7242.5879,7524.2200,4792.8879,6051.7235,10885.4704,11.00000000000,26,055
26,017,01622951,26017,Bay,Bay County,06,H1,G4020,474,13020,,A,1145557748.00000000000,487991946.00000000000,+43.6997112,-083.9787007,26017,6565.1590,6546.7610,6493.8719,6546.6308,6600.7735,6077.6379,6050.7071,5939.5529,6050.6673,6159.7456,5873.1673,5836.2813,5644.1328,5837.0910,6027.1426,6375.1164,6321.3035,6017.2569,6319.4403,6626.2320,6543.2220,6477.9106,6009.8065,6471.8070,6945.6395,6611.2206,6536.6368,5948.0847,6526.0723,7121.4016,5626.8404,5559.2607,4948.0524,5547.8014,6162.1170,5318.6729,5252.0884,4679.2613,5240.7231,5811.0704,5211.0999,5145.4661,4563.2627,5133.2307,5708.4200,4266.1793,4255.7451,3585.9217,4112.6135,5003.9515,4222.1753,4262.8710,3425.6455,4024.6853,5163.4758,3976.9317,4056.8945,3071.7021,3717.9857,5069.3825,3628.5169,3744.5527,2652.2005,3295.2105,4829.0143,3353.5422,3456.1708,2422.6350,3025.1034,4524.7690,3080.4499,3169.8872,2191.2766,2731.0329,4239.5313,2753.2421,2842.7298,1903.6836,2379.8813,3935.1568,2467.6698,2563.1545,1632.1746,2061.3430,3708.8312,11.00000000000,26,017
26,151,01623016,26151,Sanilac,Sanilac County,06,H1,G4020,,,,A,2493035045.00000000000,1624894854.00000000000,+43.4491547,-082.6428148,26151,2564.8692,2557.7083,2537.0596,2557.6563,2578.7869,2273.1596,2263.0046,2221.3886,2262.9956,2303.8460,2066.7439,2053.6986,1986.0697,2053.9911,2120.8905,2125.1279,2107.0012,2005.6565,2106.3929,2208.7163,2039.0667,2018.8494,1872.9761,2016.9524,2164.5617,2106.4287,2082.6651,1895.1438,2079.2990,2268.9796,1836.3737,1814.5017,1615.1714,1810.8035,2011.0875,1706.3838,1685.0219,1501.2427,1681.3757,1864.3592,1602.0216,1581.9459,1403.0551,1578.2055,1754.9225,1359.0958,1355.7434,1142.3322,1310.1387,1594.1243,1152.6079,1163.6389,935.0265,1098.5969,1409.5599,1069.8314,1091.2624,826.1766,1000.0721,1363.7011,964.9824,995.7537,705.1867,876.2315,1284.2397,877.4881,904.2484,633.7454,791.4299,1183.9430,793.3431,816.2784,564.1717,703.2288,1091.8466,697.1000,719.6558,481.8181,602.4403,996.3447,607.4793,630.8832,401.6191,507.3264,913.0162,11.00000000000,26,151
26,127,01623006,26127,Oceana,Oceana County,06,H1,G4020,,,,A,1326257820.00000000000,2056136375.00000000000,+43.6472546,-086.8075751,26127,1550.8517,1546.4961,1533.9977,1546.4659,1559.2633,1361.1811,1355.0460,1330.0982,1355.0443,1379.5408,1357.9427,1349.4415,1305.0199,1349.6256,1393.5588,1442.5595,1430.3643,1361.5655,1429.9440,1499.3702,1376.2410,1362.5477,1264.0917,1361.2656,1460.9106,1546.2818,1528.8033,1391.1295,1526.3259,1665.5967,1307.1148,1291.5255,1149.6275,1288.8884,1431.4721,1332.8055,1316.0970,1172.5319,1313.2443,1456.1939,1435.5964,1417.2177,1256.5560,1413.7854,1572.5661,1164.7405,1161.8928,979.0204,1122.8157,1366.1653,973.8272,983.0097,789.7540,928.0215,1190.9012,948.5892,967.4706,732.3358,886.5835,1209.1405,886.3816,914.5485,647.5793,804.7368,1179.6257,818.0503,842.9238,590.6898,737.7270,1103.7405,765.1276,787.1969,544.0188,678.1544,1053.0106,685.3664,707.5154,473.6599,592.2659,979.5723,610.8588,634.3871,403.8430,510.1416,918.0952,11.00000000000,26,127
26,067,01622976,26067,Ionia,Ionia County,06,H1,G4020,266,24340,,A,1479671240.00000000000,22641747.00000000000,+42.9446503,-085.0737660,26067,4090.7568,4079.1700,4046.1518,4079.0946,4112.9307,3915.2261,3897.6958,3825.9970,3897.6828,3968.0683,3789.9291,3765.9547,3641.9290,3766.4972,3889.1921,3959.5195,3926.1867,3737.3422,3925.0231,4115.5423,3750.6522,3713.9874,3445.6769,3710.5180,3981.8318,4016.3373,3971.6018,3614.3691,3965.2929,4326.4410,4132.3172,4081.9344,3632.4784,4073.3484,4525.3347,4239.3815,4184.3265,3725.9744,4174.8620,4631.7436,4294.0659,4238.6835,3757.7489,4228.3328,4703.7115,3754.8978,3744.3780,3153.7613,3618.0847,4403.9274,3290.5035,3320.5002,2666.7261,3134.4375,4023.8157,3192.5493,3255.0195,2462.8474,2982.5094,4069.3246,3007.8678,3102.3656,2195.6538,2729.4524,4002.8737,2831.1555,2916.1448,2042.4036,2551.7758,3819.7908,2670.9006,2746.8498,1897.1473,2365.9121,3675.7526,2453.6134,2531.8638,1693.8580,2119.0056,3506.7981,2234.4527,2319.5590,1475.5046,1864.8651,3358.2293,11.00000000000,26,067
26,093,01622989,26093,Livingston,Livingston County,06,H1,G4020,220,19820,47644,A,1464001028.00000000000,52188299.00000000000,+42.6025316,-083.9117183,26093,14516.2320,14475.7500,14358.9097,14475.4535,14595.0073,12475.5495,12420.1892,12191.9825,12420.1132,12644.0688,11448.3241,11376.0280,11001.4052,11377.6526,11748.2396,13580.4954,13465.3307,12817.6636,13461.3975,14115.0921,14367.5228,14224.2414,13196.3870,14210.8443,15251.2307,17097.9552,16904.6876,15382.3643,16877.2939,18417.2760,16487.3548,16290.0934,14499.7676,16256.6886,18055.8706,15008.6929,14822.0383,13206.6893,14790.2201,16398.2552,13835.0784,13662.7550,12118.8103,13630.6696,15155.6600,12744.2123,12714.5043,10714.7339,12287.2777,14948.4885,13002.7712,13129.2892,10551.8327,12396.0646,15901.8297,12699.5754,12956.1836,9811.1058,11874.2691,16188.2626,12304.5199,12699.3291,8996.0391,11175.9184,16375.5960,12015.5355,12384.5765,8682.4467,10840.4500,16212.0885,11647.4862,11986.9650,8287.7225,10327.9641,16030.1931,10877.3334,11232.0737,7523.0713,9403.7848,15546.8502,10040.5236,10430.0869,6642.9149,8388.5424,15090.6606,11.00000000000,26,093
26,163,01623022,26163,Wayne,Wayne County,06,H1,G4020,220,19820,19804,A,1585280173.00000000000,156946749.00000000000,+42.2846636,-083.2619533,26163,110051.7698,109745.7092,108860.3369,109743.4214,110649.1072,104748.5935,104288.1355,102374.2805,104287.1914,106164.7871,92514.6318,91940.3306,88914.8953,91952.3123,94943.8467,97223.6123,96413.4744,91776.1375,96384.3359,101059.9788,108896.6646,107829.7571,100039.5759,107728.9338,115607.1794,111937.3335,110694.2075,100739.9670,110519.0784,120581.1479,92171.4038,91085.3484,81089.7336,90902.3894,100942.0049,86941.0957,85877.9163,76536.7441,85697.2983,94991.4863,85390.3530,84344.9551,74832.3035,84150.6807,93543.2173,80078.2524,79912.9319,67364.4504,77233.4937,93934.0005,75608.6399,76365.5476,61394.0903,72107.3645,92469.5645,71579.8931,73046.5107,55334.8135,66953.6538,91245.9819,67351.0337,69531.2251,49274.2153,61197.4272,89636.5005,64159.1880,66147.5830,46392.3342,57907.2888,86569.0576,60294.9678,62068.4883,42930.9353,53484.7666,82984.0049,55568.2466,57394.6685,38457.6782,48058.2217,79424.0659,51461.1958,53470.1621,34069.2263,43009.3347,77345.6753,11.00000000000,26,163
36,065,00974131,36065,Oneida,Oneida County,06,H1,G4020,,46540,,A,3140175831.00000000000,117138182.00000000000,+43.2427273,-075.4342824,36065,14424.7668,14384.5081,14268.3876,14384.2156,14503.0417,12769.4391,12713.1114,12479.7019,12713.0102,12942.0252,12106.3853,12030.6465,11634.6268,12032.2817,12423.9403,14302.1543,14182.0054,13499.8704,14177.7857,14865.8848,14215.0154,14076.0198,13059.1195,14062.8698,15091.1657,12985.8145,12842.4821,11688.1776,12822.3334,13988.8368,11907.0435,11765.3420,10472.9759,11741.3889,13039.9009,13017.8232,12857.1417,11457.1461,12829.7925,14223.1338,13809.8606,13638.5473,12098.0515,13606.6639,15128.1200,13184.0506,13154.8027,11087.2032,12713.1822,15464.7627,11082.7047,11191.7405,8995.7891,10567.0925,13553.8657,10861.6267,11082.3006,8393.2985,10157.2779,13845.5582,10551.2107,10890.9413,7716.1837,9584.9060,14042.2904,10064.6306,10374.8745,7274.6583,9081.7667,13579.9096,9567.2694,9847.1811,6809.4143,8484.7606,13167.3189,9069.5138,9366.2990,6274.5076,7842.1276,12963.0243,8590.8837,8925.1241,5685.4616,7178.5452,12911.9441,11.00000000000,36,065
26,021,01622953,26021,Berrien,Berrien County,06,H1,G4020,,35660,,A,1470457874.00000000000,2625535357.00000000000,+41.7926389,-086.7418216,26021,9340.7620,9314.8495,9239.7358,9314.6525,9391.4712,8749.4573,8710.8699,8550.9445,8710.8002,8867.7133,8251.3951,8199.5871,7929.6348,8200.7231,8467.7277,9215.5734,9138.1404,8698.6084,9135.4224,9578.8025,9297.7346,9205.7485,8540.5988,9197.1063,9870.0988,9210.0362,9105.3820,8285.0623,9090.5217,9920.5461,8306.4425,8206.4964,7304.0767,8189.5388,9096.6063,8209.0017,8106.6244,7222.8543,8089.1632,8969.0059,8107.8367,8006.9820,7102.2978,7988.2060,8881.7598,7583.6324,7566.5556,6377.0433,7312.4700,8895.4655,6659.9754,6725.7631,5406.3394,6350.4577,8145.0238,6368.8422,6498.5226,4922.0091,5956.1986,8118.5401,6069.1113,6264.8349,4438.9181,5513.6754,8077.2261,5720.9151,5897.5954,4135.6184,5162.6601,7719.0919,5381.7491,5539.5475,3831.0107,4773.2556,7406.8647,5058.8550,5224.7365,3500.4367,4374.6596,7230.6276,4714.4235,4898.1638,3120.5824,3939.7654,7085.7140,11.00000000000,26,021
36,115,00974155,36115,Washington,Washington County,06,H1,G4020,104,24020,,A,2152756071.00000000000,38083243.00000000000,+43.3123766,-073.4394282,36115,4324.4178,4312.3188,4277.4913,4312.2319,4347.8794,3607.3662,3591.3270,3525.3238,3591.3072,3656.0856,3474.3228,3452.4091,3338.7243,3452.8991,3565.3558,3740.0995,3708.5224,3530.1470,3707.4296,3887.4179,3776.8168,3739.5633,3469.3758,3736.0571,4009.3897,3565.3392,3525.4431,3208.2235,3519.8076,3840.5675,3123.1287,3085.8703,2746.8210,3079.5671,3420.2584,3204.6044,3163.6562,2817.7775,3156.6387,3501.2352,3155.4473,3115.0344,2761.8844,3107.4871,3456.5053,2854.1504,2846.5051,2397.8497,2750.5906,3347.5721,2492.1697,2515.5171,2020.8323,2374.7556,3047.6697,2347.8922,2394.4048,1812.2468,2194.1405,2992.7667,2179.6475,2248.6492,1591.9748,1978.5513,2900.7235,2021.7046,2082.8654,1459.2760,1822.8006,2727.7228,1854.5230,1907.6526,1317.9635,1643.2571,2552.2674,1681.6731,1735.6415,1161.5429,1452.7596,2403.5350,1523.3051,1581.6106,1006.4126,1271.6947,2289.4409,11.00000000000,36,115
26,089,01622987,26089,Leelanau,Leelanau County,06,H1,G4020,,45900,,A,899168573.00000000000,5659178382.00000000000,+45.1461816,-086.0515740,26089,1110.2107,1107.1098,1098.1713,1107.0874,1116.2348,885.6136,881.6592,865.4467,881.6555,897.5695,847.9067,842.5531,814.8073,842.6733,870.1201,1026.5649,1017.8872,968.9281,1017.5880,1066.9934,1170.5323,1158.8496,1075.1094,1157.7577,1242.5224,1455.4174,1438.9010,1309.2817,1436.5568,1567.7021,1115.7609,1102.5069,981.4234,1100.2678,1221.9192,966.8016,954.7010,850.5779,952.6357,1056.3072,832.4617,822.0859,729.1796,820.1538,911.9207,756.9187,755.1162,636.3131,729.7329,887.8284,699.8548,706.5793,567.7875,667.0930,855.8784,673.7802,687.3078,520.3795,629.8840,858.8632,636.6488,656.9898,465.3159,578.1449,847.2829,586.1469,604.0619,423.3994,528.7118,790.8570,526.0678,541.3125,374.1672,466.3588,724.0091,437.3796,451.5570,302.3506,378.0192,625.1356,369.8585,384.1282,244.5587,308.9063,555.8833,11.00000000000,26,089
28,105,00695775,28105,Oktibbeha,Oktibbeha County,06,H1,G4020,,44260,,A,1186733896.00000000000,9665139.00000000000,+33.4223134,-088.8761514,28105,1872.1721,1867.0659,1852.0558,1867.0225,1882.3482,1913.0666,1904.7685,1869.8723,1904.7435,1938.9629,2061.1444,2048.5788,1981.2190,2048.8191,2115.3938,2631.9398,2610.1729,2484.6282,2609.3729,2735.8990,2511.8216,2487.9877,2308.3109,2485.6915,2667.1181,1923.3216,1902.3882,1731.5867,1899.4601,2071.9647,1639.7642,1620.8163,1443.2826,1617.6461,1795.8396,3638.7274,3593.8303,3202.5196,3586.1890,3975.6353,3943.9065,3894.9878,3455.0491,3885.8837,4320.3839,3638.8168,3630.6755,3059.9601,3508.7714,4268.2800,4730.5566,4777.1027,3839.7832,4510.4782,5785.3513,4816.1765,4914.0332,3721.7027,4503.8689,6139.2886,4776.4922,4930.2966,3493.1032,4339.0621,6356.8915,4903.8530,5055.0198,3544.4855,4424.9720,6616.6248,5024.3717,5171.3700,3576.0479,4455.8774,6914.9830,5172.8116,5342.0779,3578.6653,4472.7627,7393.4812,5405.5679,5615.8673,3577.3932,4516.8798,8124.4709,11.00000000000,28,105
28,059,00695753,28059,Jackson,Jackson County,06,H1,G4020,274,37700,,A,1871923538.00000000000,830458907.00000000000,+30.4584911,-088.6199906,28059,8893.0086,8868.2570,8796.7024,8868.0733,8941.2756,8801.9052,8763.3107,8602.5412,8763.2244,8920.9336,8689.3596,8635.5803,8351.4501,8636.6868,8917.6118,9248.3291,9171.8774,8730.7265,9169.0638,9613.6516,9720.4998,9626.3447,8930.9830,9617.3861,10320.2163,10141.7454,10030.2810,9129.0456,10014.6356,10925.2312,9009.7516,8904.1579,7927.5311,8886.4022,9867.1429,8985.3075,8875.5311,7910.2180,8856.8851,9817.3164,9359.0704,9243.8269,8200.6014,9222.3964,10252.5710,7793.1911,7777.1454,6555.9655,7516.3933,9141.6388,8570.8420,8656.3466,6958.9891,8173.5724,10482.1140,8425.9272,8598.2992,6513.1895,7881.0172,10740.8609,8013.3849,8272.5580,5862.2316,7280.9508,10664.8764,7860.4515,8103.8542,5683.3946,7094.2404,10605.9740,7669.7923,7895.2242,5460.7150,6803.2909,10555.9267,7332.1746,7573.0504,5074.2419,6341.0854,10479.9176,7063.8939,7339.5541,4676.3763,5903.6104,10616.9572,11.00000000000,28,059
28,095,00695771,28095,Monroe,Monroe County,06,H1,G4020,,,,A,1981584651.00000000000,18134176.00000000000,+33.8900295,-088.4850379,28095,2238.9200,2232.7012,2214.6930,2232.6543,2251.0737,2210.3743,2200.6351,2160.2377,2200.6167,2240.2519,1958.9093,1946.6646,1882.5875,1946.9280,2010.2981,2130.7394,2113.0557,2011.4212,2112.4122,2214.8621,2171.6508,2150.5671,1995.2160,2148.5638,2305.6011,2213.6495,2188.9337,1992.0084,2185.4453,2384.5494,1766.0995,1745.3774,1553.9198,1741.8917,1934.1634,1725.8171,1704.8644,1519.5736,1701.3102,1885.6295,1719.0996,1698.0232,1506.4845,1694.1057,1883.2314,1387.5653,1384.7899,1167.4260,1338.3827,1627.6740,1386.7150,1400.4740,1125.7944,1322.3447,1695.9361,1302.8265,1329.4139,1006.9631,1218.4902,1660.7564,1207.1932,1246.1757,883.0234,1096.7773,1606.6273,1123.7407,1158.4871,812.4181,1014.1376,1516.2397,1033.8482,1064.1991,736.0127,917.0025,1422.8813,938.8353,969.6516,649.6758,811.9001,1341.8807,857.3515,890.7920,567.5465,716.5063,1288.5891,11.00000000000,28,095
28,071,00695759,28071,Lafayette,Lafayette County,06,H1,G4020,,37060,,A,1636116444.00000000000,123022249.00000000000,+34.3492982,-089.4859026,28071,2756.6164,2748.9701,2726.8033,2748.9120,2771.5817,3379.7339,3364.8318,3303.0577,3364.8045,3425.4146,3953.7557,3929.1757,3799.8721,3929.6918,4057.5513,4751.7966,4711.9031,4485.2672,4710.4995,4939.1083,5261.3742,5210.9047,4834.5370,5206.0744,5586.3056,3351.3325,3314.2768,3016.3424,3309.0645,3610.1701,2980.5372,2946.2620,2623.6950,2940.5370,3264.2483,6075.4695,6003.4897,5352.7884,5991.3416,6638.1682,6600.4354,6521.8858,5788.6444,6507.3353,7230.9033,6422.1720,6411.8089,5407.7539,6197.6055,7534.0875,7867.6837,7948.9586,6392.9475,7506.4973,9622.6064,8137.5696,8306.8045,6295.1262,7614.7848,10373.6142,8214.2169,8482.5477,6013.7089,7466.7655,10932.3954,8518.9832,8785.3124,6163.9135,7691.8049,11494.7468,8727.7143,8986.6431,6218.1365,7744.7413,12012.1367,9102.0630,9403.2378,6302.9095,7874.4396,13009.7802,9393.7568,9762.2070,6222.1055,7853.0757,14118.8318,11.00000000000,28,071
28,079,00695763,28079,Leake,Leake County,06,H1,G4020,,,,A,1509963962.00000000000,6414131.00000000000,+32.7532680,-089.5225675,28079,1273.6942,1270.1715,1259.9347,1270.1442,1280.6104,1348.3742,1342.4507,1317.8167,1342.4383,1366.6052,1326.1372,1317.9049,1274.5372,1318.0766,1360.9583,1475.8954,1463.4576,1393.0671,1463.0248,1534.0439,1409.5975,1395.9190,1295.0822,1394.6190,1496.5478,1452.0955,1435.9322,1306.7817,1433.6534,1564.2157,884.2026,874.3836,778.9641,872.7642,968.4082,849.1968,839.2500,748.4001,837.5754,927.8544,855.2445,845.1029,750.1270,843.2250,936.9411,647.8628,646.7032,545.3236,625.0675,760.0041,596.3427,602.4244,484.4252,568.8675,729.3468,553.6400,565.1059,428.2053,518.0119,705.7636,489.8246,505.7914,358.5469,445.2103,651.9102,439.5605,453.2834,318.0111,396.8556,593.1016,385.0885,396.4987,274.3345,341.6990,530.0042,324.5413,335.2676,224.7135,280.7540,463.8732,281.5106,292.5436,186.4476,235.3291,423.1103,11.00000000000,28,079
28,069,00695758,28069,Kemper,Kemper County,06,H1,G4020,,32940,,A,1984403181.00000000000,2182347.00000000000,+32.7501361,-088.6256306,28069,525.7526,524.2910,520.0616,524.2801,528.6063,548.4423,546.0389,536.0223,546.0335,555.8593,444.8685,442.0388,427.4774,442.1043,456.5114,454.6700,450.7655,429.0840,450.6371,472.5369,417.1927,412.9941,383.1475,412.6036,442.8280,452.7818,447.4849,407.0732,446.7254,487.6675,397.4812,392.5074,349.1752,391.6526,435.2703,454.5224,448.5532,399.3520,447.5249,496.5854,457.7381,451.7301,400.3682,450.6052,501.3928,320.1412,319.0323,268.5070,308.2146,375.4258,346.6616,349.6644,280.6696,330.0225,423.8920,318.6883,324.7868,245.6071,297.5486,406.1935,283.5010,292.2824,206.7328,257.1023,377.2724,266.7140,274.6099,192.2171,240.2537,359.8403,255.1119,262.2756,181.0480,225.8659,351.0833,236.9257,244.4160,163.4459,204.5329,338.6187,220.7948,229.1615,145.7237,184.2217,331.8368,11.00000000000,28,069
28,081,00695764,28081,Lee,Lee County,06,H1,G4020,,46180,,A,1165367603.00000000000,8349403.00000000000,+34.2889645,-088.6808868,28081,5264.6691,5250.0374,5207.6880,5249.9277,5293.2463,5667.7722,5642.7343,5539.1155,5642.6918,5744.3647,5485.5756,5451.5617,5272.1784,5452.2674,5629.6353,6083.2815,6032.3239,5742.1777,6030.5190,6323.1523,6065.9147,6006.2327,5572.2891,6000.6070,6439.5473,6670.5362,6595.8328,6002.3009,6585.2780,7185.4543,6124.5001,6051.6966,5387.0202,6039.3951,6707.2055,6182.9509,6105.7904,5440.0968,6092.6282,6755.3765,6549.2207,6467.9002,5737.2623,6452.7640,7174.3859,5927.8923,5915.0242,4985.6033,5716.5266,6953.4285,5621.2435,5676.6035,4562.8400,5359.7908,6874.6470,5519.4090,5631.6076,4265.2197,5161.5673,7035.7212,5305.5292,5476.4239,3880.0885,4819.7192,7060.9760,5138.1940,5296.6427,3713.9662,4636.5023,6932.8195,4983.1342,5128.9852,3546.8012,4419.3811,6858.2330,4710.6831,4864.8874,3259.0609,4073.2505,6732.9666,4440.5531,4613.3682,2938.8533,3710.5878,6674.0748,11.00000000000,28,081
28,109,00695777,28109,Pearl River,Pearl River County,06,H1,G4020,,38100,,A,2100125644.00000000000,20836787.00000000000,+30.7737908,-089.5868315,28109,3408.8805,3399.4509,3372.0526,3399.3780,3427.3907,3304.0528,3289.5124,3229.1357,3289.4837,3348.7185,3019.6262,3001.0144,2902.2915,3001.3899,3098.9890,3123.2431,3097.3230,2948.3470,3096.3799,3246.5510,3178.7797,3148.3739,2920.9842,3145.4588,3375.1514,3015.5328,2982.1253,2714.0082,2977.4230,3248.4163,2670.5639,2638.7479,2348.8635,2633.3679,2924.6422,2764.8985,2731.1080,2434.0587,2725.3682,3020.9178,2882.8985,2847.6654,2526.5606,2841.1191,3158.1581,2314.2943,2309.3575,1946.5743,2231.8832,2714.6927,2164.5781,2186.2014,1757.5532,2064.2835,2647.2772,2049.1447,2091.0981,1584.0349,1916.6674,2612.1294,1857.9389,1918.0663,1359.2478,1688.1672,2472.7022,1725.5512,1779.0209,1247.7009,1557.3974,2328.2603,1574.8591,1621.1876,1121.3333,1396.9887,2167.4800,1433.0849,1480.2041,991.8387,1239.4247,2048.3190,1309.1111,1360.2355,866.7137,1094.1289,1967.5823,11.00000000000,28,109
28,051,00695749,28051,Holmes,Holmes County,06,H1,G4020,,,,A,1959840949.00000000000,20509212.00000000000,+33.1259415,-090.0911968,28051,918.6028,916.0948,908.7286,916.0736,923.5955,856.1039,852.4059,836.7976,852.3936,867.6970,839.7711,834.5783,807.1198,834.6847,861.8328,870.8314,863.4173,821.8878,863.1671,905.0930,917.6520,908.3757,842.7248,907.5153,974.0120,770.2573,761.4860,692.8703,760.2396,829.6735,594.5573,587.3660,522.7434,586.1437,651.1113,682.1050,673.2807,599.5632,671.7648,745.2370,766.2363,756.1599,670.1646,754.2729,839.3102,619.5709,617.7795,520.2812,596.9275,726.6494,520.1993,524.7768,421.2970,495.3202,636.1027,477.7357,486.9020,368.2243,446.0763,608.9151,433.3408,446.7681,316.0059,392.9953,576.6738,393.0042,404.6132,283.1886,353.9824,530.2237,350.8989,360.6836,248.9058,310.5846,482.8993,319.7208,329.7386,220.4038,275.8954,456.9447,298.3726,309.5851,196.7571,248.8339,448.4242,11.00000000000,28,051
22,051,00558027,22051,Jefferson,Jefferson Parish,15,H1,G4020,406,35380,,A,765682649.00000000000,957754757.00000000000,+29.5033000,-090.0362310,22051,26498.3748,26424.5683,26211.3302,26424.0235,26642.1874,26349.7449,26233.1994,25751.3980,26233.0127,26705.7869,27486.4115,27314.6744,26415.5922,27318.3617,28207.5149,32888.2588,32613.3798,31044.7247,32603.5790,34185.4729,32629.6649,32311.9346,29977.7255,32281.7990,34641.6853,29915.8977,29585.3256,26925.9077,29538.8373,32226.4889,25911.8517,25609.3962,22801.6002,25558.6108,28377.8317,25147.6352,24842.3991,22142.5112,24790.6239,27476.3368,27218.5599,26886.7719,23855.8829,26825.1434,29817.4963,25365.9553,25313.5843,21338.6666,24464.8317,29754.9651,27941.3498,28220.4153,22687.1877,26646.6293,34172.2379,27624.2362,28189.5877,21353.7723,25838.0546,35213.7291,26613.2952,27474.1371,19469.2602,24180.9304,35419.1868,25962.5309,26766.4947,18771.8972,23431.8151,35030.8062,25349.0944,26094.0840,18047.8376,22485.1631,34887.9250,24793.9719,25608.3057,17158.3589,21442.3286,35438.1475,24349.8939,25299.8522,16119.4229,20349.9608,36597.6146,11.00000000000,22,051
22,113,00559538,22113,Vermilion,Vermilion Parish,15,H1,G4020,318,10020,,A,3038572441.00000000000,955369492.00000000000,+29.7868716,-092.2900902,22113,3714.2268,3703.9377,3674.0773,3703.8588,3734.3926,3534.4416,3518.8616,3454.2619,3518.8328,3582.2147,3897.1090,3872.9840,3745.5528,3873.4809,3999.4754,4496.9581,4459.4789,4244.9850,4458.1318,4674.3999,4594.5561,4550.1497,4221.4769,4545.9189,4878.0865,4610.8979,4560.1906,4150.4313,4553.0717,4967.0973,4424.4011,4372.9118,3893.6063,4364.2752,4845.4805,4546.4193,4491.3925,4003.4216,4482.0641,4967.4324,4812.4092,4753.8495,4218.0635,4742.9745,5271.9296,4415.0900,4406.9753,3715.9190,4259.4817,5179.2652,4159.7725,4202.1493,3379.0140,3968.0621,5087.5321,4232.0639,4319.5120,3272.8848,3959.4706,5394.8837,4164.5009,4300.0366,3048.0082,3784.9199,5542.5374,4087.5401,4214.9429,2956.8746,3690.1560,5515.3230,3995.0833,4113.3171,2845.8244,3544.7625,5498.4938,3870.7170,3998.6354,2680.0768,3348.4630,5532.4904,3719.1583,3864.9828,2463.3523,3109.1115,5589.8979,11.00000000000,22,113
22,083,00559481,22083,Richland,Richland Parish,15,H1,G4020,,,,A,1447914686.00000000000,14174105.00000000000,+32.4181207,-091.7583745,22083,1119.1205,1115.9953,1106.9854,1115.9727,1125.1931,1067.8519,1063.1022,1043.5630,1063.0965,1082.2733,1187.8434,1180.3671,1141.5022,1180.5328,1218.9757,1185.2633,1175.4002,1118.8654,1175.0441,1232.0414,1229.3870,1217.2950,1129.3472,1216.1550,1305.1142,1308.2045,1293.5503,1177.1467,1291.4796,1409.1875,1358.0664,1342.0150,1194.6996,1339.3081,1487.2880,1235.2327,1220.0177,1087.2034,1217.4291,1349.6038,1259.0413,1243.3453,1102.8281,1240.4225,1379.2172,1113.5883,1110.9247,936.1307,1073.5777,1306.1814,1045.5744,1055.8790,848.7200,996.9524,1278.7139,1034.7989,1055.8417,799.6718,967.7187,1319.0836,990.3041,1022.2108,724.2526,899.6356,1317.9679,960.3078,989.9326,694.1450,866.5581,1295.7171,932.1040,959.3986,663.4580,826.6694,1282.8455,881.0291,909.8844,609.5614,761.8300,1259.2536,818.9537,850.8407,542.0287,684.3481,1230.8743,11.00000000000,22,083
22,097,01629479,22097,St. Landry,St. Landry Parish,15,H1,G4020,318,36660,,A,2392836670.00000000000,39114892.00000000000,+30.5834409,-091.9892745,22097,4745.5734,4732.4528,4694.3141,4732.3507,4771.3424,4356.3014,4337.1828,4257.6051,4337.1414,4415.2070,4506.8789,4478.8175,4331.4163,4479.4108,4625.1714,5234.0816,5190.4991,4940.8443,5188.9282,5440.6344,5338.4000,5286.1696,4904.2759,5281.2298,5667.4147,5472.1568,5411.5808,4925.0658,5403.0565,5894.7742,5031.9531,4972.7416,4427.1092,4962.7713,5510.7794,4898.9736,4838.8407,4312.2828,4828.6174,5352.5854,5284.5454,5219.0953,4629.6984,5206.9165,5789.0095,5024.2695,5013.2571,4225.4287,4844.9927,5893.4516,4160.7984,4201.7814,3377.3872,3967.2808,5088.5584,4108.8340,4192.3612,3175.1778,3842.4479,5237.6282,3991.1154,4119.6799,2918.8329,3625.6720,5311.6611,3788.3881,3905.2314,2738.3386,3418.5154,5111.5663,3593.1070,3698.3028,2557.4852,3186.6480,4945.1562,3352.0234,3461.7874,2319.1419,2898.4840,4791.0405,3108.3519,3229.3585,2057.2406,2597.4279,4671.8017,11.00000000000,22,097
48,299,01383935,48299,Llano,Llano County,06,H1,G4020,,,,A,2419137915.00000000000,82419109.00000000000,+30.7075845,-098.6846901,48299,1155.5633,1152.3382,1143.0359,1152.3148,1161.8338,1173.4214,1168.2592,1146.8176,1168.2489,1189.2848,1155.0554,1147.8965,1110.1258,1148.0447,1185.3907,1323.2630,1312.2597,1249.1422,1311.8616,1375.4927,1331.9817,1319.1047,1223.8210,1317.8781,1414.1761,1499.0448,1482.6583,1349.4961,1480.3627,1614.8772,1489.8353,1472.3944,1310.9169,1469.4629,1631.6142,1471.2351,1453.2384,1295.1603,1450.1808,1607.4652,1537.4392,1518.6437,1347.3944,1515.1514,1684.2334,1425.4317,1422.4491,1199.0482,1374.7444,1672.0611,1460.8029,1475.4500,1186.2101,1393.1853,1786.5695,1470.4255,1500.5784,1136.7556,1375.4227,1874.4179,1444.3933,1491.1753,1056.7673,1312.4575,1922.3241,1438.2475,1482.8483,1040.0174,1298.1342,1940.6089,1429.2191,1471.2895,1017.6806,1267.8312,1967.0377,1382.4277,1427.9030,956.8173,1195.6403,1975.9157,1327.9632,1379.8424,879.2280,1109.9078,1995.9180,11.00000000000,48,299
48,377,01383974,48377,Presidio,Presidio County,06,H1,G4020,,,,A,9985016638.00000000000,1773160.00000000000,+30.0058912,-104.2616192,48377,322.1293,321.2291,318.6354,321.2226,323.8771,270.4067,269.1969,264.2454,269.1959,274.0565,213.1054,211.7352,204.7570,211.7683,218.6745,212.5569,210.6675,200.5344,210.6119,220.8687,204.8496,202.6502,187.9928,202.4533,217.3462,234.0507,231.2177,210.2762,230.8071,252.0562,171.3057,169.1557,150.4755,168.7859,187.5912,161.1729,159.0211,141.5431,158.6493,176.0863,181.3902,178.8709,158.3911,178.3965,198.6726,166.2863,165.6556,139.3681,160.0237,194.9887,157.2810,158.5709,127.2134,149.6410,192.3088,146.7211,149.4525,112.9416,136.8925,186.9984,137.6534,141.8463,100.2573,124.7466,183.1776,133.3440,137.2279,95.9893,120.0342,179.8969,129.5683,133.1460,91.8459,114.6376,178.3062,123.1884,127.0253,84.8810,106.2737,176.0591,116.5702,120.9342,76.8408,97.1957,175.1924,11.00000000000,48,377
48,133,01383852,48133,Eastland,Eastland County,06,H1,G4020,,,,A,2399599329.00000000000,14047789.00000000000,+32.3246454,-098.8365596,48133,949.6852,947.0708,939.4444,947.0499,954.8437,967.3758,963.1347,945.4658,963.1253,980.4579,1019.8426,1013.4777,980.1200,1013.6137,1046.6021,1109.7578,1100.5208,1047.5875,1100.1876,1153.5546,1003.9552,993.9949,922.1726,993.0607,1065.7399,982.1737,971.1422,883.7326,969.5820,1057.9812,759.4252,750.3780,667.9440,748.8481,831.6772,1016.4618,1003.7183,894.2278,1001.5425,1110.5638,998.1810,985.5142,873.9072,983.1509,1093.4306,867.9249,865.6096,729.1847,836.4450,1017.9729,811.1612,818.6529,657.5601,772.8100,991.9500,785.8774,801.3568,606.4322,734.3021,1001.7165,726.7851,749.7128,530.6930,659.6305,967.2147,671.3347,691.5759,484.4550,605.1992,905.7716,630.7596,648.7824,448.1818,558.8435,868.0723,585.6991,604.4677,404.4972,505.9375,837.1099,556.1559,577.4401,367.4339,464.2896,835.8705,11.00000000000,48,133
48,403,01383987,48403,Sabine,Sabine County,06,H1,G4020,,,,A,1272694571.00000000000,220821460.00000000000,+31.3432997,-093.8519129,48403,569.2915,567.7204,563.1466,567.7080,572.3832,473.4284,471.3232,462.6608,471.3206,479.8222,438.7907,436.0663,421.7167,436.1231,450.3120,465.4663,461.6345,439.4308,461.4918,483.8632,512.1957,507.2017,470.5609,506.7284,543.7745,541.1712,535.1049,486.9494,534.2475,582.9441,483.6418,477.9293,425.4695,476.9661,529.6613,453.6951,448.0959,399.3043,447.1430,495.7024,492.2602,486.2696,431.4637,485.1571,539.2643,392.9653,392.1150,330.5052,378.9571,460.9496,380.0153,383.8125,308.5593,362.4087,464.7585,379.8038,387.5836,293.6036,355.2543,484.1520,361.0341,372.7304,264.1498,328.0596,480.4958,348.3495,359.1657,251.9202,314.4309,470.0248,333.4208,343.2595,237.4557,295.8014,458.8898,314.6024,324.9827,217.8008,272.1341,449.6661,296.9362,308.5721,196.6611,248.2220,446.2950,11.00000000000,48,403
48,481,01384026,48481,Wharton,Wharton County,06,H1,G4020,,20900,,A,2813115336.00000000000,21289070.00000000000,+29.2784805,-096.2296745,48481,2397.6273,2390.9229,2371.6151,2390.8747,2410.6360,2224.2515,2214.4075,2173.7341,2214.3921,2254.3042,2303.7091,2289.4083,2214.0718,2289.7066,2364.1989,2613.6912,2591.9456,2467.2771,2591.1599,2716.8468,2499.5097,2474.9512,2296.1418,2472.6344,2653.4904,2729.3092,2698.7105,2455.8436,2694.3857,2939.9829,2558.4698,2528.8284,2251.7676,2523.8643,2801.9799,2732.8717,2699.5597,2406.0288,2693.9042,2985.9307,2723.8151,2690.5169,2387.1228,2684.3299,2983.8842,2489.3927,2484.6496,2094.8720,2401.4475,2920.2225,2449.2380,2473.9216,1989.0656,2336.0254,2995.4512,2468.9935,2519.7526,1908.9545,2309.6370,3147.3533,2432.8460,2511.7672,1780.1659,2210.7776,3237.8538,2399.5694,2474.1087,1735.3831,2165.9667,3237.7195,2392.4325,2462.9782,1703.7539,2122.4333,3292.7205,2342.5585,2419.7253,1621.5416,2026.1776,3348.2465,2250.3724,2338.3840,1490.1165,1880.9738,3382.2978,11.00000000000,48,481
48,401,01383986,48401,Rusk,Rusk County,06,H1,G4020,346,30980,,A,2393217679.00000000000,37244181.00000000000,+32.1094232,-094.7563823,48401,2917.4342,2909.2005,2885.6679,2909.1453,2933.2523,2909.6695,2896.6087,2843.3074,2896.6012,2948.9308,2997.7677,2978.9145,2880.8336,2979.3309,3076.3448,3131.2287,3105.2111,2955.8555,3104.2675,3254.8317,2897.2762,2869.4826,2662.2285,2866.8226,3076.2047,3062.9274,3029.3277,2757.1789,3024.6146,3299.5679,3332.6975,3292.4697,2930.3023,3285.6370,3649.7111,3534.6604,3489.8486,3108.6613,3482.1806,3861.8631,3891.8641,3842.4664,3407.3060,3833.2500,4263.2371,3525.3292,3516.2274,2962.3397,3397.8383,4134.8660,3194.9064,3224.8549,2590.6932,3044.4062,3907.0479,3213.0698,3276.8748,2480.3114,3002.8544,4095.5934,3127.8106,3227.0953,2284.9525,2839.5707,4162.5837,3029.4672,3121.4898,2187.3310,2731.8920,4087.4493,2950.2122,3035.2358,2097.5249,2614.7656,4060.2383,2830.9982,2922.4578,1956.4637,2446.3967,4046.2531,2685.5570,2789.0009,1775.4491,2242.7739,4036.2798,11.00000000000,48,401
48,439,01384005,48439,Tarrant,Tarrant County,06,H1,G4020,206,19100,23104,A,2236735560.00000000000,100223390.00000000000,+32.7720400,-097.2912913,48439,134116.5000,133743.3862,132664.3491,133740.6064,134844.4429,145435.2822,144794.6719,142136.7686,144793.4570,147401.1831,148460.2295,147535.7412,142680.1982,147555.2993,152356.8115,176539.5430,175064.5430,166644.2026,175011.9048,183503.1367,187067.0879,185240.9800,171858.7998,185068.0415,198599.0811,200008.6357,197797.9395,180017.5508,197487.0137,215456.3779,203335.1006,200950.6172,178908.6733,200549.5889,222684.8359,216512.1270,213876.6650,190624.9336,213429.3672,236560.9736,232161.6045,229325.8799,203468.5918,228799.0391,254328.6250,223688.7051,223238.4570,188195.0723,215756.5107,262395.8428,236105.3652,238476.3604,191730.0801,225181.0742,288758.6768,241620.4268,246577.9961,186796.7744,226013.1533,308004.8320,242745.8555,250609.8047,177604.0723,220574.7803,323067.4355,246814.7666,254469.2764,178476.4336,222771.0381,333024.0479,250054.7881,257415.1094,178051.9004,221818.1689,344150.9922,248794.9404,256977.5859,172195.2915,215176.9678,355604.6309,244677.0596,254233.4346,161993.4365,204497.4883,367747.5176,11.00000000000,48,439
48,285,01383928,48285,Lavaca,Lavaca County,06,H1,G4020,,,,A,2511532178.00000000000,1885412.00000000000,+29.3825778,-096.9236334,48285,1116.2313,1113.0728,1104.0649,1113.0521,1122.2823,1129.5242,1124.4205,1103.7120,1124.4200,1144.7556,1144.6786,1137.3834,1099.9132,1137.5535,1174.6287,1418.7353,1406.6018,1338.9455,1406.1979,1474.5185,1448.1635,1433.8148,1330.2144,1432.4679,1537.2976,1688.1132,1669.2120,1519.0091,1666.5417,1818.4248,1681.5214,1661.5439,1479.0613,1658.1689,1841.5082,1793.7404,1771.8720,1579.2075,1768.1593,1959.8374,2024.0126,1999.2074,1773.7046,1994.5971,2217.2572,1937.8003,1933.9244,1630.3654,1869.1145,2273.1236,1895.5718,1914.3360,1538.8295,1807.5261,2318.2548,1980.3910,2020.7708,1530.5960,1852.1497,2524.4661,2029.0617,2094.5530,1484.1413,1843.4351,2700.4316,2067.3215,2131.2018,1494.5154,1865.6335,2789.3898,2106.5900,2168.3724,1499.6074,1868.4251,2899.2867,2100.2103,2169.0750,1453.2215,1816.1607,3001.8329,2073.6601,2154.4616,1372.5709,1732.9019,3116.6816,11.00000000000,48,285
48,075,01383823,48075,Childress,Childress County,06,H1,G4020,,,,A,1803680222.00000000000,44835136.00000000000,+34.5293372,-100.2083364,48075,298.7144,297.8915,295.4923,297.8849,300.3369,302.0524,300.7477,295.2408,300.7434,306.1427,290.5612,288.8806,279.4024,288.9040,298.2598,273.4407,271.4105,258.3569,271.3116,284.3890,178.0338,176.5557,163.8239,176.4010,189.1802,265.7330,263.1947,239.7901,262.8574,286.3730,398.0245,393.2670,350.0500,392.4616,435.8909,434.3265,428.8562,382.0494,427.9214,474.5341,481.4202,475.2476,421.3620,474.0948,527.3512,409.9788,408.8322,344.3473,395.0434,480.8436,355.9509,359.1680,288.4250,339.0336,435.2726,354.4193,361.3332,273.3746,331.0751,451.7516,332.6297,343.0571,242.7707,301.8121,442.6620,312.8231,322.1903,225.6309,281.9237,422.0584,308.2899,317.0440,218.9575,273.0708,424.2744,283.2739,292.2952,195.5360,244.6267,404.8650,256.6834,266.4464,169.4747,214.2102,385.7768,11.00000000000,48,075
05,047,00066853,05047,Franklin,Franklin County,06,H1,G4020,,22900,,A,1576932379.00000000000,27933924.00000000000,+35.5085730,-093.8876719,05047,1080.9887,1077.9845,1069.2890,1077.9620,1086.8564,1085.5165,1080.7223,1060.8774,1080.7141,1100.1862,1005.9270,999.5930,966.6797,999.7336,1032.2900,1109.0101,1099.6914,1046.7978,1099.3644,1152.7212,1026.8468,1016.6530,943.1930,1015.6972,1090.0361,989.1708,978.2418,890.3087,976.7049,1065.5711,909.2122,898.4172,799.7527,896.5938,995.7192,934.3803,922.7029,822.0870,920.7104,1020.8855,985.0265,972.5994,862.5297,970.2823,1079.0298,819.6449,817.6703,689.0038,790.1781,961.3976,787.9291,795.4743,639.1969,751.0123,963.5837,753.5505,768.6630,581.9591,704.4363,960.5438,708.3109,730.9339,517.6794,643.2121,942.6536,670.2609,690.7554,484.1735,604.5947,904.3484,641.8190,660.4457,456.5440,569.0072,883.3157,604.6169,624.2706,418.0560,522.6288,864.1677,567.2367,589.1948,375.2002,473.8469,852.5397,11.00000000000,05,047
05,117,00069176,05117,Prairie,Prairie County,06,H1,G4020,,,,A,1678203880.00000000000,71628651.00000000000,+34.8282250,-091.5571995,05117,519.4637,518.0214,513.8435,518.0105,522.2836,438.8711,436.9429,428.9249,436.9389,444.8049,372.3295,370.0802,357.9162,370.1212,382.1408,422.4792,419.0246,398.8704,418.8935,439.1919,377.9342,374.2527,347.2166,373.9036,401.2376,406.7225,402.2761,366.1461,401.6532,438.1502,317.6182,313.8350,279.3587,313.1953,347.8366,286.6993,283.1692,252.3439,282.5686,313.2451,276.1406,272.6446,241.7768,271.9926,302.4918,258.7736,258.1441,217.5174,249.4630,303.5254,235.7722,238.1251,191.4337,224.8449,288.3489,215.2201,219.6199,166.3585,201.2979,274.3492,195.5037,201.8290,143.0255,177.6372,260.1927,179.3766,184.9340,129.7008,161.8952,242.0301,165.9147,170.7946,118.1332,147.1745,228.3484,148.5939,153.4781,102.8393,128.5118,212.3863,136.3699,141.6957,90.2859,113.9755,204.9627,11.00000000000,05,117
05,057,00066858,05057,Hempstead,Hempstead County,06,H1,G4020,,26260,,A,1884267810.00000000000,35372390.00000000000,+33.7286109,-093.6658093,05057,1249.1257,1245.6636,1235.6204,1245.6371,1255.9074,1226.7025,1221.3248,1198.9193,1221.3127,1243.2917,1233.8337,1226.2605,1185.9280,1226.4103,1266.2795,1148.6641,1139.1878,1084.3949,1138.8370,1194.0503,1112.6500,1101.9394,1022.3463,1100.9165,1181.3402,1077.6104,1065.6562,969.8349,1063.9728,1160.8274,1009.0394,997.1689,887.7575,995.1703,1105.0571,920.3966,909.1713,810.3083,907.2653,1005.6233,1052.6953,1039.8918,922.6963,1037.5142,1153.2143,893.1226,891.4359,751.6069,861.5890,1047.6957,789.0716,797.0753,640.9077,752.6622,965.0536,751.0217,766.5227,580.7752,702.6253,957.3735,687.2129,709.5743,502.9654,624.5702,914.6119,639.5925,659.5301,462.6772,577.4154,863.0032,593.2347,610.8005,422.5959,526.3777,816.4786,544.6116,562.6235,377.1122,471.1474,778.4248,495.2056,514.6384,328.0242,413.9979,744.2954,11.00000000000,05,057
05,077,00066866,05077,Lee,Lee County,06,H1,G4020,,,,A,1560780566.00000000000,43722296.00000000000,+34.7797500,-090.7792884,05077,517.5739,516.1175,511.9448,516.1075,520.3807,471.6881,469.5402,460.8838,469.5411,478.0440,401.0495,398.4576,385.3226,398.5214,411.5227,390.1965,386.7901,368.1857,386.6838,405.4944,399.1380,395.0433,366.4871,394.6668,423.6126,503.2104,497.2616,452.3152,496.4058,541.9635,500.0621,493.5020,438.7501,492.3580,547.5688,477.0203,470.3929,418.4332,469.2395,521.1442,444.2875,437.9900,387.7119,436.8018,486.6028,425.3396,423.6142,356.2846,409.1822,498.7295,375.4745,378.3842,303.3972,357.0229,459.0682,349.7584,356.1070,268.9490,326.1240,445.7533,329.9578,339.8653,240.0739,298.8407,439.0676,316.2251,325.3028,227.4089,284.4918,426.6132,301.0107,309.1959,213.1534,266.1636,414.2275,279.0722,287.6503,192.0881,240.6104,398.8381,261.6317,271.3296,172.2902,218.0288,393.1981,11.00000000000,05,077
05,029,00066846,05029,Conway,Conway County,06,H1,G4020,,,,A,1430319825.00000000000,37342580.00000000000,+35.2657024,-092.6892483,05029,1223.3023,1219.9101,1210.0737,1219.8843,1229.9435,1228.9014,1223.4159,1200.9199,1223.4106,1245.4922,1107.1383,1100.1975,1063.9785,1100.3487,1136.1709,1235.8232,1225.5126,1166.5673,1225.1431,1284.5795,1222.4616,1210.5229,1123.0718,1209.3925,1297.8183,1345.6098,1330.3159,1210.4631,1328.1441,1449.4161,1071.8623,1058.9548,942.4985,1056.7643,1173.8238,1050.0794,1037.1750,924.2955,1034.9806,1147.3087,1063.3478,1050.1833,931.5906,1047.7338,1164.8559,974.9383,973.1248,820.5088,940.5502,1143.6779,865.6407,874.3717,703.0130,825.6364,1058.6915,825.4243,842.4035,638.2110,772.1609,1052.2121,787.9001,813.4750,576.5501,716.0007,1048.6108,743.5637,766.6702,537.7649,671.1875,1003.2852,698.9605,719.5805,497.7769,620.0914,961.9846,649.1541,670.5502,449.3722,561.4960,927.8444,610.6671,634.5622,404.3836,510.4410,917.8301,11.00000000000,05,029
05,067,00066861,05067,Jackson,Jackson County,06,H1,G4020,,,,A,1641892684.00000000000,19587909.00000000000,+35.5966053,-091.2231780,05067,995.5939,992.7761,984.7414,992.7577,1000.9908,937.1841,932.9965,915.8384,932.9927,949.8353,882.8509,877.2701,848.3795,877.3960,905.9761,821.6738,814.8751,775.6811,814.6256,854.1271,846.3909,838.1998,777.6528,837.4200,898.6147,979.2593,968.1894,881.0002,966.6203,1054.8212,1045.1361,1032.7828,919.4120,1030.6995,1144.5819,1041.9658,1028.9070,916.6732,1026.6775,1138.4291,989.1582,976.6383,866.0698,974.3031,1083.5508,876.1715,874.3468,737.0357,845.0261,1027.7696,844.6515,852.7714,685.2673,805.1166,1032.9565,827.2378,843.8506,638.9064,773.3493,1054.4751,805.3414,831.0801,588.6240,731.3457,1071.7879,787.5295,811.6157,568.8945,710.3820,1062.5734,768.4284,790.7242,546.5956,681.2466,1057.5638,733.9478,757.7889,507.4510,634.4011,1049.0167,678.4349,704.6693,448.7022,566.7027,1019.6656,11.00000000000,05,067
05,043,00066851,05043,Drew,Drew County,06,H1,G4020,,,,A,2145431293.00000000000,18920696.00000000000,+33.5872418,-091.7227781,05043,966.0542,963.4264,955.6848,963.4037,971.3062,979.8599,975.6005,957.7221,975.5884,993.1212,949.7171,943.8025,912.7410,943.9277,974.6437,1023.4310,1014.8164,966.0051,1014.5156,1063.7594,946.7339,937.4664,869.7397,936.5902,1005.0796,1010.6307,999.4329,909.5748,997.8567,1088.6792,816.9880,807.4455,718.9123,805.8429,894.7384,889.9479,878.8161,782.9762,876.9164,972.3389,930.7619,919.2503,815.4551,917.1086,1019.6146,916.7954,914.5499,770.6034,883.7904,1075.3407,910.4101,919.4400,739.1042,868.1456,1113.4203,859.0747,876.6109,663.9925,803.4697,1095.0917,812.9209,839.1832,594.6455,738.5816,1081.8998,791.5046,815.9921,572.2491,714.3235,1067.9618,771.1860,793.8375,549.0397,684.0411,1061.3813,735.4855,759.6409,508.9821,636.0617,1051.2329,709.3467,737.0270,469.5934,592.8312,1066.1404,11.00000000000,05,043
05,037,00066848,05037,Cross,Cross County,06,H1,G4020,,,,A,1596418434.00000000000,15348594.00000000000,+35.2912586,-090.7738942,05037,968.1012,965.3885,957.5897,965.3694,973.3529,1027.9960,1023.4471,1004.6492,1023.4399,1041.8859,915.7794,910.0526,880.0964,910.1760,939.8020,969.1775,961.0078,914.7846,960.7238,1007.3606,928.3391,919.2123,852.8009,918.3516,985.5252,1043.1548,1031.5477,938.7709,1029.9114,1123.7008,876.7095,866.2875,771.1402,864.5264,960.1226,780.0595,770.3295,686.3480,768.6700,852.2787,810.6568,800.4989,709.9772,798.6064,888.0280,783.1739,781.2600,658.2970,754.9847,918.6125,711.5343,718.3918,577.2993,678.2518,870.1652,667.8691,681.2989,515.8508,624.3843,851.3308,620.3491,640.1939,453.4447,563.3738,825.5926,583.3981,601.2646,421.4751,526.2775,787.1514,548.8463,564.7996,390.4534,486.6134,755.3622,497.8570,514.0586,344.2703,430.3688,711.5789,455.0504,472.6773,301.0151,380.1452,683.9278,11.00000000000,05,037
05,019,00066845,05019,Clark,Clark County,06,H1,G4020,,11660,,A,2243121932.00000000000,43395997.00000000000,+34.0533118,-093.1762051,05019,1057.0952,1054.1590,1045.6565,1054.1369,1062.8334,1163.2086,1158.0678,1136.8007,1158.0592,1178.9272,1053.8501,1047.3790,1012.9294,1047.5072,1081.5614,1101.1906,1092.0930,1039.5653,1091.7576,1144.6927,1126.8776,1116.0290,1035.4182,1114.9930,1196.4454,189.4303,187.3629,170.5374,187.0734,204.0687,220.4368,217.9383,194.1102,217.5232,241.4239,975.1481,963.8529,859.6416,961.9559,1065.4795,1075.4174,1063.0061,943.8913,1060.7153,1178.1873,981.2049,979.9301,826.7733,947.2760,1151.1626,1148.5505,1160.8236,933.9789,1096.3350,1404.8063,1127.8907,1151.7886,873.2955,1055.9868,1437.8664,1084.2793,1120.1597,794.6002,986.1933,1443.1204,1084.6205,1118.9947,785.5817,979.8981,1463.5306,1079.0247,1111.4983,769.5690,958.0837,1485.1214,1199.6140,1239.7096,831.4087,1038.3223,1714.6630,1286.1164,1336.9065,852.4949,1075.6024,1933.0564,11.00000000000,05,019
05,033,00069161,05033,Crawford,Crawford County,06,H1,G4020,,22900,,A,1536106675.00000000000,28873990.00000000000,+35.5830407,-094.2362241,05033,3913.0829,3902.1267,3870.6080,3902.0487,3934.3119,3908.3072,3890.9126,3819.3942,3890.8923,3961.0859,3676.1099,3653.1487,3532.9044,3653.6410,3772.5564,3933.0729,3900.0418,3712.4552,3898.8806,4088.1040,4149.2647,4108.0993,3811.2637,4104.2383,4404.6157,4101.6595,4055.7115,3690.7464,4049.2190,4418.2747,3917.2411,3870.8691,3445.8917,3863.0446,4289.9627,3671.8914,3626.4340,3231.4225,3618.6923,4011.8613,3626.8944,3582.3870,3178.2481,3574.1137,3973.1687,3156.4520,3149.6424,2654.7833,3043.9576,3702.5343,3218.0847,3249.9447,2612.4561,3068.6161,3935.6681,3147.1753,3211.3149,2432.3214,2943.3396,4011.7987,2993.0537,3089.6184,2189.1755,2719.1858,3983.3827,2927.3670,3017.7848,2116.1970,2641.7246,3949.8262,2854.8820,2938.5746,2032.2272,2532.0718,3929.1534,2731.7489,2821.2906,1890.1544,2362.2463,3904.4897,2586.8316,2687.6052,1712.2001,2161.7160,3887.9695,11.00000000000,05,033
05,065,00066860,05065,Izard,Izard County,06,H1,G4020,,,,A,1503686209.00000000000,8913023.00000000000,+36.0948792,-091.9136252,05065,894.3123,891.7314,884.4886,891.7171,899.1531,901.0606,896.9235,880.3698,896.9277,913.1926,883.3509,877.6670,848.7407,877.8045,906.4330,906.3139,898.4213,855.2076,898.1729,941.8588,940.3052,930.6400,863.3658,929.7522,997.9511,1036.8328,1024.4184,931.7230,1022.6252,1116.6354,1034.1610,1021.0111,908.1064,1018.7397,1132.4560,983.2653,970.1261,863.4880,967.8552,1074.2467,967.2149,954.2338,845.4435,951.7977,1059.4238,825.3786,823.0019,693.1246,795.2257,968.0287,848.6157,856.0520,687.2192,807.9908,1037.6870,820.4614,836.2413,632.4529,766.1372,1045.7529,780.9344,805.2269,569.6446,708.3457,1039.2469,754.1934,776.6416,543.7455,679.5248,1017.5394,729.3938,749.9926,517.8416,645.9246,1003.7965,699.6402,721.8677,482.8473,604.1209,999.9466,658.0376,683.0626,434.4618,549.1483,988.9830,11.00000000000,05,065
05,127,00069179,05127,Scott,Scott County,06,H1,G4020,,,,A,2311098364.00000000000,14901123.00000000000,+34.8588693,-094.0636413,05127,649.6506,647.8479,642.6236,647.8343,653.1774,611.8480,609.1482,597.9639,609.1434,620.1172,479.4391,476.4110,460.7223,476.4791,491.9989,535.4673,530.8516,505.3180,530.7016,556.4982,488.1616,483.1700,448.2449,482.7101,518.1058,472.2555,466.7395,424.5945,465.9490,508.6442,363.8057,359.1054,319.3287,358.2895,398.3762,367.5324,362.7868,323.0744,361.9719,401.5498,301.2327,297.2544,263.4314,296.5090,329.9584,213.4762,212.8043,179.1671,205.6068,250.3574,170.6468,172.1493,138.2044,162.4866,208.6680,141.4628,144.1761,109.0337,132.0870,180.3063,115.0136,118.5981,83.9071,104.3315,153.0577,89.6696,92.3622,64.6892,80.8219,120.9822,68.4057,70.3732,48.6278,60.6228,94.1432,52.4517,54.1520,36.2589,45.3332,74.9680,42.9991,44.6595,28.4346,35.9147,64.6260,11.00000000000,05,127
05,073,00066864,05073,Lafayette,Lafayette County,06,H1,G4020,,,,A,1368208312.00000000000,43539379.00000000000,+33.2406596,-093.6116427,05073,427.9971,426.8427,423.4179,426.8322,430.3253,369.8332,368.2495,361.5140,368.2433,374.8453,340.5018,338.3784,327.2414,338.4236,349.4371,301.8007,299.3057,284.9096,299.2139,313.7222,304.5376,301.5191,279.7327,301.2358,323.2811,313.4729,309.9050,281.9813,309.3981,337.6541,241.1572,238.2987,212.1330,237.8162,264.1026,204.2240,201.7931,179.9100,201.3824,223.1382,184.4222,182.1791,161.6475,181.7625,202.0321,141.4116,141.0901,118.9069,136.3515,165.8725,155.6505,157.2084,126.3874,148.4423,190.3609,140.9298,143.8245,108.9583,131.8305,179.6502,125.4515,129.5243,91.8010,114.0043,166.9626,118.0948,121.7681,85.4152,106.6042,159.3447,110.7376,114.0089,78.8716,98.2479,152.4093,100.3857,103.7015,69.5038,86.8391,143.4832,92.4158,96.0392,61.2106,77.2569,138.9010,11.00000000000,05,073
05,093,00069899,05093,Mississippi,Mississippi County,06,H1,G4020,,14180,,A,2332475973.00000000000,49826380.00000000000,+35.7669426,-090.0522086,05093,2375.9903,2369.4252,2350.3322,2369.3740,2388.8928,2343.4435,2333.2878,2290.5457,2333.2566,2375.1682,2217.0954,2203.6029,2131.1511,2203.8585,2275.4629,2123.5918,2106.4505,2005.1351,2105.7762,2207.7409,2065.6895,2046.0792,1898.3152,2044.1905,2193.3971,2085.8896,2063.5412,1878.4970,2060.4330,2247.1998,1915.3652,1893.6196,1686.5497,1890.0042,2097.7171,1711.7887,1691.2247,1507.6347,1687.7440,1870.3148,1589.1640,1570.1995,1393.6116,1566.6854,1740.9532,1355.6804,1353.2485,1141.1031,1307.9737,1590.3396,1233.6573,1246.6391,1002.8345,1177.3211,1508.8689,1133.5470,1157.4265,877.4330,1061.1085,1445.0604,1003.5096,1036.6285,735.2572,912.6189,1335.6123,910.9634,939.8210,659.7809,822.9915,1229.2055,826.0725,850.9831,589.2484,733.5463,1136.9733,726.2222,750.6577,503.6056,628.7832,1038.0339,628.6390,653.6818,417.0769,526.0087,944.8693,11.00000000000,05,093
05,055,00066857,05055,Greene,Greene County,06,H1,G4020,308,37500,,A,1496233476.00000000000,4826525.00000000000,+36.1199223,-090.5652409,05055,2811.4913,2803.6921,2781.0837,2803.6327,2826.7544,3132.0373,3118.2102,3060.9545,3118.1861,3174.3653,3045.2068,3026.0505,2926.4167,3026.4741,3125.0247,3346.7633,3318.4542,3158.8405,3317.4800,3478.5547,3740.2843,3702.9140,3435.3323,3699.4235,3970.2932,3979.7484,3934.8909,3580.6225,3928.5391,4286.8729,3873.0855,3826.6381,3405.9835,3818.7663,4241.5370,3952.0236,3902.7250,3477.2451,3894.3163,4317.9083,4216.4142,4163.6168,3692.8247,4153.7804,4618.8444,4093.8328,4084.4440,3442.1795,3947.2421,4801.9516,3978.3910,4017.1160,3228.5162,3792.7788,4865.4034,3972.5018,4052.8002,3069.0240,3714.3789,5063.7871,3947.0110,4073.7015,2885.8019,3585.0374,5252.9239,3956.7753,4078.3650,2859.2811,3569.8937,5338.7266,3937.5324,4052.3714,2801.8676,3491.5523,5419.1500,3840.1244,3965.4500,2656.0951,3320.0149,5488.6528,3720.7079,3865.1667,2461.8352,3108.6559,5592.1386,11.00000000000,05,055
05,045,00066852,05045,Faulkner,Faulkner County,06,H1,G4020,340,30780,,A,1678012685.00000000000,41927331.00000000000,+35.1463563,-092.3246543,05045,6782.0079,6763.0756,6708.4777,6762.9380,6818.8093,7598.2115,7564.5786,7425.6325,7564.5262,7700.8720,7684.2351,7636.1203,7384.7486,7637.1630,7885.7723,9101.0889,9024.6343,8590.5617,9021.9487,9459.8159,9440.0639,9347.6309,8672.3144,9338.8929,10021.8233,8467.4461,8373.3096,7620.2708,8360.0427,9121.2736,9367.2686,9256.8872,8241.0391,9238.2916,10258.6136,10671.9397,10542.9295,9397.6406,10521.0645,11660.2046,11488.8103,11348.0109,10068.0017,11321.8425,12585.7157,10629.7562,10608.1798,8942.7627,10252.5927,12469.0873,12080.3377,12201.9877,9810.4668,11521.8195,14774.4015,12265.5352,12517.5612,9483.1189,11473.7079,15635.4939,12196.6933,12592.1973,8924.3179,11083.1931,16232.4610,12393.4052,12778.1367,8962.5500,11186.5622,16722.2980,12535.8931,12905.2475,8926.8374,11120.7785,17253.2077,12669.7785,13086.7790,8769.5088,10958.1769,18109.0386,12557.5686,13048.2862,8314.4505,10495.7452,18873.9331,11.00000000000,05,045
05,069,00066862,05069,Jefferson,Jefferson County,06,H1,G4020,340,38220,,A,2255220650.00000000000,111447666.00000000000,+34.2776955,-091.9307012,05069,3864.6499,3853.8846,3822.7843,3853.8052,3885.6241,3545.5333,3529.7989,3464.9423,3529.7773,3593.4261,3231.7435,3211.4827,3105.7590,3211.9242,3316.4894,3346.6225,3318.1507,3158.5511,3317.1877,3478.3037,3209.3796,3177.3161,2947.7158,3174.3212,3406.7420,2788.2684,2756.0989,2507.4868,2751.5077,3003.2284,2487.4959,2456.4760,2185.3801,2451.1507,2723.9977,2551.4101,2518.2042,2242.2876,2512.4934,2787.5434,2478.3593,2445.9359,2167.9409,2439.8669,2714.7343,2230.4381,2223.8376,1872.7253,2148.7353,2615.8813,2020.2614,2038.3967,1636.7888,1924.0889,2470.4453,1859.9165,1895.9717,1434.2134,1737.1249,2370.6675,1693.3994,1746.2355,1235.5059,1536.1963,2253.5453,1558.9716,1605.3992,1124.0048,1404.6588,2103.3289,1437.0375,1477.5261,1020.0753,1272.4677,1977.6528,1328.5222,1370.5581,916.5590,1146.9294,1898.7513,1227.6848,1274.1677,810.1979,1024.2800,1845.1090,11.00000000000,05,069
05,113,00069175,05113,Polk,Polk County,06,H1,G4020,,,,A,2221377955.00000000000,12387478.00000000000,+34.4909149,-094.2308841,05113,1155.0423,1151.7915,1142.4793,1151.7692,1161.3061,1087.3764,1082.5481,1062.6558,1082.5416,1102.0638,1019.9397,1013.5158,980.1437,1013.6586,1046.6690,1037.2839,1028.4540,978.9864,1028.1558,1078.0951,952.8678,943.4456,875.2786,942.5602,1011.5291,1100.9625,1088.8149,990.9531,1087.1075,1186.0020,1057.8926,1045.2683,930.4198,1043.1324,1158.5384,1026.1850,1013.7926,903.6763,1011.6928,1121.2146,997.8701,985.7132,874.6029,983.4552,1093.1515,944.7183,942.9264,795.0132,911.3533,1108.2191,830.0684,838.4486,674.1376,791.7180,1015.1873,809.3083,825.9597,625.7570,757.0897,1031.6686,788.8270,814.4264,577.2187,716.8359,1049.8440,775.2376,799.3210,560.6596,699.7689,1046.0219,762.3782,784.8568,542.9193,676.3375,1049.2659,723.7134,747.5478,500.9514,625.9632,1034.4117,687.8738,714.7658,455.4666,574.9463,1033.8700,11.00000000000,05,113
05,009,00069897,05009,Boone,Boone County,06,H1,G4020,,25460,,A,1528692190.00000000000,30044428.00000000000,+36.3043077,-093.0792041,05009,2216.1717,2209.9962,2192.1609,2209.9508,2228.1989,2214.8501,2205.0171,2164.5001,2205.0039,2244.7670,2128.8142,2115.4571,2045.8127,2115.7491,2184.6320,2378.5572,2358.4080,2244.9714,2357.7177,2472.2027,2387.9845,2364.0735,2193.2353,2361.8431,2534.7995,2529.2407,2500.6094,2275.3945,2496.5491,2724.3910,2260.4177,2233.0969,1987.4271,2228.4544,2475.4296,2209.8704,2182.2894,1944.3591,2177.5846,2414.4630,2162.6278,2135.7644,1894.4898,2130.7641,2369.0632,2147.9347,2142.5435,1805.1908,2070.4470,2519.3545,1900.7025,1919.1742,1542.3932,1811.9881,2324.4737,1836.5393,1873.6379,1418.8071,1717.1750,2341.0518,1751.9066,1808.1215,1280.8522,1591.2203,2331.5430,1679.9504,1731.5680,1213.9699,1515.6817,2266.6927,1615.2422,1662.3565,1149.3827,1432.3005,2223.0271,1514.6317,1564.0815,1047.6567,1309.5121,2164.8498,1422.2040,1477.4473,941.0572,1188.2841,2137.5417,11.00000000000,05,009
05,071,00066863,05071,Johnson,Johnson County,06,H1,G4020,,,,A,1708883157.00000000000,59415544.00000000000,+35.5733586,-093.4663223,05071,1559.2376,1554.8682,1542.3071,1554.8373,1567.6961,1583.6303,1576.5769,1547.5952,1576.5690,1605.0145,1549.8567,1540.0930,1489.3817,1540.3101,1590.4720,1903.0660,1887.0190,1796.2558,1886.4616,1978.0385,1919.9324,1901.0525,1763.7045,1899.2723,2038.1982,1641.7169,1623.2366,1477.1079,1620.6209,1768.4183,1483.2252,1465.6116,1304.6548,1462.6364,1624.3463,1817.7917,1795.4449,1600.0321,1791.6445,1986.1049,1977.6833,1953.2165,1732.6661,1948.6644,2166.4767,1830.7100,1826.4631,1539.2120,1765.0968,2147.3600,1738.6971,1755.7794,1411.2523,1657.7762,2126.3785,1752.3535,1787.9329,1354.0874,1638.6891,2233.7614,1724.3249,1779.8237,1260.9759,1566.3804,2294.8505,1686.7220,1738.6941,1219.1161,1521.9775,2275.8423,1651.5029,1699.7998,1175.4041,1464.6129,2272.9420,1646.2150,1700.0638,1138.8540,1423.4048,2352.9279,1625.2675,1688.4811,1075.5697,1358.0498,2442.7467,11.00000000000,05,071
05,103,00069170,05103,Ouachita,Ouachita County,06,H1,G4020,,15780,,A,1897899921.00000000000,18050486.00000000000,+33.5911582,-092.8784177,05103,1344.4489,1340.7534,1329.9595,1340.7235,1351.7525,1319.8210,1314.0661,1289.9759,1314.0511,1337.6783,1184.5021,1177.3094,1138.6045,1177.4442,1215.6943,1285.9965,1275.4457,1214.0992,1275.0490,1336.8463,1224.6781,1213.0427,1125.4382,1211.9226,1300.3856,1155.3657,1142.7431,1040.1142,1140.9751,1244.6438,930.1406,919.4446,818.7808,917.6581,1018.6788,880.6222,869.9469,775.4141,868.1366,962.1696,915.5590,904.3801,802.4123,902.3033,1002.9780,745.0565,743.5572,626.8359,718.6366,873.9813,689.7318,696.5770,559.9566,657.7171,843.5340,645.0369,658.2032,498.5579,603.2849,822.2503,585.6979,604.6178,428.4307,532.1354,779.4932,536.9955,553.6086,388.2411,484.6316,724.5576,490.2832,504.6857,349.0563,434.8829,674.7755,445.1708,459.7929,308.0765,384.9939,636.2849,409.3349,425.3099,270.9864,342.1008,615.2261,11.00000000000,05,103
05,007,00069896,05007,Benton,Benton County,06,H1,G4020,,22220,,A,2194644508.00000000000,94662461.00000000000,+36.3378246,-094.2561871,05007,16901.7154,16854.4513,16718.3436,16854.1120,16993.4179,19618.0490,19531.1002,19172.2955,19530.9731,19883.0802,22002.2802,21864.2420,21144.4365,21867.2592,22579.1900,26833.3737,26607.9104,25328.1052,26599.9950,27891.0046,28008.0871,27731.4618,25727.8023,27705.4473,29732.5615,29471.6312,29141.7490,26519.5102,29095.1481,31746.6819,30785.7974,30421.9750,27082.5402,30360.6231,33715.1075,33216.4510,32807.4435,29236.0785,32737.8626,36291.9951,36364.7869,35915.4954,31860.6498,35831.9147,39836.3110,34962.6301,34886.2979,29404.2379,33715.4600,41011.1243,37272.0422,37640.3267,30256.3539,35539.9851,45583.0187,38461.9082,39244.9438,29724.1786,35969.7801,49028.4475,38652.5245,39898.6696,28269.6390,35114.6442,51441.6306,39396.6873,40612.6202,28478.3315,35551.3316,53156.9264,40191.6016,41368.9189,28608.4869,35645.8442,55315.3381,40320.3161,41641.0329,27896.8641,34865.3580,57629.7783,39852.6890,41404.3567,26376.6155,33302.3218,59897.9491,11.00000000000,05,007
05,125,00067102,05125,Saline,Saline County,06,H1,G4020,340,30780,,A,1874124567.00000000000,17835823.00000000000,+34.6485246,-092.6744630,05125,7521.3030,7500.3077,7439.7589,7500.1551,7562.1162,8501.5926,8464.0280,8308.5966,8463.9649,8616.4783,8877.3074,8821.9918,8531.6436,8823.1655,9110.2871,10167.6100,10082.9360,9597.9625,10079.8854,10568.8476,10413.2841,10311.7883,9566.8578,10302.1672,11055.3272,11282.3343,11158.1629,10155.4773,11140.7258,12153.8847,11491.3196,11357.4483,10112.4586,11334.9856,12584.9558,12003.2063,11857.0727,10567.9966,11832.2687,13114.6917,13085.4566,12926.9029,11470.6600,12897.4719,14335.0244,12451.0669,12426.6315,10476.5308,12010.3155,14605.7535,13450.2317,13586.1312,10923.7566,12828.9478,16449.8724,13772.5508,14055.9720,10649.0233,12883.9760,17556.6143,13764.1100,14210.8470,10071.8927,12508.0225,18318.5564,13990.9941,14425.7148,10118.5606,12629.0834,18877.9442,14234.6917,14654.4604,10137.1883,12628.2663,19591.3016,14187.7709,14655.1096,9820.8689,12271.5708,20278.7463,13962.1924,14508.1552,9245.0964,11670.1812,20985.0948,11.00000000000,05,125
05,129,00069180,05129,Searcy,Searcy County,06,H1,G4020,,,,A,1725176918.00000000000,6256956.00000000000,+35.9096596,-092.6993507,05129,458.7430,457.4564,453.7603,457.4474,461.2315,439.5427,437.5717,429.5208,437.5704,445.4742,402.2101,399.6882,386.5302,399.7432,412.7571,378.3570,375.1421,357.0982,375.0330,393.2470,371.6900,368.0855,341.4963,367.7427,394.6190,373.1281,368.8951,335.6651,368.2944,401.9152,365.8895,361.5021,321.7633,360.7585,400.6971,328.3737,324.1921,288.7629,323.4760,358.7701,324.8315,320.6419,284.2607,319.8589,355.8198,305.2173,304.3779,256.3821,294.1158,357.9775,288.7040,291.4110,234.1063,275.1052,353.0559,272.6273,278.0300,210.4338,254.7767,347.5076,253.9855,262.0278,185.5095,230.5549,338.0098,242.5996,249.9447,175.1198,218.7392,327.3206,232.0591,238.7186,164.9385,205.6375,319.3697,218.2676,225.2880,150.7868,188.5763,311.9606,202.8402,210.6215,134.0428,169.3576,304.8584,11.00000000000,05,129
05,011,00063757,05011,Bradley,Bradley County,06,H1,G4020,,,,A,1681500473.00000000000,9546870.00000000000,+33.4638194,-092.1681641,05011,682.4269,680.5179,675.0221,680.5043,686.1294,645.4588,642.5886,630.7786,642.5851,654.1760,595.0017,591.2920,571.8310,591.3709,610.6160,564.6374,559.9646,533.0313,559.7932,586.9381,568.6245,563.1014,522.4242,562.5767,603.6964,542.0965,536.1768,488.0250,535.3478,583.9865,430.9325,426.0622,379.4914,425.2538,471.9619,426.8843,421.8583,376.1658,421.0112,466.4234,524.4868,518.1243,459.7490,516.9432,574.5707,406.0611,405.4008,341.9122,391.8559,476.3641,404.8994,409.1871,329.1880,386.4430,495.2311,383.9901,392.0973,297.2629,359.4742,489.5177,355.6548,367.4033,260.6017,323.4557,473.3566,340.6218,351.4108,246.6990,307.7263,459.6169,322.4150,332.1250,229.9609,286.2862,443.7582,303.4587,313.6335,210.3730,262.6980,433.7496,285.4155,296.7383,189.2777,238.7612,428.9879,11.00000000000,05,011
05,149,00069908,05149,Yell,Yell County,06,H1,G4020,,40780,,A,2408647209.00000000000,48880316.00000000000,+34.9977133,-093.4083032,05149,1400.1346,1396.1878,1384.8965,1396.1611,1407.7267,1462.6846,1456.2222,1429.4809,1456.2113,1482.4506,1290.1447,1282.0657,1239.8615,1282.2408,1323.9814,1252.3385,1241.7673,1182.0398,1241.4012,1301.6680,1234.3567,1222.1547,1133.8503,1221.0077,1310.3497,1165.9092,1152.8704,1049.1400,1151.0291,1255.9144,1054.7628,1042.2926,927.8751,1040.1894,1155.1242,967.0172,954.9742,850.8815,952.9207,1056.5464,939.1505,927.3645,822.4780,925.1682,1028.7833,802.9534,801.2007,675.2998,774.3113,941.8634,738.7595,745.9132,599.4477,704.2459,903.4655,665.9258,679.3424,514.3950,622.6000,848.8568,600.4995,619.7230,438.9590,545.3644,799.1770,547.3320,564.0963,395.4232,493.7457,738.4894,491.6457,505.9286,349.7469,435.8889,676.6380,434.8084,448.9442,300.6471,375.8493,621.4636,379.3427,394.0200,250.9043,316.8788,570.1402,11.00000000000,05,149
05,135,00069183,05135,Sharp,Sharp County,06,H1,G4020,,,,A,1565489388.00000000000,5172578.00000000000,+36.1733989,-091.4710689,05135,1007.5636,1004.7744,996.6751,1004.7529,1013.0343,960.2875,956.0590,938.5100,956.0509,973.2684,934.7545,928.8281,898.2356,928.9634,959.2294,988.6372,980.3551,933.2014,980.0619,1027.6199,1073.0934,1062.3998,985.6307,1061.3995,1139.1017,1147.5273,1134.5056,1032.3073,1132.6574,1236.0586,993.1285,981.1749,873.2774,979.1466,1087.6011,973.1770,960.9689,856.1344,958.8842,1063.2714,1011.5460,998.8694,885.9140,996.5075,1108.0904,931.1782,929.1460,783.1400,897.9627,1092.2711,842.8114,851.0839,684.0728,803.5760,1030.7338,820.1194,836.7665,633.7190,766.9177,1045.4226,795.5193,821.1253,581.7553,722.6534,1058.7322,767.5045,791.1557,554.7353,692.5444,1035.5706,737.9027,759.4842,525.1822,654.4016,1015.5661,695.9776,718.7457,481.4823,601.7820,994.7579,657.9745,683.5688,435.4395,549.7974,988.9236,11.00000000000,05,135
40,107,01101841,40107,Okfuskee,Okfuskee County,06,H1,G4020,,,,A,1602081668.00000000000,26685088.00000000000,+35.4668040,-096.3277619,40107,704.3556,702.3145,696.6057,702.3036,708.1670,709.6581,706.4372,693.4189,706.4378,719.2237,691.5236,687.0761,664.4318,687.1836,709.5944,725.4542,719.2672,684.6711,719.0594,753.9893,762.8880,755.1792,700.6005,754.4640,809.7448,949.0931,937.8410,853.0510,936.2208,1022.1751,977.1914,964.9426,858.3958,962.8365,1070.0919,890.6819,878.8386,782.2939,876.7936,973.1000,1038.0467,1024.2268,907.5716,1021.6354,1137.0219,974.0846,971.2513,817.9518,938.4640,1142.4286,867.0898,874.6254,702.0701,825.5020,1060.2670,864.8373,881.4054,666.5457,807.4926,1102.3061,861.0240,887.7599,627.9831,780.9308,1145.8237,843.7818,868.8382,608.2346,760.1693,1138.4047,829.3010,852.6475,588.6424,734.3050,1141.2836,802.5341,827.9498,553.7153,692.8658,1146.9999,761.3354,790.2026,502.5091,635.2468,1144.2269,11.00000000000,40,107
40,123,01101849,40123,Pontotoc,Pontotoc County,06,H1,G4020,,10220,,A,1865918266.00000000000,12405563.00000000000,+34.7210711,-096.6927380,40123,2030.0820,2024.4302,2008.0951,2024.3884,2041.1001,2057.3484,2048.3423,2010.7719,2048.3211,2085.1743,2248.3118,2234.2116,2160.6590,2234.5193,2307.2665,2688.2759,2665.5616,2537.3514,2664.7774,2794.1528,2894.9634,2866.2956,2659.1927,2863.6038,3073.1584,2066.8042,2044.1233,1860.4779,2040.9414,2226.4821,1960.6000,1937.5915,1725.0452,1933.7208,2147.1723,2548.5860,2517.5875,2243.9100,2512.3271,2784.5845,2784.8550,2750.5583,2440.1347,2744.1805,3050.7215,2704.7301,2699.1907,2275.3878,2608.7003,3172.7340,2487.2314,2512.1232,2019.6145,2372.0435,3041.8892,2525.0891,2576.8172,1952.0036,2361.8802,3218.8390,2524.1119,2605.8047,1846.6237,2293.4758,3359.3021,2484.7673,2561.7687,1796.6802,2242.6357,3352.6598,2435.4010,2507.0453,1734.0588,2160.3388,3351.8447,2456.2243,2536.9630,1699.9169,2124.2758,3510.6982,2456.3967,2552.2900,1626.2247,2052.9632,3691.9403,11.00000000000,40,123
40,129,01101852,40129,Roger Mills,Roger Mills County,06,H1,G4020,,,,A,2955528117.00000000000,13695217.00000000000,+35.7085544,-099.7415716,40129,215.0314,214.4202,212.6835,214.4163,216.1966,230.2812,229.2425,225.0215,229.2423,233.3871,280.6211,278.8455,269.6621,278.8857,287.9707,343.4022,340.5320,324.1529,340.4296,356.9470,257.5757,255.0961,236.6706,254.8593,273.4772,293.2363,289.9629,263.8770,289.5009,315.8751,282.6360,279.3211,248.6824,278.7636,309.5321,324.4349,320.5481,285.7618,319.8905,354.4809,365.3750,360.8836,320.1634,360.0485,400.2579,323.4283,322.6176,271.8212,311.7619,379.3556,307.8185,310.8026,249.7774,293.4419,376.4469,325.7814,332.3555,251.6686,304.5990,415.2754,318.5309,328.7432,232.8692,289.3042,423.9194,307.6215,317.0614,222.2735,277.5264,415.0608,308.3649,317.3456,219.4036,273.4220,424.3957,305.8597,315.8324,211.5372,264.4222,437.1617,298.5725,310.1595,197.5434,249.4512,448.7474,11.00000000000,40,129
40,075,01101825,40075,Kiowa,Kiowa County,06,H1,G4020,,,,A,2629422850.00000000000,40083702.00000000000,+34.9214893,-098.9816168,40075,466.7477,465.4320,461.6679,465.4231,469.2786,496.3275,494.0865,484.9876,494.0861,503.0209,468.7904,465.8646,450.5311,465.9271,481.0909,522.7856,518.3875,493.4537,518.2337,543.3876,478.6180,473.9459,439.7071,473.5034,508.1231,530.6314,524.6864,477.4705,523.8463,571.5917,532.8861,526.6154,468.8325,525.5595,583.5940,538.0433,531.3760,473.4891,530.2403,587.8588,528.6683,522.0984,463.1147,520.8755,579.1324,548.1767,547.0136,461.0877,528.6641,643.0188,543.9534,549.3123,441.5376,518.6556,665.2424,542.9599,554.0249,419.6302,507.7928,692.1271,539.5653,557.0042,394.7010,490.2332,718.0972,539.1493,555.8503,389.8350,486.6024,727.4655,548.6982,564.8379,390.6818,486.7240,755.1737,549.3722,567.4251,380.2026,475.1198,785.2210,542.6043,563.7775,359.2078,453.4770,815.5284,11.00000000000,40,075
40,143,01101859,40143,Tulsa,Tulsa County,06,H1,G4020,538,46140,,A,1476931275.00000000000,43438532.00000000000,+36.1201205,-095.9417313,40143,38232.3164,38125.5911,37817.8058,38124.8142,38439.7772,40956.0552,40774.9041,40026.0249,40774.6123,41509.4592,43289.1350,43019.5496,41603.7322,43025.2542,44425.3207,51799.5989,51366.6414,48895.9844,51351.2075,53842.7246,54020.9060,53494.5383,49630.0715,53444.6335,57351.7351,54454.7563,53853.3535,49012.6970,53768.7947,58660.7332,52431.2876,51816.5195,46132.9287,51713.1316,57420.7517,56265.7058,55579.4626,49535.7488,55462.9436,61475.7844,61547.6089,60797.1045,53943.3169,60657.6968,67424.3909,61146.7214,61023.2734,51443.6487,58977.9485,71727.4705,63940.6672,64584.2505,51925.8123,60984.0742,78200.1709,65655.6096,67004.1804,50760.8918,61416.4602,83694.4443,65965.0242,68103.4375,48265.4937,59941.9253,87792.1538,67099.9060,69182.2666,48523.5940,60565.0486,90537.1777,68195.2532,70203.8552,48560.7886,60496.1575,93857.3877,68547.1956,70802.7251,47444.6008,59286.2239,97975.1401,68510.8713,71187.4915,45360.4187,57261.3420,102971.3008,11.00000000000,40,143
40,009,01101792,40009,Beckham,Beckham County,06,H1,G4020,,21120,,A,2335665049.00000000000,5527162.00000000000,+35.2739452,-099.6716381,40009,1195.2359,1191.8573,1182.2136,1191.8349,1201.7156,1289.2111,1283.4653,1259.8698,1283.4591,1306.6186,1418.6363,1409.7165,1363.3020,1409.9133,1455.8226,1782.4204,1767.4805,1682.4672,1766.9523,1852.6974,1756.7244,1739.5526,1613.8817,1737.9276,1865.0047,1858.3044,1837.7988,1672.6178,1834.9165,2001.8413,2219.1486,2192.0623,1950.6711,2187.4447,2430.2045,2453.0486,2421.6915,2156.9185,2416.3172,2680.1117,2834.9939,2798.6817,2481.3928,2791.9001,3105.4774,2883.9438,2876.8249,2423.9711,2780.0523,3382.6632,2591.8534,2616.3327,2102.0099,2469.9910,3169.6049,2721.6604,2775.9268,2101.3555,2543.8722,3469.2367,2822.1032,2911.9568,2062.0918,2562.3776,3755.7632,2872.9933,2960.5667,2074.8788,2591.1747,3876.3569,2940.1247,3025.1914,2090.9374,2606.2487,4046.3821,2974.1548,3070.5893,2056.0167,2570.5438,4250.8866,2973.9316,3088.8359,1966.7252,2484.0353,4469.7163,11.00000000000,40,009
40,005,01101790,40005,Atoka,Atoka County,06,H1,G4020,,,,A,2526578130.00000000000,37283206.00000000000,+34.3748131,-096.0347049,40005,766.8649,764.7180,758.5412,764.7027,771.0253,788.4728,784.9649,770.5372,784.9607,799.1209,692.7814,688.3058,665.6164,688.4157,710.8738,762.2625,755.6676,719.3204,755.4557,792.1855,695.2547,688.3064,638.5675,687.6575,738.0082,811.0155,801.6214,729.2881,800.2789,873.5296,769.9406,760.2950,676.3497,758.6367,843.1386,713.9085,704.6913,627.5533,703.1085,779.9851,767.3316,757.2755,671.1890,755.3930,840.5141,687.9722,685.8965,577.5651,662.7220,806.8514,596.4824,601.8614,483.3052,568.1183,729.4032,568.7345,579.8096,438.6483,531.2495,724.9206,543.1655,560.1935,396.4320,492.8429,722.8420,518.8344,534.3982,374.2692,467.6213,700.0096,495.6461,509.7474,352.0713,439.0578,682.1198,465.2816,480.1501,321.2609,401.8668,665.0004,436.6316,453.3119,288.4152,364.4720,656.2304,11.00000000000,40,005
40,001,01101788,40001,Adair,Adair County,06,H1,G4020,,,,A,1485298113.00000000000,9261716.00000000000,+35.8975000,-094.6516708,40001,1308.5668,1304.9168,1294.3838,1304.8901,1315.6680,1304.8486,1299.0435,1275.1672,1299.0366,1322.4703,1179.9226,1172.5074,1133.9038,1172.6706,1210.8536,1256.3706,1245.9343,1186.0069,1245.5555,1305.9669,1157.8649,1146.4536,1063.6219,1145.3790,1229.1715,1293.6489,1279.2363,1164.1710,1277.2037,1393.5313,1156.8557,1143.0758,1017.5033,1140.7458,1266.9196,1091.1285,1077.6495,960.2949,1075.3549,1192.1546,1051.3106,1038.4303,921.3034,1036.0364,1151.6860,966.0495,963.9788,812.5351,931.6365,1133.1842,844.1422,852.3950,685.0955,804.8038,1032.3560,818.9624,835.5592,632.7780,765.8020,1043.9446,798.5506,824.2357,583.9405,725.3838,1062.7647,755.3554,778.6283,545.9475,681.5769,1019.1778,731.7016,753.1099,520.7831,648.9127,1007.0322,691.8113,714.4630,478.6353,598.2045,988.8043,650.8494,676.1933,430.7719,543.8766,978.2163,11.00000000000,40,001
40,103,01101839,40103,Noble,Noble County,06,H1,G4020,,,,A,1895599459.00000000000,27560913.00000000000,+36.3849010,-097.2363345,40103,755.0665,752.9394,746.8509,752.9250,759.1610,687.6525,684.6017,672.0232,684.5974,696.9415,664.2042,660.0616,638.3369,660.1499,681.6337,762.0423,755.6554,719.3095,755.4296,792.0883,676.2707,669.6189,621.2399,668.9918,717.9272,740.6972,732.5177,666.6753,731.3677,797.9074,774.0268,764.8171,680.8072,763.2604,847.6692,778.3708,768.7198,684.9715,767.0756,850.4370,857.3108,846.6207,750.9370,844.6300,939.1412,679.2863,677.7544,571.2049,654.9948,796.7902,666.9102,673.3384,541.0953,635.7160,815.5925,670.1839,683.6664,517.6495,626.5562,854.2822,645.7855,666.4495,472.0469,586.4810,859.4451,622.9939,642.0744,450.0834,561.9983,840.5763,613.1008,630.9204,436.1621,543.5804,843.7938,585.3252,604.3712,404.7512,505.9774,836.5957,550.5954,571.9222,364.2157,459.9611,827.5292,11.00000000000,40,103
40,057,01101816,40057,Harmon,Harmon County,06,H1,G4020,,,,A,1391326707.00000000000,3800417.00000000000,+34.7459710,-099.8441936,40057,160.6806,160.2323,158.9389,160.2290,161.5526,180.3578,179.5474,176.2431,179.5470,182.7912,143.1425,142.2044,137.5137,142.2287,146.8733,166.7019,165.3053,157.3544,165.2559,173.2750,159.5245,157.9291,146.5166,157.7802,169.3334,169.4241,167.5142,152.4323,167.2438,182.4988,119.9989,118.4949,105.4110,118.2363,131.4071,135.7201,134.0761,119.5080,133.7973,148.2881,141.7601,140.0585,124.2971,139.7430,155.2992,115.1300,114.8442,96.7646,110.9806,135.0390,138.4202,139.7409,112.2830,131.9287,169.2777,138.6362,141.4104,107.0565,129.5925,176.7175,137.0740,141.4466,100.1732,124.4691,182.4240,138.4558,142.6888,100.0148,124.8904,186.8112,140.6595,144.7417,100.0552,124.7023,193.5853,137.7977,142.2769,95.2786,119.1118,196.9517,143.4712,149.0289,94.9061,119.8547,215.6332,11.00000000000,40,057
40,093,01101831,40093,Major,Major County,06,H1,G4020,,,,A,2473407969.00000000000,7651296.00000000000,+36.3131189,-098.5420147,40093,375.3274,374.2734,371.2486,374.2661,377.3632,386.0061,384.2699,377.1970,384.2691,391.2136,463.9684,460.9920,445.8006,461.0632,476.0971,584.4809,579.4274,551.5573,579.2648,607.4271,558.1508,552.5078,512.5764,551.9844,592.4306,583.0753,576.4764,524.5577,575.5407,628.0645,574.2226,567.2254,504.7725,566.0332,628.8364,614.2067,606.7224,540.7543,605.4519,671.0812,761.1031,751.6615,666.7602,749.9044,833.7563,779.7048,777.8976,655.5578,751.7619,914.5674,691.9022,698.6234,561.4637,659.6044,846.1648,730.0142,744.7590,563.9650,682.5654,930.5549,750.3623,774.4373,548.5998,681.5353,998.6271,762.4522,785.8714,550.9519,687.8884,1028.7468,781.5265,804.3106,556.1019,692.9960,1075.5991,788.3571,814.0786,545.2695,681.5724,1126.7908,792.4894,823.2532,524.3477,662.1196,1191.0930,11.00000000000,40,093
40,003,01101789,40003,Alfalfa,Alfalfa County,06,H1,G4020,,,,A,2244106958.00000000000,38546713.00000000000,+36.7297032,-098.3234449,40003,405.1086,403.8916,400.5861,403.8873,407.2946,405.1540,403.2197,395.7384,403.2267,410.5879,456.2656,453.1822,438.2128,453.2703,468.1050,708.7261,702.0146,668.2464,701.8572,736.1771,777.8736,769.3085,713.6465,768.5525,825.1862,895.9711,884.7605,804.3940,883.1192,964.7914,907.9270,895.8496,796.3101,893.7349,994.1624,912.9366,900.1501,800.6163,897.9215,997.3763,1022.3542,1008.1135,892.6469,1005.4311,1119.7567,1033.2137,1029.1546,865.7063,994.1281,1211.5210,982.3956,990.2427,794.2218,934.4119,1201.1493,1000.9406,1019.4432,770.2650,933.7244,1275.6996,999.9986,1030.3921,728.2173,906.1529,1330.7087,1006.7497,1036.0285,724.6435,906.2034,1358.2208,1006.4264,1034.1825,713.3571,890.4089,1384.9972,990.6068,1021.4491,682.5404,854.5740,1415.7606,963.9746,1000.0669,635.4413,803.7635,1448.7492,11.00000000000,40,003
40,035,01101805,40035,Craig,Craig County,06,H1,G4020,,,,A,1971897258.00000000000,3697821.00000000000,+36.7638896,-095.2015531,40035,894.8972,892.3572,885.1314,892.3409,899.7472,817.5362,813.8499,798.8651,813.8489,828.5628,798.5017,793.4489,767.3176,793.5634,819.4145,826.9289,819.9418,780.5036,819.7006,859.4972,900.3192,891.3675,826.9590,890.5290,955.7131,1009.2053,997.4826,907.4550,995.8059,1086.9864,989.2033,976.7505,868.8521,974.6063,1083.2396,927.2311,915.1442,814.8537,913.0649,1013.0454,982.6873,969.8905,859.7178,967.4964,1076.4188,997.5409,994.8119,837.9589,961.2758,1169.9806,870.3019,878.2011,705.2590,828.9807,1064.2493,860.5988,877.4225,663.8687,803.9592,1096.9445,851.4223,878.1882,621.5418,772.6338,1133.0752,825.9322,850.7735,595.9116,744.4891,1114.3508,799.3278,822.1332,567.8974,708.1494,1100.0588,772.7045,797.4561,533.6306,667.4642,1104.3864,747.9682,776.5919,494.1561,624.4169,1124.1532,11.00000000000,40,035
40,085,01101830,40085,Love,Love County,06,H1,G4020,,11620,,A,1331241072.00000000000,47652093.00000000000,+33.9577749,-097.2451238,40085,568.5379,566.9455,562.3657,566.9342,571.6222,578.4908,575.8936,565.2962,575.8922,586.2965,538.8504,535.4822,517.8561,535.5546,552.9863,726.4197,720.2725,685.6282,720.0612,755.0235,733.7219,726.4658,673.9762,725.7839,778.8914,830.5108,821.3076,747.4638,820.0120,894.6488,843.2818,833.2777,741.7742,831.5884,923.5168,845.7729,835.4319,744.5614,833.6752,924.0881,951.8639,940.1120,833.9824,937.9260,1042.7336,941.7175,939.5381,791.7804,907.9725,1104.6035,983.1917,992.6517,797.6798,937.1827,1202.3838,1022.5311,1043.0911,789.7830,955.9524,1303.4173,1044.9834,1078.4189,763.8432,949.0166,1390.7185,1068.4947,1101.2250,771.9459,963.8883,1441.6699,1100.7951,1132.8016,783.1310,975.9900,1514.9952,1104.4416,1140.3959,763.7488,954.7423,1578.5614,1100.6832,1143.3386,728.1340,919.5247,1654.2968,11.00000000000,40,085
40,007,01101791,40007,Beaver,Beaver County,06,H1,G4020,,,,A,4699978363.00000000000,7347183.00000000000,+36.7483343,-100.4830555,40007,288.2970,287.4894,285.1671,287.4837,289.8610,288.4161,287.1555,281.8896,287.1524,292.3175,274.2672,272.5497,263.5776,272.5869,281.4604,269.6153,267.4709,254.6063,267.3831,280.3194,246.8157,244.4141,226.7578,244.1862,262.0361,304.0449,300.7401,273.7416,300.2780,327.5442,289.7779,286.4381,255.0713,285.8799,317.3604,315.1090,311.4116,277.6945,310.7889,344.2959,312.0709,308.4644,273.8945,307.7986,341.8927,260.6093,260.3774,219.7842,251.7297,305.7762,317.6224,321.1006,258.4317,303.2881,388.5015,327.2251,334.2266,253.4809,306.4501,417.1639,335.8874,347.0473,246.2276,305.5587,447.0530,354.5839,365.8453,256.8632,320.3783,478.4592,381.7098,393.1946,272.2334,338.9227,525.3681,397.9732,411.2882,275.8441,344.4811,568.8422,412.6468,428.9607,273.5528,345.1262,620.2168,11.00000000000,40,007
40,127,01101851,40127,Pushmataha,Pushmataha County,06,H1,G4020,,,,A,3615199153.00000000000,69987835.00000000000,+34.3778956,-095.4080850,40127,668.0199,666.1869,660.8255,666.1720,671.6493,555.4574,553.0166,542.8685,553.0116,562.9674,571.3803,567.7522,549.0511,567.8356,586.3378,635.5341,630.2206,599.9079,630.0313,660.6004,706.2380,699.4503,648.9299,698.8014,749.8451,669.5064,662.2012,602.7353,661.1785,721.2435,564.3527,557.7182,496.5284,556.6015,618.0556,524.1208,517.7427,461.4577,516.6603,572.6541,555.1607,548.3149,486.4241,547.0417,608.1601,519.5749,518.5714,437.2079,501.2026,609.4925,471.4615,476.2065,382.8702,449.6608,576.6028,461.8460,471.3346,357.0750,432.0292,588.7382,448.2383,462.7784,327.9845,407.3226,596.5565,433.6310,447.0933,313.5911,391.4062,585.0940,409.5950,421.6549,291.6590,363.3473,563.7268,382.8222,395.4102,264.9533,331.0907,547.1706,363.0161,377.1919,240.3376,303.4003,545.6100,11.00000000000,40,127
40,137,01101856,40137,Stephens,Stephens County,06,H1,G4020,,20340,,A,2253922744.00000000000,54698972.00000000000,+34.4813609,-097.8556068,40137,2422.6539,2415.9317,2396.4493,2415.8807,2435.8058,2493.9267,2482.9028,2437.3052,2482.8846,2527.6268,2558.5910,2542.6427,2458.9583,2542.9815,2625.7367,2818.3864,2794.9506,2660.5181,2794.1025,2929.6291,2780.0564,2752.8920,2554.0152,2750.3208,2951.4192,2997.6510,2964.4276,2697.8926,2959.7504,3229.1496,2905.9691,2871.7399,2556.6085,2865.9742,3182.4888,2890.4828,2855.3466,2544.9737,2849.3849,3158.1419,2900.1094,2865.2981,2542.8534,2858.8433,3177.0892,2540.4764,2535.7023,2137.9794,2450.8086,2980.1632,2612.1835,2638.8694,2122.0271,2491.8903,3194.7944,2641.4177,2696.0796,2042.8948,2471.3831,3367.1946,2565.0288,2648.5964,1877.5006,2331.3445,3413.8065,2542.6873,2622.0069,1839.4645,2295.5774,3430.8573,2540.9809,2616.2199,1810.0897,2254.6144,3497.1937,2475.0106,2556.8285,1713.7358,2141.1021,3537.5820,2393.9534,2487.8291,1585.6344,2001.2914,3598.1145,11.00000000000,40,137
40,097,01101833,40097,Mayes,Mayes County,06,H1,G4020,,,,A,1697440860.00000000000,72846625.00000000000,+36.3038040,-095.2356382,40097,2391.0434,2384.3488,2365.0897,2384.3012,2404.0151,2355.4704,2345.0647,2302.0016,2345.0470,2387.3014,2250.0809,2235.8649,2162.2341,2236.1848,2309.0231,2464.0783,2443.3137,2325.7935,2442.5911,2561.1607,2466.8684,2442.6522,2266.1781,2440.3664,2618.8525,2742.2683,2711.7559,2467.8627,2707.4545,2954.0097,2410.4062,2381.9536,2120.5151,2377.1574,2639.7634,2267.8299,2239.8406,1995.9504,2235.0766,2477.8067,2405.3648,2375.9733,2108.0625,2370.5125,2635.0301,2029.6566,2025.4716,1707.4231,1957.5601,2380.8445,1908.4825,1927.8104,1550.0741,1820.3834,2334.1153,1885.9896,1924.8552,1458.3542,1764.3781,2404.1793,1824.2886,1883.5568,1335.0229,1657.8799,2427.9378,1769.4373,1824.4824,1279.8058,1597.2809,2387.4945,1711.3280,1761.8660,1218.8432,1518.2916,2355.3180,1604.0457,1656.9589,1110.4667,1387.4994,2292.6865,1509.7337,1568.8432,999.8063,1261.9897,2269.1257,11.00000000000,40,097
40,013,01101794,40013,Bryan,Bryan County,06,H1,G4020,,20460,,A,2342567959.00000000000,102228720.00000000000,+33.9640035,-096.2641365,40013,2647.1955,2639.7951,2618.4787,2639.7419,2661.5586,2792.6349,2780.2758,2729.2090,2780.2564,2830.3673,2989.6181,2970.8490,2873.0409,2971.2603,3067.9999,3570.6119,3540.5677,3370.2711,3539.5173,3711.3193,4201.9138,4160.3281,3859.7276,4156.4220,4460.5720,3582.1183,3542.3855,3223.8655,3536.7905,3858.7441,3323.4853,3284.2098,2923.7017,3277.5868,3639.7194,3762.2762,3716.3128,3312.1240,3708.5059,4110.6501,4164.7718,4113.5082,3649.2924,4103.9758,4562.3806,4184.8491,4175.6801,3519.4792,4035.5290,4908.8153,4180.0022,4221.3572,3393.2955,3985.8204,5112.0738,4262.8262,4349.6677,3294.5000,3986.6879,5433.9482,4271.5855,4409.3555,3124.2424,3880.6753,5684.9459,4289.1150,4421.5509,3100.5332,3870.5442,5787.1965,4252.8183,4377.4557,3027.2742,3771.8928,5853.1203,4236.9043,4375.7449,2931.5368,3663.7640,6055.8061,4204.3056,4368.0521,2782.7235,3513.3304,6319.0067,11.00000000000,40,013
40,071,01101823,40071,Kay,Kay County,06,H1,G4020,,38620,,A,2382087117.00000000000,65364078.00000000000,+36.8148423,-097.1437553,40071,2306.2384,2299.7369,2281.1381,2299.6930,2318.7437,2198.7328,2188.9016,2148.6434,2188.8933,2228.4120,2512.0638,2496.0917,2413.8685,2496.4607,2577.8122,2626.5881,2604.2565,2478.9945,2603.4997,2729.9469,2501.8024,2477.1316,2298.1567,2474.8093,2655.8652,2717.4571,2687.1160,2445.3719,2682.8335,2927.2522,2396.2068,2367.5320,2107.3288,2362.6757,2624.1680,2425.0424,2395.1206,2134.3305,2390.0282,2649.5758,2673.8063,2640.7343,2342.5587,2634.5813,2929.0538,2393.9845,2388.6476,2013.1882,2308.4512,2808.1142,1983.7816,2003.2406,1610.1260,1891.4151,2426.1050,2016.5911,2057.4993,1558.2069,1885.7416,2570.5861,1959.9123,2022.9437,1433.1722,1780.3258,2608.3821,1879.2029,1937.0423,1358.1262,1695.5776,2535.5453,1801.6103,1854.2253,1282.1127,1597.6426,2479.5271,1686.2820,1741.3611,1166.4304,1457.9482,2410.1898,1589.5440,1651.2888,1051.7869,1328.1023,2389.0501,11.00000000000,40,071
40,101,01101838,40101,Muskogee,Muskogee County,06,H1,G4020,,34780,,A,2099056912.00000000000,75962995.00000000000,+35.6175506,-095.3839106,40101,3666.5718,3656.3429,3626.8289,3656.2681,3686.4687,3770.0934,3753.4021,3684.4581,3753.3763,3821.0309,3779.0313,3755.4042,3631.7889,3755.9129,3878.1652,4005.9492,3972.4548,3781.3858,3971.2621,4163.9481,3702.8832,3666.7541,3401.8618,3663.3314,3931.1638,3522.9584,3484.1482,3171.0346,3478.6961,3795.0930,3438.2050,3398.0081,3025.3952,3391.2547,3765.4048,3546.3099,3502.5705,3121.2142,3495.1270,3874.6619,3592.8577,3548.5071,3147.9227,3540.2576,3935.8508,3279.1317,3271.8044,2757.5095,3161.9521,3846.3767,2837.4012,2865.3492,2303.1646,2705.4345,3470.0749,2749.3360,2805.2214,2124.5918,2571.0832,3504.6433,2581.0389,2664.1706,1887.5802,2344.6950,3435.0298,2394.8194,2468.6625,1731.0007,2160.9813,3231.2612,2256.1171,2322.1419,1605.8001,2000.8657,3105.0685,2100.2743,2169.0181,1453.0479,1816.0618,3001.9159,1904.9196,1979.0480,1260.7055,1591.7697,2863.0610,11.00000000000,40,101
40,065,01101820,40065,Jackson,Jackson County,06,H1,G4020,,11060,,A,2078856062.00000000000,4114418.00000000000,+34.5939486,-099.4122097,40065,1218.2836,1214.9032,1205.1060,1214.8776,1224.8974,1182.2284,1177.0561,1155.4683,1177.0437,1198.2190,1127.6515,1120.6099,1083.7252,1120.7607,1157.2376,1237.7331,1227.3253,1168.2926,1226.9608,1286.5130,1314.6079,1301.5335,1207.4869,1300.3090,1395.4895,1329.1103,1314.2347,1195.9780,1312.1335,1431.7109,1136.0532,1122.3504,998.9023,1120.0235,1244.1183,1135.9641,1121.8928,999.6818,1119.4961,1241.1393,1159.9285,1145.9552,1016.9442,1143.3632,1270.7033,1151.5125,1149.1873,968.7839,1110.6697,1350.7686,1184.3917,1196.3207,961.8506,1129.6355,1448.5259,1209.5986,1234.4669,935.2279,1131.5282,1541.9377,1214.7908,1254.2015,888.8939,1103.9094,1616.7549,1258.5708,1297.6622,910.1986,1136.0410,1698.1789,1303.2297,1341.6499,928.0716,1156.1427,1793.6430,1325.2776,1368.9223,917.3494,1146.2739,1894.2340,1363.4644,1416.7634,902.7915,1139.6200,2049.2781,11.00000000000,40,065
40,025,01101800,40025,Cimarron,Cimarron County,06,H1,G4020,,,,A,4751948736.00000000000,15923999.00000000000,+36.7552758,-102.5087345,40025,104.8910,104.6014,103.7587,104.5992,105.4606,120.8027,120.2680,118.0590,120.2672,122.4349,65.4808,65.0622,62.9185,65.0721,67.1933,86.6692,85.9247,81.7918,85.9003,90.0749,79.3607,78.5868,72.9096,78.5134,84.2535,79.4852,78.5966,71.5249,78.4711,85.6214,73.1403,72.3163,64.4141,72.1797,80.1043,64.2762,63.5451,56.6881,63.4228,70.2311,64.0203,63.2771,56.1822,63.1399,70.1377,48.2085,48.0984,40.5355,46.4829,56.5474,43.7905,44.2547,35.6030,41.7950,53.5601,41.2980,42.1676,31.9665,38.6584,52.6471,39.4870,40.7872,28.9264,35.9067,52.5546,37.7158,38.9040,27.3050,34.0653,50.8911,35.4742,36.5338,25.2864,31.4879,48.8244,32.9380,34.0342,22.8198,28.5035,47.0794,30.2439,31.4345,20.0403,25.2889,45.4569,11.00000000000,40,025
40,045,01101810,40045,Ellis,Ellis County,06,H1,G4020,,,,A,3189609693.00000000000,952238.00000000000,+36.2242576,-099.7501388,40045,218.0750,217.4629,215.7057,217.4587,219.2579,274.1917,273.0006,267.9982,272.9972,277.9028,303.6215,301.7174,291.7846,301.7589,311.5830,311.8760,309.2831,294.4071,309.1892,324.1861,289.2140,286.2871,265.5960,286.0158,306.9747,374.0350,369.8389,336.5539,369.2457,402.9057,372.5681,368.1195,327.6700,367.3666,408.0132,414.7686,409.6122,364.9733,408.7333,453.1695,372.5678,367.9147,326.3259,367.0480,408.1285,359.7376,358.8946,302.4425,346.8340,421.9578,356.0520,359.4993,288.9086,339.4173,435.4335,353.6401,360.7691,273.1769,330.6372,450.7861,347.1941,358.3185,253.8122,315.3287,462.0654,344.9511,355.5309,249.2366,311.1969,465.4276,349.8596,360.0439,248.9189,310.2085,481.5035,338.6157,349.6482,234.1772,292.7301,483.9789,323.9433,336.5035,214.3090,270.6340,486.8784,11.00000000000,40,045
40,115,01101845,40115,Ottawa,Ottawa County,06,H1,G4020,,33060,,A,1219421293.00000000000,35709014.00000000000,+36.8357635,-094.8026814,40115,1723.8363,1719.0240,1705.1464,1718.9891,1733.1903,1752.3700,1744.5300,1712.4422,1744.5237,1776.0228,1711.9009,1701.2170,1645.2230,1701.4452,1756.8193,1821.5178,1806.3845,1719.5003,1805.8355,1893.4221,1857.5389,1839.5397,1706.6595,1837.8275,1972.1374,1917.7071,1896.6565,1726.2559,1893.7031,2065.8644,1715.0045,1694.5257,1508.3285,1691.0600,1878.1652,1845.4022,1822.5850,1624.0874,1818.7002,2016.2643,2161.2133,2134.1893,1892.9099,2129.1555,2367.4921,2060.8096,2055.9208,1732.4789,1986.8159,2417.2328,1745.3104,1762.2872,1416.3215,1663.8681,2134.4387,1759.8745,1795.4348,1359.5981,1645.5059,2243.3277,1729.4023,1784.8954,1264.3992,1570.7804,2301.5930,1678.7512,1730.3133,1213.0711,1514.5760,2265.0729,1630.9397,1678.4770,1160.4918,1446.1759,2244.6285,1559.2831,1610.1409,1078.4536,1348.0541,2228.6661,1514.1301,1572.8888,1001.7852,1265.0226,2275.7010,11.00000000000,40,115
40,087,01101834,40087,McClain,McClain County,06,H1,G4020,416,36420,,A,1478109734.00000000000,24739280.00000000000,+35.0164135,-097.4498113,40087,2475.9258,2469.0144,2449.0824,2468.9642,2489.3610,2752.7598,2740.5104,2690.1384,2740.4959,2789.9343,2877.3674,2859.2001,2765.0446,2859.6080,2952.7485,3422.5705,3393.6216,3230.3924,3392.6252,3557.3479,3522.2594,3487.3950,3235.4164,3484.1206,3739.0768,4063.8695,4018.2730,3656.6309,4011.8266,4377.5468,4084.0896,4035.5416,3592.3060,4027.3383,4472.6635,4371.8244,4318.1236,3848.1907,4308.9924,4776.6237,4811.9519,4752.9022,4216.7142,4741.9257,5271.3685,4449.3119,4439.7480,3742.2262,4290.7836,5219.0738,4840.7965,4888.9672,3930.2109,4616.2661,5920.2597,5005.2987,5107.5416,3868.7986,4681.4115,6380.4326,5029.0649,5191.5365,3678.7273,4569.1745,6693.0802,5146.1875,5305.3442,3720.5410,4644.3025,6943.6461,5267.0186,5421.6160,3749.6248,4671.7039,7248.9751,5262.5037,5435.1722,3641.5436,4550.9026,7521.7103,5209.1640,5412.2450,3448.1668,4353.2838,7829.3057,11.00000000000,40,087
54,093,01689423,54093,Tucker,Tucker County,06,H1,G4020,,,,A,1085004058.00000000000,5528958.00000000000,+39.1111751,-079.5599678,54093,473.2767,471.9671,468.1630,471.9570,475.8465,427.3080,425.3843,417.5537,425.3836,433.0722,387.5752,385.1728,372.4989,385.2226,397.7539,425.3064,421.7648,401.4785,421.6371,442.0902,430.9583,426.6592,395.8284,426.2573,457.4645,548.3937,542.1966,493.3710,541.3183,590.7096,398.5418,393.9883,350.8796,393.2296,436.4816,374.2387,369.5993,329.3340,368.8089,408.8880,328.4776,324.3875,287.7317,323.6260,359.8315,290.2442,289.5861,244.0569,279.8605,340.4502,307.4394,310.4631,249.5456,293.1348,375.9904,291.8496,297.7785,225.5251,272.9232,372.0271,268.7521,277.4024,196.5353,244.1353,357.6739,252.8189,260.6091,182.7309,228.1260,341.1209,238.7782,245.7615,169.9433,211.7577,328.6274,211.0622,217.9663,146.0134,182.4958,301.6703,186.7701,194.0334,123.5990,156.0612,280.7120,11.00000000000,54,093
54,011,01550012,54011,Cabell,Cabell County,06,H1,G4020,,26580,,A,727832268.00000000000,18127980.00000000000,+38.4195800,-082.2433916,54011,5319.8429,5304.9515,5262.1038,5304.8455,5348.7043,5335.1768,5311.5683,5214.0096,5311.5310,5407.2631,5310.2305,5276.9326,5103.2118,5277.6589,5449.4769,5784.8997,5736.1591,5460.2574,5734.4621,6012.8244,4438.1904,4394.3089,4076.8061,4390.1847,4711.4213,5186.4878,5128.3516,4666.8384,5120.1346,5586.8325,4733.7038,4677.2067,4163.2929,4667.6474,5184.0580,5995.7806,5921.5710,5276.5770,5908.9332,6550.9138,6522.4034,6441.1864,5713.3308,6426.0649,7144.9807,6284.4595,6270.6392,5285.1704,6060.1598,7371.6394,6370.3150,6433.1687,5171.0756,6074.1679,7790.7625,6294.0372,6422.0989,4864.0312,5886.1204,8023.1723,6152.6763,6350.9706,4499.8242,5589.4368,8188.4295,6113.3521,6301.9775,4419.0071,5516.5803,8248.5820,6217.3402,6399.4091,4425.4259,5514.0779,8556.8643,6160.6030,6362.3515,4262.3233,5327.0738,8805.3391,6082.3040,6319.0778,4025.5170,5082.5389,9141.6021,11.00000000000,54,011
54,057,01717890,54057,Mineral,Mineral County,06,H1,G4020,,19060,,A,849075073.00000000000,3595249.00000000000,+39.4056259,-078.9565812,54057,1836.3167,1831.1477,1816.3426,1831.1124,1846.2750,1666.3100,1658.8115,1628.2774,1658.8086,1688.7888,1384.5805,1375.8519,1330.5472,1376.0466,1420.8612,1491.9106,1479.1986,1408.0507,1478.7707,1550.6012,1530.6570,1515.2472,1405.7415,1513.8144,1624.7080,1388.8963,1373.2637,1249.6394,1371.0511,1496.0865,1003.8120,991.6648,882.5557,989.5998,1099.2933,1203.1979,1187.9326,1058.1665,1185.3202,1314.5769,1147.9602,1133.2632,1004.7910,1130.5185,1257.4865,1062.0534,1059.5445,892.8648,1023.9332,1245.7412,930.9835,939.9775,755.3861,887.4631,1138.5423,851.6577,868.8202,657.8707,796.2530,1085.6101,792.8634,818.2704,579.6188,720.0984,1055.1873,730.1313,752.5377,527.5620,658.7029,985.1358,669.1765,688.6775,476.1448,593.3630,920.9734,607.0504,626.8592,419.8730,524.8275,867.6511,575.5290,597.8780,380.8098,480.8597,865.0071,11.00000000000,54,057
54,027,01718644,54027,Hampshire,Hampshire County,06,H1,G4020,548,49020,,A,1658236572.00000000000,11343541.00000000000,+39.3121395,-078.6119886,54027,1649.9231,1645.2147,1631.8794,1645.1858,1658.8615,1483.3511,1476.7107,1449.5469,1476.7057,1503.3716,1283.7162,1275.6540,1233.6555,1275.8310,1317.3711,1194.6677,1184.5772,1127.6005,1184.2284,1241.7217,1151.1880,1139.8855,1057.5322,1138.8188,1222.1118,1219.5300,1205.8949,1097.3956,1203.9695,1313.6756,1046.0304,1033.6284,920.1307,1031.5347,1145.5569,943.9962,932.2733,830.6884,930.2756,1031.3960,862.1761,851.2819,754.9242,849.2503,944.4535,752.7160,750.7000,632.3777,725.4048,882.8446,724.2977,731.1784,587.4799,690.2930,885.7578,654.5362,667.5925,505.3680,611.7867,834.3227,581.8314,600.3322,425.0989,528.2536,774.3214,536.4977,552.8117,387.3912,483.8213,723.8606,485.9769,499.9829,345.5177,430.7206,668.8272,428.4273,442.2525,296.0523,370.2041,612.3360,378.4481,393.0003,250.1511,316.0204,568.7901,11.00000000000,54,027
54,039,01550026,54039,Kanawha,Kanawha County,06,H1,G4020,,16620,,A,2335100448.00000000000,24173038.00000000000,+38.3280607,-081.5235223,54039,11102.4242,11071.4525,10982.0847,11071.2266,11162.6725,11247.0274,11197.1268,10991.3965,11197.0575,11398.9547,11062.1266,10992.8884,10631.0216,10994.3858,11352.2720,10897.2771,10805.4258,10285.6992,10802.2315,11326.6064,10752.3509,10646.1335,9876.9253,10636.1454,11414.3661,10276.6138,10160.8226,9246.0427,10144.4277,11069.6909,9353.3059,9242.1964,8227.1646,9223.4264,10243.2197,9602.8879,9484.3419,8451.5899,9464.1640,10492.0111,9568.8551,9450.1902,8382.8154,9428.1062,10482.2819,8886.1804,8867.0202,7473.8802,8569.4940,10423.5376,8513.9503,8597.4830,6910.3364,8117.5577,10412.3078,8051.7704,8215.0992,6221.5374,7529.3093,10263.7401,7478.4105,7718.9270,5468.5497,6793.1750,9952.7686,7110.0902,7328.9634,5138.6204,6415.3751,9593.4087,6729.1937,6925.7565,4788.8891,5967.4054,9261.2842,6312.3305,6518.5765,4366.4647,5457.6818,9022.1697,5876.5673,6104.9019,3888.5844,4910.0914,8832.3570,11.00000000000,54,039
54,041,01550027,54041,Lewis,Lewis County,06,H1,G4020,,,,A,996874721.00000000000,12305530.00000000000,+38.9888444,-080.4955177,54041,1088.7691,1085.7313,1076.9670,1085.7091,1094.6772,1072.5000,1067.6833,1048.0352,1067.6807,1086.9709,1065.0601,1058.2464,1023.3775,1058.4077,1092.9124,1120.0869,1110.7539,1057.3284,1110.4182,1164.2848,1163.6730,1152.0790,1068.8298,1150.9943,1235.2545,1303.1136,1288.3538,1172.3141,1286.2603,1403.6564,1090.3871,1077.2236,958.7288,1074.9877,1194.1069,1083.4214,1069.9016,953.2547,1067.5954,1183.7260,1184.5007,1169.6427,1037.3615,1166.8741,1297.5506,1184.4451,1181.9881,996.3730,1142.3536,1389.3840,1019.7296,1029.6657,827.5418,972.1669,1247.0877,999.9538,1020.1735,772.5437,934.9883,1274.6517,990.3422,1022.1353,724.0839,899.5263,1318.0084,953.4423,982.7407,688.9845,860.2171,1286.4435,921.0946,947.9548,655.4255,816.7631,1267.6845,867.7056,896.0175,600.1539,750.1749,1240.2028,826.2011,858.2716,546.6493,690.2830,1241.7608,11.00000000000,54,041
54,013,01696945,54013,Calhoun,Calhoun County,06,H1,G4020,,,,A,723252287.00000000000,3704590.00000000000,+38.8441591,-081.1154775,54013,499.8780,498.4812,494.4562,498.4711,502.5903,427.2953,425.4016,417.5866,425.3988,433.0679,442.7313,439.9976,425.5221,440.0533,454.3646,433.0328,429.4259,408.7712,429.2960,450.1208,396.5672,392.7725,364.4045,392.4087,421.0645,376.6439,372.5261,339.0679,371.9491,405.7473,312.3976,308.7964,274.9805,308.1944,342.1331,305.4141,301.7720,269.0401,301.1564,333.6996,322.8924,319.0974,283.2708,318.3954,353.7405,285.6718,285.2304,240.5835,275.7068,335.1369,252.3038,254.9267,205.0404,240.7419,308.5840,240.6933,245.7204,186.2350,225.2574,306.8337,218.8630,226.0355,160.2710,198.9764,291.2894,201.1402,207.4534,145.5782,181.6416,271.4026,185.5639,191.0934,132.2493,164.6953,255.3974,168.9454,174.5605,117.0339,146.1905,241.4791,154.6647,160.7552,102.4876,129.3276,232.4628,11.00000000000,54,013
54,107,01560558,54107,Wood,Wood County,06,H1,G4020,,37620,,A,948607826.00000000000,27212735.00000000000,+39.2116786,-081.5159276,54107,5579.9426,5564.3849,5519.4740,5564.2709,5610.2240,5493.2205,5468.9610,5368.5372,5468.9193,5567.4561,5147.3075,5115.0780,4946.6962,5115.7767,5282.3082,5489.9960,5444.0013,5182.1527,5442.3729,5706.4684,5477.1621,5423.4467,5031.6239,5418.3735,5814.6450,5648.1122,5585.1628,5082.7710,5576.2836,6084.1949,5020.7339,4961.3572,4416.7091,4951.3419,5498.4587,4840.0572,4780.5524,4260.2419,4770.4324,5288.2083,5048.9316,4987.0661,4424.5561,4975.5680,5530.9849,4712.6477,4702.5506,3963.7717,4544.7774,5527.9769,4379.4849,4423.0404,3555.6318,4176.3207,5356.0749,4202.7160,4288.5693,3248.4580,3930.7690,5357.3526,3986.7019,4115.5228,2916.2875,3622.1626,5305.8228,3807.8857,3925.6956,2753.0628,3436.5742,5137.9065,3617.1510,3723.3819,2575.1790,3208.3923,4978.2741,3371.1720,3481.8529,2332.9033,2915.4052,4818.4298,3144.0535,3266.6967,2081.3097,2627.5643,4725.4758,11.00000000000,54,107
54,073,01678557,54073,Pleasants,Pleasants County,06,H1,G4020,,37620,,A,336966345.00000000000,11509296.00000000000,+39.3681331,-081.1611724,54073,535.5759,534.0341,529.6986,534.0254,538.4755,542.9639,540.4832,530.5145,540.4848,550.2779,472.3908,469.3078,453.8305,469.3864,484.7101,487.6323,483.3703,460.1203,483.2377,506.7469,503.7307,498.4053,462.3636,497.9242,534.5148,620.0249,612.6831,557.2963,611.6264,667.7706,608.9549,600.9939,534.3408,599.6070,666.8098,533.4500,526.2251,468.2848,524.9733,582.8045,573.2924,565.4813,500.8919,564.0133,627.9327,507.4738,505.8141,425.8020,488.6894,595.1323,532.8994,537.5903,431.5854,507.4150,651.6327,503.9973,513.6810,388.4894,470.6145,642.3894,480.8401,495.7754,350.7058,436.1176,639.8874,469.7355,483.6836,338.6041,423.1870,633.7528,461.7781,474.7765,327.7700,408.8797,635.4987,434.9418,448.6978,300.0594,375.4830,621.6273,413.8535,429.5272,273.1260,345.2909,621.9880,11.00000000000,54,073
54,017,01689476,54017,Doddridge,Doddridge County,06,H1,G4020,242,17220,,A,828070906.00000000000,1958441.00000000000,+39.2634818,-080.7011470,54017,589.5608,587.8637,583.0911,587.8540,592.7526,595.0569,592.3154,581.3786,592.3188,603.0661,650.7131,646.4791,625.1617,646.5859,667.6900,642.8793,637.2175,606.5675,637.0457,668.0521,645.9301,639.1693,592.9543,638.5549,685.4492,806.6450,797.0377,724.9496,795.6522,868.7453,741.7722,732.2753,651.2415,730.6314,812.2687,819.1379,807.8570,718.7208,805.8967,894.9131,831.3397,819.6205,725.6003,817.4105,910.5268,724.9085,721.8454,606.9970,697.2197,849.9576,768.8948,774.8555,621.2991,731.1124,940.0781,740.4081,753.8340,569.3180,690.3592,943.6191,687.5733,708.1209,500.1040,622.6082,914.9301,659.2041,677.9779,473.7991,592.8623,889.3064,632.8200,649.8463,447.7982,559.3300,870.8232,583.4720,601.1794,401.2074,502.7728,833.8574,536.6772,556.3140,352.9567,446.9213,806.5394,11.00000000000,54,017
54,081,01550047,54081,Raleigh,Raleigh County,06,H1,G4020,138,13220,,A,1567850996.00000000000,10350469.00000000000,+37.7624696,-081.2646711,54081,4316.1308,4304.0134,4269.2315,4303.9291,4339.5415,4755.4325,4734.1984,4647.1426,4734.1784,4819.6313,4195.9239,4169.8566,4032.6367,4170.4023,4306.0873,3845.8358,3813.8373,3630.3978,3812.6814,3997.6199,4019.1021,3980.0062,3692.4947,3976.2958,4266.9557,3815.0240,3772.5722,3433.2681,3766.5877,4109.5962,3793.4120,3747.7081,3335.5411,3739.9502,4154.2596,3892.1445,3843.0615,3423.5547,3834.6714,4252.4544,4319.4735,4265.1094,3782.5579,4254.9757,4731.7064,3931.6389,3922.0267,3304.7321,3790.1201,4611.5583,3467.0252,3500.1407,2812.4290,3304.4788,4239.9220,3295.6192,3361.5912,2544.9590,3080.6674,4200.8803,3087.8427,3186.3102,2256.5279,2803.8523,4109.4330,2946.8110,3036.7290,2128.3531,2657.8715,3975.9631,2780.3026,2860.7696,1977.3188,2464.6067,3826.4270,2600.7457,2685.0368,1797.8176,2247.7636,3717.1796,2417.4521,2510.7778,1598.5744,2019.1291,3633.3421,11.00000000000,54,081
54,091,01689856,54091,Taylor,Taylor County,06,H1,G4020,242,17220,,A,447474960.00000000000,7532811.00000000000,+39.3290724,-080.0456287,54091,1126.0206,1122.8816,1113.8189,1122.8585,1132.1313,1133.9765,1128.9672,1108.2357,1128.9587,1149.3008,1022.7209,1016.3764,982.9319,1016.5083,1049.5774,1044.2263,1035.7454,985.9284,1035.4174,1085.5714,1114.7415,1104.0578,1024.3159,1103.0348,1183.5918,1203.8433,1190.2984,1083.1482,1188.3815,1296.7531,1102.6935,1089.8081,970.3096,1087.6437,1207.6331,1095.7542,1082.2147,964.3595,1079.9097,1197.2084,1094.1648,1080.6987,958.7421,1078.1948,1198.6244,953.1716,951.3068,802.0247,919.4378,1118.1216,932.8998,942.2778,757.5811,889.7479,1140.9452,893.3319,911.6850,690.6764,835.6577,1138.7747,846.5145,873.9736,619.4100,769.2431,1126.6188,806.2716,831.3222,583.1088,727.7856,1087.8962,757.4269,779.7767,539.4234,671.9668,1042.4528,705.8404,729.1147,488.6303,610.5400,1008.8677,645.4780,670.7501,427.4618,539.5567,970.1518,11.00000000000,54,091
08,069,00198150,08069,Larimer,Larimer County,06,H1,G4020,,22660,,A,6723613486.00000000000,98295250.00000000000,+40.6630912,-105.4821309,08069,18548.1519,18496.5064,18347.2546,18496.1244,18648.8191,21185.0356,21090.5863,20702.8355,21090.4882,21471.0771,23618.7780,23470.1483,22697.3729,23473.4393,24237.8196,27959.8002,27723.1758,26389.7237,27715.0446,29060.7448,30347.7984,30046.3208,27875.2532,30018.0666,32215.1808,38071.5819,37643.1433,34254.4691,37582.5082,41009.8355,34509.0274,34095.3733,30347.5077,34025.2785,37791.9362,40927.4037,40420.2976,36017.0608,40333.9193,44716.7285,44092.9214,43543.5457,38622.7766,43441.2538,48301.6457,42728.0853,42632.0324,35930.1530,41200.4888,50119.3219,46996.1258,47456.1833,38142.5299,44806.7815,57474.6943,48229.1192,49206.6689,37264.8983,45098.6722,61478.4534,48440.5408,49997.9835,35421.0855,44001.4125,64467.8665,49524.3679,51048.7286,35792.0683,44685.2054,66821.5729,50467.1593,51941.4805,35915.6631,44754.1473,69457.1707,50015.1659,51649.7507,34598.0133,43243.9561,71486.3577,49520.7136,51445.4885,32769.5107,41377.1946,74428.6244,11.00000000000,08,069
08,071,00198151,08071,Las Animas,Las Animas County,06,H1,G4020,,,,A,12361162110.00000000000,6929979.00000000000,+37.3188308,-104.0441103,08071,691.5044,689.5447,683.9628,689.5320,695.2525,597.7643,595.0551,584.0915,595.0554,605.8227,521.4124,518.0733,501.0022,518.1527,535.0460,570.1841,565.2462,538.0582,565.0880,592.5638,518.6981,513.3725,476.2624,512.8830,550.5011,480.6283,475.1769,432.3738,474.4034,517.7094,410.0620,404.9406,360.2445,404.0609,449.0482,436.1696,430.4273,383.2003,429.4377,476.5333,418.5525,412.9513,365.8881,411.9004,458.4570,333.3385,332.3417,279.8598,321.1152,390.9404,334.6236,337.6314,271.1146,318.6992,409.1899,307.0893,313.0760,236.8606,286.8576,391.4231,279.9644,288.7577,204.3616,254.0473,372.5768,260.5878,268.4307,188.0237,234.8987,351.5865,246.0037,253.0389,174.8069,217.9633,338.5589,226.2724,233.5449,156.3071,195.4853,323.4012,211.4242,219.5432,139.7305,176.5351,317.7602,11.00000000000,08,071
54,019,01560095,54019,Fayette,Fayette County,06,H1,G4020,138,36060,,A,1713406009.00000000000,17606569.00000000000,+38.0309328,-081.0860508,54019,2600.1119,2592.8266,2571.8808,2592.7751,2614.2171,2703.1326,2691.1390,2641.6931,2691.1223,2739.6469,2635.5023,2618.9218,2532.6925,2619.2885,2704.5806,2445.7005,2424.9825,2308.3437,2424.2728,2541.9895,2524.5104,2499.1964,2318.5905,2496.8373,2679.6954,2291.7040,2265.7477,2061.6765,2262.0662,2468.5226,2089.0623,2063.8182,1836.7762,2059.5290,2287.7754,2127.2960,2100.6613,1871.5463,2096.1149,2324.2387,2208.2785,2180.3248,1933.4796,2175.1108,2419.0079,2151.7227,2146.6268,1808.9231,2074.4753,2523.8715,1744.7334,1761.3597,1415.2491,1662.8858,2133.6770,1619.1460,1651.5021,1250.2464,1513.4690,2063.8962,1501.1010,1548.8994,1096.8521,1362.9564,1997.7232,1398.5843,1441.1733,1009.9866,1261.3405,1887.0218,1295.8860,1333.2965,921.4532,1148.6214,1783.4720,1191.8890,1230.4236,823.7492,1030.0027,1703.5300,1086.7487,1128.6099,718.4628,907.5717,1633.3378,11.00000000000,54,019
54,083,01550048,54083,Randolph,Randolph County,06,H1,G4020,,,,A,2692760964.00000000000,687610.00000000000,+38.7810865,-079.8677827,54083,1731.5458,1726.6722,1712.7120,1726.6389,1740.9361,1637.1480,1629.8707,1599.9171,1629.8616,1659.2591,1460.8464,1451.6134,1403.8087,1451.8217,1499.1123,1543.9331,1530.9105,1457.2756,1530.4585,1604.7549,1532.7021,1517.7903,1408.1465,1516.3753,1627.2205,1601.6365,1583.5783,1441.0011,1581.0209,1725.2361,1512.1606,1493.5412,1328.9266,1490.3579,1655.9586,1674.9537,1653.1599,1472.0304,1649.4119,1829.9711,1667.1036,1645.3111,1458.3301,1641.2325,1826.1067,1681.0749,1676.2843,1411.7992,1619.7233,1971.6271,1456.3519,1469.4695,1179.9946,1387.0793,1780.8846,1379.3397,1406.1756,1063.8021,1288.3977,1758.1314,1324.2169,1365.6980,966.4307,1201.4917,1762.2586,1258.3455,1296.0380,907.6320,1134.0668,1697.7505,1184.6499,1218.2868,841.3731,1049.3127,1630.3375,1105.8358,1141.0964,763.4048,955.0209,1580.5023,1034.5838,1074.0189,683.2326,863.4957,1554.9105,11.00000000000,54,083
08,043,00198137,08043,Fremont,Fremont County,06,H1,G4020,,15860,,A,3970627343.00000000000,2235395.00000000000,+38.4556576,-105.4214383,08043,2617.7404,2610.2464,2589.0768,2610.2017,2631.9185,2310.0178,2299.4797,2257.0767,2299.4856,2341.1394,2274.0218,2259.4469,2184.9927,2259.7943,2333.4746,2568.4629,2546.4111,2423.9308,2545.6857,2669.3975,2515.1240,2489.8808,2309.9458,2487.5294,2669.7165,2890.6766,2856.9988,2599.0767,2852.1767,3113.4367,3361.6457,3318.2297,2950.6970,3310.6944,3681.0865,3223.8622,3180.2901,2830.2143,3172.7439,3522.1371,3276.6054,3231.9426,2862.7694,3223.5477,3588.8953,2926.6935,2916.0698,2453.7837,2817.0598,3431.9807,2707.7938,2729.9227,2190.0027,2576.1620,3310.8295,2656.0864,2705.5126,2044.5418,2478.1349,3385.2239,2537.7465,2615.0041,1848.2502,2299.7483,3377.0173,2426.7656,2497.2665,1746.6197,2184.3032,3273.9783,2317.3601,2381.0386,1642.1444,2049.9287,3189.0245,2169.4382,2236.6147,1494.1179,1871.0632,3100.5030,2012.1419,2087.0238,1325.5701,1677.1684,3024.0028,11.00000000000,08,043
54,099,01550056,54099,Wayne,Wayne County,06,H1,G4020,,26580,,A,1310486007.00000000000,15878801.00000000000,+38.1455311,-082.4196977,54099,2717.6247,2710.0789,2688.2216,2710.0218,2732.3772,2636.8439,2625.2877,2577.1280,2625.2616,2672.5038,2344.3496,2329.7837,2253.1157,2330.0887,2405.8993,2213.4883,2195.3089,2089.7189,2194.6275,2301.0000,2242.5794,2220.8300,2060.4053,2218.7621,2380.9197,2242.5083,2217.7441,2018.4017,2214.2624,2415.7158,1986.4205,1963.3110,1748.1235,1959.4351,2175.4731,1856.4480,1834.0211,1634.8049,1830.2208,2028.3634,1830.6522,1808.3587,1604.5285,1804.2182,2005.4528,1592.4789,1589.5090,1340.2175,1536.2993,1868.0988,1601.2370,1617.4140,1300.4596,1527.2716,1958.3410,1482.6791,1513.2078,1146.4468,1387.0414,1890.0532,1364.3717,1408.6836,998.4290,1239.8979,1815.8352,1287.0758,1327.1042,930.9024,1161.8365,1736.6451,1204.6578,1240.2275,857.9725,1068.7663,1657.9822,1107.4543,1143.9827,766.6745,957.9434,1582.9008,1014.3017,1054.0121,671.7081,847.8547,1524.4925,11.00000000000,54,099
54,003,01550008,54003,Berkeley,Berkeley County,06,H1,G4020,,25180,,A,831754462.00000000000,1074157.00000000000,+39.4578544,-078.0323378,54003,8380.9360,8357.5181,8290.0369,8357.3491,8426.4107,8576.9769,8538.9635,8382.0946,8538.9079,8692.8483,8550.6449,8497.1340,8217.4253,8498.2907,8774.9221,9525.7973,9445.9992,8991.6602,9443.1730,9901.4081,10285.4985,10185.0683,9449.2760,10175.5586,10919.5445,10847.9978,10727.4293,9762.6985,10710.4396,11685.6532,10539.9925,10416.2180,9273.5256,10395.3913,11542.9765,10842.4821,10709.5131,9544.2322,10686.9112,11846.4296,11370.3216,11231.0029,9964.2202,11205.1102,12455.9185,10699.0201,10676.0431,8998.7668,10317.8414,12550.0305,10933.8217,11042.2533,8876.4491,10426.2147,13371.9265,10969.5606,11193.3029,8478.2373,10259.3143,13983.2498,10775.2733,11123.0880,7881.5311,9789.5392,14340.5659,10736.8803,11068.6855,7762.0044,9689.4346,14487.0316,10593.8998,10904.6479,7541.5097,9396.2461,14580.3225,10270.1980,10607.0166,7106.4846,8881.2533,14679.2101,9861.2728,10245.6039,6527.3919,8240.8982,14821.3580,11.00000000000,54,003
54,045,01550029,54045,Logan,Logan County,06,H1,G4020,,,,A,1175173524.00000000000,4866223.00000000000,+37.8305905,-081.9408530,54045,2057.5066,2051.7797,2035.2245,2051.7372,2068.6737,2110.5272,2101.0659,2062.4102,2101.0596,2139.0089,1889.7982,1877.9916,1816.1764,1878.2450,1939.3774,1588.6113,1575.3395,1499.5680,1574.8657,1651.2747,1465.7574,1451.1956,1346.3359,1449.8309,1555.9489,1518.6924,1501.7852,1366.7100,1499.4013,1635.9540,1328.3891,1312.7691,1168.7359,1310.1396,1454.7961,1193.3160,1178.6951,1050.4572,1176.2103,1303.8105,1113.8548,1099.9821,975.6807,1097.3991,1220.1743,1127.3576,1124.8137,947.9805,1087.0409,1322.3691,967.5543,976.9963,785.2249,922.4430,1183.2818,858.6696,876.0423,663.4078,802.8955,1094.5565,759.7585,784.1534,555.5009,690.0927,1011.1339,691.3404,712.5883,499.5885,623.7475,932.7996,632.8364,651.2941,450.3150,561.1600,870.9606,558.4662,576.6904,386.2706,482.8249,798.2103,489.1780,508.1668,323.6614,408.7040,735.2231,11.00000000000,54,045
54,035,01559963,54035,Jackson,Jackson County,06,H1,G4020,,,,A,1202654983.00000000000,18858918.00000000000,+38.8342339,-081.6777168,54035,1865.4054,1860.2422,1845.2476,1860.2023,1875.5339,1885.4496,1877.1503,1842.6956,1877.1341,1910.9375,1687.9016,1677.3204,1622.1023,1677.5508,1732.1638,1734.8848,1720.3364,1637.5907,1719.8228,1803.2831,1764.3149,1746.9396,1620.7238,1745.3027,1872.9779,1913.8906,1892.4075,1722.0860,1889.3697,2061.6150,1666.0354,1646.3895,1465.7029,1643.0790,1824.5658,1576.8400,1557.3337,1387.7149,1554.0122,1722.8359,1649.7746,1629.3823,1445.4162,1625.5885,1807.2674,1496.3519,1493.2426,1258.7441,1443.1695,1755.2572,1361.3337,1374.9514,1105.3824,1298.2801,1664.9130,1281.0697,1307.3208,990.3357,1198.2774,1633.0352,1211.5878,1250.8176,886.4184,1100.9022,1612.4853,1152.8384,1188.5841,833.6264,1040.5239,1555.5096,1086.8639,1118.8602,773.9114,964.1393,1495.8537,998.0105,1030.8492,690.7670,863.1750,1426.4655,913.2421,948.9321,604.6688,763.3007,1372.5963,11.00000000000,54,035
54,025,01557518,54025,Greenbrier,Greenbrier County,06,H1,G4020,,,,A,2640671499.00000000000,12796750.00000000000,+37.9244182,-080.4505904,54025,2266.4916,2260.1459,2241.8902,2260.1009,2278.7876,2111.9454,2102.7018,2064.1353,2102.6800,2140.5102,2173.7027,2160.1303,2089.0301,2160.4208,2230.7345,2409.1490,2389.0162,2274.1079,2388.2980,2504.1750,2421.2011,2397.4583,2224.2515,2395.2158,2570.3882,2229.2308,2204.7124,2006.6045,2201.2700,2401.4417,2148.0095,2122.5686,1889.5233,2118.2752,2352.3890,2043.3946,2018.5965,1799.2182,2014.3902,2232.6156,2143.7307,2117.6478,1878.9798,2112.8040,2348.4286,1965.1528,1961.2379,1653.4069,1895.5170,2305.2130,1966.8180,1986.5483,1597.1242,1875.7898,2405.4302,1906.6661,1945.7889,1474.0468,1783.5088,2430.5165,1808.8175,1867.4397,1323.4557,1643.6402,2407.3348,1732.1354,1785.8994,1252.6175,1563.4546,2337.1523,1652.9235,1701.6397,1177.0765,1466.3520,2274.9275,1562.7319,1614.2018,1081.7230,1351.6620,2233.6306,1471.4455,1528.9920,974.3363,1229.9060,2211.5747,11.00000000000,54,025
08,051,00198141,08051,Gunnison,Gunnison County,06,H1,G4020,,,,A,8389228965.00000000000,53172021.00000000000,+38.6696792,-107.0781080,08051,980.9613,978.1616,970.2329,978.1444,986.2756,986.8099,982.3765,964.2975,982.3743,1000.1242,921.4901,915.6360,885.4754,915.7708,945.6111,1016.8931,1008.1499,959.6587,1007.8636,1056.8466,874.6565,865.8040,803.2289,864.9835,928.3687,952.3284,942.1464,857.6747,940.7313,1025.9820,816.5495,807.2283,718.9114,805.6754,894.2831,1440.1520,1422.6290,1267.9739,1419.6551,1573.5094,1481.8757,1463.3799,1297.9731,1459.9354,1623.3186,1362.1170,1359.2175,1145.7001,1313.6201,1597.7796,1621.4227,1637.5974,1316.4923,1546.2664,1982.9950,1629.6530,1662.9878,1259.7055,1524.2579,2077.3824,1621.3794,1673.8078,1186.1090,1473.1692,2157.8651,1667.6925,1719.3144,1205.7698,1505.1070,2250.1876,1727.5816,1778.3305,1229.9483,1532.3704,2377.6664,1729.5689,1786.3558,1196.8928,1495.7423,2472.0800,1735.3478,1803.0327,1148.7571,1450.2643,2608.2071,11.00000000000,08,051
54,109,01550061,54109,Wyoming,Wyoming County,06,H1,G4020,,,,A,1293577717.00000000000,6126687.00000000000,+37.6037173,-081.5488841,54109,1230.0497,1226.6124,1216.7082,1226.5876,1236.7238,1293.3976,1287.6195,1263.9403,1287.6143,1310.8577,1188.1829,1180.8052,1141.9487,1180.9593,1219.3807,951.4611,943.5791,898.1946,943.2908,989.0345,1020.0400,1010.1668,937.1977,1009.2270,1082.9771,911.9219,902.0270,821.0601,900.6445,982.4082,834.4785,824.8606,734.5327,823.2528,913.9082,732.1499,723.5629,645.2250,722.1168,799.9653,725.0822,716.4453,635.8888,714.8452,794.3404,634.4308,633.4935,534.3745,612.3533,744.2952,604.2589,610.6015,491.1713,576.6447,739.0579,554.3895,566.0218,429.0492,518.9031,706.7373,500.9083,517.3678,366.8851,455.4493,666.6731,470.7104,485.5220,340.7479,425.1270,635.1427,433.2796,446.2224,308.8488,384.5931,596.3389,395.2549,408.4164,273.8492,342.0498,564.9525,357.1437,371.2266,236.6931,298.6599,536.7921,11.00000000000,54,109
54,079,01550046,54079,Putnam,Putnam County,06,H1,G4020,,16620,,A,895279233.00000000000,12250003.00000000000,+38.5105128,-081.9061090,54079,3781.3765,3770.7798,3740.3171,3770.7050,3801.8897,3996.1358,3978.4832,3905.4258,3978.4533,4050.1385,3830.3673,3806.4782,3681.1950,3806.9869,3930.8808,3869.6785,3836.6282,3652.0901,3835.5235,4021.8587,3786.1621,3748.0691,3477.2012,3744.5258,4018.8180,4110.4713,4063.8895,3697.8467,4057.2811,4427.6110,4092.4337,4043.4840,3599.1065,4035.1956,4481.7669,4014.5116,3964.8341,3532.9833,3956.3743,4386.2049,3926.0973,3877.0021,3438.6871,3867.8569,4300.8264,3686.8936,3678.0722,3099.3582,3554.4222,4324.5345,3586.7260,3621.3303,2910.1348,3419.0005,4386.3636,3425.3550,3494.2630,2645.7374,3202.3680,4366.2938,3224.6869,3327.8462,2357.0922,2928.5224,4291.5801,3136.4469,3232.4764,2265.8803,2829.3270,4231.8571,3051.7193,3140.3753,2170.9316,2705.6282,4199.9945,2878.6426,2972.2562,1990.4782,2488.3392,4114.3926,2665.3623,2768.5373,1763.0057,2226.5334,4005.9593,11.00000000000,54,079
08,021,00198126,08021,Conejos,Conejos County,06,H1,G4020,,,,A,3334326097.00000000000,9235297.00000000000,+37.2134065,-106.1764473,08021,433.0660,431.8560,428.3691,431.8473,435.4158,376.2684,374.6009,367.7192,374.5984,381.3516,368.2093,365.8932,353.8461,365.9444,377.8606,403.7355,400.3480,381.0918,400.2285,419.6517,381.6970,377.8515,350.5442,377.4941,405.1485,394.6921,390.2934,355.1862,389.6730,425.1658,406.5801,401.6884,357.5174,400.8584,445.2567,366.7930,362.2364,322.7637,361.4598,400.7524,390.7636,385.7643,342.0358,384.8307,428.0466,334.4688,333.6031,281.0509,322.3704,392.2986,248.3359,250.6252,201.3035,236.5893,303.6835,234.8557,239.4776,181.2223,219.4376,299.3578,216.9627,223.8100,158.4293,196.9189,288.7369,196.3651,202.2917,141.7133,177.0282,264.9384,182.6151,187.8413,129.7705,161.8048,251.3216,162.8965,168.1256,112.5162,140.7244,232.8203,141.8222,147.2558,93.7081,118.4034,213.1510,11.00000000000,08,021
54,077,01558642,54077,Preston,Preston County,06,H1,G4020,,34060,,A,1680396095.00000000000,6692224.00000000000,+39.4690296,-079.6688649,54077,2282.7139,2276.1691,2257.7038,2276.1306,2295.0760,2011.0477,2001.9499,1965.0739,2001.9497,2038.1633,2102.3665,2088.8097,2019.9598,2089.1405,2157.2855,1942.2521,1925.5435,1832.9263,1924.9972,2018.5569,1669.7965,1653.6326,1534.1829,1652.0941,1772.8231,2089.6449,2066.0045,1879.9411,2062.6527,2250.8813,2103.4747,2077.7033,1848.8189,2073.3045,2303.5181,2054.0172,2028.1531,1806.7996,2023.7333,2244.1673,2285.5975,2256.3743,2000.6206,2250.9176,2503.6700,2215.7128,2210.0436,1861.9595,2135.6467,2598.8266,2036.4546,2055.7791,1651.7369,1940.8194,2490.4167,1996.1235,2035.9633,1541.2481,1865.7798,2544.4167,1934.8440,1996.4401,1413.7641,1756.7654,2574.9640,1910.0563,1968.2506,1379.3975,1722.6597,2577.1217,1879.2002,1933.5214,1336.3494,1665.7380,2586.2680,1802.5905,1860.9634,1245.9889,1557.8745,2576.3932,1721.9942,1788.4396,1138.6358,1438.2222,2588.0923,11.00000000000,54,077
54,101,01550057,54101,Webster,Webster County,06,H1,G4020,,,,A,1433476012.00000000000,7149523.00000000000,+38.4929846,-080.4302617,54101,559.5700,558.0073,553.5022,557.9959,562.6063,554.6993,552.2629,542.1290,552.2577,562.1993,422.6063,419.9688,406.1459,420.0251,433.6950,379.2352,376.0579,357.9701,375.9455,394.1885,348.5207,345.0627,320.1298,344.7384,369.9690,372.4044,368.2711,335.1557,367.6890,401.1622,264.3720,261.1787,232.4474,260.6362,289.5194,257.2424,254.0502,226.3699,253.5062,281.0593,257.0501,253.9283,225.3155,253.3487,281.5956,227.8449,227.4096,191.7339,219.7942,267.2769,179.0161,180.8333,145.4046,170.7576,218.9413,160.8601,164.1860,124.4053,150.5014,205.0590,146.6983,151.4794,107.3804,133.3357,195.2415,136.2108,140.4661,98.5502,122.9811,183.7902,128.8790,132.7046,91.8247,114.3665,177.3791,118.2392,122.1602,81.8924,102.3027,169.0025,111.9969,116.4010,74.2031,93.6420,168.3322,11.00000000000,54,101
54,071,01550042,54071,Pendleton,Pendleton County,06,H1,G4020,,,,A,1802759588.00000000000,5437242.00000000000,+38.6868364,-079.3337070,54071,414.4511,413.2870,409.9469,413.2789,416.6990,344.7249,343.1574,336.8322,343.1580,349.3707,323.0644,320.9662,310.3834,321.0188,331.4952,310.2477,307.6004,292.8051,307.5117,322.4502,258.7968,256.2164,237.7021,255.9751,274.7151,238.4193,235.7245,214.4969,235.3426,256.8164,208.8284,206.4201,183.8144,206.0175,228.7056,195.6067,193.2370,172.2404,192.8352,213.7204,169.0038,166.9632,148.1619,166.5846,185.1434,151.6822,151.4601,127.7640,146.4063,177.9495,125.8031,127.1079,102.2315,120.0343,153.8649,116.1342,118.5678,89.8723,108.6965,148.0478,105.3857,108.8510,77.1927,95.8246,140.2611,95.2630,98.2791,68.9930,86.0614,128.5427,87.5801,90.2294,62.4865,77.7810,120.5424,80.4810,83.2049,55.8385,69.7026,115.0375,71.1534,74.0064,47.2405,59.5598,106.9475,11.00000000000,54,071
54,085,01689049,54085,Ritchie,Ritchie County,06,H1,G4020,,,,A,1170650137.00000000000,4423276.00000000000,+39.1771117,-081.0663167,54085,644.9354,643.1391,637.9492,643.1259,648.4356,584.8545,582.2450,571.5394,582.2424,592.7507,542.2951,538.9028,521.1636,538.9760,556.5199,532.4548,528.0017,502.6056,527.8432,553.4546,486.0848,481.2332,446.4586,480.7798,515.9799,541.2243,535.0887,486.8908,534.2182,582.9814,433.2990,428.1104,381.0559,427.2315,474.5202,465.6869,459.8015,409.5970,458.7950,508.7965,423.0540,417.7866,370.5771,416.8059,463.4355,356.1555,355.4208,299.6108,343.5039,417.7804,348.4814,351.9004,282.8443,332.2567,426.1824,325.8336,332.4407,251.7649,304.6881,415.3458,298.8404,308.4469,218.5175,271.4522,397.7163,279.3177,287.9093,201.8574,252.0174,376.8734,265.5252,273.2735,188.9497,235.4562,365.4376,244.4725,252.4509,169.0937,211.3607,349.4222,225.9693,234.7398,149.5091,188.7940,339.6264,11.00000000000,54,085
54,103,01717836,54103,Wetzel,Wetzel County,06,H1,G4020,,,,A,927378346.00000000000,8460754.00000000000,+39.5965743,-080.6343936,54103,1018.7602,1015.9012,1007.6919,1015.8812,1024.2862,883.9114,879.9621,863.7795,879.9586,895.8436,754.1453,749.3856,724.7082,749.4923,773.9034,777.3166,770.5763,733.5120,770.3613,807.8208,786.7145,778.7995,722.5168,778.0633,835.0575,855.6357,845.8551,769.6136,844.4636,921.6270,755.0011,745.7460,663.5885,744.1659,826.8022,645.8423,637.7196,568.1285,636.3320,705.6316,620.4134,612.5015,543.0975,611.0247,679.6105,600.1533,598.7157,504.5113,578.5876,703.9482,520.8622,525.8220,422.4934,496.4232,636.9745,482.6597,492.3030,372.6892,451.1555,615.2374,454.6162,469.0958,332.1935,412.7829,605.0211,431.5914,444.7430,311.6889,389.2505,582.3199,405.0241,416.7291,288.0186,359.0130,557.4182,371.0561,383.0655,256.4704,320.6741,530.3399,340.9363,354.0830,225.4220,284.7417,512.4138,11.00000000000,54,103
08,037,00198134,08037,Eagle,Eagle County,06,H1,G4020,,20780,,A,4362911978.00000000000,18806424.00000000000,+39.6306381,-106.6929439,08037,4170.8754,4159.0987,4125.4531,4159.0203,4193.4889,4361.1855,4341.6130,4261.7240,4341.6017,4420.0336,4017.8810,3992.3957,3860.8969,3992.9787,4123.0756,4011.0211,3976.9552,3785.6682,3975.7970,4168.8820,3473.2405,3438.7878,3190.3147,3435.5561,3686.9918,3255.2201,3219.0823,2929.6129,3213.9920,3506.5923,3407.1645,3367.5140,2998.4089,3360.8634,3731.4314,3641.7150,3597.5303,3206.5663,3590.0363,3978.9431,3616.1742,3571.9234,3169.0932,3563.7005,3961.4402,2740.3551,2733.9219,2303.8802,2642.0456,3214.3240,3121.0375,3151.9304,2533.6616,2976.0685,3816.9799,2970.1959,3030.6418,2295.3893,2777.7134,3786.1873,2728.5421,2816.2404,1995.1373,2478.4601,3631.3212,2611.2377,2691.4147,1886.8441,2355.8360,3523.2380,2520.6381,2594.0398,1793.4363,2234.9973,3469.0965,2385.9071,2463.5999,1649.9515,2062.5408,3410.1419,2194.0218,2278.9218,1451.1846,1832.7588,3297.5469,11.00000000000,08,037
54,087,01550050,54087,Roane,Roane County,06,H1,G4020,,,,A,1252421705.00000000000,404680.00000000000,+38.7430334,-081.3545020,54087,872.4861,870.0455,863.0191,870.0281,877.2198,893.4837,889.5181,873.1738,889.5127,905.5527,812.9397,807.8181,781.2187,807.9321,834.2433,749.2354,742.8530,707.1225,742.6380,778.7107,688.5932,681.6788,632.4160,681.0349,730.9155,684.4289,676.6562,615.6979,675.5528,737.2306,661.0613,653.1358,581.3398,651.7927,723.9491,616.6523,609.0190,542.6819,607.7190,673.7464,614.5008,606.8326,538.2435,605.4046,673.1542,581.1903,579.8813,488.7200,560.4088,681.7258,515.5985,520.5728,418.3370,491.4875,630.5478,477.6556,487.2690,368.9480,446.5663,608.8673,444.1056,458.3213,324.6346,403.3283,591.0394,420.0594,432.9311,303.4842,378.9409,566.7669,402.3925,414.0955,286.2767,356.7743,553.8024,377.8917,390.1962,261.3260,326.6743,540.1150,349.5745,363.1236,231.2571,292.0413,525.4010,11.00000000000,54,087
54,007,01550010,54007,Braxton,Braxton County,06,H1,G4020,,,,A,1322996847.00000000000,14144309.00000000000,+38.6993021,-080.7316490,54007,924.2475,921.6619,914.2186,921.6435,929.2620,914.0557,910.0217,893.3129,910.0146,926.4091,811.4776,806.3681,779.8170,806.4815,832.7445,811.0477,804.0973,765.4209,803.8673,842.9282,869.8792,861.1996,798.9682,860.3883,923.3801,892.2507,882.1032,802.6274,880.6619,961.0810,791.3218,781.8444,695.9090,780.2389,866.6027,731.6406,722.4084,643.5451,720.8301,799.3710,765.9441,756.2332,670.6008,754.4216,839.0341,738.5014,736.5136,620.4180,711.6938,866.1701,640.3115,646.3385,519.2607,610.1799,783.0403,598.6075,610.4967,462.0954,559.4462,763.0254,560.1151,577.8830,409.1599,508.4839,745.4168,533.4040,549.5878,385.0950,480.9854,719.6831,499.3260,513.6873,354.9571,442.5146,687.1965,457.6564,472.4032,316.2119,395.4338,654.1106,416.9496,432.9668,275.5728,348.1518,626.6551,11.00000000000,54,007
54,097,01696800,54097,Upshur,Upshur County,06,H1,G4020,,,,A,918506909.00000000000,302706.00000000000,+38.9025365,-080.2313352,54097,1515.9704,1511.7303,1499.5219,1511.6999,1524.1954,1495.0506,1488.4307,1461.0900,1488.4205,1515.2498,1437.8080,1428.6336,1381.5660,1428.8486,1475.4215,1639.3401,1625.6169,1547.4271,1625.1299,1703.9869,1720.2219,1703.1005,1580.0362,1701.4977,1826.0504,1183.1578,1169.8224,1064.5006,1167.9342,1274.4644,1065.3353,1052.7400,937.1755,1050.6157,1166.7028,1592.1435,1572.7644,1401.7812,1569.4753,1739.5748,1794.3387,1772.2475,1572.2415,1768.1395,1965.6427,1681.8556,1678.1583,1414.4267,1621.8297,1972.8085,1521.0665,1536.1585,1234.8666,1450.4597,1860.2463,1508.0110,1538.7786,1165.5391,1410.3834,1922.3111,1486.0067,1533.9820,1086.9484,1350.0758,1977.6932,1442.9538,1487.5576,1043.1738,1302.2001,1946.9463,1400.7587,1441.8601,997.1855,1242.4181,1927.8571,1403.0183,1449.0399,970.8366,1213.2845,2005.3369,1392.0119,1446.2679,921.4105,1163.2858,2092.1749,11.00000000000,54,097
54,047,01689162,54047,McDowell,McDowell County,06,H1,G4020,,,,A,1381643483.00000000000,3736644.00000000000,+37.3826627,-081.6582048,54047,1112.3482,1109.2858,1100.3529,1109.2613,1118.3903,988.5905,984.2754,966.2287,984.2644,1001.9649,859.5554,854.3194,826.2293,854.4191,882.1813,646.7828,641.5753,610.7170,641.3690,672.4205,616.3992,610.7290,566.6392,610.1722,654.6265,566.0172,559.9884,509.7951,559.1517,609.7999,469.0350,463.7025,412.9893,462.8155,513.6885,423.2215,418.2238,372.9103,417.3810,462.4204,430.6780,425.6327,377.8618,424.6998,471.8257,408.1822,407.5742,343.7987,393.9717,478.8659,332.5454,335.9761,270.2043,317.2733,406.7205,304.7627,311.0741,235.7140,285.1501,388.5023,277.8226,286.8541,203.3212,252.4869,369.7534,259.8668,267.9323,187.9254,234.5595,350.6355,242.0017,249.1066,172.2855,214.6512,333.0660,223.6581,230.9783,154.7345,193.3919,319.6738,207.0860,215.1294,137.0257,173.0245,311.2457,11.00000000000,54,047
54,089,01557805,54089,Summers,Summers County,06,H1,G4020,,,,A,933586742.00000000000,18821425.00000000000,+37.6560029,-080.8563149,54089,721.3655,719.3587,713.5550,719.3437,725.2809,733.6680,730.4546,717.0558,730.4472,743.5905,702.1819,697.7372,674.7577,697.8381,720.5714,607.8462,602.6582,573.6710,602.4845,631.7528,551.4613,546.0873,506.6377,545.5778,585.4629,646.1427,638.8924,581.3920,637.8672,696.0162,485.7056,480.0403,427.4127,479.0893,531.9297,544.8561,538.2675,479.7929,537.1507,595.3119,530.0690,523.6958,464.7511,522.5138,580.6929,458.6694,457.9558,386.2677,442.6637,538.0885,413.9507,418.2462,336.3927,394.9714,506.2874,381.4075,389.4030,295.1633,356.9845,486.2185,363.8398,375.8140,266.5226,330.8436,484.2464,360.1582,371.5104,260.7524,325.3052,485.9732,370.5522,381.6460,264.1791,328.9457,510.0068,350.1078,361.8133,242.6532,303.0392,500.4253,331.2715,344.3898,219.6457,277.0926,497.9094,11.00000000000,54,089
20,201,00485061,20201,Washington,Washington County,06,H1,G4020,,,,A,2317406254.00000000000,10140054.00000000000,+39.7767142,-097.0956108,20201,295.2871,294.4465,292.0610,294.4413,296.8871,270.0053,268.7977,263.8538,268.7967,273.6498,267.1645,265.4095,256.6539,265.4552,274.1254,329.7547,326.9116,311.1873,326.8192,342.7056,284.2168,281.3201,260.9862,281.0527,301.6572,381.4452,377.1940,343.2651,376.5944,410.8961,365.6142,361.2868,321.6223,360.5567,400.4021,323.3905,319.5003,284.8119,318.8417,353.3388,332.3575,328.3175,291.3186,327.5673,364.0937,333.1965,332.5041,280.2877,321.3542,390.8476,291.8025,294.7557,236.9993,278.3299,356.8804,299.8144,305.9889,231.8267,280.4770,382.1902,307.5775,317.5642,225.0765,279.5133,409.3530,305.7805,315.2860,221.1541,276.0208,412.5877,313.0740,322.3100,222.9612,277.7475,430.8861,304.0263,314.0437,210.4542,262.9682,434.5486,293.5654,305.0467,194.3886,245.3767,441.2272,11.00000000000,20,201
20,131,00485029,20131,Nemaha,Nemaha County,06,H1,G4020,,,,A,1858126462.00000000000,5207942.00000000000,+39.7910427,-096.0053805,20131,502.8953,501.4925,497.4446,501.4823,505.6243,442.3378,440.3912,432.3081,440.3873,448.3175,423.5326,420.8965,407.0447,420.9521,434.6496,558.1656,553.4471,526.8270,553.2844,580.1473,469.9748,465.3666,431.7458,464.9313,498.9335,713.8534,705.8305,642.2975,704.6955,768.9495,705.2509,696.8973,620.3816,695.4875,772.3542,612.8766,605.4821,539.7223,604.2293,669.6323,671.1232,662.8195,587.9753,661.2745,735.1898,690.7777,688.9746,580.4263,665.7720,810.2098,499.4914,504.4673,405.5433,476.3304,610.8754,513.5671,524.0636,396.9671,480.3421,654.6630,517.0203,533.7290,378.2065,469.7476,688.0923,505.1394,520.7702,365.2150,455.8859,681.5751,503.6914,518.4851,358.5975,446.7726,693.2290,472.7971,488.3218,327.1866,408.8797,675.7709,435.5114,452.5035,288.3076,363.9723,654.5688,11.00000000000,20,131
20,113,00485021,20113,McPherson,McPherson County,06,H1,G4020,,32700,,A,2326520077.00000000000,6030285.00000000000,+38.3958120,-097.6474893,20113,1460.7406,1456.6321,1444.8568,1456.6038,1468.6627,1468.6598,1462.0535,1435.1425,1462.0507,1488.4730,1524.6757,1515.0223,1465.1255,1515.2416,1564.6041,1829.1942,1813.6144,1726.3814,1813.0892,1901.1571,1730.2710,1712.8572,1589.0709,1711.2378,1836.5909,1647.1783,1628.4369,1481.7127,1625.7746,1774.2431,1594.3542,1575.4235,1402.4094,1572.2260,1746.0489,1724.8253,1703.3495,1517.6883,1699.6878,1884.5147,1790.7649,1768.1774,1568.0765,1763.9660,1961.6622,1622.0608,1618.3874,1363.9464,1564.0362,1902.6434,1565.9718,1581.1373,1270.6709,1492.8142,1915.1045,1554.1434,1585.4865,1200.5545,1453.0689,1981.0732,1508.1235,1556.4688,1102.5369,1369.7380,2007.0976,1458.2796,1503.0490,1053.7212,1315.6389,1967.5975,1427.9283,1469.5444,1016.0326,1266.1580,1965.2277,1384.9552,1430.1342,957.8950,1197.3505,1979.5018,1317.2223,1368.3562,871.5358,1100.5308,1979.7545,11.00000000000,20,113
20,135,00485031,20135,Ness,Ness County,06,H1,G4020,,,,A,2783590502.00000000000,667491.00000000000,+38.4804369,-099.9087452,20135,122.9146,122.5784,121.5924,122.5756,123.5825,137.1820,136.5696,134.0584,136.5691,139.0341,110.3201,109.6042,105.9904,109.6220,113.1994,183.1826,181.6239,172.8880,181.5712,190.3902,136.5654,135.2709,125.5021,135.1461,145.0096,176.1783,174.1974,158.5170,173.9171,189.7757,180.6981,178.5049,158.8589,178.1317,197.8851,175.1397,172.9981,154.1808,172.6343,191.3569,159.4691,157.5448,139.8051,157.1877,174.6983,171.7394,171.4178,144.5322,165.6792,201.4630,153.2118,154.7014,124.3304,146.0616,187.3713,156.7772,159.9446,121.1180,146.5882,199.8453,165.2692,170.5733,120.8330,150.1118,219.9504,159.7749,164.6829,115.4549,144.1503,215.5781,159.7513,164.4083,113.6721,141.6546,219.8624,158.9362,164.1212,109.9276,137.4072,227.1659,154.6241,160.6261,102.3058,129.1870,232.3964,11.00000000000,20,135
20,067,00485099,20067,Grant,Grant County,06,H1,G4020,,,,A,1488724794.00000000000,892455.00000000000,+37.5475370,-101.2993622,20067,383.8994,382.8165,379.7202,382.8093,385.9810,393.5172,391.7558,384.5496,391.7544,398.8285,398.8049,396.3224,383.2793,396.3748,409.2727,318.4858,315.8725,300.6797,315.7743,331.0789,262.8516,260.2396,241.4353,259.9949,279.0251,273.8247,270.8290,246.5035,270.4092,294.9826,381.4063,376.9382,335.5965,376.1870,417.7021,380.6109,376.0353,335.2118,375.2608,415.8585,454.1678,448.8434,398.4634,447.8588,497.5593,365.9055,365.4112,308.2818,353.2296,429.2806,326.0539,329.5299,265.1264,311.2206,398.7993,348.9797,356.3364,270.1400,326.6848,444.8845,345.8058,357.1979,253.3318,314.4594,460.2453,353.6894,364.8368,256.0674,319.4613,477.2447,376.6363,387.8895,268.4767,334.3177,518.3788,391.6402,404.6696,271.3242,338.9070,559.7849,386.2777,401.4935,255.9729,323.0035,580.5801,11.00000000000,20,067
20,139,00485033,20139,Osage,Osage County,06,H1,G4020,,45820,,A,1827283988.00000000000,37107137.00000000000,+38.6497056,-095.7272747,20139,867.5690,865.1118,858.1093,865.0957,872.2716,933.0313,928.9403,911.8984,928.9312,945.6488,864.5519,859.1604,830.8828,859.2752,887.2391,932.4048,924.5093,880.0415,924.2384,969.1162,899.7932,890.9727,826.6038,890.1395,955.2378,1002.9519,991.7723,902.5603,990.1953,1080.3880,963.8011,952.2961,847.6595,950.3493,1055.4948,901.3767,890.2203,793.2550,888.3203,984.8327,935.7860,924.0525,819.5511,921.8662,1025.0989,784.3407,782.6657,659.7128,756.4083,920.0397,816.6241,824.6892,662.9047,778.6701,998.7156,794.3881,810.5653,613.9277,742.9215,1012.6288,768.5216,793.3103,562.1007,698.1934,1022.8062,760.5787,784.0697,549.8215,686.3628,1026.2305,750.6050,772.6139,534.3206,665.7375,1033.0526,721.3682,745.0239,499.1485,623.8075,1031.0526,693.1396,720.1560,458.8082,579.2477,1041.7794,11.00000000000,20,139
20,099,00485014,20099,Labette,Labette County,06,H1,G4020,,37660,,A,1671305414.00000000000,20261495.00000000000,+37.1914676,-095.2974732,20099,1222.3404,1218.9406,1209.1067,1218.9153,1228.9750,1151.8420,1146.7112,1125.6312,1146.7055,1167.3955,1100.3587,1093.3650,1057.3493,1093.5263,1129.1599,1252.0892,1241.4678,1181.7546,1241.1054,1301.3756,1246.4412,1233.9599,1144.7885,1232.7957,1323.0728,1171.4292,1158.2446,1053.9771,1156.3786,1261.8361,964.7075,953.0250,848.1598,951.0387,1056.4683,922.6954,911.0662,811.6213,909.0786,1008.1131,969.2416,957.2081,849.0797,954.9683,1061.7621,804.2613,802.4544,676.3073,775.5091,943.3852,731.7145,738.8122,593.7525,697.5453,894.8518,700.9511,715.1050,541.5058,655.3864,893.5075,647.7057,668.4881,473.5481,588.2963,862.0057,597.3566,615.7128,431.6669,538.9486,805.9905,551.5427,567.6347,392.4773,489.0807,759.0780,500.2976,516.6361,346.0596,432.5505,715.0714,458.6104,476.4298,303.4671,383.1861,689.2818,11.00000000000,20,099
20,047,00484993,20047,Edwards,Edwards County,06,H1,G4020,,,,A,1610697086.00000000000,208568.00000000000,+37.8835945,-099.3047457,20047,159.7877,159.3312,158.0395,159.3284,160.6533,169.0467,168.3039,165.2155,168.3024,171.3323,161.2649,160.2050,154.9199,160.2327,165.4663,178.9885,177.4385,168.9038,177.3889,186.0139,130.3663,129.0591,119.7326,128.9373,138.3801,174.4218,172.5278,157.0405,172.2630,187.9032,182.8607,180.7555,160.9637,180.4038,200.2666,189.6147,187.3582,167.0409,186.9770,207.1759,170.6607,168.4990,149.4210,168.0958,186.9462,157.8672,157.3896,132.5300,152.0715,185.1458,164.0061,165.5805,133.0545,156.3268,200.5690,158.3379,161.5145,122.2847,148.0193,201.8319,153.8621,158.7762,112.4520,139.7208,204.7670,151.9884,156.6336,109.7875,137.0952,205.0700,152.4440,156.8658,108.4335,135.1468,209.8038,145.3767,150.0955,100.5070,125.6545,207.7838,135.7394,140.9832,89.7660,113.3781,204.0116,11.00000000000,20,047
20,103,00485016,20103,Leavenworth,Leavenworth County,06,H1,G4020,312,28140,,A,1198726879.00000000000,15905519.00000000000,+39.1895108,-095.0389770,20103,4664.3398,4651.0455,4613.3551,4650.9633,4689.6110,4836.3623,4814.4986,4725.8239,4814.4971,4901.5771,4604.3937,4575.0279,4424.3027,4575.7149,4724.8541,5161.1859,5117.1913,4871.0595,5115.7119,5364.2113,5277.2762,5224.4997,4846.9604,5219.5733,5601.7697,6473.2945,6397.7694,5820.1270,6386.9503,6972.1052,6887.7989,6800.2215,6048.2490,6785.0948,7542.4714,6895.9029,6804.6377,6057.5443,6788.8926,7534.0314,7106.4763,7011.7982,6213.1141,6994.0434,7784.0532,6723.0262,6700.7976,5640.6020,6473.8718,7884.2701,6514.0767,6570.7376,5274.4400,6201.7068,7965.3428,6481.3660,6605.5607,4995.3552,6051.6427,8261.0366,6325.3543,6521.6534,4613.1709,5736.8247,8417.5738,6234.4086,6419.4240,4493.8297,5616.4757,8411.2637,6135.6336,6308.2497,4354.9074,5432.6553,8443.8460,5914.5078,6101.6275,4080.4311,5106.0389,8453.1352,5668.3580,5883.1286,3741.0493,4729.4048,8519.0840,11.00000000000,20,103
20,107,00485018,20107,Linn,Linn County,06,H1,G4020,312,28140,,A,1538604962.00000000000,31951412.00000000000,+38.2165494,-094.8449321,20107,566.6509,565.0863,560.5334,565.0741,569.7282,581.0553,578.5041,567.8893,578.4987,588.9120,588.1998,584.5041,565.2601,584.5854,603.6196,617.2548,612.1177,582.6758,611.9323,641.6152,656.0975,649.7640,602.8300,649.1601,696.5904,702.1489,694.4733,632.1003,693.3980,756.4045,677.0635,669.3233,596.0842,668.0331,741.5171,686.0492,678.0130,604.6169,676.6600,749.5951,683.4987,675.4960,599.6863,674.0164,748.8018,649.9504,648.7039,546.9312,626.9790,762.4330,646.8797,653.6312,525.7482,617.2696,791.1804,650.7051,664.3164,503.5155,609.0007,829.5156,637.2500,658.1538,466.6859,579.3726,848.1310,636.3394,656.3289,460.5887,574.6736,858.6276,627.9582,646.6902,447.5731,557.3629,864.2802,606.0972,626.2657,419.9054,524.4934,866.3161,578.4218,601.2265,383.3363,483.6983,869.3762,11.00000000000,20,107
20,127,00485028,20127,Morris,Morris County,06,H1,G4020,,,,A,1800763909.00000000000,19710791.00000000000,+38.6876956,-096.6449046,20127,304.2003,303.3381,300.8825,303.3325,305.8491,257.8971,256.7718,252.0641,256.7689,261.3863,271.3598,269.6016,260.7133,269.6453,278.4437,323.5026,320.7232,305.2967,320.6320,336.2143,304.3215,301.2855,279.5143,301.0017,323.0388,318.2578,314.6586,286.3214,314.1484,342.8149,282.9462,279.5910,248.8899,279.0245,309.8676,246.0059,243.0559,216.6763,242.5568,268.7885,251.0708,247.9770,219.9889,247.4016,275.0400,255.3092,254.8416,214.8815,246.3129,299.4992,240.3155,242.7542,195.1934,229.2282,293.9119,232.1090,236.8990,179.4919,217.1509,295.8835,229.7762,237.2480,168.1629,208.8249,305.8088,223.5959,230.5585,161.7351,201.8499,301.6977,217.5500,223.9815,154.9558,193.0194,299.4169,207.9518,214.8182,143.9749,179.8866,297.2291,198.6419,206.4249,131.5588,166.0522,298.5586,11.00000000000,20,127
20,163,00485045,20163,Rooks,Rooks County,06,H1,G4020,,,,A,2306470146.00000000000,11962259.00000000000,+39.3460064,-099.3244921,20163,270.7193,269.9635,267.7841,269.9580,272.1883,273.3021,272.0782,267.0732,272.0774,276.9907,262.0118,260.4001,251.8346,260.4323,268.8999,360.3044,357.3259,340.1392,357.2163,374.5369,344.9469,341.6512,316.9759,341.3350,366.2588,387.3072,383.0892,348.6928,382.4991,417.2394,362.5844,358.3024,318.9740,357.5805,397.0852,348.5032,344.3736,307.0471,343.6766,380.7809,359.9107,355.6785,315.7427,354.8957,394.2953,322.2119,321.8154,271.5390,311.0976,378.0286,308.0952,311.3621,250.4927,294.0568,376.8310,319.4364,326.1641,247.2601,299.0211,407.2214,321.6653,332.2567,235.6375,292.5003,428.1155,313.8763,323.7791,227.2609,283.5141,423.5244,307.7636,316.9868,219.4310,273.2187,423.5890,294.5239,304.3655,204.1194,254.9212,420.9763,283.7403,294.9624,188.1058,237.3179,426.4679,11.00000000000,20,163
20,007,00484973,20007,Barber,Barber County,06,H1,G4020,,,,A,2937235546.00000000000,5420045.00000000000,+37.2229059,-098.6850520,20007,254.8707,254.1623,252.1121,254.1570,256.2541,223.9257,222.9308,218.8341,222.9295,226.9502,265.3422,263.6909,255.0128,263.7257,272.3071,332.1342,329.2642,313.4268,329.1717,345.1745,331.1328,327.7649,304.0746,327.4537,351.4566,360.5961,356.4055,324.2369,355.8059,388.3872,302.8438,299.1080,266.1349,298.4689,331.6418,277.6851,274.1357,244.1637,273.5274,303.3886,341.8542,337.4443,299.1559,336.6201,374.4663,354.3491,353.5968,298.0526,341.7352,415.6563,279.3145,281.9930,226.5968,266.2326,341.5832,282.8036,288.4794,218.4136,264.3766,360.4876,286.6243,295.7847,209.4934,260.2887,381.4537,278.8200,287.3468,201.4123,251.5054,376.1975,275.7414,283.7426,196.1404,244.4580,379.4943,267.2825,275.9663,184.8017,231.0325,382.0216,259.9661,270.0239,171.9452,217.1583,390.7210,11.00000000000,20,007
20,003,00484971,20003,Anderson,Anderson County,06,H1,G4020,,,,A,1501276302.00000000000,10586961.00000000000,+38.2151139,-095.2920464,20003,438.3754,437.1605,433.6359,437.1512,440.7554,401.0328,399.2398,391.8971,399.2383,406.4461,354.3421,352.1035,340.5082,352.1539,363.6244,397.6534,394.3080,375.3423,394.1910,413.3241,343.4743,340.0707,315.4989,339.7513,364.6148,392.1686,387.7364,352.8200,387.1083,422.4296,364.9765,360.5692,320.9055,359.8205,399.6936,355.4518,351.0548,312.8194,350.3061,388.3623,344.5760,340.2392,301.7447,339.4308,377.4609,296.6470,295.9141,249.3324,285.9598,347.9459,241.7360,244.0805,196.1570,230.4471,295.6314,228.6808,233.2947,176.6562,213.8109,291.5007,213.7847,220.6381,156.2909,194.1681,284.5171,197.0843,203.1326,142.4050,177.8038,265.9176,185.2218,190.6166,131.7874,164.2337,254.9166,167.9015,173.3750,116.1215,145.1532,239.9795,150.9630,156.8193,99.8770,126.1237,226.8936,11.00000000000,20,003
20,039,00484989,20039,Decatur,Decatur County,06,H1,G4020,,,,A,2314199313.00000000000,1631670.00000000000,+39.7835420,-100.4597084,20039,149.4696,149.0519,147.8485,149.0489,150.2806,110.3473,109.8686,107.8557,109.8672,111.8410,121.2989,120.5607,116.5969,120.5747,124.4923,145.9574,144.7287,137.7674,144.6858,151.7088,180.0785,178.2721,165.3891,178.1038,191.1477,204.4692,202.1847,183.9944,201.8622,220.2543,199.9105,197.6496,176.0441,197.2742,218.9440,198.3128,196.0127,174.8169,195.6263,216.6830,207.7282,205.1378,181.9533,204.6554,227.5559,230.6198,230.0985,193.9235,222.3712,270.5124,183.2118,185.0534,148.7809,174.7371,224.0697,187.8220,191.6776,145.2084,175.6921,239.4257,192.3544,198.5869,140.7370,174.7871,256.0022,194.3800,200.4096,140.5620,175.4458,262.2746,194.3645,200.0873,138.4004,172.4186,267.5045,188.6133,194.8190,130.5468,163.1303,269.5867,177.6794,184.6224,117.6423,148.5060,267.0508,11.00000000000,20,039
20,181,00485053,20181,Sherman,Sherman County,06,H1,G4020,,,,A,2735199253.00000000000,548248.00000000000,+39.3513521,-101.7198590,20181,313.9676,313.0816,310.5491,313.0756,315.6699,308.2367,306.8936,301.2679,306.8900,312.4074,329.5270,327.4646,316.6851,327.5093,338.1702,415.9401,412.4689,392.6298,412.3446,432.3494,399.3282,395.4397,366.8732,395.0709,423.9517,340.7046,337.0670,306.8492,336.5617,367.0563,365.4656,361.5064,322.1446,360.8596,400.2815,397.1327,392.4669,349.9679,391.6809,433.9166,433.9665,429.0416,381.0510,428.1344,475.4477,405.8689,405.3008,341.9159,391.7841,476.1609,386.3933,390.5689,314.2894,368.8857,472.6100,408.5904,417.2690,316.3980,382.5694,520.8850,417.5834,431.4005,306.0183,379.8062,555.7821,418.8626,432.1350,303.3746,378.4175,565.1912,427.1076,439.9504,304.5970,379.2217,587.8509,433.0047,447.4968,300.1342,374.8103,618.9147,423.4394,440.2032,280.7489,354.1813,636.4397,11.00000000000,20,181
20,069,00485001,20069,Gray,Gray County,06,H1,G4020,,,,A,2250356182.00000000000,1113338.00000000000,+37.7445134,-100.4517163,20069,325.1759,324.2532,321.6277,324.2473,326.9383,323.3349,321.8704,315.9406,321.8705,327.6940,334.4109,332.2572,321.3062,332.3095,343.1481,358.5518,355.4989,338.3998,355.3959,372.6583,290.2743,287.2877,266.5200,287.0136,308.0678,333.8905,330.0325,300.2585,329.4816,359.6299,314.1610,310.3592,276.2114,309.7129,344.0435,330.2363,325.9089,290.1700,325.1637,360.7980,363.4496,358.6334,317.8097,357.7307,398.1063,308.4196,307.3972,258.7584,296.9863,361.6912,261.0028,263.3136,211.4046,248.5377,319.1580,250.2275,255.0525,192.9097,233.6751,318.9392,232.6500,239.8939,169.7158,211.0335,309.6051,216.4503,222.8914,156.0502,195.0189,292.0294,207.3010,213.1462,147.1597,183.5666,285.2883,193.3470,199.4746,133.4093,166.9312,276.3362,173.0176,179.5747,114.1925,144.3595,260.0315,11.00000000000,20,069
20,009,00484974,20009,Barton,Barton County,06,H1,G4020,,24460,,A,2319075093.00000000000,13557185.00000000000,+38.4812394,-098.7678374,20009,1351.7247,1347.9621,1337.0857,1347.9342,1359.0611,1225.3230,1219.9479,1197.5657,1219.9361,1241.8925,1352.3856,1343.8490,1299.5957,1344.0405,1387.8165,1612.0539,1598.3167,1521.4392,1597.8543,1675.4698,1365.0241,1351.5275,1253.8754,1350.2591,1449.0598,1376.7842,1361.5222,1239.1044,1359.3735,1483.1077,1141.2708,1127.9218,1004.2327,1125.6787,1249.8801,1249.3428,1234.0225,1099.7521,1231.4184,1365.0244,1393.7890,1377.0275,1222.0325,1373.9189,1526.9012,1196.0080,1193.5959,1006.2238,1153.5906,1402.9643,1055.8433,1066.7146,857.8710,1007.3272,1291.3481,1062.1850,1084.2532,821.6554,993.9192,1354.0500,1033.7652,1067.5280,756.8180,939.6893,1375.8493,993.6676,1024.7573,719.0112,897.2156,1340.7676,980.2824,1009.4015,698.4749,869.9230,1349.1862,949.2748,980.7436,657.4484,821.3166,1356.8236,920.0207,956.1769,609.5160,769.2134,1382.7970,11.00000000000,20,009
20,025,00484982,20025,Clark,Clark County,06,H1,G4020,,,,A,2524286181.00000000000,6604959.00000000000,+37.2338311,-099.8138686,20025,114.8614,114.5503,113.6305,114.5475,115.4860,111.5357,111.0328,108.9885,111.0327,113.0401,127.9534,127.1259,122.9351,127.1463,131.2945,147.6748,146.3824,139.3415,146.3424,153.4624,132.3045,130.9750,121.5097,130.8512,140.4356,186.4900,184.3513,167.7302,184.0466,200.8711,195.9794,193.5561,172.2137,193.1412,214.6148,189.4774,187.1141,166.7151,186.7111,207.0195,201.6462,198.9916,176.3580,198.4944,220.8763,163.0704,162.6980,137.1158,157.2331,191.2774,189.2507,191.0995,153.5910,180.4295,231.4467,194.6692,198.6114,150.4078,182.0293,248.1476,195.9936,202.2927,143.3119,178.0296,260.8411,204.1027,210.3826,147.5044,184.1563,275.3887,212.0720,218.2657,150.9211,188.0628,291.8713,213.0354,219.9975,147.3668,184.1936,304.4901,212.7674,221.0378,140.7961,177.7791,319.7852,11.00000000000,20,025
20,169,00485047,20169,Saline,Saline County,06,H1,G4020,,41460,,A,1865373525.00000000000,2809945.00000000000,+38.7863268,-097.6501534,20169,3452.3152,3442.6275,3414.8091,3442.5598,3471.0414,3102.3383,3088.6554,3031.9497,3088.6307,3144.2685,3234.1243,3213.9058,3108.1152,3214.3410,3318.9648,3654.7089,3623.8837,3449.5794,3622.8136,3798.6833,3399.7980,3366.7086,3123.4995,3363.5693,3609.4480,3173.5904,3138.6059,2856.5307,3133.6900,3418.7310,2979.5920,2945.1162,2622.4863,2939.3452,3263.1888,2974.3815,2938.3895,2619.1537,2932.2882,3249.8192,3267.9638,3228.3469,2864.6468,3220.9929,3580.0285,2882.7155,2877.1596,2425.7466,2780.7966,3381.6009,2666.3547,2693.1428,2165.2429,2543.0013,3260.9743,2657.9330,2712.4702,2054.8511,2486.2480,3388.1915,2545.4080,2627.8696,1862.3399,2312.9257,3387.6517,2444.2621,2520.0525,1767.4682,2206.1339,3298.0107,2353.3000,2422.5383,1675.6171,2087.5222,3238.8499,2257.6728,2331.8802,1562.4941,1952.5518,3226.9067,2128.8127,2211.9064,1409.3321,1779.1671,3199.5839,11.00000000000,20,169
20,095,00485012,20095,Kingman,Kingman County,06,H1,G4020,,,,A,2236099115.00000000000,8536481.00000000000,+37.5529509,-098.1445285,20095,414.3628,413.2158,409.8850,413.2069,416.6127,382.4182,380.7296,373.7386,380.7267,387.5863,392.9886,390.5124,377.6538,390.5676,403.2870,504.7648,500.5369,476.4618,500.3871,524.6685,497.6811,492.8714,457.2697,492.4132,528.3933,537.9007,532.0399,484.2679,531.2198,579.4703,469.9796,464.5026,413.5826,463.5834,514.7077,450.7813,445.2812,396.8591,444.3472,492.5225,413.4743,408.3361,362.2047,407.3796,452.9426,350.4611,349.7072,294.7647,337.9735,411.0932,383.4827,387.3407,311.4206,365.7483,469.0035,382.3013,390.1515,295.5680,357.6146,487.3380,372.9332,385.0198,272.8640,338.8780,496.3325,365.9218,377.2719,264.6079,330.2773,493.7338,353.4475,363.8498,251.6704,313.5338,486.4505,332.6054,343.5389,230.1921,287.6557,475.3952,319.5030,331.9721,211.5161,267.0239,480.2097,11.00000000000,20,095
20,079,00485005,20079,Harvey,Harvey County,06,H1,G4020,556,48620,,A,1397957172.00000000000,2507542.00000000000,+38.0501436,-097.4367065,20079,1760.2574,1755.4037,1741.2637,1755.3652,1769.8178,1689.7538,1682.2481,1651.3347,1682.2383,1712.5769,1956.3736,1944.1548,1880.1626,1944.4167,2007.7015,2106.0832,2088.4160,1987.9660,2087.7928,2189.1123,1763.9379,1746.8256,1620.6408,1745.1989,1872.7485,1779.7129,1759.9876,1601.7448,1757.2106,1917.1540,1885.7287,1863.1337,1658.3405,1859.3055,2065.1227,2091.2727,2065.2401,1840.1397,2060.8017,2284.8893,2270.4138,2242.1225,1988.7414,2236.8546,2487.1272,2080.1791,2075.7410,1749.6565,2006.1039,2440.0727,1896.0824,1914.4045,1538.4608,1807.4525,2318.8065,1918.8110,1957.4612,1482.1723,1793.9606,2445.9109,1850.4027,1909.6552,1352.6540,1680.5281,2462.6166,1780.4705,1835.0355,1286.3644,1606.1932,2402.3078,1753.6980,1804.6989,1247.6400,1554.8822,2413.5690,1708.9689,1764.6053,1181.7982,1477.3329,2442.6031,1635.8697,1699.2578,1082.1619,1366.6170,2458.6669,11.00000000000,20,079
20,061,00484999,20061,Geary,Geary County,06,H1,G4020,,31740,,A,996156662.00000000000,51455057.00000000000,+39.0021553,-096.7680381,20061,785.7687,783.5582,777.2237,783.5430,790.0301,692.7378,689.5809,676.8665,689.5824,702.0716,913.4927,907.5008,877.5655,907.6562,937.2984,1326.4610,1314.4481,1251.2224,1314.1161,1378.1890,1743.6266,1724.5124,1599.7458,1722.8212,1849.7350,3003.5027,2965.3374,2695.6095,2959.7239,3234.0342,2702.8375,2665.7073,2368.4648,2659.1450,2959.4194,2666.1506,2628.0153,2336.6290,2621.3447,2912.7031,2879.3756,2837.9395,2511.5244,2830.1102,3153.5403,3006.8989,2994.0555,2517.5579,2891.8769,3525.5656,2334.1192,2352.3074,1886.2294,2219.5410,2853.7920,2405.7337,2449.9233,1850.8193,2243.8277,3066.0755,2457.1460,2531.7172,1789.1501,2226.4148,3269.7405,2468.0218,2539.8644,1776.5602,2221.6194,3329.6504,2480.4966,2549.2104,1758.7145,2194.9396,3413.5685,2423.9617,2499.9448,1671.0487,2091.7406,3464.3262,2383.1814,2473.0696,1572.1421,1987.9096,3581.7038,11.00000000000,20,061
20,171,00485048,20171,Scott,Scott County,06,H1,G4020,,,,A,1858430303.00000000000,306079.00000000000,+38.4818768,-100.9063604,20171,298.9150,298.0496,295.6273,298.0449,300.5326,285.9037,284.6362,279.4070,284.6344,289.7660,262.5507,260.8751,252.2803,260.9144,269.4190,268.7435,266.5089,253.6902,266.4280,279.3509,274.8520,272.1966,252.5350,271.9435,291.8138,300.6477,297.3460,270.6307,296.8827,323.8746,297.3151,293.9562,261.8264,293.3987,325.6229,318.8611,315.0227,280.8177,314.3727,348.3899,379.5167,374.9501,332.7439,374.1031,415.7618,342.0035,341.5848,288.2218,330.2092,401.2493,294.1970,297.3051,239.1729,280.7776,359.8302,307.5712,314.0358,238.0527,287.8976,392.0939,322.1621,332.7519,235.9708,292.9296,428.7750,327.6749,337.9842,237.2017,295.9411,442.1408,335.6571,345.6777,239.2512,297.9324,461.9770,339.5048,350.7982,235.2026,293.7895,485.2659,334.9753,348.1695,221.9752,280.1038,503.4719,11.00000000000,20,171
20,089,00485009,20089,Jewell,Jewell County,06,H1,G4020,,,,A,2356321996.00000000000,11859548.00000000000,+39.7770098,-098.2225842,20089,139.7587,139.3743,138.2522,139.3712,140.5179,119.5371,119.0188,116.8384,119.0172,121.1553,124.6801,123.8930,119.8131,123.9106,127.9465,157.7431,156.3832,148.8613,156.3390,163.9385,168.0217,166.3457,154.3254,166.1890,178.3560,199.1788,197.0178,179.3335,196.7159,214.5742,213.1491,210.7494,187.7217,210.3516,233.4442,202.0808,199.6441,177.9629,199.2314,220.7946,234.5364,231.6970,205.5983,231.1700,256.9332,230.8652,230.4786,194.3734,222.7750,270.8331,215.8912,218.1795,175.5259,206.0530,264.0562,224.1387,228.8641,173.5031,209.8199,285.7354,232.2943,239.9466,170.1746,211.2370,309.1688,240.7849,248.3778,174.3327,217.4882,324.8992,247.7393,255.1575,176.6238,219.9241,340.9743,246.0722,254.2842,170.5212,212.9712,351.7214,239.3166,248.7707,158.6354,200.1488,359.6975,11.00000000000,20,089
20,205,00485063,20205,Wilson,Wilson County,06,H1,G4020,,,,A,1477377048.00000000000,12057368.00000000000,+37.5585146,-095.7451749,20205,436.5242,435.3185,431.8110,435.3091,438.8947,422.0562,420.1994,412.4872,420.1957,427.7619,446.9333,444.1536,429.5368,444.2121,458.6657,446.0405,442.4143,421.1352,442.2745,463.6988,390.4671,386.6703,358.7378,386.3099,414.5477,417.0682,412.3435,375.2040,411.6733,449.2472,405.7252,400.8731,356.8179,400.0515,444.3239,383.7256,378.9712,337.6875,378.1613,419.2535,374.5821,370.0231,328.3184,369.1764,410.3495,331.4230,330.6990,278.7322,319.6001,388.7586,301.7369,304.7335,244.9677,287.7340,369.0212,297.5799,303.6563,230.0077,278.3211,379.3354,283.3006,292.4559,207.2374,257.3974,377.0392,271.2799,279.6782,196.1418,244.8339,366.0332,267.6685,275.5365,190.5749,237.4293,368.3920,261.5251,270.1192,180.9932,226.1779,373.7994,248.0437,257.7280,164.2161,207.3070,372.8073,11.00000000000,20,205
24,003,01710958,24003,Anne Arundel,Anne Arundel County,06,H1,G4020,548,12580,,A,1074590684.00000000000,447805092.00000000000,+38.9933743,-076.5605111,24003,38662.0867,38554.8210,38243.9162,38554.0073,38871.9730,36250.4432,36090.4060,35427.7242,36090.1274,36740.3494,37735.7800,37498.8761,36264.3175,37504.0684,38725.1396,46508.4299,46115.3295,43897.2371,46101.7705,48340.0642,48370.0627,47892.9810,44432.6635,47848.0771,51348.6658,46442.5455,45931.6647,41804.3529,45859.9342,50030.2665,47532.0974,46971.2969,41816.0605,46876.7789,52054.9458,48984.8480,48382.2954,43116.0962,48279.8092,53520.4384,52402.9160,51752.9159,45907.4108,51631.9452,57405.1927,50632.4418,50520.0315,42579.4866,48823.9961,59391.3408,49509.4866,49995.8090,40185.3099,47205.1382,60548.7180,49952.6476,50966.7793,38599.4919,46712.4053,63675.6653,49601.4669,51197.8364,36272.7301,45057.9589,66013.0442,49281.3864,50799.7764,35619.0677,44467.8862,66493.8574,48831.0657,50259.0027,34753.7848,43305.0531,67205.5562,47813.0551,49376.9698,33076.9985,41341.6022,68338.9868,46337.7797,48139.9790,30665.2864,38719.0818,69644.8135,11.00000000000,24,003
31,107,00835875,31107,Knox,Knox County,06,H1,G4020,,,,A,2870614119.00000000000,81251119.00000000000,+42.6344045,-097.8913492,31107,400.3660,399.2502,396.0281,399.2420,402.5388,388.2563,386.5063,379.3902,386.5058,393.4931,379.4306,377.0068,364.5854,377.0639,389.3551,432.8613,429.0720,408.4338,428.9548,449.8252,380.6073,376.8313,349.6029,376.4772,404.0304,500.5599,494.9777,450.4518,494.1902,539.2065,505.0504,499.0660,444.2692,498.0559,553.1048,472.7371,467.1079,416.4509,466.1568,516.5195,479.5713,473.7235,420.3197,472.6373,525.3625,475.6892,474.8325,400.3911,458.9455,558.0269,394.5139,398.4831,320.3792,376.2695,482.4948,404.1622,412.4625,312.4714,378.0654,515.2053,414.2525,427.6840,303.1059,376.4313,551.3246,418.1932,431.1724,302.4201,377.4667,564.2637,425.9597,438.5046,303.3173,377.8683,586.2499,416.2596,429.9544,288.1082,360.0187,594.9636,399.1733,414.7661,264.2848,333.6259,599.9542,11.00000000000,31,107
31,127,00835885,31127,Nemaha,Nemaha County,06,H1,G4020,,,,A,1055115270.00000000000,5755196.00000000000,+40.3874479,-095.8509538,31127,338.4621,337.5076,334.7778,337.5011,340.2973,291.7412,290.4579,285.1271,290.4554,295.6853,324.7910,322.6629,312.0198,322.7179,333.2564,460.5005,456.5033,434.5457,456.3762,478.5693,450.7331,446.0931,413.8453,445.6673,478.3609,288.1342,284.8376,259.1617,284.3684,310.3558,252.1675,249.2096,221.8736,248.7121,276.1641,389.9823,385.0196,342.9464,384.1698,426.0818,434.7417,429.2232,380.6130,428.1935,476.2260,374.7122,373.6700,314.7368,361.0686,439.4826,387.6542,391.3007,314.3641,369.4091,474.0640,398.1023,406.0162,307.3276,372.0670,507.4488,386.4031,398.6786,282.2954,350.8072,514.2376,373.5406,384.9069,269.7372,336.8739,503.9941,371.6742,382.4099,264.2933,329.4447,511.5196,377.0600,389.2669,260.6259,325.8669,538.9212,374.5618,389.0177,247.6771,312.8404,562.9524,11.00000000000,31,127
31,123,00835883,31123,Morrill,Morrill County,06,H1,G4020,,,,A,3687723807.00000000000,15598670.00000000000,+41.7322051,-102.9905986,31123,254.5230,253.7894,251.7285,253.7853,255.9008,269.9668,268.7914,263.8647,268.7882,273.6200,279.1320,277.3786,268.2464,277.4171,286.4498,306.3714,303.8299,289.2162,303.7373,318.4679,302.2766,299.3497,277.7262,299.0712,320.9266,341.0161,337.2726,306.9710,336.7474,367.3621,316.5064,312.8284,278.5448,312.2118,346.6295,312.2959,308.4268,274.8282,307.7677,341.2103,334.2786,330.1950,292.9638,329.4363,366.1958,296.9600,296.3711,249.8561,286.4405,348.3481,331.9695,335.2807,269.5375,316.5816,405.9976,335.2382,342.0936,259.1324,313.5548,427.3410,333.1785,343.9485,243.7283,302.7182,443.4211,336.8662,347.2893,243.5526,304.0192,454.5271,340.8986,350.9084,242.6946,302.3727,469.1776,335.5706,346.5831,232.2115,290.1970,479.6321,331.0969,344.0053,219.1679,276.6973,497.6344,11.00000000000,31,123
31,079,00835861,31079,Hall,Hall County,06,H1,G4020,,24260,,A,1414881257.00000000000,15166027.00000000000,+40.8660232,-098.4980036,31079,3617.6598,3607.5225,3578.3791,3607.4508,3637.2848,3772.3918,3755.5183,3686.4440,3755.5046,3823.3111,3927.0678,3902.3046,3773.8061,3902.8575,4029.9668,4655.9680,4616.6883,4394.6313,4615.3259,4839.3803,4305.4761,4262.9635,3954.9558,4258.9648,4570.5740,4853.9875,4800.0535,4368.3882,4792.4540,5228.8049,4791.9555,4735.3636,4215.5950,4725.8224,5247.9207,5109.8816,5046.6740,4497.0137,5035.9110,5582.9939,5701.5049,5630.6250,4994.4815,5617.4305,6245.7397,5333.4972,5321.4254,4484.8035,5142.7149,6256.0823,5719.9916,5776.4114,4643.1481,5454.0554,6995.4279,5947.7228,6068.7082,4596.3468,5562.2128,7581.7127,6029.5419,6223.8286,4409.7018,5477.5255,8024.5496,6210.0574,6401.6194,4488.8289,5603.7855,8379.0599,6487.4917,6677.4198,4617.6251,5753.6059,8928.6673,6597.3283,6813.3239,4564.3823,5704.6415,9429.5460,6648.2620,6907.0140,4399.9952,5555.4028,9992.2244,11.00000000000,31,079
31,175,00835909,31175,Valley,Valley County,06,H1,G4020,,,,A,1471237329.00000000000,6242700.00000000000,+41.5640938,-098.9834841,31175,218.7242,218.1044,216.3388,218.1004,219.9097,234.1393,233.0749,228.7789,233.0752,237.2948,215.8095,214.4488,207.3873,214.4792,221.4643,239.1124,237.1395,225.7335,237.0665,248.5601,202.6316,200.6589,186.1633,200.4717,215.1266,282.5128,279.4303,254.3374,278.9987,304.3445,305.4013,301.8408,268.7511,301.2432,334.4662,292.3010,288.7420,257.3503,288.1379,319.3678,314.7628,310.8931,275.8131,310.1736,344.8136,313.4645,312.8310,263.7212,302.3456,367.7058,272.6667,275.4253,221.4557,260.0764,333.4768,279.8927,285.6563,216.4214,261.8394,356.7948,284.3212,293.5514,208.0558,258.3772,378.4012,284.5670,293.4115,205.8088,256.8699,383.9644,290.7421,299.3171,207.0532,257.9326,400.1505,283.2287,292.5599,196.0558,244.9780,404.8222,271.2183,281.8271,179.5937,226.6996,407.6398,11.00000000000,31,175
31,119,00835880,31119,Madison,Madison County,06,H1,G4020,,35740,,A,1483396470.00000000000,7013733.00000000000,+41.9099293,-097.6068564,31119,1795.8353,1790.8289,1776.3751,1790.7921,1805.5811,1839.8549,1831.6438,1797.9646,1831.6358,1864.6943,1932.0592,1920.0687,1856.8866,1920.3184,1982.7921,2345.2950,2325.4164,2213.5665,2324.7365,2437.6239,2290.7265,2268.1599,2104.2854,2266.0344,2431.8061,2184.2021,2160.0007,1965.7967,2156.5940,2352.8825,1808.7369,1787.6852,1591.7389,1784.1540,1980.8778,1944.5296,1920.8403,1711.9953,1916.8190,2124.5904,2127.2346,2101.5509,1864.9007,2096.7854,2330.3815,2018.7173,2014.9705,1698.9688,1947.5231,2368.1133,1841.6452,1860.3359,1495.8581,1756.6811,2252.3783,1871.2488,1909.8405,1447.0080,1750.6253,2385.3921,1853.8239,1914.0689,1356.6665,1684.7427,2467.2479,1821.0060,1877.6592,1317.1113,1643.8371,2457.0763,1798.6814,1851.7877,1281.0384,1595.7773,2475.5424,1754.0291,1811.8627,1214.2507,1517.2010,2507.0583,1710.7352,1777.6787,1132.8539,1429.9634,2571.2282,11.00000000000,31,119
31,061,00835852,31061,Franklin,Franklin County,06,H1,G4020,,,,A,1491356076.00000000000,487899.00000000000,+40.1832031,-098.9620800,31061,147.4663,147.0684,145.8883,147.0647,148.2684,118.5574,118.0308,115.8618,118.0301,120.1587,139.5362,138.6891,134.1297,138.7050,143.2109,147.1114,145.8851,138.8683,145.8411,152.9160,150.0038,148.5692,137.8389,148.4317,159.2706,201.2543,199.2365,181.4586,198.9629,216.8583,164.3902,162.6042,144.8949,162.3122,180.0502,125.6105,124.1776,110.7736,123.9378,137.2475,130.2993,128.7649,114.3047,128.4810,142.7474,98.0712,97.9534,82.6531,94.6919,115.0608,111.1396,112.3609,90.4356,106.1292,135.9417,117.2168,119.7290,90.8080,109.7802,149.4347,113.9676,117.7608,83.5572,103.6853,151.6870,114.1383,117.7753,82.7034,103.1431,154.0141,113.0922,116.5105,80.6840,100.4351,155.6563,104.2782,107.7786,72.2980,90.2765,149.0507,99.2050,103.1365,65.7820,82.9838,149.1078,11.00000000000,31,061
31,125,00835884,31125,Nance,Nance County,06,H1,G4020,,,,A,1143824006.00000000000,17088375.00000000000,+41.4023855,-097.9914083,31125,167.7417,167.2746,165.9248,167.2711,168.6520,177.6537,176.8838,173.6435,176.8814,180.0587,197.6899,196.4313,189.9604,196.4605,202.8631,206.0195,204.2465,194.4224,204.1886,214.1129,194.6614,192.7184,178.7923,192.5369,206.6334,229.3693,226.8376,206.4491,226.4817,247.0857,207.7872,205.3552,182.8343,204.9464,227.5611,204.7478,202.3052,180.3611,201.8924,223.7101,197.4455,195.0578,173.0889,194.6146,216.3007,163.2480,162.8980,137.3063,157.4327,191.4913,168.6529,170.3673,136.9915,160.8756,206.2671,167.0682,170.5166,129.1962,156.3023,212.9721,159.3585,164.5404,116.6272,144.8279,212.0900,157.7091,162.6188,114.0747,142.3695,212.7966,156.5313,161.1554,111.4874,138.8766,215.4358,148.3500,153.2411,102.6969,128.3196,212.0386,140.8854,146.3962,93.2908,117.7601,211.7500,11.00000000000,31,125
31,085,00835864,31085,Hayes,Hayes County,06,H1,G4020,,,,A,1846821508.00000000000,570786.00000000000,+40.5357859,-101.0555802,31085,21.1535,21.0926,20.9214,21.0923,21.2680,25.4783,25.3636,24.8966,25.3635,25.8220,21.1905,21.0570,20.3636,21.0599,21.7458,21.1950,21.0164,20.0055,21.0102,22.0301,33.3619,33.0111,30.6241,32.9793,35.4020,37.1160,36.7241,33.4346,36.6699,39.9880,23.4550,23.1864,20.6489,23.1417,25.6878,20.0774,19.8345,17.6797,19.7933,21.9366,16.1196,15.9193,14.1208,15.8820,17.6583,21.7806,21.7573,18.3617,21.0337,25.5545,16.0164,16.1864,13.0223,15.2869,19.5896,13.8770,14.1719,10.7461,12.9934,17.6909,14.0902,14.5561,10.3251,12.8150,18.7533,12.8035,13.2094,9.2737,11.5675,17.2764,12.0974,12.4616,8.6282,10.7417,16.6503,10.9549,11.3224,7.5949,9.4837,15.6584,9.6801,10.0644,6.4199,8.0981,14.5495,11.00000000000,31,085
31,067,00835855,31067,Gage,Gage County,06,H1,G4020,,13100,,A,2205352156.00000000000,21928736.00000000000,+40.2552337,-096.6834528,31067,1268.5854,1265.0585,1254.8532,1265.0321,1275.4712,1214.0040,1208.6512,1186.4619,1208.6414,1230.4126,1252.0329,1244.1641,1203.2011,1244.3373,1284.8540,1406.4785,1394.5971,1327.5187,1394.1866,1461.8738,1328.1016,1314.9340,1219.9226,1313.6985,1409.8403,1364.0466,1348.9715,1227.7112,1346.8513,1469.3998,1268.9395,1253.7206,1115.9004,1251.1413,1389.6552,1197.9048,1182.9960,1054.0584,1180.4542,1308.8107,1248.9342,1233.3227,1093.8957,1230.4149,1368.1403,1097.6708,1094.9743,922.6220,1058.1444,1287.4938,1019.9222,1029.8078,827.6063,972.2848,1247.3148,995.1539,1015.2267,768.7482,930.4375,1268.5272,942.0870,972.2839,688.7217,855.6371,1253.7834,895.0571,922.5209,646.7237,807.4891,1207.6629,855.9023,880.8266,608.9755,758.9109,1177.9588,795.6653,821.5993,550.2784,687.8582,1137.2343,743.6226,772.4664,491.9739,621.2633,1117.6460,11.00000000000,31,067
31,185,00835914,31185,York,York County,06,H1,G4020,,,,A,1482793088.00000000000,8596028.00000000000,+40.8730557,-097.5967418,31185,655.7992,653.9486,648.6589,653.9362,659.3549,604.3148,601.5945,590.5204,601.5935,612.4668,599.4162,595.6085,575.9895,595.6962,615.1068,790.4399,783.5586,745.8698,783.3419,821.4418,798.1116,790.1504,733.0533,789.4061,847.2000,756.8800,748.7042,681.5230,747.5636,815.3932,675.1819,667.3548,594.2346,666.0437,739.4439,782.7745,773.2438,689.1776,771.6262,855.2587,1051.3906,1038.8925,922.1066,1036.5777,1151.8202,1038.9003,1036.9164,874.2465,1002.1925,1218.6978,896.9943,906.3256,728.9738,855.8971,1097.0835,969.3399,989.5442,749.9489,907.1231,1235.7010,1021.8373,1055.2410,748.1376,928.8851,1359.9771,1058.1220,1091.2259,765.6456,955.4104,1427.7365,1095.1825,1127.6919,780.3041,971.8587,1507.3241,1113.7225,1150.6016,771.2688,963.5459,1591.8701,1138.9078,1183.6073,754.4242,952.1488,1711.7820,11.00000000000,31,185
31,117,00835881,31117,McPherson,McPherson County,06,H1,G4020,,35820,,A,2224737034.00000000000,2680669.00000000000,+41.5964727,-101.0602369,31117,31.9034,31.8095,31.5502,31.8090,32.0758,24.5821,24.4662,24.0131,24.4666,24.9122,25.0409,24.8828,24.0633,24.8863,25.6969,19.0270,18.8804,17.9723,18.8739,19.7854,11.0087,10.8920,10.1043,10.8814,11.6812,19.5432,19.3027,17.5519,19.2676,21.0455,23.0510,22.7598,20.2447,22.7096,25.2422,24.7278,24.4066,21.7330,24.3514,27.0164,22.3266,22.0473,19.5547,21.9953,24.4575,8.3068,8.2925,6.9930,8.0152,9.7448,13.8387,13.9731,11.2298,13.1927,16.9240,15.0373,15.3411,11.6171,14.0601,19.1681,13.2136,13.6388,9.6629,12.0032,17.5856,12.9979,13.3992,9.3959,11.7293,17.5377,13.9795,14.3892,9.9510,12.3987,19.2399,14.2419,14.7088,9.8544,12.3156,20.3560,13.8686,14.4093,9.1802,11.5900,20.8444,11.00000000000,31,117
31,135,00835889,31135,Perkins,Perkins County,06,H1,G4020,,,,A,2287828141.00000000000,2840176.00000000000,+40.8560651,-101.6364427,31135,138.0495,137.6578,136.5431,137.6553,138.7977,151.0183,150.3570,147.5991,150.3555,153.0608,155.8254,154.8278,149.7261,154.8515,159.9000,184.0923,182.5412,173.7612,182.4872,191.3455,161.6083,160.0492,148.4886,159.9005,171.5830,156.8259,155.0900,141.1471,154.8458,168.9377,153.1127,151.2816,134.6559,150.9715,167.6791,147.8851,146.0483,130.1339,145.7353,161.5770,150.1874,148.3748,131.6674,148.0385,164.5301,154.6268,154.3351,130.1268,149.1678,181.3882,112.1112,113.2273,91.0233,106.9118,137.1112,109.7162,111.9576,84.8046,102.6169,139.8591,106.8608,110.3153,78.1718,97.0915,142.2191,97.8726,100.8977,70.7559,88.3252,132.0573,91.5299,94.2131,65.1547,81.1802,125.9720,85.4692,88.2680,59.1330,73.9050,122.1610,78.6169,81.6756,52.0288,65.6923,118.1598,11.00000000000,31,135
31,149,00835896,31149,Rock,Rock County,06,H1,G4020,,,,A,2611532223.00000000000,8807750.00000000000,+42.4133245,-099.4585300,31149,50.7324,50.5878,50.1778,50.5869,51.0072,44.8877,44.6838,43.8602,44.6838,45.4927,68.1944,67.7590,65.5265,67.7692,69.9782,53.9313,53.4481,50.8772,53.4342,56.0378,42.1062,41.6977,38.6856,41.6589,44.7036,49.3776,48.8185,44.4216,48.7392,53.1874,50.7218,50.1065,44.5921,50.0018,55.5462,48.7017,48.0896,42.8423,47.9851,53.2103,47.4528,46.8188,41.4840,46.6999,51.9771,35.8246,35.7465,30.1294,34.5469,42.0223,32.3490,32.6562,26.2381,30.8301,39.5603,30.5926,31.2036,23.6219,28.5955,38.9958,27.8433,28.7306,20.3463,25.2818,37.0551,26.6789,27.4932,19.2693,24.0632,35.9964,25.2269,25.9579,17.9425,22.3635,34.7190,22.7541,23.4929,15.7315,19.6674,32.5219,20.7266,21.5286,13.7089,17.3137,31.1515,11.00000000000,31,149
31,109,00835876,31109,Lancaster,Lancaster County,06,H1,G4020,,30700,,A,2169240553.00000000000,22876822.00000000000,+40.7835474,-096.6886584,31109,16324.9341,16279.1185,16147.5711,16278.7986,16413.4835,17811.3028,17731.9147,17405.9246,17731.8304,18051.7978,19588.6514,19465.2489,18824.3078,19467.9940,20101.9900,23303.7947,23107.6298,21996.1833,23100.7804,24222.0792,19828.6043,19630.3173,18211.7675,19611.8069,21047.8504,20640.9808,20410.5003,18574.2762,20377.9689,22234.5155,20526.3361,20282.8495,18055.5806,20241.7370,22479.3396,27734.9717,27393.1059,24410.7841,27334.9344,30302.9585,30550.5177,30172.9973,26766.4115,30102.7677,33466.9827,29356.3958,29292.3457,24689.3633,28309.2600,34435.0266,32218.8060,32537.4122,26154.7292,30721.8942,39403.0447,33330.1239,34008.9351,25758.6676,31170.8260,42486.8521,33601.5502,34685.0944,24575.8773,30526.2913,44719.4410,34385.3871,35446.8801,24856.2518,31029.4552,46395.3293,35882.1780,36933.4420,25541.3447,31824.0557,49384.3304,36726.0847,37929.2068,25410.3243,31757.5625,52492.5593,37234.4127,38684.2203,24643.8512,31114.5005,55962.7261,11.00000000000,31,109
31,001,00835823,31001,Adams,Adams County,06,H1,G4020,,25580,,A,1458868867.00000000000,2481482.00000000000,+40.5206322,-098.5000441,31001,1749.4704,1744.5631,1730.4670,1744.5287,1758.9603,1720.7002,1713.0187,1681.5195,1713.0114,1743.9303,1785.1022,1773.8758,1715.4709,1774.1237,1831.8932,1997.6645,1980.7073,1885.4374,1980.1298,2076.2919,2044.6960,2024.3982,1878.1219,2022.4952,2170.5212,1459.8458,1443.7677,1314.0217,1441.5092,1572.6143,1287.5524,1272.0175,1132.1033,1269.3793,1410.0280,1938.7427,1914.9833,1706.6345,1910.9452,2118.2594,1971.6050,1946.7695,1726.4916,1942.1395,2159.7642,1805.8221,1801.7984,1518.5847,1741.3054,2118.2075,1674.1302,1690.3845,1358.5058,1595.9716,2047.3836,1658.9760,1692.4641,1281.5903,1551.1225,2114.7075,1617.5091,1669.3777,1182.5336,1469.1075,2152.6757,1570.8828,1619.0987,1135.0681,1417.2147,2119.5274,1521.0610,1565.3634,1082.2514,1348.7041,2093.4022,1511.0684,1560.3290,1045.0629,1306.3399,2159.7517,1519.2561,1578.1962,1005.1454,1269.2837,2283.4043,11.00000000000,31,001
17,183,01785114,17183,Vermilion,Vermilion County,06,H1,G4020,,19180,,A,2326763569.00000000000,7534481.00000000000,+40.1867398,-087.7267715,17183,4344.3217,4332.2511,4297.3068,4332.1605,4367.9035,4380.0519,4360.6312,4280.5178,4360.6034,4439.2221,4076.9697,4051.5089,3918.1533,4052.0543,4183.9356,4224.2184,4189.2674,3987.7709,4187.9844,4391.0613,4059.8717,4020.4347,3730.0075,4016.6886,4310.2759,4430.2453,4381.2850,3987.4486,4374.3994,4772.4193,3917.6226,3871.1401,3446.0386,3863.2910,4290.3684,3712.7727,3666.7781,3267.3409,3658.9439,4056.5259,3875.6427,3827.2524,3394.6376,3818.2400,4245.5652,3468.2314,3460.4163,2916.4112,3344.2139,4068.1724,2702.0301,2728.2640,2192.6150,2575.8825,3304.4572,2577.6347,2629.6485,1991.2392,2410.0341,3285.7255,2418.2449,2495.7545,1767.8763,2196.3329,3218.3384,2227.8314,2296.1479,1609.6478,2009.8180,3005.9154,2058.8452,2118.7258,1464.7415,1825.4418,2833.5356,1842.9964,1902.9612,1274.4199,1593.1503,2634.1642,1642.8620,1706.4627,1086.6834,1372.3867,2469.1725,11.00000000000,17,183
17,177,01785076,17177,Stephenson,Stephenson County,06,H1,G4020,466,23300,,A,1462107736.00000000000,1385932.00000000000,+42.3497262,-089.6659942,17177,2730.9934,2723.4340,2701.4814,2723.3756,2745.8219,2293.6165,2283.5336,2241.6269,2283.5130,2324.6258,2043.3608,2030.8325,1964.0402,2031.0790,2097.1023,2224.5261,2206.2223,2100.1071,2205.5397,2312.4526,2098.1460,2077.8290,1927.7368,2075.8954,2227.5973,2275.6246,2250.7486,2048.6015,2247.2636,2451.4638,1812.1588,1791.0931,1594.7961,1787.5609,1984.6284,1705.4504,1684.8647,1501.8673,1681.3769,1863.3837,1778.6365,1757.5046,1559.9484,1753.5911,1948.5344,1558.1923,1555.2081,1311.2212,1503.1255,1827.8591,1166.7049,1178.5780,947.7012,1112.9196,1426.9146,1132.0990,1155.4789,875.4909,1059.1626,1443.1578,1067.1627,1101.8786,781.0324,969.8748,1420.2863,973.4779,1003.8057,704.1770,878.8199,1313.5137,890.6515,916.9966,634.4155,790.2412,1225.8160,786.5701,812.5549,544.6027,680.4307,1124.2592,703.3202,730.8905,465.8270,587.9483,1057.0905,11.00000000000,17,177
17,159,00424281,17159,Richland,Richland County,06,H1,G4020,,,,A,932370871.00000000000,4937078.00000000000,+38.7115503,-088.0856978,17159,934.0224,931.3922,923.8611,931.3743,939.0875,959.2479,955.0394,937.5172,955.0302,972.2192,925.2660,919.4986,889.2358,919.6211,949.5480,1063.4182,1054.4527,1003.7348,1054.1411,1105.3132,983.3332,973.5995,903.2528,972.6853,1043.8633,989.1404,978.1869,890.2429,976.6453,1065.5310,826.1100,816.3350,726.7147,814.6859,904.7140,869.7864,859.0477,765.5046,857.2199,950.3191,860.3314,849.6032,753.5820,847.6054,942.4499,860.9577,859.1963,724.2946,830.3922,1009.9311,652.6065,659.0597,529.7752,622.2854,798.1265,618.2024,630.7937,477.7694,578.1530,788.0402,592.0915,611.1858,433.0526,537.9040,787.9995,548.2602,565.1867,396.3248,494.7532,739.7537,511.4607,526.4477,364.0678,453.6197,703.9191,466.4868,481.7710,322.7607,403.3807,666.7493,428.6999,445.3947,283.7422,358.2410,644.3293,11.00000000000,17,159
17,081,00424242,17081,Jefferson,Jefferson County,06,H1,G4020,,34500,,A,1479320495.00000000000,32673835.00000000000,+38.3007796,-088.9242100,17081,2278.7032,2272.2811,2253.9053,2272.2377,2291.0595,2098.6140,2089.2752,2050.8731,2089.2642,2126.9546,2112.2056,2098.8699,2029.7528,2099.1692,2167.5413,2360.2715,2340.4234,2227.8522,2339.7284,2453.2906,2278.8846,2256.3503,2093.3215,2254.2325,2419.1793,2457.5615,2429.8419,2211.0645,2425.9157,2647.2105,2273.8549,2245.7723,1998.1733,2240.9664,2490.0759,2229.8324,2200.9937,1960.0156,2196.0400,2436.2144,2413.7528,2382.5000,2112.0490,2376.6566,2644.0053,2310.9349,2304.7199,1941.4350,2227.0546,2710.4401,1770.7642,1786.8848,1435.0436,1686.7506,2165.3881,1722.2892,1755.9906,1328.6367,1608.9792,2195.2845,1657.2859,1709.3967,1209.8446,1503.9388,2205.5218,1545.7758,1592.2436,1115.2387,1393.3202,2085.5641,1449.3051,1490.5999,1029.5898,1283.9148,1994.5724,1325.8404,1368.2210,915.4690,1145.1527,1894.9486,1218.5508,1265.0749,804.8603,1017.1346,1831.4052,11.00000000000,17,081
17,179,01785094,17179,Tazewell,Tazewell County,06,H1,G4020,426,37900,,A,1680835450.00000000000,23211163.00000000000,+40.5080739,-089.5162597,17179,8081.8027,8059.2647,7994.2142,8059.0994,8125.6606,8264.3096,8227.8858,8076.8399,8227.8181,8376.0152,8331.0278,8278.9743,8006.4657,8280.0919,8549.5911,8647.7042,8575.6293,8163.1551,8573.0388,8988.9257,8072.4356,7993.5679,7416.0906,7986.1027,8570.0277,8608.9204,8513.0957,7747.4116,8499.5853,9273.6390,7868.7680,7775.5847,6921.8842,7759.8594,8617.4697,7769.6303,7674.0937,6838.8383,7657.8454,8489.0359,7869.8020,7772.7042,6895.3073,7754.6443,8621.1006,7092.7265,7077.5378,5965.6517,6840.0847,8319.8318,5971.1900,6030.0840,4847.0494,5693.5703,7302.6377,5745.6089,5862.4881,4440.1638,5373.2053,7324.0738,5411.3259,5585.7020,3957.5866,4915.9207,7201.7841,5074.1317,5230.6662,3667.7669,4578.7731,6846.3874,4792.0992,4932.4100,3410.9196,4250.0232,6595.3174,4407.6018,4551.9237,3049.4447,3811.2299,6299.7760,4028.7732,4185.5913,2666.3793,3366.5338,6055.1783,11.00000000000,17,179
17,173,01785051,17173,Shelby,Shelby County,06,H1,G4020,,,,A,1964565410.00000000000,24725624.00000000000,+39.3849258,-088.7988615,17173,1315.0462,1311.3514,1300.7525,1311.3258,1322.1787,1272.8293,1267.1733,1243.8862,1267.1661,1290.0204,1181.6827,1174.1598,1135.4799,1174.3345,1212.6056,1312.2471,1301.1740,1238.5892,1300.7903,1363.9389,1291.5963,1278.8647,1186.4661,1277.6660,1371.1371,1383.6866,1368.1036,1244.9381,1365.8976,1490.4721,1171.4068,1157.6778,1030.7011,1155.3692,1282.8808,1050.3732,1037.4282,924.4841,1035.2256,1147.6276,1032.7709,1020.0007,904.8325,1017.6249,1131.3620,941.9064,940.1281,792.6618,908.6509,1104.9225,774.8485,782.6265,629.2127,738.9933,947.6451,731.6808,746.6925,565.6607,684.4172,932.7076,695.7196,718.2599,509.0238,632.1788,925.9247,644.8319,664.8285,466.2872,582.0128,870.0634,594.5579,612.0535,423.3469,527.4129,818.2910,535.3497,552.9476,370.5083,462.9999,765.1790,477.3495,495.9805,316.0161,398.9459,717.4514,11.00000000000,17,173
17,087,00424245,17087,Johnson,Johnson County,06,H1,G4020,,,,A,890735754.00000000000,12816588.00000000000,+37.4608153,-088.8829622,17087,791.8733,789.6355,783.2466,789.6207,796.1664,789.7044,786.1007,771.6041,786.1028,800.3434,753.7691,748.9079,724.2228,749.0266,773.4590,768.2672,761.6719,725.0361,761.4549,798.4588,776.1881,768.4870,712.9591,767.7647,823.9554,930.7431,920.1191,837.1935,918.6083,1002.5315,1034.7057,1021.3470,908.2250,1019.0287,1133.0292,1103.6776,1088.7292,968.8538,1086.1393,1205.7891,1111.9571,1096.6444,971.2186,1093.7634,1217.9177,1068.4385,1064.3424,895.4028,1028.1457,1252.8493,1002.4772,1010.5267,810.5304,953.5652,1225.7093,971.5167,989.4271,747.5374,906.2156,1238.1930,927.0729,955.1243,674.8964,839.9134,1233.6546,894.1023,919.9151,643.2336,804.5647,1206.2297,853.9255,877.2265,604.8278,755.1715,1175.1125,792.7472,817.1218,545.6687,683.4997,1132.9611,739.0732,766.4220,486.6130,615.8439,1110.7268,11.00000000000,17,087
17,175,00424288,17175,Stark,Stark County,06,H1,G4020,426,37900,,A,746121703.00000000000,708705.00000000000,+41.0969077,-089.7974111,17175,327.0356,326.1218,323.4886,326.1152,328.8100,301.7076,300.3676,294.8480,300.3658,305.7827,275.5189,273.7861,264.7717,273.8244,282.7407,254.2954,252.1155,239.9890,252.0435,264.2908,225.8100,223.5662,207.4119,223.3560,239.7043,248.7285,245.9048,223.7525,245.5040,267.9175,215.1868,212.5693,189.1690,212.1236,235.6536,175.1686,173.0115,154.1775,172.6445,191.3877,168.4310,166.3657,147.5991,165.9818,184.5120,140.4417,140.1564,118.1526,135.4584,164.7431,112.9333,114.0346,91.6504,107.6669,138.1130,104.0342,106.1380,80.3750,97.2755,132.6135,93.5610,96.5628,68.4037,84.9791,124.5165,83.5189,86.0822,60.3477,75.3486,112.6886,75.4720,77.6685,53.6962,66.9178,103.8703,65.8618,68.0054,45.5443,56.9341,94.1352,57.0771,59.2868,37.7542,47.6802,85.7852,11.00000000000,17,175
17,193,00424297,17193,White,White County,06,H1,G4020,,,,A,1281438823.00000000000,18375223.00000000000,+38.0873720,-088.1785848,17193,803.4929,801.2211,794.7380,801.2061,807.8488,724.4998,721.2608,707.9957,721.2581,734.2795,797.1814,792.1601,766.0764,792.2717,818.0726,962.6055,954.3016,908.4004,954.0324,1000.4085,874.3312,865.5287,802.9776,864.7102,928.0541,864.1545,854.3483,777.3871,852.9566,930.8237,756.9938,747.7088,665.3302,746.1234,828.9837,774.1646,764.2867,680.7424,762.5943,845.8251,944.9208,932.6954,826.8294,930.4097,1035.0597,931.3139,928.7918,782.3728,897.4882,1092.3115,686.9629,693.2881,556.8458,654.4594,840.0678,676.7215,690.0330,522.1693,632.2873,862.5790,650.5966,671.1197,475.0589,590.4804,865.8220,604.0381,622.2649,435.9171,544.5509,814.9756,569.3041,585.5949,404.5569,504.4253,783.4972,526.5163,543.4164,363.6739,454.8495,752.5249,490.2031,508.9868,323.9032,409.2599,736.7486,11.00000000000,17,193
17,167,01785010,17167,Sangamon,Sangamon County,06,H1,G4020,,44100,,A,2248892510.00000000000,22577397.00000000000,+39.7563782,-089.6623110,17167,12196.3523,12162.3647,12064.2092,12162.1145,12262.5424,11932.7803,11880.2525,11662.1922,11880.1502,12094.0895,12337.4885,12260.4548,11856.9055,12262.1040,12661.1907,13956.7783,13840.4189,13174.7164,13836.2403,14507.4623,13082.1297,12953.6633,12017.7974,12941.5400,13888.0921,12967.4888,12823.4442,11670.2675,12803.1501,13968.8298,12009.5618,11868.0935,10565.7366,11844.2639,13152.3407,12450.9209,12298.2456,10960.1163,12272.2942,13603.8009,12482.3346,12329.1168,10938.1926,12300.6343,13674.0688,11137.5008,11112.8887,9366.3168,10739.8426,13064.2034,10204.9119,10306.1185,8284.7008,9731.1490,12480.4788,9946.4542,10149.3312,7687.4957,9302.4550,12679.0632,9396.8273,9700.1454,6873.2697,8537.1932,12506.0232,8831.1931,9104.1072,6384.3294,7969.6597,11915.7302,8367.5527,8612.9941,5956.6306,7421.5881,11516.2138,7796.6504,8052.3433,5394.9016,6742.2243,11143.7640,7195.9185,7476.3663,4763.1281,6013.5018,10815.3662,11.00000000000,17,167
17,061,00424232,17061,Greene,Greene County,06,H1,G4020,,,,A,1406413796.00000000000,8425403.00000000000,+39.3554444,-090.3877569,17061,790.5040,788.2931,781.9270,788.2772,794.7930,741.0419,737.7661,724.2172,737.7607,751.0555,783.2644,778.3689,752.7480,778.4742,803.8124,762.4710,755.9790,719.6172,755.7600,792.4690,676.9303,670.3924,621.9680,669.7692,718.7067,700.4511,692.6848,630.4027,691.5913,754.5436,627.2323,619.8176,551.7779,618.5670,686.9141,581.9736,574.9198,512.4473,573.7237,635.8656,568.9451,562.0279,498.6903,560.7434,623.2725,491.8172,490.7406,413.6225,474.2698,576.9003,418.0826,422.3469,339.6206,398.8210,511.3289,394.8413,403.0071,305.3647,369.4180,503.3305,357.2045,368.8338,261.4455,324.6513,475.4041,332.7913,343.1635,240.7364,300.4374,449.0356,308.8733,318.0091,220.0110,274.0508,425.1066,280.3893,289.6468,194.1255,242.5470,400.7652,253.4108,263.3364,167.8258,211.8315,380.8760,11.00000000000,17,061
17,141,01784894,17141,Ogle,Ogle County,06,H1,G4020,466,40300,,A,1964698351.00000000000,11425054.00000000000,+42.0418840,-089.3201764,17141,3332.2612,3322.9518,3296.1220,3322.8845,3350.3420,2904.9108,2891.9522,2838.7797,2891.9392,2944.1308,2666.6187,2649.7311,2562.4622,2650.1149,2736.4500,2819.2740,2795.3293,2660.8769,2794.5152,2930.2313,2792.0396,2764.2550,2564.5130,2761.6537,2963.8095,3087.3503,3052.2154,2777.2023,3047.2240,3325.5090,2594.4161,2563.4462,2281.7795,2558.2056,2841.2426,2397.4310,2367.8438,2110.0177,2362.8081,2619.4076,2290.2998,2261.4311,2005.5300,2256.0490,2508.8714,1872.7849,1868.1851,1574.1279,1805.3480,2196.6505,1735.3188,1751.9408,1407.7619,1654.0198,2122.1776,1631.1154,1663.8090,1259.6610,1524.7810,2079.1653,1494.8615,1542.5627,1092.4667,1357.4184,1989.4284,1386.3212,1428.6427,1001.3137,1250.4155,1870.4855,1271.3545,1308.1606,904.1916,1127.0094,1749.7187,1124.9370,1161.3925,777.6280,972.2516,1607.8436,990.5809,1028.8135,655.0202,827.3525,1488.8064,11.00000000000,17,141
17,093,00424248,17093,Kendall,Kendall County,06,H1,G4020,176,16980,16974,A,829664827.00000000000,5140545.00000000000,+41.5881403,-088.4306257,17093,8807.3027,8782.5792,8711.6063,8782.4068,8855.0742,9908.6328,9864.6232,9683.3505,9864.5654,10042.4672,9302.0035,9243.7648,8939.4725,9245.0263,9545.9737,9573.8040,9493.2547,9036.6415,9490.4384,9951.0847,8495.8971,8411.4809,7803.6882,8403.5706,9018.6616,10173.2473,10059.7052,9154.7214,10043.6817,10958.6627,10969.0393,10839.6362,9649.9669,10817.8276,12012.7839,11581.0428,11437.9388,10192.3223,11413.5768,12653.3139,11585.9203,11442.1911,10149.7730,11415.4414,12691.8867,9811.5454,9790.0556,8251.5730,9461.4678,11508.9145,9258.8182,9350.1689,7515.8003,8828.3846,11323.3418,9204.8609,9392.1425,7113.5055,8608.2866,11733.6742,8931.3679,9219.2135,6532.0446,8113.7525,11886.5143,8807.7916,9079.5529,6366.6701,7947.9944,11884.1167,8827.7407,9086.2581,6283.4860,7829.2150,12149.5338,8498.1534,8776.4665,5879.6242,7348.3715,12146.3963,7974.6277,8285.0935,5277.9822,6663.8491,11985.7348,11.00000000000,17,093
49,027,01448027,49027,Millard,Millard County,06,H1,G4020,,,,A,17022500900.00000000000,661655253.00000000000,+39.0945404,-113.5250141,49027,517.1027,515.6736,511.5181,515.6625,519.9107,607.0432,604.3054,593.1785,604.3047,615.2306,686.4956,682.1635,659.6999,682.2606,704.4817,762.9716,756.4007,720.0184,756.1866,792.9416,564.7944,559.2918,518.8883,558.7700,599.6190,689.7961,682.1483,620.8138,681.0715,743.0660,611.5691,604.4193,538.1411,603.2181,669.7696,627.6985,620.3135,553.1312,619.0690,685.8377,752.6113,743.6267,659.9936,741.9618,824.4967,586.4111,585.3526,493.5822,565.7671,687.9133,461.7377,466.6114,375.3704,440.6705,564.7472,482.3156,492.4486,373.2928,451.4589,614.8589,453.5680,468.5013,332.2615,412.4421,603.6691,420.3190,433.5921,304.3510,379.6755,567.1524,408.8894,421.1545,291.5521,363.0081,562.7739,381.5749,394.3428,264.4808,330.2889,545.4034,353.5946,367.6043,234.4600,295.7739,531.4620,11.00000000000,49,027
49,057,01448042,49057,Weber,Weber County,06,H1,G4020,482,36260,,A,1492050864.00000000000,215752373.00000000000,+41.2703552,-111.8758787,49057,13005.4957,12969.0962,12864.3480,12968.8364,13076.0545,15390.4935,15321.8040,15040.0740,15321.7375,15598.2759,18401.6142,18285.5205,17683.3870,18288.1187,18883.7505,20993.4699,20815.8910,19814.6715,20809.7804,21820.1654,19467.6659,19276.8335,17884.1662,19258.8058,20667.2523,18909.9392,18698.5896,17016.2504,18668.7484,20369.7756,18896.1851,18671.6155,16620.9025,18633.6728,20694.0376,20059.8416,19812.4242,17655.2628,19770.3187,21917.1784,21596.2339,21328.9742,18920.4942,21279.2475,23657.8409,18748.0066,18706.9536,15767.2125,18079.0863,21991.3594,21123.9055,21332.0418,17146.7386,20141.5257,25834.0497,21534.6495,21972.4889,16641.4211,20138.5894,27450.7369,20798.5512,21468.5655,15210.7230,18894.1945,27680.1993,20565.1715,21199.4141,14864.9379,18557.2784,27748.0076,20540.8359,21142.0930,14620.2540,18217.0667,28270.1311,20357.6591,21024.0901,14084.3771,17602.9623,29097.1495,19932.0634,20707.7718,13191.4722,16655.5129,29957.5483,11.00000000000,49,057
49,047,01448037,49047,Uintah,Uintah County,06,H1,G4020,,46860,,A,11602350635.00000000000,56186719.00000000000,+40.1258872,-109.5177482,49047,1786.5177,1781.4912,1767.0888,1781.4568,1796.2063,2334.7716,2324.3525,2281.6140,2324.3423,2366.2930,3177.4016,3157.2884,3053.3051,3157.7447,3260.6141,4087.2458,4052.6114,3857.6855,4051.4259,4248.1570,4142.3313,4101.3913,3805.0543,4097.5428,4397.3589,4671.7745,4619.6631,4204.0912,4612.3105,5032.4629,4805.4802,4748.2860,4226.7044,4738.6177,5262.6814,5544.4155,5476.0642,4879.8687,5464.4336,6057.7734,6664.7344,6582.4662,5839.3856,6567.1636,7300.9854,6653.5165,6638.4535,5594.7679,6415.5119,7804.4368,6499.5133,6563.6249,5275.9222,6197.3389,7948.7670,7013.4189,7156.0757,5419.8955,6558.8259,8940.1820,7287.7365,7522.5520,5329.8589,6620.5136,9699.0446,7532.3705,7764.7082,5444.6155,6796.9873,10163.2193,7827.7744,8056.9287,5571.5821,6942.2562,10773.2837,7982.3868,8243.7170,5522.6185,6902.2721,11409.2058,8062.2338,8376.0067,5335.7795,6736.9282,12117.3995,11.00000000000,49,047
49,041,01448034,49041,Sevier,Sevier County,06,H1,G4020,,,,A,4948372346.00000000000,20259931.00000000000,+38.7468245,-111.8119299,49041,967.3576,964.6302,956.8288,964.6119,972.6029,1203.2384,1197.8245,1175.7762,1197.8223,1219.4705,1525.9286,1516.2880,1466.3542,1516.5050,1565.9014,1488.8806,1476.3967,1405.3841,1475.9557,1547.5811,1151.1142,1139.8207,1057.4727,1138.7542,1222.0388,1330.5438,1315.0764,1196.3765,1312.8633,1433.0876,1308.0199,1291.9085,1149.5125,1289.1537,1432.4046,1350.6091,1333.1209,1187.1422,1330.1162,1475.6133,1389.5640,1371.4092,1215.5656,1368.0116,1522.0974,1129.5095,1126.2804,948.5653,1088.2748,1324.7282,1069.7112,1079.4692,866.9382,1018.9836,1308.1050,1036.6776,1056.9871,799.7729,968.5044,1321.3850,933.7766,963.1624,681.7139,847.4061,1242.6752,859.2689,885.1534,620.0342,774.5902,1159.3324,816.1280,839.4528,579.9036,723.0841,1123.1828,761.4202,785.8493,525.9067,657.7658,1088.2611,694.7890,721.4107,459.0813,580.0625,1044.2301,11.00000000000,49,041
49,051,01448039,49051,Wasatch,Wasatch County,06,H1,G4020,482,25720,,A,3044533262.00000000000,78953594.00000000000,+40.3348838,-111.1615683,49051,1883.4570,1878.2072,1863.0488,1878.1687,1893.6784,2490.6431,2479.4919,2433.8813,2479.4836,2524.2584,2948.9221,2930.4201,2833.9458,2930.8246,3026.2436,3401.4898,3372.8966,3210.6649,3371.8941,3535.5505,3504.0309,3469.5488,3218.8773,3466.2990,3719.8591,3994.0984,3949.3762,3593.9930,3943.0579,4302.4168,4403.8163,4351.4271,3873.4610,4342.5726,4822.8056,4980.7085,4919.0603,4383.2608,4908.5616,5441.8588,5823.7587,5751.2484,5101.3634,5737.7481,6379.6501,5630.0799,5617.3890,4734.2863,5428.7532,6603.9801,6091.3919,6151.0892,4943.9525,5807.7043,7449.5796,6429.1824,6559.5684,4967.7264,6011.9712,8195.3938,6574.1683,6785.6152,4807.3483,5971.8027,8749.3437,6830.6588,7040.9845,4936.7633,6163.3158,9216.3860,7115.8926,7323.8524,5064.2649,6310.4567,9793.4994,7271.4749,7509.2007,5030.1891,6287.1414,10393.0781,7316.8904,7601.3596,4841.9658,6113.7447,10997.1426,11.00000000000,49,051
49,019,01448024,49019,Grand,Grand County,06,H1,G4020,,,,A,9509252821.00000000000,31439319.00000000000,+38.9743261,-109.5734502,49019,541.3154,539.8025,535.4438,539.7916,544.2525,640.0996,637.2653,625.5595,637.2610,648.7478,622.5242,618.6933,598.3418,618.7700,638.8890,758.3937,752.0327,715.8610,751.8083,788.2928,628.0694,622.2068,577.2810,621.6364,666.9645,639.7950,632.7200,575.8416,631.7248,689.2088,634.3838,626.8667,558.0373,625.5979,694.7440,599.8012,592.5916,528.2589,591.3711,655.3477,613.8678,606.5209,538.2886,605.1591,672.4989,569.1981,568.2344,479.2086,549.2388,667.7364,692.2083,699.3555,562.4531,660.4263,846.6079,677.2849,691.3858,523.9667,633.7934,863.3914,645.8740,667.0079,472.9113,587.1472,859.6042,641.7117,661.8371,464.4204,579.4834,865.8736,637.9356,656.9431,454.6457,566.1906,878.0107,638.1416,659.3557,442.0693,552.1975,912.1168,632.3171,657.2271,419.0192,528.7435,950.3804,11.00000000000,49,019
49,025,01448026,49025,Kane,Kane County,06,H1,G4020,,,,A,10334644139.00000000000,306367710.00000000000,+37.2751183,-111.8154127,49025,323.3273,322.4083,319.7969,322.4024,325.0795,321.9627,320.5359,314.6475,320.5338,326.3123,396.3211,393.7517,380.7700,393.8157,406.6662,441.8399,438.0164,416.9480,437.8936,459.1840,457.8499,453.0983,420.3408,452.6644,485.8887,514.8316,508.8130,462.8656,507.9502,554.4993,442.0625,436.4438,388.1833,435.4734,484.0799,487.3619,481.0776,428.4252,479.9988,532.4708,487.8217,481.6543,427.1318,480.5041,534.3741,372.1506,370.9579,312.3013,358.4054,436.4400,418.5144,422.4059,339.3105,398.7601,511.7957,427.0243,435.4795,329.5959,399.0552,544.3107,401.4199,414.1310,293.1953,364.3886,534.2188,391.8148,403.6875,282.8475,353.2912,528.6459,387.6990,398.8501,275.6052,343.5885,533.5702,368.7215,380.6130,254.7819,318.6035,527.0001,359.3695,373.1970,237.5563,300.0999,540.1163,11.00000000000,49,025
49,021,01448025,49021,Iron,Iron County,06,H1,G4020,,16260,,A,8538363871.00000000000,11393799.00000000000,+37.8827271,-113.2900593,49021,2199.8347,2193.7414,2176.0563,2193.6946,2211.7785,2628.2754,2616.6196,2568.5461,2616.6031,2663.7801,3270.8937,3250.3306,3143.3150,3250.7839,3356.6342,3527.0035,3497.3945,3329.1746,3496.3523,3666.0361,3062.0534,3032.2478,2813.1996,3029.4202,3250.8741,3229.8835,3193.1913,2905.5170,3187.9815,3479.0561,2256.0110,2228.0172,1982.2586,2223.2194,2470.5201,3086.3299,3047.5249,2714.9748,3040.8958,3372.0495,3414.4734,3371.2238,2989.5232,3363.1562,3740.3031,3038.5077,3030.9395,2553.7608,2928.9643,3563.9391,2969.5318,2997.6584,2408.4502,2830.0126,3631.4849,2951.1236,3009.9853,2278.5559,2758.3713,3761.7305,2763.5739,2851.4806,2019.1824,2509.1305,3677.8627,2596.2034,2675.1871,1874.7172,2341.3415,3502.8872,2487.4497,2559.2196,1768.6576,2204.7255,3423.3667,2368.7712,2445.3663,1637.1461,2047.0507,3385.6120,2360.2303,2451.2421,1560.5490,1971.2072,3547.3333,11.00000000000,49,021
49,043,01448035,49043,Summit,Summit County,06,H1,G4020,482,41620,,A,4847710464.00000000000,26571027.00000000000,+40.8720603,-110.9684862,49043,3128.4178,3119.7626,3094.6176,3119.6957,3145.4047,3092.6476,3079.0455,3022.5363,3079.0182,3134.4579,3107.3919,3087.9602,2986.3141,3088.3789,3188.9048,3520.4489,3490.9328,3323.0240,3489.8902,3659.2473,3538.6361,3504.0970,3250.9543,3500.8257,3756.7827,3950.8442,3906.8502,3555.4493,3900.6466,4255.8945,4019.6199,3972.5216,3536.8171,3964.6026,4402.1387,4268.6185,4216.6611,3758.2462,4207.8429,4663.8893,4410.6125,4357.3063,3866.5864,4347.4145,4831.8110,4093.2569,4085.5465,3444.7141,3948.7598,4801.6829,5061.6942,5112.9326,4111.0794,4828.0078,6190.5575,5122.0630,5227.5816,3960.6099,4791.7414,6529.3841,5090.0490,5255.3747,3724.8498,4625.6905,6774.3210,5250.8611,5414.1090,3797.6914,4739.8542,7084.9562,5407.0188,5566.5436,3850.7245,4796.9186,7441.7222,5455.1303,5634.8762,3776.1767,4718.4308,7797.0851,5427.5436,5639.8147,3593.9282,4536.6137,8157.5691,11.00000000000,49,043
49,013,01448021,49013,Duchesne,Duchesne County,06,H1,G4020,,,,A,8394008306.00000000000,38788291.00000000000,+40.2896487,-110.4298302,49013,910.9429,908.3955,901.0598,908.3773,915.8854,1176.6375,1171.4056,1149.8767,1171.3991,1192.5285,1637.3151,1626.9608,1573.3801,1627.1948,1680.2001,1947.6791,1931.3134,1838.4198,1930.7390,2024.4460,2055.2246,2035.0520,1888.0261,2033.1478,2181.8491,2106.1933,2082.8424,1895.5669,2079.5547,2268.8452,2210.8169,2184.6366,1944.7806,2180.2187,2421.1730,2509.8040,2478.9223,2209.0934,2473.6695,2742.1905,2997.5084,2960.4740,2626.2381,2953.5847,3283.6622,3031.1847,3024.5014,2549.1662,2922.9769,3555.5601,2691.0443,2717.5167,2184.3050,2565.8422,3291.0783,2926.6968,2986.1537,2261.5912,2736.9026,3730.7254,3061.5712,3160.1438,2238.9435,2781.1797,4074.5531,3135.4597,3232.1036,2266.2800,2829.2563,4230.5829,3221.8800,3316.1325,2293.1241,2857.3201,4434.2343,3278.6717,3385.9483,2268.2416,2834.9501,4686.1932,3295.3237,3423.5192,2180.8262,2753.5566,4952.8119,11.00000000000,49,013
49,031,01448029,49031,Piute,Piute County,06,H1,G4020,,,,A,1962668913.00000000000,20528115.00000000000,+38.3358805,-112.1293755,49031,64.2977,64.1179,63.6001,64.1166,64.6466,67.5500,67.2483,66.0117,67.2481,68.4619,73.1558,72.6804,70.2839,72.6923,75.0648,66.7735,66.1742,62.9912,66.1571,69.3809,46.0852,45.6156,42.3185,45.5723,48.9132,60.1393,59.4820,54.1398,59.3899,64.7863,60.0368,59.3535,52.8615,59.2397,65.7524,54.8350,54.2004,48.3409,54.0939,59.9146,60.9964,60.2742,53.5016,60.1405,66.8231,32.1265,32.0571,27.0204,30.9815,37.6845,45.9380,46.3689,37.2508,43.7744,56.1776,46.7702,47.7026,36.1105,43.7149,59.6168,41.0167,42.3197,29.9656,37.2381,54.5863,40.5119,41.7430,29.2512,36.5332,54.6600,40.3726,41.5364,28.7043,35.7825,55.5629,37.0475,38.2430,25.6007,32.0128,52.9507,32.5463,33.7971,21.5115,27.1767,48.9155,11.00000000000,49,031
49,055,01448041,49055,Wayne,Wayne County,06,H1,G4020,,,,A,6373122094.00000000000,15054792.00000000000,+38.2612288,-110.9903225,49055,144.9938,144.5742,143.3994,144.5720,145.7785,168.4065,167.6834,164.6152,167.6807,170.6883,135.3673,134.5184,130.0900,134.5370,138.9169,146.8648,145.5996,138.5963,145.5584,152.6335,121.0332,119.8239,111.1651,119.7109,128.4761,146.0170,144.3539,131.3463,144.1175,157.2804,142.0808,140.4012,124.9888,140.1179,155.5999,133.8111,132.1665,117.7822,131.8868,146.2010,105.8940,104.6010,92.8073,104.3608,116.0050,93.1649,92.9027,78.2476,89.7689,109.2681,98.9621,99.9172,80.2948,94.3348,121.0251,93.0067,94.8748,71.8331,86.9484,118.5551,84.3793,87.0744,61.6701,76.6244,112.2959,78.8093,81.2185,56.9283,71.0876,106.3332,73.2847,75.4084,52.1241,64.9669,100.8592,67.4472,69.6344,46.6264,58.2946,96.4006,60.3957,62.7267,39.9365,50.4436,90.7725,11.00000000000,49,055
49,011,01448020,49011,Davis,Davis County,06,H1,G4020,482,36260,,A,773832198.00000000000,868122919.00000000000,+41.0370451,-112.2021234,49011,17588.5834,17539.3957,17397.7547,17539.0429,17684.0119,21579.2738,21483.3411,21088.5161,21483.2219,21870.7163,27299.8721,27127.5995,26234.2906,27131.4585,28015.1250,30066.7188,29811.7846,28377.8719,29803.0746,31250.3204,28807.9933,28523.8484,26462.9699,28497.1039,30581.9695,30623.7922,30281.7480,27557.4012,30233.4661,32987.9979,32029.5369,31648.9667,28173.0161,31584.6705,35076.9542,35996.3983,35549.2672,31675.5396,35473.0656,39329.1136,39548.6822,39055.3197,34641.1349,38963.4437,43323.5793,36118.3606,36037.4254,30372.4859,34827.3925,42366.2895,36262.8529,36618.5768,29432.5907,34574.4500,44348.3773,37844.8239,38612.6635,29242.6732,35389.3650,48241.5159,37714.3018,38927.6229,27579.0340,34259.0683,50192.7466,38073.3103,39245.9140,27517.4243,34353.9631,51371.1041,38737.7488,39870.0927,27569.4540,34353.3986,53314.2209,38713.4183,39979.2854,26781.1618,33473.0808,55332.8845,38146.3984,39629.6495,25243.7667,31874.0518,57333.2982,11.00000000000,49,011
49,039,01448033,49039,Sanpete,Sanpete County,06,H1,G4020,,,,A,4118475669.00000000000,32075864.00000000000,+39.3805876,-111.5704510,49039,1355.9418,1352.1135,1341.1754,1352.0880,1363.2935,1688.2366,1680.6388,1649.7024,1680.6358,1711.0109,1871.7832,1860.0291,1798.7915,1860.2870,1920.8561,1952.1435,1935.8649,1842.7528,1935.2807,2029.1659,1943.5351,1924.6589,1785.6261,1922.8657,2063.4102,2548.3373,2519.8944,2293.2007,2515.8804,2745.0787,1941.3593,1917.3978,1706.0155,1913.2980,2125.9651,2518.5683,2486.8264,2215.3850,2481.4013,2751.7225,2379.7016,2349.4514,2083.3286,2343.8065,2606.7741,1909.5943,1904.3767,1604.1178,1840.1800,2239.6975,2398.6190,2421.2007,1945.1687,2285.7511,2933.2847,2411.8656,2459.8431,1861.9712,2254.1733,3074.3351,2274.4054,2346.6318,1661.5693,2064.8489,3026.8492,2247.7423,2316.0512,1622.9664,2026.9941,3032.7249,2222.5859,2286.6697,1580.2539,1969.9104,3058.8428,2090.9017,2158.4454,1444.9825,1806.8375,2988.4570,2064.7157,2144.2574,1365.0257,1724.3086,3103.1817,11.00000000000,49,039
49,049,01448038,49049,Utah,Utah County,06,H1,G4020,,39340,,A,5188922666.00000000000,364307082.00000000000,+40.1204090,-111.6686673,49049,24859.3201,24789.7100,24589.4711,24789.2152,24994.1835,31744.5699,31603.4374,31022.6184,31603.2612,32173.2993,40376.8546,40122.8933,38801.8395,40128.5048,41435.1905,42694.1404,42334.1740,40297.9521,42321.6635,44376.1302,34268.1902,33934.1114,31482.6815,33902.4481,36380.9876,48005.3215,47466.5960,43194.5629,47390.4263,51710.6691,48975.5853,48388.5541,43069.5650,48289.0814,53634.7303,63868.0174,63075.0607,56202.2878,62939.9348,69781.2391,72045.4855,71146.8957,63105.7613,70979.5583,78922.2010,66931.2640,66775.2775,56272.7218,64531.5363,78507.9011,65603.5182,66243.0372,53239.7663,62543.9643,80230.4748,69721.1939,71131.7355,53866.4477,65192.4335,88874.4385,70764.7589,73037.3976,51740.7934,64276.6041,94178.1808,72714.4005,74950.0676,52547.6019,65606.1193,98110.8794,76217.2182,78441.4691,54236.9919,67586.2876,104896.3993,77263.9900,79787.0062,53443.6627,66801.1033,110432.7771,77684.9022,80702.5047,51403.3722,64907.5891,116758.7161,11.00000000000,49,049
06,073,00277301,06073,San Diego,San Diego County,06,H1,G4020,,41740,,A,10895120648.00000000000,826347909.00000000000,+33.0236041,-116.7761174,06073,205604.2998,205030.9292,203376.0239,205026.7305,206720.0615,212887.0635,211946.3818,208054.2422,211944.8076,215763.8857,222982.5952,221585.7026,214291.2139,221616.0371,228830.4551,272996.3491,270692.5811,257672.6084,270612.7441,283750.0664,299714.8096,296759.0024,275317.8833,296480.7798,318171.3027,265701.3311,262778.0195,239165.0571,262367.5361,286226.8018,259102.2412,256020.3379,227899.1450,255499.4727,283753.8760,272940.5825,269547.6274,240172.9883,268969.2998,298210.5493,289430.9595,285822.0898,253519.1196,285150.0615,317057.1763,285984.8735,285323.9312,240452.9087,275738.1567,335451.0459,283318.2822,286078.2832,229920.3799,270102.8389,346486.6099,282184.1899,287889.8677,218009.2290,263850.7632,359703.1763,276846.9336,285734.1147,202414.4724,251459.0361,368444.9331,272435.6768,280807.3950,196869.7908,245797.6260,367587.1006,264921.7339,272647.3071,188511.2683,234914.5044,364606.5991,255896.5205,264246.7163,176993.5820,221236.1978,365750.3457,246768.2554,256347.8613,163273.7510,206173.5369,370886.9556,11.00000000000,06,073
06,063,00277296,06063,Plumas,Plumas County,06,H1,G4020,,,,A,6612350713.00000000000,156395470.00000000000,+39.9951699,-120.8295155,06063,937.5668,934.9458,927.3961,934.9270,942.6538,772.4187,768.9419,754.7873,768.9406,782.8384,809.5240,804.4546,777.9728,804.5645,830.7554,863.5266,856.2852,815.0991,856.0295,897.5714,886.2477,877.5440,814.1438,876.7227,940.8470,779.6142,771.0351,701.7497,769.8304,839.8390,548.1196,541.5955,482.1028,540.4926,600.2686,533.3165,526.9292,469.7481,525.8487,582.7073,524.3389,517.7342,459.1525,516.5029,574.3790,450.1051,448.9702,378.2730,433.8610,527.9358,383.7201,387.4701,311.4201,365.8364,469.2758,356.7295,363.9586,275.6297,333.5733,454.7288,316.8814,327.0767,231.7246,287.8510,421.7273,281.9421,290.6312,203.7831,254.4067,380.4161,246.2113,253.4190,175.2460,218.3586,338.8580,212.1949,219.1476,146.8174,183.4896,303.2901,189.4969,196.8796,125.4273,158.3560,284.8110,11.00000000000,06,063
06,069,00277299,06069,San Benito,San Benito County,06,H1,G4020,488,41940,,A,3596742302.00000000000,4555039.00000000000,+36.6107024,-121.0852960,06069,3854.9321,3844.2329,3813.2312,3844.1519,3875.8589,3715.8581,3699.3692,3631.3977,3699.3465,3766.0519,3905.4299,3880.8346,3753.0501,3881.3809,4007.7795,4612.9253,4573.5640,4353.5800,4572.2444,4794.3579,4861.2611,4812.4970,4464.7173,4807.9532,5160.0767,5459.4574,5397.7679,4911.6949,5389.0251,5880.7291,5221.6015,5158.6502,4591.2741,5147.9624,5718.3008,4920.1420,4859.1158,4329.7177,4848.7185,5375.6770,5112.9495,5049.5078,4479.1429,5037.7004,5601.0186,4650.3015,4639.8057,3910.3746,4483.9940,5454.7150,4863.2656,4910.8021,3946.9506,4636.6180,5947.5997,4916.8010,5016.3869,3798.9084,4597.5715,6267.5188,4810.0390,4964.6157,3517.1094,4369.1506,6401.5105,4773.7246,4920.5865,3449.9221,4307.1777,6441.0200,4737.0089,4875.3227,3371.0351,4200.6774,6519.4664,4568.1436,4717.3750,3159.9025,3949.6142,6529.2139,4379.3857,4549.5465,2897.8831,3659.1393,6582.1242,11.00000000000,06,069
06,089,01682610,06089,Shasta,Shasta County,06,H1,G4020,,39820,,A,9778246966.00000000000,186530888.00000000000,+40.7605215,-122.0435495,06089,10053.8715,10025.8855,9944.9882,10025.6780,10108.4381,9285.0189,9244.0048,9074.2570,9243.9350,9410.4946,9818.1513,9756.4307,9435.2057,9757.7912,10075.5183,12024.7778,11923.8915,11350.3686,11920.3344,12498.8265,12885.3738,12758.6342,11836.8403,12746.6853,13679.0792,12085.6371,11951.4368,10876.7079,11932.5314,13018.8965,10387.5980,10264.5391,9137.5287,10243.7698,11375.9574,10076.2527,9953.2915,8870.9040,9932.4114,11009.2875,10627.1768,10497.2221,9313.4702,10473.0752,11641.8522,10311.9909,10291.3905,8676.0244,9946.5115,12096.4173,8610.4664,8697.1785,6992.5846,8212.3782,10530.7067,8568.8343,8744.9202,6625.0399,8015.6777,10923.1256,8359.6012,8630.7179,6116.7847,7596.4577,11125.7157,7964.3535,8211.6727,5759.7263,7188.9034,10746.2298,7529.5440,7751.5011,5361.9948,6679.7089,10362.9555,7059.3429,7291.8388,4886.4607,6105.8635,10089.9986,6650.0229,6910.0498,4403.3120,5558.3551,9994.9452,11.00000000000,06,089
06,099,00277314,06099,Stanislaus,Stanislaus County,06,H1,G4020,,33700,,A,3871582888.00000000000,51437339.00000000000,+37.5623842,-121.0026557,06099,31971.5252,31882.4589,31625.1691,31881.8015,32145.0390,32681.4503,32536.7751,31939.1340,32536.5510,33123.0107,34031.7288,33817.9390,32704.5355,33822.6389,34923.8978,39864.6655,39527.9953,37626.7472,39516.3552,41434.8263,42329.4396,41910.6436,38882.4426,41871.2983,44935.2111,43790.9649,43299.5517,39402.5675,43230.0721,47171.0277,39596.8585,39127.3260,34830.8885,39048.0541,43364.3694,39906.2734,39416.1812,35126.6883,39332.8495,43601.3088,43295.6796,42762.5887,37936.5889,42663.4562,47429.0767,41247.7587,41160.5211,34695.2196,39779.8699,48384.2556,38504.3991,38887.5531,31261.4630,36718.4483,47090.6064,39083.6852,39882.1033,30209.4706,36554.6980,49821.3739,38868.1647,40123.9388,28431.9373,35313.9052,51728.8546,38554.6502,39747.2145,27874.1790,34794.8140,52021.0208,38101.5879,39220.2279,27125.2642,33795.4443,52439.0733,37017.5058,38232.4329,25615.9538,32012.3900,52909.2428,35810.0879,37206.5215,23704.8687,29926.8399,53822.1195,11.00000000000,06,099
13,005,00344784,13005,Bacon,Bacon County,06,H1,G4020,,,,A,669707907.00000000000,70568892.00000000000,+31.5633274,-082.3878591,13005,682.4280,680.5469,675.0653,680.5320,686.1345,778.4938,775.0853,760.8685,775.0773,789.0228,776.7547,772.0236,746.6395,772.1137,797.2013,643.0559,638.0065,607.3203,637.7927,668.6277,723.6349,716.7422,664.9784,716.0797,768.3572,689.8886,682.5040,621.3061,681.4773,743.2425,808.5597,799.2622,711.7568,797.7093,885.5249,844.1772,834.0386,743.5025,832.3226,922.3553,956.6585,944.8809,838.2474,942.6909,1047.9900,844.1952,842.4106,710.0895,814.1537,990.2541,748.9712,756.3960,608.0354,714.1964,915.9819,748.3761,763.6395,578.4089,699.9198,953.9788,720.6347,743.8980,527.1088,654.7127,959.0765,706.5190,728.3567,510.7700,637.5989,953.2905,695.3148,715.7151,494.9842,616.7147,956.9580,679.0095,701.2837,469.8519,587.1871,970.5098,642.0066,667.0348,424.9703,536.5223,964.9275,11.00000000000,13,005
13,287,00343238,13287,Turner,Turner County,06,H1,G4020,,,,A,739164599.00000000000,11881250.00000000000,+31.7182318,-083.6285665,13287,424.3181,423.1528,419.7467,423.1433,426.6233,336.7358,335.2588,329.1080,335.2556,341.2894,314.0808,312.0807,301.7998,312.1272,322.2995,279.7572,277.3897,264.0476,277.3084,290.7730,304.7034,301.6986,279.9007,301.4158,323.4673,268.5543,265.5767,241.6976,265.1574,289.2935,234.9794,232.2007,206.7103,231.7320,257.3378,239.3195,236.3360,210.5722,235.8272,261.4762,241.5461,238.5343,211.5757,237.9735,264.6017,227.2816,226.7830,191.1438,219.1711,266.6005,204.7009,206.6717,166.0794,195.1233,250.3370,199.7081,203.7198,154.2439,186.6999,254.5668,194.3651,200.5774,142.0621,176.5071,258.6707,190.7274,196.5598,137.7758,172.0423,257.3387,186.1846,191.5844,132.4321,165.0582,256.2399,180.2919,186.1456,124.6488,155.8351,257.6873,174.4040,181.1468,115.3448,145.6797,262.1234,11.00000000000,13,287
13,185,00326720,13185,Lowndes,Lowndes County,06,H1,G4020,,46660,,A,1284805506.00000000000,37578770.00000000000,+30.8336801,-083.2689668,13185,5549.9928,5534.7152,5490.1462,5534.5929,5580.1394,5401.5017,5378.1594,5279.6755,5378.0830,5474.6444,5237.4446,5205.2543,5034.0406,5205.8953,5375.1482,6300.4774,6249.2470,5948.6718,6247.2720,6549.9003,6398.4580,6336.6106,5878.8951,6330.7184,6793.3032,7168.7877,7090.3268,6453.4601,7079.3300,7722.6974,5136.1087,5073.3289,4514.5705,5062.6211,5624.5767,7349.7562,7257.7959,6466.2645,7242.1010,8030.1925,8270.6039,8166.6844,7242.8889,8147.3167,9059.9373,7676.3318,7657.0125,6451.3330,7399.3406,9003.7071,7027.5212,7094.7712,5700.9020,6698.2046,8594.1726,7049.4110,7190.7317,5444.0891,6589.8817,8985.8117,6939.5148,7161.0877,5071.7254,6301.6357,9235.4275,6758.3168,6964.8266,4881.7363,6096.0207,9118.6354,6623.1776,6815.2014,4710.9173,5871.5614,9115.2599,6339.5179,6545.3363,4382.9425,5479.5387,9060.9364,6308.3577,6552.3245,4172.2630,5269.4627,9481.2578,11.00000000000,13,185
13,003,00345784,13003,Atkinson,Atkinson County,06,H1,G4020,,20060,,A,878994487.00000000000,13343157.00000000000,+31.3005623,-082.8836144,13003,533.1224,531.6189,527.3192,531.6088,536.0131,518.2466,515.9326,506.4454,515.9305,525.2430,502.9786,499.8559,483.4073,499.9211,516.1854,479.2498,475.3113,452.4497,475.1639,498.1957,475.3059,470.5673,436.5638,470.1241,504.5416,482.5430,477.4752,434.7237,476.7756,519.8897,441.1606,436.2807,388.6875,435.4771,483.1760,404.2093,399.5520,356.3773,398.7708,441.6541,437.2507,432.1864,383.7394,431.2512,479.0334,379.0260,378.5810,319.4566,365.9784,444.6898,318.3144,321.7809,258.9611,303.9248,389.3448,307.6048,314.2183,238.3382,288.1156,392.1547,288.1994,297.8609,211.4165,262.2846,383.5897,270.5281,279.2368,196.1744,244.5798,365.0486,258.6329,266.5698,184.7274,229.8389,355.9830,232.4440,240.3838,161.4004,201.4051,332.2548,207.5804,215.9477,137.8960,173.8115,312.0077,11.00000000000,13,003
13,281,00351252,13281,Towns,Towns County,06,H1,G4020,,,,A,431395530.00000000000,14037948.00000000000,+34.9026495,-083.7321583,13281,612.2216,610.5148,605.5874,610.5023,615.5440,592.3861,589.8051,578.9936,589.7982,600.4017,473.8430,470.9196,455.4274,470.9789,486.2952,476.8876,472.9318,450.1846,472.7877,495.7167,558.0837,552.7182,512.7959,552.2053,592.5418,537.4443,531.6447,483.9442,530.8361,578.9950,534.5959,528.3464,470.4105,527.2965,585.4712,818.0275,808.1314,720.3362,806.4540,893.7798,768.5976,759.2994,673.7779,757.5738,841.9949,755.5204,754.1716,635.9483,728.9416,886.2975,817.0733,825.5322,663.9513,779.5864,999.3282,809.0352,825.8967,625.9234,757.1057,1031.3466,809.1296,835.6004,592.4390,735.5523,1076.8833,835.8657,862.0371,604.8595,754.7551,1127.8453,849.1839,874.4181,605.0806,753.5954,1168.7529,853.2224,881.5049,590.9208,738.2091,1219.5332,853.9346,887.4825,565.7139,713.9462,1283.4684,11.00000000000,13,281
13,251,00350204,13251,Screven,Screven County,06,H1,G4020,,,,A,1670803650.00000000000,27889028.00000000000,+32.7447512,-081.6175849,13251,876.9882,874.5579,867.5070,874.5393,881.7496,802.2108,798.6636,783.9958,798.6579,813.0507,833.2232,828.0358,800.7846,828.1454,855.0932,795.0585,788.4686,750.5445,788.2279,826.4533,881.9358,873.5133,810.4254,872.7050,936.4270,1005.7171,994.7704,905.4570,993.2392,1083.4434,700.7969,692.8466,617.0882,691.5251,767.5168,642.1331,634.4014,565.5165,633.0921,701.5991,668.5098,660.3631,585.9242,658.8500,732.3420,591.6160,590.4159,497.7250,570.6253,693.9871,513.9500,519.1308,417.3891,490.1949,628.5680,495.9632,506.1639,383.4721,463.9577,632.2304,467.5805,482.7557,342.1505,424.9087,622.2995,447.8408,461.7579,323.8907,404.2497,604.2685,418.6103,430.9595,298.1202,371.3749,576.1365,375.7335,388.1165,260.0968,324.9951,537.0407,346.7248,360.2879,229.5938,289.8134,521.1257,11.00000000000,13,251
13,285,01673298,13285,Troup,Troup County,06,H1,G4020,122,29300,,A,1072223976.00000000000,82812028.00000000000,+33.0344820,-085.0283600,13285,4353.3659,4341.3101,4306.3135,4341.2175,4377.0024,4453.7205,4434.2227,4352.8903,4434.1770,4513.9573,4168.9806,4143.1572,4006.8332,4143.6906,4278.4796,4809.1720,4769.2928,4539.8978,4767.8381,4999.0621,5430.3625,5377.3236,4988.8524,5372.3022,5765.1052,6103.4184,6035.6197,5492.8523,6026.0675,6574.7202,5730.0477,5662.4199,5040.9331,5651.0209,6275.2795,5897.0782,5824.3906,5190.2826,5812.0224,6443.0900,6303.0931,6225.7277,5523.3687,6211.3462,6904.8730,5949.7255,5936.4141,5003.2533,5737.0920,6978.9429,5667.9149,5723.7165,4600.6920,5404.2686,6931.7223,5724.9878,5841.3434,4424.0457,5353.7900,7297.7748,5682.8568,5865.8792,4155.9944,5162.4633,7563.1480,5652.8092,5827.0981,4085.8876,5100.8336,7627.1726,5576.7998,5739.9963,3969.2960,4945.8452,7675.2857,5378.1745,5554.1983,3720.8065,4650.3806,7687.0083,5171.4191,5372.6475,3422.5023,4321.2727,7772.5520,11.00000000000,13,285
13,175,00346568,13175,Laurens,Laurens County,06,H1,G4020,,20140,,A,2090886200.00000000000,28942290.00000000000,+32.3932197,-082.9263171,13175,2941.7013,2933.5775,2909.9409,2933.5139,2957.6765,2741.7578,2729.6688,2679.5556,2729.6467,2778.8157,2614.4691,2598.2200,2512.7173,2598.5608,2683.1079,2594.2359,2572.9132,2449.1610,2572.1156,2696.7904,2566.6043,2541.8444,2358.2425,2539.4829,2725.0202,2717.7979,2688.1020,2446.6834,2683.9425,2927.8083,2355.1249,2327.6836,2072.5215,2323.0788,2579.2632,2356.9307,2328.4657,2075.5495,2323.6423,2575.1936,2305.1316,2277.0370,2020.3560,2271.8185,2525.2352,2015.5826,2011.3570,1695.4582,1943.9000,2364.3184,1696.8449,1713.6932,1377.5923,1618.0938,2075.2234,1609.0068,1641.8454,1243.6167,1504.8539,2051.0549,1485.2726,1533.2355,1086.4310,1349.4232,1976.7171,1365.5545,1407.7754,987.2350,1232.3630,1842.5138,1254.8472,1291.6787,893.3326,1113.0148,1727.0407,1117.3401,1154.0158,773.2020,966.2705,1597.0182,994.6901,1033.4943,658.4738,831.2915,1495.0079,11.00000000000,13,175
13,111,00351094,13111,Fannin,Fannin County,06,H1,G4020,,,,A,1001608266.00000000000,13564152.00000000000,+34.8638367,-084.3192867,13111,1472.9330,1468.8891,1457.0662,1468.8562,1480.9353,1438.2949,1432.0284,1405.7782,1432.0116,1457.7566,1407.2201,1398.4934,1352.4760,1398.6746,1444.1753,1455.4165,1443.5050,1374.0753,1443.0541,1512.9841,1575.2829,1560.3596,1447.6762,1558.9205,1672.6927,1592.4299,1575.1025,1433.6885,1572.6791,1715.5015,1505.0998,1487.9665,1325.2147,1485.1152,1648.3873,1448.7977,1431.9521,1277.0658,1429.1205,1583.0012,1405.1914,1388.4021,1232.2390,1385.2908,1539.4060,1280.5941,1278.4579,1078.1915,1235.7288,1502.2954,1259.2328,1272.4123,1023.4997,1201.6392,1540.1382,1212.4552,1237.8876,938.3212,1134.8365,1545.6404,1152.1096,1189.9936,843.8961,1047.5852,1533.3778,1108.1399,1143.0642,802.2793,1000.8982,1495.2489,1039.3863,1070.5328,741.0636,922.7178,1430.5542,965.1494,997.4190,668.9288,835.3957,1379.5329,883.2301,918.2215,585.6433,738.7985,1327.5178,11.00000000000,13,111
13,275,00343835,13275,Thomas,Thomas County,06,H1,G4020,,45620,,A,1410495980.00000000000,19742306.00000000000,+30.8646156,-083.9197828,13275,2766.3795,2758.7477,2736.5237,2758.6874,2781.4037,2603.5520,2592.1956,2544.6717,2592.1659,2638.7770,2609.3332,2593.1151,2507.7801,2593.4553,2677.8368,2962.7829,2938.1461,2796.8259,2937.2546,3079.7246,3061.6764,3032.1996,2813.1836,3029.3847,3250.6880,3230.1793,3194.6317,2907.5602,3189.6398,3479.7087,2943.6808,2909.1745,2590.0843,2903.3720,3223.8083,2833.3193,2798.7089,2494.3233,2792.8304,3095.6753,2990.7954,2954.0578,2620.7654,2947.2281,3276.3345,2655.2504,2650.1388,2234.3499,2561.3808,3114.7719,2389.1526,2413.2576,1940.3162,2278.7508,2921.9704,2353.3318,2401.7574,1819.6059,2201.4964,2999.9189,2277.8816,2351.8359,1666.8781,2070.0336,3031.6184,2186.5888,2254.5940,1581.4955,1973.8242,2950.3538,2077.8582,2139.2417,1479.9310,1843.5046,2859.7789,1940.4201,2004.4774,1343.4207,1678.5235,2773.4749,1810.8486,1881.8109,1199.3299,1513.7702,2721.7045,11.00000000000,13,275
13,121,01694833,13121,Fulton,Fulton County,06,H1,G4020,122,12060,,A,1363977166.00000000000,19917366.00000000000,+33.7900338,-084.4681816,13121,72535.4609,72333.5654,71749.9290,72332.0676,72929.1436,80208.8110,79857.7773,78393.0850,79856.9500,81293.6714,80842.5593,80345.5303,77702.7290,80355.4426,82967.9961,93440.9220,92672.0088,88214.6588,92643.3427,97134.2281,97298.6052,96359.7499,89399.4891,96270.2098,103303.9204,96628.1450,95570.0752,86985.4751,95421.7583,104094.1558,98536.3687,97385.4478,86707.4990,97192.1514,107913.7959,109277.6135,107957.5068,96230.8970,107733.8073,119397.2185,115862.3097,114460.0966,101567.6364,114199.8538,126926.5344,110899.3741,110690.7662,93328.8104,106984.8512,130092.9634,123035.3739,124285.3030,99936.4662,117360.7244,150475.5532,123562.0092,126111.5798,95550.8776,115598.6515,157511.9900,121860.3832,125821.7415,89181.9524,110747.3691,162183.6620,122547.2218,126360.7928,88638.6516,110625.6771,165352.5792,122813.3314,126441.3387,87472.2140,108961.5529,169029.3145,121583.4005,125595.2324,84173.0995,105171.0372,173781.0629,119068.0025,123730.8685,78853.5400,99530.5277,178958.9556,11.00000000000,13,121
13,043,00342852,13043,Candler,Candler County,06,H1,G4020,,,,A,629480666.00000000000,15058435.00000000000,+32.4039862,-082.0714459,13043,642.7673,640.9668,635.7891,640.9541,646.2543,720.3340,717.1698,704.0098,717.1632,730.0735,642.3732,638.3304,617.3127,638.4199,659.2094,687.6587,681.7761,648.9833,681.5804,714.6957,740.3289,733.0443,680.0826,732.3576,785.9294,657.2433,649.9597,591.5215,648.9343,708.0002,587.7917,580.8103,517.0234,579.6310,643.7168,582.8543,575.6373,512.9343,574.4081,636.8190,594.0466,586.7001,520.4547,585.3333,650.7558,511.1431,510.0559,429.9329,492.9454,599.5772,457.3597,461.8388,371.2010,436.0556,559.3359,428.5232,437.2091,331.1048,400.7090,546.2456,401.6621,414.5756,293.7055,364.8527,534.5584,375.4411,386.9961,271.3357,338.7544,506.5700,340.1313,350.0646,242.0538,301.6236,468.1172,306.7771,316.7983,212.2045,265.2386,438.4743,276.8129,287.5663,183.1660,231.2848,416.0438,11.00000000000,13,043
13,037,00344074,13037,Calhoun,Calhoun County,06,H1,G4020,,,,A,726147317.00000000000,8315704.00000000000,+31.5212790,-084.6262895,13037,383.3641,382.2266,379.1058,382.2219,385.4347,379.4666,377.6934,370.7062,377.6972,384.5669,363.3612,360.9706,349.0618,361.0333,372.8264,374.6212,371.3203,353.4598,371.2202,389.2889,359.4662,355.6641,329.9444,355.3206,381.4328,388.6297,383.9087,349.1270,383.2236,418.5219,528.3705,521.1623,463.0944,519.8908,578.5348,520.6469,513.2641,456.4193,511.9746,568.7976,495.6264,488.3600,432.0519,486.9847,542.8020,412.7851,410.8636,345.3236,396.7991,483.9489,385.6070,388.4223,311.2816,366.4406,471.4285,362.0188,368.4096,278.0611,337.3290,461.3568,331.3027,341.0468,240.7037,299.8032,440.8392,308.3223,316.9578,221.3537,277.1080,415.9325,289.4170,297.0699,204.5636,255.6367,398.2558,266.8919,274.8862,183.3338,229.8463,381.4158,242.6004,251.3907,159.3971,201.9209,364.5839,11.00000000000,13,037
13,007,00342832,13007,Baker,Baker County,06,H1,G4020,,10500,,A,885629946.00000000000,18634158.00000000000,+31.3196219,-084.4548570,13007,190.7856,190.2609,188.7290,190.2566,191.8220,181.2479,180.4504,177.1385,180.4489,183.6982,155.0522,154.0968,149.0277,154.1161,159.1275,167.9426,166.5912,158.5786,166.5376,174.6002,161.5490,159.9448,148.3877,159.7944,171.4900,135.7771,134.2436,122.1554,134.0264,146.2544,91.3746,90.3277,80.4417,90.1531,100.0728,83.6450,82.6509,73.6894,82.4830,91.3919,71.6685,70.8397,62.9000,70.6867,78.5172,53.0107,52.8934,44.5803,51.1179,62.1811,47.2934,47.7712,38.4098,45.1088,57.8406,42.0988,42.9712,32.5616,39.3903,53.6663,33.9282,35.0290,24.8262,30.8314,45.1548,28.8246,29.7203,20.8466,26.0188,38.8928,24.2491,24.9648,17.2701,21.5133,33.3742,20.6277,21.3082,14.2805,17.8430,29.4835,18.0642,18.7716,11.9631,15.1001,27.1505,11.00000000000,13,007
13,181,01688000,13181,Lincoln,Lincoln County,06,H1,G4020,,,,A,544880697.00000000000,121517149.00000000000,+33.7921507,-082.4482992,13181,445.6152,444.3937,440.8178,444.3836,448.0365,386.2543,384.5769,377.5303,384.5720,391.4823,263.5150,261.9107,253.2992,261.9411,270.4519,311.5307,308.9938,294.1319,308.8964,323.8612,363.7901,360.3214,334.2983,359.9882,386.2708,377.9674,373.8140,340.2268,373.2311,407.1669,313.0876,309.4100,275.4660,308.7912,342.8809,259.5418,256.4580,228.6525,255.9373,283.5795,254.8336,251.7214,223.3394,251.1432,279.1654,248.7555,248.2111,209.2057,239.8804,291.7896,221.0190,223.2261,179.4574,210.7772,270.3059,202.7870,206.9337,156.7501,189.6704,258.5003,190.0951,196.2398,139.0590,172.7158,252.9940,178.1392,183.6487,128.7896,160.7663,240.3597,161.2108,165.9385,114.7597,142.9844,221.8733,142.4393,147.1055,98.5520,123.1693,203.5884,126.1938,131.1052,83.5182,105.4496,189.6672,11.00000000000,13,181
13,081,00351607,13081,Crisp,Crisp County,06,H1,G4020,,18380,,A,705987965.00000000000,21672328.00000000000,+31.9147533,-083.7533380,13081,1376.4496,1372.6325,1361.5646,1372.6035,1383.9222,1318.0652,1312.3198,1288.2625,1312.3045,1335.8992,1223.5762,1216.1320,1176.1475,1216.2729,1255.7894,1337.7717,1326.6693,1262.8588,1326.2653,1390.5878,1343.4440,1330.5782,1234.4764,1329.3456,1426.4262,1368.9673,1354.0550,1232.4764,1351.9685,1474.7637,1142.3576,1129.0952,1005.3660,1126.8725,1251.0817,1082.5192,1069.4852,953.3581,1067.2779,1182.7679,1113.0584,1099.6624,975.8760,1097.1777,1219.3586,955.5631,954.1459,804.8510,922.3037,1121.0368,829.6744,838.3166,674.2836,791.6756,1014.7487,786.5639,803.0134,608.6367,736.1476,1002.7073,733.4265,757.4877,537.1245,666.8172,976.1348,683.8737,705.3655,495.0102,617.6130,922.7674,628.9224,647.6925,448.2767,558.2306,865.6081,566.2618,585.1133,392.3226,490.0322,809.3785,514.1921,534.4727,340.7841,429.9970,772.8385,11.00000000000,13,081
13,153,01671693,13153,Houston,Houston County,06,H1,G4020,356,47580,,A,972645761.00000000000,11344823.00000000000,+32.4583811,-083.6628559,13153,9397.7329,9371.6977,9296.1444,9371.4983,9448.7561,9917.0057,9873.4202,9692.2314,9873.3304,10051.0849,10212.6167,10149.0341,9815.0228,10150.3779,10480.6710,12546.2792,12441.8944,11843.4593,12438.1236,13041.4478,12852.0282,12727.4003,11808.0206,12715.5500,13644.8555,13423.0322,13274.0432,12080.4192,13253.0581,14459.5839,12542.3955,12394.3571,11033.9890,12369.4040,13735.8424,12975.6046,12816.2930,11421.5945,12789.2065,14177.0554,14216.7016,14041.1544,12456.0184,14008.5004,15573.8959,13663.2185,13633.4814,11491.1942,13175.9457,16026.9622,13287.6857,13419.1472,10786.8456,12670.4059,16250.6207,13370.3171,13642.7062,10333.1911,12504.2260,17043.5317,13204.9769,13630.8972,9658.1768,11996.5669,17574.1747,13005.4573,13407.0693,9401.5078,11736.3175,17547.9446,12785.4171,13160.1645,9101.0945,11339.6491,17596.4719,12413.2381,12820.0732,8588.8950,10734.1349,17742.2418,11993.7422,12460.9388,7938.4837,10022.6662,18026.4142,11.00000000000,13,153
13,227,01673011,13227,Pickens,Pickens County,06,H1,G4020,122,12060,,A,601025731.00000000000,1695924.00000000000,+34.4566206,-084.4902556,13227,2069.4865,2063.6999,2047.0347,2063.6583,2080.7149,1936.6562,1928.0436,1892.6081,1928.0331,1962.8112,1648.1080,1637.8995,1584.0070,1638.1103,1691.3960,1596.2397,1582.9510,1506.8136,1582.4718,1659.2339,1866.8716,1848.6704,1715.1207,1846.9453,1981.9722,2021.8066,1999.0691,1819.1204,1995.8519,2177.8480,1936.5750,1913.3028,1702.9343,1909.3558,2120.7983,1987.6487,1963.0114,1749.1586,1958.8144,2171.6776,1864.3559,1841.1174,1633.0466,1836.7902,2042.3098,1551.6615,1548.2112,1304.8641,1496.2339,1820.0819,1492.7672,1507.4355,1211.6417,1423.2949,1825.6134,1433.2250,1462.3271,1107.4928,1340.2633,1826.9619,1351.2173,1394.7095,988.1310,1227.4514,1798.2934,1309.6757,1350.0322,946.6012,1181.7606,1767.1055,1235.5264,1271.6605,879.3498,1095.7124,1700.4392,1141.9820,1179.3389,790.0283,987.4207,1632.2300,1049.7179,1090.5476,694.6855,877.1311,1577.7065,11.00000000000,13,227
13,307,00352287,13307,Webster,Webster County,06,H6,G4020,,,,C,541613654.00000000000,2965859.00000000000,+32.0465538,-084.5532179,13307,181.2402,180.7317,179.2713,180.7282,182.2233,167.2132,166.4782,163.4231,166.4767,169.4739,93.3667,92.7784,89.7235,92.7915,95.8134,96.1034,95.2277,90.6472,95.2040,99.8477,95.8179,94.7856,87.9296,94.6934,101.6608,89.1553,88.0523,80.0622,87.8914,96.0071,111.8266,110.3229,98.0503,110.0588,122.4462,84.4061,83.2318,74.0364,83.0274,92.2135,54.0192,53.2664,47.1650,53.1246,59.1657,33.6865,33.5644,28.2436,32.4248,39.5025,38.9184,39.2328,31.4700,37.0219,47.5851,32.1276,32.7238,24.7275,29.9730,40.9470,27.6607,28.5008,20.1421,25.0642,36.8083,25.2806,26.0159,18.1966,22.7558,34.1065,23.2245,23.8655,16.4625,20.5479,31.9606,19.5148,20.1214,13.4441,16.8337,27.8902,14.8330,15.3842,9.7703,12.3626,22.2921,11.00000000000,13,307
13,305,00350608,13305,Wayne,Wayne County,06,H1,G4020,,27700,,A,1662194319.00000000000,18179669.00000000000,+31.5478449,-081.9123763,13305,1728.3545,1723.5534,1709.6516,1723.5173,1737.7365,1606.7455,1599.7901,1570.4887,1599.7681,1628.4994,1400.8087,1392.3638,1346.6027,1392.5162,1437.7315,1521.8639,1509.7875,1437.1708,1509.2901,1582.3017,1588.7963,1574.0657,1460.4206,1572.6264,1687.2530,1695.7794,1677.6459,1527.2285,1675.1257,1826.9310,1520.4423,1503.2939,1339.0079,1500.4497,1665.2087,1589.2473,1570.6696,1400.6801,1567.5432,1736.4549,1750.8394,1730.5790,1536.6043,1726.8384,1918.1479,1543.2243,1541.1442,1300.2014,1489.7687,1810.5131,1289.6270,1303.3448,1048.5895,1230.9191,1577.3485,1297.4862,1324.8901,1004.4557,1214.6605,1654.0608,1273.0728,1315.0901,932.7656,1157.7694,1694.3853,1236.7856,1275.8596,895.5817,1117.2153,1668.8433,1199.1460,1235.0983,855.0017,1064.5683,1650.4400,1147.0403,1185.3305,794.8864,992.7568,1639.5136,1088.9838,1131.9960,721.8393,910.7455,1636.7630,11.00000000000,13,305
13,103,00350219,13103,Effingham,Effingham County,06,H1,G4020,496,42340,,A,1237236175.00000000000,13547899.00000000000,+32.3617106,-081.3433367,13103,4003.7433,3992.6244,3960.4222,3992.5405,4025.4772,4236.1584,4217.3994,4139.9301,4217.3708,4293.3916,4290.7223,4263.9122,4123.5624,4264.4880,4403.2882,5018.2275,4976.2016,4736.8535,4974.7120,5216.1082,5483.3906,5429.5337,5037.2644,5424.4519,5821.2043,6278.2737,6208.5343,5650.2183,6198.7087,6763.0781,6103.1849,6030.9218,5368.7825,6018.7276,6683.8955,6045.4379,5971.4833,5321.9221,5958.9186,6605.2193,6240.4058,6163.2043,5467.2778,6148.8408,6836.1272,6328.0675,6314.4248,5322.3367,6102.5496,7422.8577,6086.6883,6147.0858,4941.4426,5804.1556,7443.9488,6152.0979,6277.6114,4754.9348,5753.8076,7842.2799,6143.6082,6341.9385,4493.7545,5581.6106,8176.3900,6156.8156,6347.0990,4450.9722,5556.2044,8307.2544,6133.1153,6313.0280,4366.0189,5439.7738,8440.9714,5960.3683,6155.8527,4124.3064,5154.2985,8519.1643,5758.1728,5982.5965,3811.4709,4812.0145,8654.4551,11.00000000000,13,103
13,139,01686953,13139,Hall,Hall County,06,H1,G4020,122,23580,,A,1017300166.00000000000,94568081.00000000000,+34.3175876,-083.8184973,13139,13420.7232,13383.0584,13274.9134,13382.7952,13493.5199,14115.6162,14053.0764,13794.9193,14052.9835,14306.3174,13767.8822,13681.4892,13231.0698,13683.3794,14128.8735,14979.6440,14853.0274,14138.6149,14848.6605,15569.5822,15874.5471,15716.4157,14580.7512,15701.6199,16851.0663,16659.9372,16472.2216,14989.2265,16445.6435,17945.6346,16520.4294,16324.0602,14531.1497,16290.8798,18092.2401,18221.9207,17997.7905,16038.8241,17959.6694,19909.1207,18822.2991,18587.9299,16487.4951,18544.2930,20618.9283,16818.8147,16780.6354,14142.3160,16217.0574,19728.0959,18203.4108,18381.6699,14774.1790,17355.4698,22262.1736,18351.7650,18723.7849,14179.8343,17160.6552,23393.3043,18057.3213,18637.9302,13204.0840,16402.5800,24031.8771,18308.8779,18872.4550,13232.1770,16519.9057,24703.5580,18588.2011,19131.2549,13228.6028,16484.0034,25582.6573,18465.7489,19069.2695,12773.7374,15965.8317,26392.9783,18135.1899,18840.0902,12000.6973,15152.9427,27256.8239,11.00000000000,13,139
13,271,00356958,13271,Telfair,Telfair County,06,H1,G4020,,,,A,1132610545.00000000000,17366962.00000000000,+31.9136387,-082.9310624,13271,981.4586,978.6174,970.6642,978.6021,986.7698,852.9560,849.1203,833.4917,849.1186,864.4633,904.5642,898.7375,869.1153,898.8790,928.1971,1016.6171,1007.6040,959.1383,1007.3363,1056.3859,1196.3000,1183.4171,1097.8185,1182.2655,1269.2533,1454.5990,1435.9772,1305.2720,1433.2323,1566.2053,1560.2216,1538.5770,1366.8278,1534.7411,1708.3100,1603.3844,1580.0377,1404.4347,1575.9418,1751.6335,1583.5976,1560.1149,1379.9601,1555.6656,1734.2984,1279.1498,1272.4049,1068.6753,1228.6349,1499.4824,1315.9512,1324.5154,1060.4749,1249.2349,1608.6623,1260.1958,1281.4252,966.1563,1172.9698,1605.8707,1166.6958,1200.0289,845.9680,1054.5386,1552.3466,1097.8199,1127.6027,786.4916,985.4501,1480.8932,1036.2767,1062.7448,730.8190,914.1394,1425.9063,966.4447,994.5406,662.3631,831.2298,1381.0887,890.6535,922.1902,583.8806,740.4058,1338.4436,11.00000000000,13,271
39,159,01074091,39159,Union,Union County,06,H1,G4020,198,18140,,A,1118175978.00000000000,13317479.00000000000,+40.2959008,-083.3670416,39159,3958.2470,3947.1518,3915.2628,3947.0735,3979.7192,3809.0644,3792.0244,3722.2772,3792.0106,3860.4780,3441.9043,3420.0415,3307.3875,3420.5446,3532.0014,3443.4273,3413.6031,3249.4107,3412.6482,3578.5797,3339.5773,3304.9254,3065.9903,3301.7603,3544.0976,4100.2605,4052.7016,3686.9694,4045.9020,4416.2944,4482.2317,4428.5779,3941.8413,4419.4904,4908.6434,4444.7341,4388.5794,3909.4211,4378.9772,4856.1935,4373.0183,4318.8480,3831.1070,4308.7679,4790.4665,3837.0425,3827.8915,3225.6329,3699.2128,4500.6585,3572.0880,3606.4443,2898.0711,3404.9134,4368.4447,3548.8313,3620.1412,2740.9668,3317.7028,4523.6789,3464.6613,3575.4411,2532.4053,3146.3860,4610.9454,3453.6986,3559.4031,2495.0077,3115.4645,4659.9060,3488.4617,3589.7931,2481.5997,3092.8245,4801.0694,3383.3900,3493.4243,2339.5040,2924.6578,4835.8198,3148.9003,3270.8013,2082.8575,2630.4716,4732.7031,11.00000000000,39,159
39,031,01074028,39031,Coshocton,Coshocton County,06,H1,G4020,,18740,,A,1460529028.00000000000,9244955.00000000000,+40.2967203,-081.9301123,39031,2258.9138,2252.5887,2234.3938,2252.5439,2271.1687,2182.9533,2173.2973,2133.3819,2173.2819,2212.4495,2000.9139,1988.4615,1923.0210,1988.7242,2053.4355,2283.8278,2264.5331,2155.6119,2263.8667,2373.7773,2208.4089,2186.9928,2029.0126,2184.9566,2344.6427,2297.1942,2271.7085,2067.4403,2268.1194,2474.5913,2030.7549,2006.6859,1786.3487,2002.6229,2223.9759,2001.2627,1976.3875,1761.0083,1972.1476,2186.5480,1963.8103,1939.4859,1720.4558,1934.9596,2151.2758,1893.8651,1889.8048,1592.9105,1826.4000,2221.5196,1540.6967,1555.8621,1250.5905,1469.0265,1884.2341,1462.7950,1492.5185,1130.3789,1367.9416,1864.6579,1388.9068,1433.6286,1015.7210,1261.7093,1848.4546,1300.6710,1340.7565,940.1040,1173.6436,1754.9563,1205.0068,1240.2452,857.6229,1068.6424,1658.4351,1094.0983,1129.8796,756.8858,946.0062,1563.7894,995.4678,1034.1870,658.7828,831.7998,1496.1696,11.00000000000,39,031
26,087,01622986,26087,Lapeer,Lapeer County,06,H1,G4020,220,19820,47644,A,1665397257.00000000000,51362519.00000000000,+43.0886327,-083.2243247,26087,6488.8282,6470.6091,6418.3174,6470.4824,6524.0238,5521.8299,5497.2446,5396.1953,5497.2166,5596.3950,4974.2017,4942.8413,4780.0807,4943.5412,5104.5414,5519.0037,5472.1249,5208.9215,5470.5314,5736.2103,5929.0900,5869.2593,5445.0803,5863.7038,6293.3097,6867.4071,6789.7703,6178.3222,6778.7654,7397.3102,5854.3945,5783.8986,5147.8293,5771.9349,6411.2974,5408.2443,5339.6913,4756.4624,5327.9613,5908.8848,4768.4727,4707.2058,4173.3516,4695.7601,5223.4041,4329.6914,4317.7774,3636.9227,4172.2022,5078.1259,4300.8053,4340.5629,3486.4705,4097.5116,5259.3602,4013.6603,4092.6344,3097.0467,3750.1487,5115.9916,3715.4972,3832.6041,2712.8487,3372.0556,4944.6211,3480.9321,3585.7785,2511.7609,3137.8791,4696.4997,3221.5260,3313.4180,2288.7575,2854.0241,4433.5584,2795.2606,2884.5357,1929.9431,2414.2229,3995.1023,2440.2931,2533.2685,1611.4815,2036.6942,3667.5952,11.00000000000,26,087
26,097,01622991,26097,Mackinac,Mackinac County,06,H1,G4020,,,,A,2645851022.00000000000,2794791851.00000000000,+46.1679807,-085.3037562,26097,652.2007,650.3394,645.0680,650.3280,655.7339,646.8251,643.9105,632.0558,643.9096,655.5498,572.2082,568.5326,549.7962,568.6209,587.1636,613.0661,607.7033,578.4730,607.5370,637.0948,618.8836,612.4781,568.1993,611.8921,656.7955,745.1777,736.3356,669.7588,735.0620,802.5556,645.8392,637.7069,567.2598,636.3066,707.2342,615.0118,607.0105,540.5040,605.6345,671.9314,590.3904,582.5544,516.2286,581.0855,646.6856,521.7278,520.1944,438.0732,502.6295,611.8905,532.5822,537.4727,431.6832,507.3666,651.2777,506.4260,516.3850,390.7619,473.1702,645.5126,481.3309,496.5245,351.4800,436.8677,640.5619,470.4557,484.6767,339.5577,424.1559,634.7469,459.0454,472.2186,326.2710,406.7794,631.7581,438.4112,452.5343,302.9084,378.8008,626.6040,417.5736,433.6305,276.0132,348.6921,627.5940,11.00000000000,26,097
39,149,01074087,39149,Shelby,Shelby County,06,H1,G4020,,43380,,A,1055874043.00000000000,7814034.00000000000,+40.3366802,-084.2041425,39149,3078.4815,3069.8007,3044.9730,3069.7423,3095.1740,2910.6738,2897.7387,2844.4858,2897.7222,2949.9859,2655.6688,2639.0474,2552.1748,2639.4070,2725.3240,2772.5807,2749.1919,2616.9591,2748.3805,2881.8020,2579.9210,2554.5485,2369.9862,2552.1562,2738.8397,3048.3124,3014.2062,2742.9909,3009.3891,3283.6298,2864.9267,2830.6431,2519.5420,2824.8370,3137.4792,2777.5470,2742.8786,2443.8262,2736.9646,3034.6955,2666.6555,2633.0949,2335.1899,2626.8391,2921.1502,2328.1004,2322.3972,1956.8602,2244.2867,2730.7085,1914.6087,1933.1591,1553.5790,1825.1746,2341.4712,1829.8574,1866.7625,1413.5423,1710.8536,2332.5272,1716.8332,1771.8610,1255.1037,1559.2865,2284.8598,1608.3780,1657.7290,1162.1336,1451.0220,2170.1168,1514.5310,1558.6371,1077.5944,1342.9062,2084.4146,1365.5337,1410.0462,944.4039,1180.5185,1951.7404,1220.8142,1268.1721,807.6880,1019.9414,1834.8533,11.00000000000,39,149
39,027,01074026,39027,Clinton,Clinton County,06,H1,G4020,178,48940,,A,1058487805.00000000000,9351104.00000000000,+39.4140409,-083.8145417,39027,2421.5838,2414.8557,2395.3772,2414.8051,2434.7286,2346.5912,2336.3085,2293.4507,2336.2851,2378.3263,2288.7356,2274.5152,2199.6661,2274.8132,2348.8252,2479.6287,2458.8169,2340.5512,2458.0840,2577.3773,2462.2099,2437.9509,2261.8087,2435.6661,2613.8488,2011.5625,1988.8579,1809.7759,1985.6414,2166.7893,2227.6960,2200.9507,1958.9780,2196.4162,2439.6160,2462.0226,2431.2709,2166.1707,2426.0243,2689.9584,2365.8397,2336.4006,2072.4076,2330.9198,2591.6666,2118.0875,2113.1934,1780.8664,2042.1986,2484.4486,1811.2326,1828.9128,1469.9263,1726.7921,2215.0688,1725.6924,1760.6401,1333.3273,1613.6435,2199.7650,1605.5628,1657.1849,1174.0339,1458.4286,2136.7889,1492.0006,1537.9284,1078.3002,1346.2183,2013.1068,1381.6104,1421.9756,983.2488,1225.2131,1901.4893,1307.4057,1350.1565,904.4381,1130.4331,1868.6681,1192.8848,1239.2675,789.4029,996.7403,1792.8828,11.00000000000,39,027
39,107,01074066,39107,Mercer,Mercer County,06,H1,G4020,,16380,,A,1197736887.00000000000,28427397.00000000000,+40.5353325,-084.6320588,39107,2301.7587,2295.2862,2276.7318,2295.2417,2314.2421,2182.7688,2173.0283,2133.0724,2173.0187,2212.2381,2080.3756,2067.1839,1999.0974,2067.4854,2134.8454,2445.3351,2424.5458,2307.9278,2423.8412,2541.5623,2343.5449,2320.1016,2152.4429,2317.9135,2487.6426,2782.0901,2751.0930,2503.6353,2746.7213,2996.8942,2477.2442,2447.8500,2179.0429,2442.8863,2712.9435,2356.9860,2327.6784,2074.0061,2322.6826,2575.2050,2492.7755,2461.8552,2183.7878,2456.1007,2730.7308,2333.7373,2328.3211,1962.1397,2250.0925,2737.3930,1736.7270,1753.6019,1409.3236,1655.6620,2123.9386,1722.5683,1757.3540,1330.7408,1610.5980,2195.7707,1683.5651,1737.5663,1230.8508,1529.1211,2240.5882,1589.2551,1638.0359,1148.3450,1433.7911,2144.3164,1517.6164,1561.8119,1079.7889,1345.6414,2088.6610,1381.9950,1427.0183,955.7429,1194.7171,1975.2667,1253.3301,1301.9064,829.1239,1047.0544,1883.7212,11.00000000000,39,107
26,065,01622975,26065,Ingham,Ingham County,06,H1,G4020,330,29620,,A,1440343968.00000000000,11894285.00000000000,+42.6035338,-084.3738107,26065,14800.3039,14758.9853,14639.8351,14758.6852,14880.6145,14644.2957,14579.6929,14312.0103,14579.5771,14842.2198,15628.8522,15530.8037,15019.5065,15532.9469,16038.6501,17209.3412,17064.4874,16243.7085,17059.4295,17887.4806,16574.3968,16411.6321,15225.9373,16396.2722,17595.5085,12779.6345,12636.9063,11500.0129,12616.7597,13766.2457,8273.7220,8172.6454,7272.5887,8155.4093,9060.5982,17958.5328,17737.5785,15806.8704,17699.9954,19621.3408,18418.5427,18192.5105,16140.1545,18150.4943,20177.0344,17613.2123,17577.2799,14817.5853,16988.0391,20660.8890,19998.0186,20197.2766,16236.7122,19070.7758,24457.4764,19882.7543,20289.2573,15368.8160,18596.6161,25345.2992,19348.5873,19974.1016,14154.0964,17579.7640,25750.6796,19347.2172,19946.0391,13988.2726,17460.9637,26104.8478,19391.5229,19961.1969,13805.8178,17200.3875,26688.5089,19575.0922,20217.8135,13546.3391,16928.6818,27978.7621,20076.3369,20859.3514,13289.9716,16778.1460,30174.4934,11.00000000000,26,065
39,075,01074050,39075,Holmes,Holmes County,06,H1,G4020,,,,A,1094355785.00000000000,3745395.00000000000,+40.5653086,-081.9298686,39075,2351.8929,2345.2804,2326.3225,2345.2348,2364.6483,2486.1877,2475.1733,2429.7044,2475.1568,2519.7764,2546.8743,2530.7926,2447.4515,2531.1537,2613.5966,2805.8494,2782.3335,2648.5072,2781.5019,2916.4794,3190.7381,3158.8073,2930.5397,3155.8279,3386.9188,3349.4473,3311.4949,3013.2253,3306.1112,3607.8723,3450.3443,3409.0383,3034.3535,3402.0418,3778.5882,3412.5328,3370.2970,3003.1959,3363.1042,3728.4900,3319.8621,3278.5257,2908.0541,3270.8294,3636.7504,2979.0531,2971.5762,2503.6893,2871.5831,3494.1897,1565.5435,1580.5097,1269.9815,1492.1613,1914.5490,1591.6520,1623.5502,1229.1768,1487.8846,2028.8613,1549.4867,1598.9462,1132.4137,1407.0403,2062.1274,1365.4254,1407.0972,986.2005,1231.5531,1842.2910,1175.0062,1208.9830,835.5983,1041.5493,1617.1149,965.3895,996.6091,667.2228,834.2771,1379.8018,724.3363,752.1869,478.7772,604.8496,1088.6441,11.00000000000,39,075
39,143,01074084,39143,Sandusky,Sandusky County,06,H1,G4020,534,23380,,A,1057888420.00000000000,23968158.00000000000,+41.3552905,-083.1427350,39143,3724.3701,3713.9268,3683.9201,3713.8534,3744.5730,3540.0986,3524.3351,3459.5506,3524.3171,3587.9027,3412.3023,3390.7141,3279.0457,3391.2028,3501.6733,3573.5780,3543.5297,3373.0906,3542.4771,3714.4157,3364.8983,3331.2902,3090.5641,3328.1505,3571.8304,3578.2242,3538.4150,3220.1757,3532.8033,3854.5144,3157.0656,3119.8619,2777.4878,3113.5942,3457.4768,3130.3237,3091.6109,2754.8953,3085.0192,3420.1537,2980.4269,2943.8367,2611.7183,2937.0349,3264.9784,2500.2687,2494.5976,2102.3912,2410.8177,2932.7607,2498.4371,2523.1367,2028.1805,2382.3489,3055.5444,2419.9785,2469.2780,1870.2665,2263.2168,3084.8167,2256.1977,2328.9885,1650.2238,2049.7520,3002.7190,2154.6185,2221.1867,1557.6079,1944.4016,2907.1769,2082.7986,2143.8891,1482.6811,1847.3308,2866.5432,1930.9202,1994.2595,1336.1279,1669.7987,2759.8682,1792.7014,1862.5938,1186.6711,1498.1597,2694.4072,11.00000000000,39,143
39,105,01074065,39105,Meigs,Meigs County,06,H1,G4020,,,,A,1113949889.00000000000,7519799.00000000000,+39.0898068,-082.0283968,39105,1547.2878,1542.9230,1530.4433,1542.8937,1555.6774,1463.3787,1456.9787,1430.2582,1456.9632,1483.1728,1408.8278,1400.0103,1353.9246,1400.2011,1445.7799,1403.6333,1391.9686,1325.0172,1391.5458,1459.0396,1335.4592,1322.2968,1226.7603,1321.0574,1417.7023,1278.7199,1264.4694,1150.7296,1262.4594,1377.4484,1083.7791,1071.0402,953.5331,1068.8960,1186.9101,1094.9839,1081.5879,963.9349,1079.3119,1196.3745,1003.2990,990.8754,878.9776,988.5638,1099.0745,829.4727,827.5606,697.4203,799.7592,972.9460,811.1063,819.0590,658.3241,773.3361,991.9580,731.2054,746.0394,564.9993,683.7612,932.0813,646.1912,666.9774,472.5305,586.9864,859.9947,580.6600,598.5445,419.6728,523.9371,783.4661,520.6943,535.9200,370.5847,461.7687,716.6246,455.3960,470.3011,315.0592,393.7706,650.8962,396.8647,412.3078,262.6502,331.6233,596.4807,11.00000000000,39,105
39,007,01074017,39007,Ashtabula,Ashtabula County,06,H1,G4020,184,11780,,A,1817993244.00000000000,1724857052.00000000000,+41.9066441,-080.7456406,39007,6310.8834,6293.2260,6242.4004,6293.0998,6345.1225,5818.1501,5792.2937,5685.8467,5792.2608,5896.7309,5151.2763,5118.9571,4950.4328,5119.6637,5286.3447,5361.4794,5316.2724,5060.5666,5314.7018,5572.6995,5468.2807,5413.9386,5022.7400,5408.8470,5804.7457,5669.5064,5605.4035,5100.6071,5596.3169,6106.9749,5141.7170,5079.3671,4520.3886,5068.7610,5630.7755,4917.8081,4855.1179,4324.4628,4844.3793,5373.0284,4977.0491,4912.7838,4355.2876,4900.7715,5451.8408,4188.3675,4177.0021,3518.4989,4036.2163,4912.4113,3853.2551,3889.1738,3124.1843,3671.4906,4712.1093,3632.4321,3704.2888,2803.5526,3394.4325,4630.1073,3352.1587,3458.2154,2448.2469,3042.8061,4461.1218,3121.8696,3216.3564,2253.4556,2814.7820,4212.0906,2904.8860,2988.2734,2064.7214,2574.1744,3997.8315,2636.2049,2721.0606,1821.2948,2277.6771,3767.8197,2384.1084,2475.6685,1575.6727,1990.6923,3583.1982,11.00000000000,39,007
26,039,01622962,26039,Crawford,Crawford County,06,H1,G4020,,,,A,1440758147.00000000000,18031692.00000000000,+44.6802083,-084.6111321,26039,883.4311,880.9460,873.8243,880.9290,888.2222,708.0974,704.9648,692.0169,704.9598,717.6651,674.3146,669.9964,647.9192,670.0990,691.9462,857.4047,850.0984,809.2095,849.8525,891.1339,751.4883,743.9189,690.1561,743.2153,797.6608,849.8557,840.3738,764.7748,839.0359,915.4689,724.2312,715.5692,636.9289,714.1025,793.1309,664.2240,656.0530,584.6439,654.6631,725.7256,639.8264,631.8492,560.4396,630.3637,700.8980,591.8343,590.5762,497.8052,570.7647,694.2291,536.7366,541.9641,435.5739,511.6988,656.4066,515.0604,525.4721,397.9195,481.5937,656.5526,499.8068,515.8459,365.4207,453.9659,665.1732,470.2720,484.7241,339.8337,424.2913,634.5202,449.1932,462.2992,319.6458,398.3225,618.2163,412.2060,425.6709,285.1318,356.3919,589.1629,382.6956,397.5673,253.2372,319.7590,575.1836,11.00000000000,26,039
39,111,01074068,39111,Monroe,Monroe County,06,H1,G4020,,,,A,1180312425.00000000000,4498230.00000000000,+39.7259688,-081.0906582,39111,895.0862,892.5216,885.2819,892.5064,899.9339,854.6398,850.8362,835.1972,850.8317,866.1811,805.8096,800.7326,774.3664,800.8456,826.9262,828.5194,821.4745,781.9625,821.2358,861.1220,834.2736,826.1313,766.4501,825.3601,885.7046,820.1770,810.9711,737.9820,809.6694,883.4828,738.2002,729.3717,649.2149,727.8768,808.4289,671.6738,663.2880,590.9683,661.8574,733.8580,701.9656,693.0809,614.6150,691.4237,768.9523,644.2747,642.5481,541.2713,620.8969,755.6558,560.4582,565.7704,454.5682,534.1305,685.3934,524.5098,534.9753,404.9796,490.2564,668.5813,480.0986,495.3807,350.7982,435.9090,638.9333,444.8756,458.4288,321.2771,401.2275,600.2432,403.5286,415.1946,286.9623,357.6927,555.3604,362.3306,374.0680,250.4579,313.1465,517.8695,323.6198,336.1112,213.9946,270.2946,486.3887,11.00000000000,39,111
39,015,01074020,39015,Brown,Brown County,06,H1,G4020,178,17140,,A,1269135535.00000000000,8898059.00000000000,+38.9313769,-083.8667723,39015,2681.1201,2673.6408,2652.0593,2673.5861,2695.6695,2698.6997,2686.6805,2637.2924,2686.6671,2735.1414,2401.7296,2386.5668,2307.9760,2386.9072,2464.6509,2384.6479,2364.7255,2250.9857,2364.0143,2478.7111,2387.7058,2363.9968,2193.1816,2361.7743,2534.6349,2424.5527,2397.4498,2181.7451,2393.6229,2611.7254,2080.1887,2055.4764,1829.7308,2051.3016,2278.1066,1957.6847,1933.0956,1722.1787,1928.8957,2138.9204,1923.8086,1899.7012,1684.8785,1895.2096,2107.4217,1622.0762,1618.2578,1363.6984,1563.8719,1902.6263,1441.4371,1455.5391,1169.8699,1374.2761,1762.8280,1338.6325,1365.7636,1034.3104,1251.7429,1706.3767,1225.9632,1265.3857,896.4687,1113.6222,1631.5932,1129.2143,1163.9845,816.1241,1018.8922,1523.6122,1042.0485,1072.5101,741.6229,924.1109,1434.1569,933.7954,964.3394,645.9991,807.4077,1334.6696,839.5438,872.2041,555.6055,701.5190,1261.8191,11.00000000000,39,015
39,113,01074069,39113,Montgomery,Montgomery County,06,H1,G4020,212,19380,,A,1195417263.00000000000,7204078.00000000000,+39.7552177,-084.2905455,39113,31548.5569,31461.0621,31207.3780,31460.3969,31719.8321,29550.8867,29420.8564,28880.8684,29420.5996,29950.3752,28625.3247,28447.0768,27510.8579,28450.8477,29376.6472,31982.3114,31716.0115,30190.5222,31706.4129,33244.4362,33005.0414,32682.6044,30321.5248,32652.0831,35039.5157,30391.3400,30055.5020,27353.8131,30008.2723,32738.6502,27733.8552,27406.8889,24399.1237,27351.7966,30372.8591,28529.6224,28179.7018,25113.4799,28120.2190,31171.2883,29228.0729,28867.8035,25609.5070,28800.8008,32018.4015,27174.3667,27116.4982,22856.7866,26206.8199,31875.8542,26311.1972,26572.0157,21360.1287,25089.5483,32178.2429,25396.8085,25914.7518,19628.7621,23752.3582,32374.1160,24177.2228,24957.6052,17684.2782,21965.4219,32176.9119,23157.4255,23873.0616,16741.1718,20898.2769,31245.7936,22011.0845,22656.7393,15669.1094,19522.7153,30293.7274,20739.1842,21419.3656,14350.5655,17934.4420,29642.5499,19570.2579,20333.0052,12954.0178,16354.5574,29413.8304,11.00000000000,39,113
39,067,01074046,39067,Harrison,Harrison County,06,H1,G4020,,,,A,1042052713.00000000000,21829291.00000000000,+40.2923175,-081.0915651,39067,988.9972,986.1971,978.2151,986.1789,994.3582,974.1021,969.7487,951.9143,969.7449,987.2515,874.2009,868.7519,840.1592,868.8676,897.1428,897.7603,890.2328,847.4139,889.9670,933.1554,935.9965,926.5847,859.6222,925.7090,993.5161,956.0247,945.1335,859.9670,943.5857,1029.7693,828.5648,818.5900,728.5699,816.8973,907.3829,817.0989,806.8943,718.9139,805.1534,892.7465,812.4080,802.3871,711.8148,800.5232,889.9656,671.6224,670.2619,565.0378,647.7955,787.8379,618.3779,624.5049,502.0105,589.6625,756.2675,593.8330,605.9392,458.9556,555.3765,756.9772,557.0667,575.0416,407.4530,506.0973,741.3868,527.7692,544.0739,381.5310,476.2757,712.1067,502.5354,517.2716,357.7334,445.7174,691.6361,468.8111,484.1827,324.3887,405.4046,670.0723,437.8734,454.9357,289.8321,365.9193,658.1175,11.00000000000,39,067
26,077,01622981,26077,Kalamazoo,Kalamazoo County,06,H1,G4020,,28020,,A,1454688724.00000000000,48274044.00000000000,+42.2462657,-085.5328544,26077,14144.8260,14105.2926,13991.3963,14105.0075,14221.5740,14146.5298,14083.8965,13825.1962,14083.8001,14337.6615,14830.6812,14737.8297,14252.6809,14739.8409,15219.6566,17379.4797,17232.5313,16403.6671,17227.4682,18063.8993,16919.2185,16749.7241,15539.3084,16733.9184,17959.3699,18701.5123,18494.1545,16831.2698,18464.9585,20145.7424,17321.2006,17117.7252,15239.7958,17083.4832,18969.4770,19982.9445,19736.8523,17588.2963,19694.9850,21833.1829,20911.6852,20654.0818,18323.0272,20606.1766,22908.0891,20122.5178,20079.7313,16925.4834,19406.1334,23603.9677,21007.8310,21216.2850,17055.0783,20032.6810,25692.3320,21252.2385,21685.8145,16425.7695,19876.3483,27090.9210,21091.2026,21772.0839,15427.2141,19161.8555,28069.8076,21209.3511,21864.8496,15332.9627,19140.3301,28617.3063,21493.2480,22123.7120,15300.4733,19063.4191,29581.0316,21135.6663,21828.8079,14624.8359,18277.2500,30209.2406,20704.9863,21511.8891,13704.9955,17302.7457,31119.3070,11.00000000000,26,077
39,003,01074015,39003,Allen,Allen County,06,H1,G4020,338,30620,,A,1042458893.00000000000,11275149.00000000000,+40.7715280,-084.1065456,39003,5953.3114,5936.4752,5888.4374,5936.3643,5985.5849,5811.7839,5785.7306,5679.2840,5785.7134,5890.2142,5792.7371,5756.3245,5566.8017,5757.1270,5944.5860,6064.0608,6012.6436,5723.4423,6010.8868,6302.7773,6213.3449,6151.6674,5707.1684,6145.8844,6595.6995,5966.5282,5899.8649,5369.0597,5890.4537,6427.1473,5407.1548,5343.5138,4757.1856,5332.7968,5921.6828,5875.1705,5801.9085,5169.4036,5789.4132,6419.1050,5876.9207,5803.1566,5146.7988,5789.4106,6437.8141,5316.3785,5303.6933,4469.2348,5125.4021,6235.8440,4759.1396,4804.9421,3861.1889,4536.4471,5820.1410,4657.0395,4750.6056,3596.8787,4353.7204,5936.3051,4413.2481,4554.2865,3225.6280,4007.7426,5873.3660,4214.5174,4343.3618,3044.3836,3801.5878,5686.4286,4009.9033,4126.1522,2852.1382,3554.8370,5518.6963,3752.9925,3874.7771,2594.5943,3243.8099,5364.0671,3469.9760,3604.0366,2294.7532,2898.3545,5215.2535,11.00000000000,39,003
39,053,01074039,39053,Gallia,Gallia County,06,H1,G4020,,38580,,A,1208307512.00000000000,12085419.00000000000,+38.8170456,-082.3017463,39053,1727.0961,1722.2960,1708.4030,1722.2600,1736.4708,1832.9051,1824.8277,1791.3283,1824.8125,1857.6800,1686.0960,1675.6290,1620.4898,1675.8473,1730.3687,1836.8635,1821.5105,1733.8986,1820.9632,1909.3148,1759.2370,1742.2218,1616.3741,1740.6014,1867.7916,1507.5870,1491.1985,1357.3276,1488.9072,1624.1060,1363.9208,1347.9397,1200.0983,1345.2526,1493.7156,1354.6616,1338.2302,1192.8017,1335.4435,1480.1055,1379.4052,1362.5771,1208.9629,1359.4511,1511.1146,1266.7623,1264.4151,1066.1245,1222.0923,1486.0122,1073.8025,1084.8523,872.4515,1024.4531,1313.3122,1017.9367,1039.0948,787.4433,952.5264,1297.6444,955.8467,987.0829,699.8051,868.8845,1272.1484,895.8080,923.8508,648.2263,808.8738,1208.7258,840.5611,865.5496,598.9548,745.9565,1156.8860,790.4894,816.7143,547.5122,683.9598,1129.8689,748.1017,777.5191,495.6504,625.4964,1124.4027,11.00000000000,39,053
42,019,01213661,42019,Butler,Butler County,06,H1,G4020,430,38300,,A,2042475490.00000000000,15921864.00000000000,+40.9138336,-079.9189599,42019,13406.3217,13368.9774,13261.0921,13368.7020,13479.0801,11862.8892,11810.0926,11593.0131,11810.0306,12023.0889,11425.3736,11353.1627,10979.2781,11354.7902,11724.6542,13107.0371,12995.2609,12370.2018,12991.5075,13622.5961,14626.0668,14480.4488,13434.1014,14466.8188,15525.8363,13258.2672,13108.1113,11927.4975,13086.8144,14281.2236,11037.1177,10904.4674,9705.5031,10881.9692,12087.0600,11998.6454,11850.6824,10560.4179,11825.5034,13109.5992,11537.0609,11394.7445,10108.5144,11368.2745,12638.4613,10561.9841,10538.9107,8882.8049,10185.2049,12389.1914,9633.9405,9729.8000,7821.7197,9187.0804,11782.2392,9315.3662,9505.7224,7200.3506,8712.6699,11874.6380,8876.7583,9163.6644,6493.5100,8065.1714,11813.9084,8449.9908,8711.5228,6109.4345,7626.1524,11401.4185,7849.3903,8080.0620,5588.5163,6962.5493,10803.1038,7316.8194,7557.2028,5063.6371,6327.8212,10457.9712,6887.0102,7155.8135,4559.3591,5755.8372,10351.1062,11.00000000000,42,019
39,139,01074082,39139,Richland,Richland County,06,H1,G4020,360,31900,,A,1282739691.00000000000,12454453.00000000000,+40.7741674,-082.5427146,39139,7113.2004,7093.2087,7035.8756,7093.0707,7151.7794,6522.4208,6493.4096,6374.0644,6493.3744,6610.5065,6227.2926,6188.1733,5984.4376,6189.0333,6390.5466,6343.9234,6290.7404,5988.1648,6288.8610,6594.0446,6392.5588,6330.0476,5872.7426,6324.1338,6786.5648,6917.4691,6839.5482,6223.7972,6828.5168,7451.3172,6485.8344,6406.4006,5700.6835,6392.8442,7102.6497,6437.3193,6354.7948,5659.7637,6340.6432,7033.1674,6496.3276,6412.8312,5685.5080,6397.2319,7116.0998,5914.9091,5898.6086,4968.4551,5699.7286,6937.3596,5092.5995,5139.6076,4128.2217,4851.7923,6227.6166,4865.7747,4961.5548,3754.6297,4546.3682,6202.1394,4573.7833,4718.0575,3339.7190,4151.1507,6086.8466,4300.5450,4430.2599,3103.4882,3876.9485,5802.3438,4016.6149,4131.4444,2854.0863,3558.7391,5527.8038,3679.5326,3797.5379,2541.3391,3178.5672,5258.9748,3390.2137,3520.0240,2239.9210,2830.2970,5095.3011,11.00000000000,39,139
39,093,01074059,39093,Lorain,Lorain County,06,H1,G4020,184,17460,,A,1271946706.00000000000,1119471339.00000000000,+41.4388045,-082.1797220,39093,20210.7625,20154.2418,19991.4861,20153.8371,20320.4184,19768.5096,19680.9767,19319.4625,19680.8427,20035.5971,18535.7105,18419.4838,17813.0994,18422.0183,19021.7599,19358.2654,19196.3604,18273.0435,19190.5993,20121.7450,19572.3682,19379.4462,17979.2719,19361.2813,20777.7059,20368.9251,20141.0644,18328.8134,20108.8824,21941.3347,19266.7616,19035.8869,16943.4701,18996.7689,21099.6535,19613.3167,19369.3085,17258.2963,19327.7114,21429.1871,19268.7424,19027.2488,16875.5654,18982.2534,21107.7960,18103.2561,18061.1347,15220.5072,17454.2742,21234.4677,18264.3363,18441.5187,14820.6965,17411.4612,22336.4115,17602.4576,17957.5743,13597.8681,16457.8245,22437.9420,16853.7579,17393.9657,12321.0864,15307.1744,22429.9456,16422.2631,16926.0928,11865.7925,14815.5028,22157.8619,15983.3482,16448.6687,11371.9586,14171.9510,21997.5064,15286.5787,15784.6574,10571.8174,13215.1355,21848.9022,14585.1761,15150.7010,9649.0498,12185.0062,21921.1389,11.00000000000,39,093
39,023,01074024,39023,Clark,Clark County,06,H1,G4020,212,44220,,A,1029450254.00000000000,13089442.00000000000,+39.9170315,-083.7836760,39023,8560.4285,8536.5110,8467.5852,8536.3380,8606.8771,7955.4747,7920.3559,7774.9260,7920.2946,8062.9897,7542.6418,7495.6705,7248.9805,7496.6644,7740.6097,8077.3608,8010.5604,7625.2664,8008.1049,8396.4102,8304.8768,8223.9515,7629.8493,8216.2793,8816.9373,7663.9604,7579.2373,6897.9183,7567.3206,8255.8855,6852.3735,6772.4510,6029.9792,6759.0348,7504.5076,6929.9861,6846.3995,6102.8565,6832.2396,7571.7418,7185.1897,7097.6317,6297.5594,7081.3686,7871.2635,6340.0294,6327.5752,5334.5831,6115.5861,7437.1836,5733.4001,5791.6354,4656.9811,5468.9502,7012.0999,5540.9673,5655.3325,4284.9052,5183.9035,7063.4113,5232.9566,5403.1609,3829.8342,4755.8580,6964.5367,4917.9169,5071.1078,3557.3967,4439.6858,6635.7431,4615.4429,4751.9374,3287.5535,4095.0707,6352.2962,4302.3015,4444.4002,2978.7588,3721.7126,6149.3566,3988.1155,4144.4178,2641.3727,3333.8689,5994.1367,11.00000000000,39,023
39,061,01074043,39061,Hamilton,Hamilton County,06,H1,G4020,178,17140,,A,1051302780.00000000000,17407186.00000000000,+39.1969272,-084.5441868,39061,47304.5026,47173.2950,46792.9063,47172.2971,47561.3124,44846.6312,44649.0359,43829.4109,44648.6636,45452.8229,46048.2303,45761.2699,44255.1750,45767.3608,47256.7242,55416.9493,54955.5409,52312.2668,54938.9094,57603.8929,62109.7281,61501.2856,57058.1205,61443.7854,65937.1502,54562.7702,53959.4862,49108.8506,53874.6292,58776.8888,45250.8038,44719.9899,39814.5790,44630.7050,49556.9336,49194.2388,48595.6358,43312.7381,48494.0460,53749.5973,52896.7974,52252.7826,46363.2421,52133.1738,57947.6895,51496.5726,51391.4647,43322.7789,49668.6616,60407.1948,49268.2821,49762.6881,40007.8432,46988.2617,60255.4313,48986.3365,49991.3917,37871.2579,45822.0444,62445.1632,47829.5736,49379.2949,34994.7397,43461.3866,63655.8054,46248.6055,47683.6365,33444.4777,41744.1570,62402.7227,44034.7251,45332.1051,31357.1405,39063.8013,60605.1917,42213.9348,43603.7402,29219.5208,36511.6417,60336.8210,40925.4795,42525.2859,27098.0034,34206.6035,61510.7288,11.00000000000,39,061
39,161,01074092,39161,Van Wert,Van Wert County,06,H1,G4020,338,46780,,A,1059715168.00000000000,3281854.00000000000,+40.8555203,-084.5857751,39161,1684.7615,1680.0379,1666.4643,1680.0046,1693.9006,1664.7455,1657.3131,1626.8379,1657.3061,1687.2199,1644.2533,1633.9163,1580.1204,1634.1443,1687.3545,1768.8435,1753.7587,1669.4046,1753.2522,1838.4199,1622.1613,1606.2673,1490.2222,1604.7655,1722.1228,2014.8325,1992.4543,1813.2801,1989.3015,2170.4173,1742.1665,1721.5377,1532.5279,1718.0566,1907.9314,1682.7267,1662.1811,1481.4131,1658.6918,1838.5421,1741.9523,1720.5165,1526.3595,1716.5307,1908.2563,1481.0119,1477.7613,1245.5284,1428.1609,1737.2211,1372.1452,1385.6811,1113.8284,1308.3529,1678.1046,1359.6937,1387.3538,1050.7623,1271.5656,1733.2362,1298.2865,1340.1201,949.5005,1179.4254,1727.8533,1254.7809,1293.4846,906.9914,1132.2765,1693.0412,1217.4031,1253.0393,866.5074,1079.6808,1675.4989,1129.0071,1165.9608,781.0897,976.2284,1613.6866,1054.6178,1095.6514,697.9518,881.2417,1585.0718,11.00000000000,39,161
39,047,01074036,39047,Fayette,Fayette County,06,H1,G4020,198,47920,,A,1052458662.00000000000,1705305.00000000000,+39.5538453,-083.4593267,39047,1817.6407,1812.5435,1797.8989,1812.5077,1827.5005,1766.7066,1758.9128,1726.6193,1758.8988,1790.5844,1654.9832,1644.6434,1590.5090,1644.8653,1698.4019,1746.5827,1731.8904,1648.5888,1731.3765,1815.4130,1712.1153,1695.1366,1572.6532,1693.5437,1817.4859,1768.9034,1748.9027,1591.4045,1746.0676,1905.3948,1646.6621,1626.9190,1448.0790,1623.5733,1803.3115,1485.9626,1467.3846,1307.3669,1464.2144,1623.5330,1644.8956,1624.3091,1440.6548,1620.4741,1801.8917,1390.6998,1387.3560,1169.0515,1340.7113,1631.2145,1145.1651,1156.1998,929.1199,1091.5968,1400.4701,1093.2044,1115.1866,844.3718,1022.0256,1393.5045,1013.7224,1046.1441,740.9693,920.6094,1349.1135,933.7967,962.3749,674.5867,842.3441,1259.9259,864.2526,889.3451,614.7855,766.2199,1189.4451,780.7129,806.0861,539.8073,674.8396,1115.8579,693.6423,720.4776,458.7829,579.4213,1042.5226,11.00000000000,39,047
39,051,01074038,39051,Fulton,Fulton County,06,H1,G4020,534,45780,,A,1050091407.00000000000,4621143.00000000000,+41.5972639,-084.1242667,39051,2656.5448,2649.1486,2627.7724,2649.0938,2670.9629,2476.5845,2465.6891,2420.4353,2465.6675,2510.0652,2295.1011,2280.6452,2205.5499,2280.9665,2355.2477,2480.4544,2459.6338,2341.3288,2458.9008,2578.2343,2379.1005,2355.3326,2185.1308,2353.1126,2525.4050,2851.5365,2819.0360,2565.0014,2814.4164,3071.4902,2531.0773,2500.5344,2225.4868,2495.3473,2771.8402,2230.6322,2202.5710,1962.2083,2197.7766,2437.1340,2323.2879,2294.0719,2034.5473,2288.6264,2545.0159,2106.8502,2101.6808,1770.8758,2030.9916,2471.1946,1910.7694,1929.3288,1550.5445,1821.5724,2336.7835,1825.9204,1862.8041,1410.6027,1707.2456,2327.5156,1729.5480,1785.0531,1264.5183,1570.9220,2301.7875,1651.1194,1701.8644,1193.1590,1489.6868,2227.7931,1598.2349,1644.8694,1137.3092,1417.2402,2199.6216,1485.6873,1534.2131,1027.6732,1284.5137,2123.4814,1373.7470,1427.1324,909.0372,1147.8271,2064.7133,11.00000000000,39,051
39,175,01074099,39175,Wyandot,Wyandot County,06,H1,G4020,,,,A,1053775281.00000000000,1783531.00000000000,+40.8401221,-083.3131722,39175,1389.3593,1385.4742,1374.2859,1385.4463,1396.8975,1391.4178,1385.2477,1359.7976,1385.2389,1410.2143,1295.6408,1287.4854,1245.0933,1287.6662,1329.5981,1388.5568,1376.9472,1310.7180,1376.5337,1443.3231,1301.1995,1288.4632,1195.3790,1287.2589,1381.3910,1363.0562,1347.8776,1226.6427,1345.7372,1468.2996,1258.7768,1243.6992,1106.9981,1241.1449,1378.5280,1188.8654,1174.1529,1046.2631,1171.6475,1298.9393,1211.0559,1196.0881,1061.0452,1193.3036,1326.6673,1038.0482,1035.8900,873.2129,1001.1531,1217.6555,926.9903,936.1888,752.5717,883.9612,1133.6983,884.5108,902.5561,683.6348,827.2467,1127.5148,834.1668,861.0940,610.1501,757.8578,1110.1737,779.5240,803.6116,563.5367,703.4739,1051.7940,735.1327,756.6898,523.3099,652.0170,1011.7583,678.0018,700.2271,469.1265,586.2958,969.0684,623.7671,648.0650,412.8626,521.2561,937.5126,11.00000000000,39,175
39,087,01074056,39087,Lawrence,Lawrence County,06,H1,G4020,,26580,,A,1174224238.00000000000,10110468.00000000000,+38.6038659,-082.5171856,39087,4111.8599,4100.3787,4067.2753,4100.2956,4134.1719,3973.0085,3955.5086,3882.8999,3955.4753,4026.7133,3657.0095,3634.1752,3514.5571,3634.6641,3752.9592,3735.7810,3704.3853,3526.2095,3703.2840,3883.0218,3708.3491,3671.2950,3405.9980,3667.8343,3936.3921,3747.0531,3704.5180,3370.7990,3698.4804,4036.1328,3211.6337,3172.8193,2823.7709,3166.2241,3517.1260,3029.3711,2991.1036,2664.5316,2984.5602,3309.8074,2955.7689,2918.6929,2588.6022,2911.7842,3237.8704,2580.2996,2574.3524,2169.5162,2487.8685,3026.6122,2330.9480,2353.4981,1891.3512,2222.0233,2850.6280,2146.4947,2189.7450,1658.0694,2006.8472,2736.1412,1955.0453,2017.6686,1429.1824,1775.5891,2601.8825,1793.9180,1848.9190,1296.1212,1618.3549,2420.4541,1648.7973,1696.7708,1173.0508,1461.9035,2269.1988,1480.3949,1528.6110,1023.7703,1279.7665,2115.9072,1330.5692,1382.1469,880.2343,1111.5908,1999.8100,11.00000000000,39,087
39,039,01074032,39039,Defiance,Defiance County,06,H1,G4020,,19580,,A,1065675702.00000000000,7069453.00000000000,+41.3216789,-084.4864334,39039,2175.1238,2169.0159,2151.4869,2168.9734,2186.9215,2206.7486,2196.9127,2156.5238,2196.9022,2236.5450,2140.0772,2126.6046,2056.5829,2126.9033,2196.1650,2315.7815,2296.1288,2185.6875,2295.4591,2406.9330,2210.5092,2188.5436,2030.4047,2186.4854,2346.5237,2072.2315,2048.8746,1864.4093,2045.5672,2232.1495,1985.9190,1962.1686,1746.5298,1958.1472,2174.8495,2074.9244,2049.2437,1826.0350,2044.8703,2267.0361,1963.1419,1938.2067,1718.6862,1933.5541,2150.4684,1658.0528,1654.0414,1393.7494,1598.4236,1944.7989,1688.7086,1704.9349,1370.0387,1609.6568,2065.1846,1622.6199,1655.2041,1253.2067,1516.9159,2068.3435,1506.6241,1554.7675,1101.1773,1368.1833,2005.0886,1440.2725,1484.3191,1040.4162,1299.1769,1943.2859,1390.3930,1430.7433,989.0237,1232.6570,1913.5550,1321.5851,1364.5288,913.7680,1142.3537,1888.9157,1237.9119,1285.8111,818.7824,1034.0761,1860.5432,11.00000000000,39,039
39,085,01074055,39085,Lake,Lake County,06,H1,G4020,184,17460,,A,589203623.00000000000,1946906118.00000000000,+41.9241163,-081.3926429,39085,15190.7266,15148.3549,15026.0803,15148.0451,15273.1610,13849.8278,13788.3685,13535.0223,13788.2841,14036.9113,13107.6013,13025.1678,12596.3138,13026.9881,13451.1770,14468.0760,14345.8823,13655.8628,14341.6580,15037.9302,14513.9695,14370.3454,13332.0322,14356.8545,15407.4224,15584.2070,15409.5258,14022.7878,15384.8374,16787.1526,14357.8278,14187.9176,12630.2979,14159.2522,15723.9673,13926.1293,13754.6210,12257.2847,13725.4424,15215.5620,13569.6525,13401.5786,11888.1146,13370.3031,14865.0138,11904.9816,11878.6106,10011.6336,11479.8439,13964.4367,12688.2468,12813.3512,10299.4785,12098.2798,15517.4479,12370.8683,12622.4616,9560.0116,11568.9725,15769.4534,11827.1289,12208.1779,8649.6775,10744.2691,15740.3930,11550.9521,11907.2132,8349.3097,10423.1966,15585.3774,11241.2646,11570.3144,8001.1477,9969.5533,15471.2318,10687.0174,11036.8528,7393.7477,9240.8833,15274.9249,10107.7769,10501.1154,6689.4893,8446.1613,15191.8127,11.00000000000,39,085
26,059,01622972,26059,Hillsdale,Hillsdale County,06,H1,G4020,,,,A,1549158422.00000000000,22980609.00000000000,+41.8644753,-084.6424093,26059,2759.8308,2752.0683,2729.8205,2752.0150,2774.7982,2636.5951,2624.8921,2576.6611,2624.8762,2672.2093,2492.5321,2476.9643,2395.4345,2477.2979,2557.9266,2547.6621,2526.2686,2404.7585,2525.5163,2648.0857,2780.7609,2753.0370,2554.1011,2750.4444,2951.8031,2283.8470,2257.8299,2054.3762,2254.1325,2460.0157,2167.1897,2141.0448,1905.5458,2136.6050,2373.3393,2337.1172,2307.9643,2056.3481,2302.9917,2553.4912,2215.7844,2187.9368,1940.4363,2182.7468,2427.2545,2014.0776,2009.5724,1693.6832,1942.0989,2362.4844,1644.1114,1660.1529,1334.2842,1567.4528,2010.6847,1554.8415,1586.3175,1201.3017,1453.8712,1981.9775,1451.0778,1497.7076,1061.0266,1318.0689,1931.1879,1347.6347,1389.1084,973.9464,1215.9454,1818.3177,1238.4432,1274.6347,881.3771,1098.2639,1704.4513,1161.2867,1199.2610,803.3584,1004.0949,1659.8211,1072.3413,1114.0501,709.6558,896.0339,1611.7090,11.00000000000,26,059
26,121,01623003,26121,Muskegon,Muskegon County,06,H1,G4020,266,34740,,A,1293040828.00000000000,2488405138.00000000000,+43.2892579,-086.7518920,26121,10395.5924,10366.4609,10282.7151,10366.2552,10451.9863,9948.5539,9904.2421,9722.1752,9904.1927,10082.8919,10230.1937,10165.8222,9831.1043,10167.2468,10498.3279,11374.6527,11278.7421,10736.2488,11275.4099,11822.7664,11550.9173,11436.0154,10609.6654,11425.2550,12261.5750,12022.4977,11885.8462,10815.0047,11866.4406,12949.9646,10546.3545,10417.7221,9270.6000,10395.7990,11549.3943,10499.4903,10366.4294,9234.1806,10343.6622,11471.4284,10584.7673,10450.2443,9266.5716,10425.1420,11594.7759,9599.9941,9576.0206,8068.3517,9253.8213,11260.0501,8433.9721,8513.5562,6839.8793,8037.3375,10313.9822,8154.8611,8317.1437,6295.7020,7621.7615,10394.7723,7684.6763,7928.7921,5614.1855,6976.7350,10227.0125,7153.5385,7370.8718,5165.0535,6450.9179,9651.7746,6649.5522,6841.0909,4727.4891,5893.3572,9151.4579,6061.7130,6257.3138,4188.7560,5237.9165,8663.7918,5554.4628,5768.1240,3671.5969,4638.3120,8348.1070,11.00000000000,26,121
39,073,01074049,39073,Hocking,Hocking County,06,H1,G4020,,,,A,1091222019.00000000000,5969586.00000000000,+39.4903425,-082.4834447,39073,1874.6913,1869.4450,1854.3463,1869.4076,1884.8621,1823.5293,1815.3615,1781.9660,1815.3557,1848.1398,1679.4630,1668.9527,1614.0142,1669.1800,1723.5141,1652.0954,1638.2164,1559.4204,1637.7289,1717.2138,1638.7796,1622.3579,1505.1182,1620.8268,1739.5246,1672.5601,1653.6505,1504.7313,1650.9700,1801.6179,1591.5414,1572.3149,1399.3484,1569.0483,1742.9306,1461.5437,1443.4321,1286.1874,1440.3469,1596.8627,1354.9658,1337.9421,1186.5987,1334.7694,1484.2817,1218.7529,1215.8947,1024.6390,1175.0341,1429.5478,1122.4337,1133.1147,910.4410,1069.7599,1372.6491,1048.7373,1069.6896,809.7885,980.2829,1336.8060,962.0886,992.7265,703.0015,873.5523,1280.3849,893.8611,921.0927,645.5221,806.1615,1206.0316,835.9826,860.1383,594.4726,741.0093,1150.5287,760.2129,784.8148,525.4472,656.9880,1086.5504,683.6005,709.9565,451.9793,570.9217,1027.4244,11.00000000000,39,073
39,115,01074070,39115,Morgan,Morgan County,06,H1,G4020,,,,A,1078531138.00000000000,13882026.00000000000,+39.6249463,-081.8616989,39115,888.7114,886.2165,879.0547,886.1991,893.5318,884.3116,880.3569,864.1652,880.3537,896.2482,830.8901,825.7390,798.5683,825.8457,852.7110,927.6327,919.9302,875.6831,919.6503,964.2537,834.5090,826.4786,766.7823,825.7115,886.0298,893.4706,883.4372,803.9229,882.0183,962.4323,779.9537,770.4768,685.6697,768.8636,854.1375,677.9626,669.5319,596.5650,668.0948,740.7310,725.3683,716.4134,635.5378,714.7477,794.6156,561.6811,560.4157,472.3142,541.5968,658.8417,562.3707,567.9186,456.5005,536.2258,687.7675,537.5422,548.4775,415.4094,502.7018,685.2187,486.1375,501.8047,355.5410,441.6341,646.9871,445.8116,459.5661,322.2513,402.2914,601.5215,409.4676,421.4576,291.4525,363.1504,563.5462,369.5334,381.6340,255.6667,319.5344,528.1733,337.5399,350.6787,223.3958,282.0563,507.3168,11.00000000000,39,115
26,125,01623005,26125,Oakland,Oakland County,06,H1,G4020,220,19820,47644,A,2247237402.00000000000,102643656.00000000000,+42.6604518,-083.3842103,26125,87831.7271,87587.5343,86880.9662,87585.7083,88308.4716,84647.6979,84273.8776,82726.4010,84273.2340,85791.6338,80385.9685,79881.5935,77251.7550,79892.6206,82493.6975,92705.7676,91921.7476,87500.4188,91894.7490,96356.4983,98924.3479,97938.3794,90861.3278,97846.1592,105009.2925,110453.0100,109205.6438,99372.0408,109028.8972,118976.1738,104613.8425,103360.2668,91998.9612,103147.8709,114566.0046,101051.5344,99794.1069,88917.5444,99579.7373,110407.2302,100247.6343,98995.4856,87805.0078,98762.2729,109816.0144,94574.4631,94353.5454,79512.9319,91182.9978,110932.2295,98992.4233,99953.9004,80329.9624,94371.2932,121063.1958,96845.6296,98800.7666,74815.4399,90549.7573,123449.7808,93875.6023,96886.0459,68631.1082,85262.9714,124935.1533,92595.4360,95437.8193,66906.9326,83537.8843,124935.2319,90702.2437,93344.4492,64536.3562,80424.9714,124831.4951,86455.9268,89274.3560,59793.3494,74742.3462,123570.4028,81911.2871,85088.5493,54191.8945,68433.3010,123110.6050,11.00000000000,26,125
26,057,01622971,26057,Gratiot,Gratiot County,06,H1,G4020,,10940,,A,1472313856.00000000000,8150717.00000000000,+43.2923259,-084.6046900,26057,2456.5223,2449.6074,2429.8019,2449.5601,2469.8440,2231.9112,2221.9249,2181.0559,2221.9169,2262.0364,2156.2098,2142.6643,2072.1204,2142.9621,2212.7366,2253.3126,2234.3613,2126.8915,2233.6979,2342.1146,2190.4033,2168.8087,2012.1109,2166.7757,2325.2935,1768.2678,1748.0916,1590.5500,1745.2228,1904.6569,1957.8077,1933.1813,1719.6471,1928.9421,2143.9244,2324.4148,2294.0620,2042.6031,2288.8386,2539.5338,2267.0174,2237.3061,1982.9690,2231.7438,2483.2290,2001.6220,1995.7243,1680.6525,1928.3326,2347.5296,1813.4788,1829.4685,1468.7495,1726.7873,2217.5374,1743.9694,1777.5455,1344.3994,1628.5413,2222.8523,1626.3168,1676.8689,1186.2355,1475.1017,2164.2562,1514.2980,1559.2295,1091.5094,1364.1963,2043.0414,1411.3615,1450.9853,1001.6019,1249.5528,1942.3062,1332.0812,1374.1228,918.8250,1149.8678,1903.8305,1243.5350,1290.5323,820.5053,1037.3990,1868.9252,11.00000000000,26,057
39,155,01074089,39155,Trumbull,Trumbull County,06,H1,G4020,566,49660,,A,1601380581.00000000000,47321209.00000000000,+41.3089364,-080.7676557,39155,12709.0398,12673.6240,12571.3431,12673.3632,12778.0120,11750.3300,11698.2289,11483.3086,11698.1540,11909.0656,10565.8505,10499.4372,10153.7507,10500.9003,10842.8215,10926.3697,10834.9578,10313.8123,10831.7084,11357.2824,11199.1861,11088.6535,10287.4800,11078.2541,11888.7774,11834.8656,11701.9541,10648.7061,11683.1570,12748.3249,10482.1993,10357.3664,9219.5810,10336.2604,11479.4843,9455.0519,9337.3268,8319.5796,9317.2541,10330.4286,9284.3811,9168.6506,8132.4669,9147.1007,10170.5805,8119.9023,8101.2535,6827.3346,7829.1143,9524.4123,7837.9247,7914.4063,6360.9080,7472.4819,9585.4801,7341.4890,7490.0287,5672.0414,6864.6368,9358.2856,6800.1010,7018.4625,4971.9577,6176.5920,9049.9990,6370.9174,6566.7366,4603.8869,5748.0447,8596.0407,5912.8631,6085.3207,4207.4858,5243.1593,8137.7598,5340.1211,5514.3790,3693.5588,4616.8244,7632.5821,4809.1807,4995.8578,3181.9559,4018.0241,7228.0859,11.00000000000,39,155
39,013,01065575,39013,Belmont,Belmont County,06,H1,G4020,,48540,,A,1378206525.00000000000,23685679.00000000000,+40.0176819,-080.9677268,39013,4232.4678,4220.5802,4186.4701,4220.4979,4255.4242,4125.9360,4107.4841,4031.9376,4107.4688,4181.6283,3749.8867,3726.3259,3603.6416,3726.8442,3848.1909,4142.5091,4107.7061,3910.1310,4106.4839,4305.7875,4216.4416,4174.3371,3872.6913,4170.4033,4475.7470,4319.8294,4271.1323,3886.5871,4264.2363,4653.1967,3748.4420,3702.6215,3294.8258,3694.8063,4104.9361,3691.6241,3643.8826,3244.9307,3635.6819,4033.3023,3838.6659,3788.8136,3358.5702,3779.4897,4204.8254,3611.9482,3601.6389,3033.3550,3480.1087,4236.2230,3283.7416,3313.6121,2661.1328,3127.9152,4015.5364,3101.9049,3162.5291,2392.7944,2897.7373,3953.7776,2906.0039,2997.2656,2121.2349,2636.9723,3867.3098,2706.1241,2787.3662,1952.2162,2439.0904,3651.0990,2515.2328,2586.7875,1786.6324,2228.0607,3461.5217,2279.6073,2352.3715,1573.8443,1968.8086,3258.1062,2092.7187,2172.5306,1382.0969,1746.7020,3145.2193,11.00000000000,39,013
26,133,01623009,26133,Osceola,Osceola County,06,H1,G4020,,,,A,1466946699.00000000000,17365931.00000000000,+43.9975523,-085.3222825,26133,1388.2298,1384.2837,1373.0715,1384.2587,1395.7526,1338.6455,1332.6572,1308.1455,1332.6524,1356.7142,1208.6981,1200.9804,1161.4117,1201.1617,1240.3151,1346.1377,1334.6632,1270.4672,1334.2774,1399.0908,1400.1824,1386.0969,1285.9257,1384.7866,1486.2235,1440.8586,1424.3244,1295.9013,1421.9688,1551.9668,1160.0183,1145.9341,1019.8097,1143.5372,1270.3524,1188.8037,1173.5684,1045.2187,1170.9560,1298.8415,1164.5032,1149.4483,1018.9914,1146.6339,1275.5903,1014.0830,1011.1043,851.4867,976.9638,1189.3326,825.6919,833.2110,669.1522,786.5199,1009.7020,775.3900,790.5558,598.1520,724.3682,988.3359,716.4865,738.9979,523.0166,650.1689,953.5011,652.1528,671.7425,470.4864,587.8140,879.8847,590.2656,607.0692,419.3002,522.8875,812.3382,518.8221,535.3916,358.2113,448.0977,741.5220,457.5383,474.9931,302.1820,381.8940,687.6505,11.00000000000,26,133
26,145,01623015,26145,Saginaw,Saginaw County,06,H1,G4020,474,40980,,A,2072284641.00000000000,41056727.00000000000,+43.3282667,-084.0554100,26145,11604.8054,11572.4067,11478.9818,11572.1717,11667.7764,10617.5868,10570.8157,10376.7727,10570.7272,10761.1077,9875.1450,9813.3719,9490.3414,9814.7049,10134.1778,10303.8852,10217.2155,9725.7809,10214.1827,10709.9505,11108.1565,10998.3223,10203.6580,10987.9999,11792.0111,10162.9068,10048.4148,9143.7674,10032.2052,10947.2141,8097.7423,8000.4316,7120.7823,7983.9282,8868.0677,8342.0114,8238.5536,7340.9790,8220.9276,9114.3634,7831.2258,7733.5448,6859.4813,7715.3542,8578.7127,6910.8143,6894.2581,5809.4838,6662.4801,8106.0207,6504.4590,6568.0276,5278.9005,6201.3132,7954.7189,6003.6267,6125.2115,4638.6072,5613.8162,7652.9099,5427.9803,5602.3994,3968.9219,4930.4314,7223.9056,4994.3370,5147.9711,3609.3306,4506.2100,6738.6833,4510.3459,4642.0289,3209.7108,3999.6615,6207.5131,4033.7755,4165.5411,2790.2499,3487.5882,5765.4450,3640.2684,3781.7022,2408.7867,3041.5690,5471.2460,11.00000000000,26,145
39,125,01074075,39125,Paulding,Paulding County,06,H1,G4020,,,,A,1078568733.00000000000,6240863.00000000000,+41.1191409,-084.5769665,39125,1182.2504,1178.9565,1169.4421,1178.9322,1188.6666,1170.7064,1165.4837,1144.0545,1165.4784,1186.5124,1058.4761,1051.7776,1017.1383,1051.9294,1086.1973,1118.6913,1109.2566,1055.9027,1108.9290,1162.7618,988.6526,978.7635,908.0347,977.8405,1049.4425,1028.9492,1017.1715,925.4781,1015.4951,1108.3027,919.6302,908.4786,808.5018,906.5817,1007.1016,877.8618,866.7736,772.1393,864.8776,959.1277,913.1301,901.6042,799.5630,899.4550,1000.2714,706.9907,705.2987,594.3253,681.5877,829.2632,618.4551,624.3671,501.6953,589.4657,756.3268,584.9736,596.7041,451.7670,546.8454,745.6602,529.8640,546.7926,387.2676,481.1722,705.1685,482.1486,496.9088,348.3180,434.9343,650.5398,449.9058,462.9887,320.0759,398.8986,619.1936,406.9842,420.2428,281.4564,351.8322,581.6970,366.8712,381.1048,242.7246,306.5085,551.3984,11.00000000000,39,125
39,091,01074058,39091,Logan,Logan County,06,H1,G4020,,13340,,A,1187326601.00000000000,21608810.00000000000,+40.3875532,-083.7663430,39091,2866.7829,2858.8338,2835.7825,2858.7732,2882.3465,2871.7859,2858.9407,2806.3567,2858.9303,2910.5489,2719.2710,2702.2601,2613.3085,2702.6274,2790.5991,2745.3622,2722.4743,2591.5275,2721.6523,2853.6846,2719.2371,2692.5129,2497.9844,2689.9921,2886.7497,3080.7791,3046.3692,2772.2976,3041.5119,3318.6202,2831.9488,2798.1021,2490.6151,2792.3725,3101.3689,2579.9676,2548.3723,2271.1338,2543.0032,2818.8593,2568.1426,2536.6500,2250.5065,2530.7964,2813.3362,2249.4862,2244.8018,1892.2689,2169.5239,2638.6996,1996.8264,2016.8207,1621.4272,1904.3630,2442.1246,1929.7317,1969.2837,1491.8017,1805.0291,2459.9139,1816.1175,1874.9250,1328.7090,1650.2092,2417.0456,1722.9459,1776.3655,1245.8698,1555.0848,2324.7478,1637.2825,1685.4716,1165.8224,1452.3925,2253.3954,1501.7805,1551.1775,1039.4168,1298.8611,2146.5074,1373.9224,1427.5945,909.6524,1148.3172,2064.9942,11.00000000000,39,091
39,151,01065576,39151,Stark,Stark County,06,H1,G4020,,15940,,A,1489943930.00000000000,13628090.00000000000,+40.8141314,-081.3656673,39151,23639.6819,23573.7455,23383.4641,23573.2640,23767.9664,22169.8829,22072.0661,21666.8166,22071.8913,22469.5140,21360.1644,21226.7433,20528.0597,21229.6042,21920.5684,24206.3053,24002.9160,22848.4085,23995.7767,25160.3899,25374.5958,25124.7538,23309.5022,25101.2138,26937.4348,24954.3708,24675.0536,22454.7400,24635.5958,26880.7145,22439.1155,22171.9932,19736.4330,22126.8344,24574.0031,22519.2902,22242.0790,19820.9192,22194.9205,24604.3771,22511.8305,22233.8022,19723.7252,22182.0828,24660.9113,20747.3055,20702.2033,17449.2289,20007.4577,24336.6118,19886.1525,20083.0338,16143.6746,18962.5143,24320.4594,19253.0433,19645.4708,14879.9656,18006.1273,24542.4370,18362.3802,18954.8830,13430.7225,16682.2992,24438.0538,17571.5703,18114.4469,12702.7548,15857.1784,23708.9123,16622.7700,17110.2873,11833.1689,14743.4507,22877.8152,15545.3541,16055.1553,10756.6036,13442.9706,22218.9982,14541.3055,15108.0466,9625.2291,12151.9368,21855.3828,11.00000000000,39,151
39,077,01074051,39077,Huron,Huron County,06,H1,G4020,,35940,,A,1272965600.00000000000,8615850.00000000000,+41.1450798,-082.5946410,39077,3658.2459,3648.0545,3618.6150,3647.9794,3678.0997,3482.1273,3466.6003,3402.8656,3466.5844,3529.1425,3154.1481,3134.3791,3031.1948,3134.8093,3236.8622,3171.7641,3144.9380,2993.6702,3144.0146,3296.6660,3079.5176,3049.1972,2828.8942,3046.3404,3269.1878,3371.6206,3333.6443,3033.5248,3328.2680,3631.8224,3074.2963,3037.8158,2704.2204,3031.6552,3366.8026,2780.1061,2745.8045,2446.8316,2739.9667,3037.5149,2802.8912,2767.9194,2455.0717,2761.4065,3070.4245,2399.8048,2394.1506,2017.5347,2313.6872,2814.8676,2089.7046,2109.8966,1695.5617,1992.0228,2555.5960,1983.8529,2023.7842,1532.3628,1854.7340,2528.8163,1829.5477,1888.0836,1337.3253,1661.5264,2434.8573,1700.5128,1752.5635,1228.4858,1533.9808,2294.4189,1576.9302,1622.7066,1121.7347,1398.0481,2170.2813,1420.2373,1466.3712,981.9507,1227.6076,2029.9163,1253.8040,1302.2744,829.2157,1047.2977,1884.4257,11.00000000000,39,077
26,135,01623010,26135,Oscoda,Oscoda County,06,H1,G4020,,,,A,1465236876.00000000000,15152992.00000000000,+44.6851205,-084.1248940,26135,400.8645,399.7330,396.4995,399.7254,403.0379,343.0149,341.4944,335.2206,341.4922,347.6488,306.5970,304.6568,294.6232,304.7008,314.6268,426.9907,423.2961,402.9358,423.1775,443.7522,396.7748,392.8880,364.5038,392.5206,421.2255,423.4319,418.7150,381.0526,418.0498,456.1251,343.6977,339.5464,302.1944,338.8412,376.3907,330.3866,326.1215,290.4235,325.3891,360.9660,313.8561,309.7567,274.5579,308.9896,343.7911,297.7980,296.9477,250.0936,286.9277,349.2681,232.9237,235.0799,188.8261,221.9174,284.8377,222.1245,226.5100,171.4233,207.5600,283.1316,212.8884,219.6231,155.4816,193.2411,283.3163,197.7031,203.6931,142.7187,178.2638,266.7457,181.6118,186.8377,129.1072,160.9519,249.9431,163.3565,168.6323,112.8905,141.1618,233.4799,149.7762,155.5480,99.0233,125.0850,225.1075,11.00000000000,26,135
26,029,01622957,26029,Charlevoix,Charlevoix County,06,H1,G4020,,,,A,1078313350.00000000000,2522971210.00000000000,+45.5131638,-085.4503920,26029,1669.1392,1664.5121,1651.0914,1664.4767,1678.2011,1371.7245,1365.7127,1340.6593,1365.6991,1390.2752,1324.5323,1316.1928,1272.8550,1316.3779,1359.2455,1561.6349,1548.3975,1473.9214,1547.9449,1623.1122,1611.9384,1595.8137,1480.4946,1594.3087,1711.0518,1794.4848,1774.4634,1614.8346,1771.6383,1933.0282,1677.3057,1657.7279,1475.9763,1654.4406,1836.9317,1428.7565,1411.4170,1258.0257,1408.4759,1561.0613,1372.3576,1355.6578,1202.8673,1352.5566,1503.3992,1252.4462,1249.9532,1053.7657,1208.0680,1469.1765,1105.1117,1116.3251,897.6121,1054.1247,1351.5790,1066.0496,1088.0535,824.3918,997.3534,1358.9590,1020.8898,1054.1015,747.1683,927.8218,1358.7018,965.6837,995.7824,698.5628,871.8011,1302.9982,907.6064,934.4792,646.5384,805.3178,1249.1534,813.4875,840.4091,563.3240,703.7755,1162.7360,712.4818,740.4803,472.0182,595.6919,1070.8645,11.00000000000,26,029
26,117,01623001,26117,Montcalm,Montcalm County,06,H1,G4020,,,,A,1826976057.00000000000,39956625.00000000000,+43.3127822,-085.1494679,26117,3903.7139,3892.7586,3861.3023,3892.6821,3924.8885,3621.4141,3605.2646,3538.9797,3605.2481,3670.3094,3478.4182,3456.5854,3342.7869,3457.0635,3569.6183,3702.8648,3671.7938,3495.1856,3670.6987,3848.8390,3534.2142,3499.3857,3246.5542,3496.1058,3751.8689,3791.4188,3748.6658,3411.1522,3742.6111,4084.0042,3522.3774,3479.7371,3096.8611,3472.4878,3857.4197,3308.6560,3267.1379,2910.7056,3260.0481,3614.9624,3315.8797,3273.3002,2902.0929,3265.3461,3632.2308,3034.5969,3026.5391,2549.5754,2924.5774,3559.2310,2547.6647,2571.2718,2065.3759,2427.3100,3115.4921,2417.3282,2464.9941,1865.4527,2258.7499,3081.2472,2255.1737,2326.3835,1646.8250,2046.8803,3001.2190,2089.6511,2152.7301,1508.0830,1883.8875,2819.3854,1937.0509,1992.4618,1376.4686,1716.2781,2665.8387,1750.9479,1807.0926,1209.3087,1512.5459,2502.5429,1572.0030,1632.1487,1038.5437,1312.3197,2362.6296,11.00000000000,26,117
26,105,01622995,26105,Mason,Mason County,06,H1,G4020,,,,A,1282232870.00000000000,1935676016.00000000000,+43.9966363,-086.7508137,26105,1604.5039,1599.9883,1587.0526,1599.9573,1613.2052,1543.0371,1536.1518,1507.9065,1536.1450,1563.8695,1460.9543,1451.8017,1404.0091,1452.0005,1499.2686,1805.8431,1790.5487,1704.4254,1790.0243,1876.9426,1850.2460,1831.6964,1699.3281,1829.9674,1963.9853,2110.6692,2086.3219,1898.1296,2082.8473,2273.3914,1804.8777,1782.5243,1585.9429,1778.6954,1976.4965,1734.9625,1712.6694,1525.3013,1708.8447,1895.5502,1905.5027,1881.0788,1667.8017,1876.5171,2087.3024,1700.9451,1696.1009,1428.4921,1638.8722,1994.9323,1519.8895,1534.0873,1232.3652,1448.2313,1858.6634,1503.3507,1533.1418,1160.3940,1404.9153,1916.2637,1438.4840,1484.0757,1050.7335,1305.8349,1914.3712,1371.1911,1412.7878,989.9314,1236.4341,1850.0478,1313.6448,1351.4628,933.8967,1164.2287,1807.9043,1227.3430,1266.9638,848.1460,1060.5658,1754.1991,1154.1152,1198.5459,762.9541,963.7998,1734.5854,11.00000000000,26,105
39,029,01074027,39029,Columbiana,Columbiana County,06,H1,G4020,566,20620,,A,1377597314.00000000000,7239848.00000000000,+40.7684619,-080.7772307,39029,6559.6283,6541.1768,6488.2974,6541.0501,6595.2028,6207.4087,6179.6830,6066.0426,6179.6574,6291.2067,5602.2983,5566.7795,5383.4281,5567.5904,5748.9845,5614.9927,5567.0407,5299.2714,5565.4373,5835.8125,5747.2902,5689.5484,5278.3798,5684.1730,6100.5097,6115.1637,6044.9116,5499.8270,6034.8996,6586.6965,5370.5047,5304.2747,4719.5591,5292.9460,5881.1977,5048.2166,4983.5191,4438.4852,4972.4253,5515.4885,5061.1915,4996.2551,4429.7129,4984.1256,5544.0606,4470.4722,4458.3290,3755.4627,4308.0578,5243.2806,4078.8379,4116.4292,3306.3310,3885.8930,4987.9027,3835.9923,3911.4248,2959.8732,3584.0875,4889.5224,3562.3865,3674.6752,2601.0689,3233.1072,4740.8602,3354.8850,3455.9991,2420.9188,3024.3357,4526.4417,3137.4880,3227.1121,2229.2785,2779.7369,4317.9132,2867.6236,2959.4840,1980.3902,2477.0654,4098.5460,2631.4129,2732.0465,1738.3614,2196.6669,3954.8585,11.00000000000,39,029
39,045,01074035,39045,Fairfield,Fairfield County,06,H1,G4020,198,18140,,A,1306418559.00000000000,10749604.00000000000,+39.7529346,-082.6282761,39045,10724.6796,10694.6420,10608.2531,10694.4291,10782.8608,10476.1103,10429.4864,10237.7839,10429.4321,10617.5825,10103.3631,10039.8538,9709.2982,10041.2533,10368.2092,10894.3111,10802.5997,10283.0086,10799.3984,11323.5963,10850.6879,10743.9889,9967.7532,10733.9281,11519.0804,12271.0231,12133.1814,11041.1000,12113.6857,13218.1375,12261.2918,12114.0453,10782.1904,12089.0788,13427.7004,11580.7933,11436.5812,10190.0007,11411.9918,12652.9764,11383.7882,11240.9115,9969.5308,11214.2865,12470.2587,10267.5632,10242.8553,8631.0916,9898.4710,12043.2836,10428.6544,10529.8538,8462.4427,9941.7144,12753.7516,10176.8514,10382.2096,7861.6830,9515.1422,12972.4900,9733.5604,10045.5924,7115.8814,8840.4178,12953.9831,9499.4097,9790.8946,6863.8123,8570.0425,12817.1543,9244.8553,9514.0436,6577.6798,8197.1894,12723.4804,8748.9305,9034.0242,6050.5948,7563.4234,12504.7316,8195.0443,8512.8068,5421.5734,6846.4592,12316.9384,11.00000000000,39,045
39,117,01074071,39117,Morrow,Morrow County,06,H1,G4020,198,18140,,A,1051738690.00000000000,2959338.00000000000,+40.5252659,-082.7977288,39117,2346.4384,2339.8452,2320.9335,2339.7996,2359.1648,2366.1230,2355.6177,2312.3328,2355.6036,2398.0830,2148.9408,2135.4635,2065.1618,2135.7577,2205.2897,2231.3333,2212.5937,2106.1710,2211.9349,2319.2864,2163.7801,2142.4050,1987.6110,2140.3950,2297.0026,2395.8819,2368.7246,2155.3649,2364.8716,2580.7321,2122.6512,2097.0767,1866.4431,2092.7355,2324.5679,2118.7233,2092.5410,1864.6570,2088.0836,2314.8924,1942.9841,1918.3269,1701.0804,1913.7266,2128.3898,1592.8691,1589.4959,1339.8213,1536.1782,1868.4589,1442.5665,1456.6695,1170.7689,1375.3403,1764.2076,1324.3012,1351.1191,1023.1973,1238.3132,1688.1057,1207.5818,1246.3795,882.9698,1096.8829,1607.1271,1097.8300,1131.5894,793.3649,990.5176,1481.2624,993.2211,1022.2023,706.7796,880.7424,1366.9522,863.2102,891.3860,597.0632,746.3016,1233.7783,745.3021,774.2359,493.1294,622.6970,1120.1718,11.00000000000,39,117
26,035,01622960,26035,Clare,Clare County,06,H1,G4020,,,,A,1461569881.00000000000,28552600.00000000000,+43.9911368,-084.8383253,26035,1932.2849,1926.9062,1911.3584,1926.8663,1942.7723,1779.7595,1771.8658,1739.3120,1771.8547,1803.8016,1626.5304,1616.3660,1563.1618,1616.5844,1669.2013,1765.0604,1750.1748,1665.9936,1749.6579,1834.5947,1899.4543,1881.0080,1745.1286,1879.2556,2016.6117,1836.6154,1816.2812,1652.9909,1813.4196,1978.4572,1544.0098,1525.5525,1357.9043,1522.4278,1690.9001,1416.5593,1399.1544,1246.8825,1396.1948,1547.7221,1567.4461,1548.2293,1373.5878,1544.6575,1717.0988,1372.8446,1370.0537,1154.9599,1324.1282,1610.3951,1168.8461,1180.5533,949.1117,1114.7269,1429.5029,1131.0628,1154.2459,874.3826,1057.9724,1441.8156,1074.1716,1108.9524,785.8829,976.0402,1429.6001,1018.2781,1049.8430,736.3100,919.0622,1373.9484,945.4015,973.2170,673.1531,838.6296,1301.1573,870.2155,898.8245,602.2705,752.6145,1243.8053,813.2254,844.9756,538.3910,679.6670,1222.2701,11.00000000000,26,035
26,079,01622982,26079,Kalkaska,Kalkaska County,06,H1,G4020,,45900,,A,1450043265.00000000000,28078610.00000000000,+44.6788808,-085.0889915,26079,1095.0815,1092.0187,1083.1999,1091.9967,1101.0229,1039.6760,1035.0834,1016.0761,1035.0756,1053.7260,985.4688,979.3055,947.0696,979.4384,1011.3191,1105.8595,1096.6380,1043.8915,1096.3071,1149.4916,1128.1633,1117.1517,1036.4466,1116.1088,1197.7112,1228.6229,1214.9457,1105.6701,1213.0172,1323.4878,1097.9945,1084.9136,965.7285,1082.7016,1202.4580,1062.3509,1049.2352,934.9826,1047.0027,1160.7130,1110.0397,1096.2055,972.3216,1093.6294,1215.9940,938.2389,936.1086,788.9294,904.6692,1100.5333,836.8834,845.1774,679.4009,798.0239,1023.4969,816.4924,833.1424,631.0503,763.6223,1040.8086,779.8286,804.9984,570.3988,708.4862,1037.8558,741.2461,764.1534,535.8691,668.9336,1000.1467,701.1608,721.7300,499.1412,621.8965,965.0037,645.1332,666.2949,446.4084,557.8903,922.0902,596.0249,619.2591,394.5306,498.0939,895.8176,11.00000000000,26,079
39,135,01074080,39135,Preble,Preble County,06,H1,G4020,212,19380,,A,1098465120.00000000000,6065406.00000000000,+39.7379056,-084.6453581,39135,2620.3961,2613.0521,2591.9419,2613.0003,2634.6110,2521.3134,2510.1276,2464.0081,2510.1120,2555.3721,2322.8395,2308.1741,2232.1646,2308.5033,2383.6935,2593.4290,2571.4527,2447.7688,2570.7005,2695.5298,2524.6714,2499.6954,2319.0832,2497.3487,2680.0900,2538.9845,2510.4085,2284.4167,2506.3641,2734.9348,2407.6214,2378.8121,2117.3709,2373.9331,2636.6687,2244.5661,2216.9681,1975.6727,2212.2744,2452.3950,2254.7856,2226.9265,1975.5065,2221.7440,2470.0361,1908.0760,1904.2030,1605.2552,1840.3739,2238.2420,1814.4607,1832.7676,1473.5887,1730.6155,2219.1133,1736.0957,1771.8171,1342.3510,1624.0801,2213.0943,1641.4482,1694.7331,1201.1458,1491.6639,2184.5926,1561.1311,1609.6609,1129.0806,1409.1970,2106.4246,1482.8655,1526.6293,1056.0795,1315.5647,2040.8806,1384.5978,1430.2491,958.5042,1197.6482,1979.0248,1280.7452,1330.8721,848.1303,1070.5566,1924.9554,11.00000000000,39,135
42,109,01213686,42109,Snyder,Snyder County,06,H1,G4020,526,42780,,A,851343254.00000000000,7292556.00000000000,+40.7553480,-077.0729544,42109,2667.3293,2659.8771,2638.4008,2659.8232,2681.8022,2623.5371,2611.8570,2563.8468,2611.8438,2658.9649,2446.4382,2431.1537,2351.1309,2431.4818,2510.6209,2781.0875,2757.7085,2625.0663,2756.8890,2890.6960,3111.2079,3080.3997,2857.8269,3077.5069,3302.7141,2077.9275,2054.5799,1869.6477,2051.2774,2238.3064,1974.3903,1950.5054,1735.9054,1946.4456,2162.1927,3074.1450,3036.3116,2705.8036,3029.8761,3358.7842,3103.6357,3065.3081,2719.2546,3058.1784,3399.9231,2896.0487,2889.9055,2435.9553,2792.9642,3397.1054,2508.8949,2533.9896,2037.1807,2392.6863,3068.3816,2489.3963,2540.3897,1924.4052,2328.4899,3173.3394,2434.3785,2513.1733,1780.9858,2211.9493,3239.8779,2369.4026,2442.8396,1713.2811,2138.5266,3197.0010,2279.2135,2346.2809,1622.8811,2021.8143,3136.8851,2268.2514,2342.8326,1569.8615,1961.7335,3242.0288,2245.9187,2333.6177,1486.9206,1877.0812,3375.5952,11.00000000000,42,109
26,101,01622993,26101,Manistee,Manistee County,06,H1,G4020,,,,A,1404159906.00000000000,1912485293.00000000000,+44.3503854,-086.6029672,26101,1500.3973,1496.1472,1484.0367,1496.1195,1508.5302,1276.8682,1271.2482,1247.9149,1271.2372,1294.1293,1203.5643,1195.9857,1156.6057,1196.1539,1235.1067,1316.3835,1305.2823,1242.5000,1304.8969,1368.2426,1302.9734,1290.0468,1196.8329,1288.8343,1383.1603,1445.1539,1428.7804,1300.0897,1426.4578,1556.6545,1586.3235,1566.9311,1394.3528,1563.6234,1737.1900,1609.1427,1588.2712,1414.3173,1584.6840,1758.0733,1438.7116,1420.1767,1259.0603,1416.7130,1575.9644,1250.7231,1247.1011,1050.2775,1205.0060,1466.8804,1242.5674,1253.9320,1007.0801,1183.6799,1519.4884,1195.6854,1219.1112,922.4459,1117.0572,1524.0621,1133.3940,1169.0347,827.4004,1028.5258,1508.3249,1092.3203,1125.1620,788.0910,984.5945,1473.7615,1051.9754,1081.9544,747.3349,931.9337,1447.7572,986.6948,1018.2383,681.3016,852.2310,1410.2273,904.4881,939.0101,597.3999,754.9700,1359.3880,11.00000000000,26,101
26,161,01623021,26161,Washtenaw,Washtenaw County,06,H1,G4020,220,11460,,A,1828442046.00000000000,42615161.00000000000,+42.2523272,-083.8446336,26161,20990.4259,20932.0177,20763.1326,20931.5836,21104.3534,19820.7140,19733.1768,19370.8243,19733.0266,20088.5718,19268.2520,19147.7436,18517.4549,19150.3423,19773.6862,22242.2220,22054.7078,20993.9042,22048.1903,23118.4922,22414.6423,22191.3561,20587.8131,22170.4641,23793.4692,26078.9193,25784.0884,23462.1164,25742.2969,28091.2199,21175.2947,20918.8092,18616.9784,20875.1953,23189.4346,30899.8003,30514.8044,27188.4995,30449.1532,33760.5803,31007.5474,30619.6204,27157.7281,30547.3563,33967.0631,28965.0078,28896.3270,24350.3259,27925.0540,33974.5989,34486.4954,34821.4669,27984.9886,32876.6296,42175.4045,34561.6920,35259.5430,26699.8867,32315.0001,44056.0350,34070.7603,35163.5342,24908.9507,30945.1561,45343.3806,34634.9559,35698.4320,25026.7778,31247.3861,46731.5548,35239.1746,36266.1417,25074.0908,31246.8466,48498.9315,35013.3628,36155.3438,24216.4060,30270.2383,50044.2124,35111.7317,36474.3896,23230.9176,29335.1838,52772.0930,11.00000000000,26,161
39,123,01074074,39123,Ottawa,Ottawa County,06,H1,G4020,534,45780,,A,660231276.00000000000,855075189.00000000000,+41.5444667,-083.0092527,39123,2491.4952,2484.5098,2464.4367,2484.4606,2505.0105,2311.2331,2300.9231,2258.6177,2300.9127,2342.4378,2109.3143,2095.9311,2026.8959,2096.2376,2164.5374,2254.5356,2235.3679,2127.8491,2234.7183,2343.2543,2228.0338,2205.6942,2046.2984,2203.6120,2364.9949,2437.6294,2410.0080,2192.9359,2406.0897,2625.7033,2120.3231,2094.8217,1864.4765,2090.4956,2322.0237,1984.3760,1959.7332,1746.1916,1955.5338,2168.0991,1920.3290,1896.6185,1682.5069,1892.2080,2103.6530,1674.3317,1670.3967,1407.6417,1614.2601,1963.9212,1725.3428,1742.1443,1400.1510,1644.8560,2110.0223,1653.7352,1687.1600,1277.6159,1546.2758,2108.0322,1556.0120,1605.9421,1137.6317,1413.2947,2070.8347,1501.5630,1547.6815,1085.0320,1354.7144,2025.9998,1450.3364,1492.6062,1031.9778,1286.0282,1996.0677,1355.4089,1399.6094,937.4336,1171.7882,1937.2705,1271.2950,1320.6181,841.0985,1062.1247,1910.7249,11.00000000000,39,123
02,100,01419970,02100,Haines,Haines Borough,04,H1,G4020,,,,A,6005146534.00000000000,1053874968.00000000000,+59.0999054,-135.5781024,02100,179.5507,179.0475,177.6010,179.0439,180.5247,147.1466,146.5055,143.8199,146.5037,149.1376,134.5168,133.6795,129.2801,133.6972,138.0476,149.3665,148.1449,141.0195,148.0986,155.2751,146.4217,145.0361,134.5623,144.9024,155.4769,185.2152,183.2223,166.7867,182.9446,199.5362,167.7094,165.7164,147.5157,165.3796,183.6659,191.0502,188.8446,168.4342,188.4745,208.7482,173.0164,171.0010,151.8205,170.6286,189.5481,147.0137,146.8027,123.8392,141.9054,172.4736,200.1656,202.2205,162.6235,190.9603,244.8113,203.9337,208.1670,157.7470,190.8225,259.9697,204.6565,211.3391,149.8263,186.0303,272.3794,212.8781,219.5310,154.0240,192.2050,287.2383,218.1439,224.6163,155.4196,193.5759,300.2360,217.5273,224.7350,150.6489,188.2012,310.9172,222.7715,231.5199,147.5753,186.2476,334.8266,11.00000000000,02,100
02,060,01419967,02060,Bristol Bay,Bristol Bay Borough,04,H1,G4020,,,,A,1304947207.00000000000,993830067.00000000000,+58.7313725,-156.9866122,02060,56.4390,56.2719,55.8127,56.2712,56.7439,53.3171,53.0768,52.0996,53.0767,54.0363,47.0005,46.6906,45.1501,46.6988,48.2245,76.6031,75.9472,72.2942,75.9255,79.6146,60.5400,59.9451,55.6142,59.8890,64.2695,74.8615,74.0217,67.3599,73.9029,80.6398,55.1952,54.5018,48.4824,54.3825,60.4424,40.3396,39.8202,35.4627,39.7310,44.0733,36.8398,36.3475,32.2058,36.2552,40.3522,40.5789,40.4571,34.0679,39.0904,47.5909,42.0111,42.3941,34.0472,40.0186,51.3736,40.4904,41.2841,31.2382,37.8283,51.6105,41.5456,42.8568,30.3373,37.7075,55.2895,39.6655,40.8641,28.6283,35.7613,53.5174,38.0198,39.1103,27.0221,33.6903,52.3244,36.6895,37.8710,25.3487,31.7002,52.4389,36.2726,37.6673,23.9758,30.2891,54.5160,11.00000000000,02,060
28,083,00695765,28083,Leflore,Leflore County,06,H1,G4020,,24900,,A,1534668183.00000000000,35847069.00000000000,+33.5497896,-090.2949343,28083,1402.0107,1398.2304,1387.0122,1398.1959,1409.6375,1348.8888,1343.3036,1318.8350,1343.2676,1367.2241,1300.0333,1292.4898,1250.0776,1292.5972,1334.4649,1213.4459,1204.3741,1146.4487,1203.9395,1261.9915,1087.6916,1078.2673,1000.4762,1077.3069,1155.5304,943.3475,933.8265,850.4610,932.5322,1016.4708,908.7777,898.9469,801.0797,897.3418,995.3536,979.3018,968.3756,864.0919,966.5558,1070.0422,1037.3689,1025.8492,911.3619,1023.7330,1136.5577,898.1677,897.3985,757.5212,867.6018,1053.8388,734.1423,742.3326,597.5954,701.1996,897.9946,691.0474,706.0202,535.6388,647.4092,881.0064,631.6211,652.8192,463.3836,574.8557,840.6816,573.1912,591.6011,415.5792,518.1590,773.4563,523.3701,539.3178,373.6160,464.9584,720.3590,483.3955,499.7804,335.4274,418.6875,690.9552,441.0476,458.6895,292.7461,369.1316,662.9165,11.00000000000,28,083
28,073,00695760,28073,Lamar,Lamar County,06,H1,G4020,,25620,,A,1287367637.00000000000,8749351.00000000000,+31.1971349,-089.5149516,28073,3899.2063,3888.3773,3857.0159,3888.2958,3920.3726,4720.3956,4699.6280,4613.3731,4699.5868,4784.2099,5172.1903,5140.2212,4971.1057,5140.8750,5308.0772,6221.3282,6170.2397,5873.4630,6168.3235,6467.2973,6329.7197,6269.0107,5816.2198,6263.1997,6720.6353,5774.7646,5712.1311,5199.4202,5703.3810,6221.1286,5655.8429,5590.7932,4978.6854,5579.9274,6194.2096,6003.0234,5931.1936,5287.6212,5919.0459,6558.9706,6701.6963,6621.4824,5876.5730,6606.6138,7341.7803,6110.8481,6099.9471,5143.7329,5895.8820,7168.6095,6755.1287,6824.3555,5487.9595,6444.3207,8261.8005,6859.3505,7001.5051,5305.4407,6418.0565,8744.1052,6723.2679,6942.5015,4921.4976,6110.9923,8948.0398,6666.0163,6874.1721,4822.7774,6018.4475,8994.4984,6609.8382,6805.7930,4708.9888,5865.2142,9097.2475,6537.7977,6754.1269,4527.2357,5656.0276,9344.6190,6400.4502,6651.6102,4239.6479,5350.8473,9619.8943,11.00000000000,28,073
28,153,00695797,28153,Wayne,Wayne County,06,H1,G4020,,,,A,2099832593.00000000000,7168386.00000000000,+31.6447604,-088.6820566,28153,1159.7424,1156.5486,1147.2346,1156.5231,1166.0418,1207.1833,1201.8478,1179.7766,1201.8389,1223.4961,1168.2911,1160.9854,1122.7694,1161.1429,1198.9377,1248.3579,1237.8377,1178.2993,1237.4717,1297.5418,1257.1547,1244.5522,1154.6141,1243.3774,1334.4358,1348.1294,1332.6537,1212.4926,1330.4488,1452.0855,1129.5425,1115.8902,993.1279,1113.5704,1236.9850,977.8170,965.6047,860.3185,963.5212,1068.3440,1086.3721,1072.7517,951.4352,1070.2138,1190.0573,954.1070,951.9699,802.3249,920.0058,1119.1533,831.0620,839.2311,674.5573,792.3886,1016.3665,793.4803,809.5989,613.1560,742.0221,1011.4668,744.0608,768.0202,544.1409,675.9205,990.2485,699.0335,720.5905,505.2733,630.7809,943.1861,662.6197,682.0189,471.6357,587.6624,911.9566,614.8511,634.9880,425.3988,531.6639,878.8057,571.5600,593.8165,378.2935,477.6192,859.0457,11.00000000000,28,153
28,149,00695795,28149,Warren,Warren County,06,H1,G4020,,46980,,A,1524210117.00000000000,77836802.00000000000,+32.3570054,-090.8517913,28149,2693.5637,2686.1051,2664.4520,2686.0478,2708.1884,2773.8175,2761.6854,2711.0366,2761.6562,2811.3367,2789.1197,2771.7126,2680.4841,2772.0844,2862.3029,2892.8779,2868.7142,2730.7334,2867.8511,3006.9914,2683.3447,2656.8470,2464.8844,2654.3548,2848.5630,2927.4037,2894.9161,2634.6037,2890.3405,3153.4648,2566.2978,2536.0825,2257.7960,2530.9936,2810.4974,2429.3393,2399.3150,2138.0187,2394.2034,2654.2678,2406.5670,2376.7369,2108.3051,2371.1858,2636.2956,1939.5823,1935.5713,1631.6281,1870.6709,2275.1819,1977.4872,1996.9508,1605.1333,1885.4969,2418.4179,1869.8151,1907.8439,1444.9658,1748.6128,2383.4998,1711.7779,1766.9590,1251.9479,1555.0907,2278.1597,1603.0489,1652.5530,1158.8299,1446.6171,2162.9546,1516.4028,1560.8776,1079.4764,1344.9646,2087.0158,1375.5468,1420.6819,951.8532,1189.5463,1966.0729,1253.2296,1302.1133,829.6124,1047.3525,1883.5894,11.00000000000,28,149
28,117,00695779,28117,Prentiss,Prentiss County,06,H1,G4020,,,,A,1074793690.00000000000,8338031.00000000000,+34.6208655,-088.5222401,28117,1609.3951,1604.9276,1591.9843,1604.8939,1618.1318,1539.9698,1533.1409,1504.9737,1533.1312,1560.7731,1496.6396,1487.2936,1438.3395,1487.4938,1535.9067,1657.0574,1642.9601,1563.9354,1642.4832,1722.2587,1862.5523,1844.4005,1711.1599,1842.6797,1977.3916,1450.5276,1434.8386,1306.0777,1432.6490,1562.6597,1370.7026,1354.4136,1205.6585,1351.6615,1501.1165,1540.5544,1521.5655,1355.9109,1518.3344,1683.1947,1657.7532,1637.1022,1452.1003,1633.2571,1815.9882,1555.6073,1552.0782,1308.0563,1499.9523,1824.6934,1333.9709,1347.0582,1082.7145,1271.8630,1631.4065,1294.4804,1320.7444,1000.2444,1210.4917,1650.0987,1233.8225,1273.5156,902.2463,1120.7838,1642.0545,1173.9065,1210.0595,848.4362,1059.2265,1583.9145,1074.6825,1106.0934,764.8404,953.0456,1479.0702,999.7620,1032.4487,691.6083,864.4271,1428.9543,939.1769,975.6910,621.5027,784.7448,1411.5644,11.00000000000,28,117
28,091,00695769,28091,Marion,Marion County,06,H1,G4020,,,,A,1404766851.00000000000,16152552.00000000000,+31.2301257,-089.8217357,28091,1387.3757,1383.5396,1372.3895,1383.5097,1394.9093,1327.6537,1321.7865,1297.5131,1321.7767,1345.5946,1227.1021,1219.4521,1179.3167,1219.6147,1259.3045,1292.4417,1281.6404,1219.9954,1281.2552,1343.4201,1168.7014,1157.1677,1073.5605,1156.0825,1240.6650,1175.9700,1162.7890,1058.1472,1160.9261,1266.7432,1024.1882,1012.0109,900.8564,1009.9532,1121.6326,951.5657,939.8150,837.4745,937.8147,1039.6702,896.0078,885.1131,785.3642,883.0900,981.5655,699.8480,698.5254,588.9552,675.1372,820.9707,609.0785,615.2219,494.6514,580.9311,744.9121,560.5988,572.1399,433.4668,524.4361,714.6261,500.2744,516.5390,366.1228,454.6545,665.8141,445.7331,459.6191,322.4259,402.3910,601.4276,398.8051,410.6007,284.0693,353.8434,548.8809,349.7038,361.2643,242.1407,302.5248,499.8386,303.7101,315.6264,201.1742,253.9030,456.4770,11.00000000000,28,091
28,143,00695792,28143,Tunica,Tunica County,06,H1,G4020,,32820,,A,1177584065.00000000000,67492130.00000000000,+34.6522011,-090.3717697,28143,497.3093,495.9466,491.9561,495.9353,500.0115,527.5708,525.2735,515.6455,525.2672,534.7097,531.1125,527.8553,510.4944,527.9195,545.0806,528.6539,524.3151,499.0965,524.1521,549.5565,518.7871,513.8911,476.7814,513.4179,550.8793,490.2332,484.8569,441.2993,484.1029,528.1089,483.7868,478.2605,425.9319,477.3397,529.8417,443.3935,438.1151,390.6039,437.2234,484.4583,451.5945,446.2000,396.0140,445.2003,494.7279,422.0515,421.4365,355.5050,407.3751,495.1402,331.4152,334.8918,269.3868,316.2671,405.3475,319.8333,326.5476,247.5292,299.3652,407.7249,302.7547,312.7099,221.7613,275.2874,402.9455,283.6522,292.5870,205.3522,256.1952,382.7407,264.1649,272.0659,188.3185,234.4940,363.5809,244.7809,252.9423,169.6132,211.8442,349.8751,221.7925,230.5489,147.0096,185.4861,333.3580,11.00000000000,28,143
28,031,00695740,28031,Covington,Covington County,06,H1,G4020,,,,A,1071716796.00000000000,2948833.00000000000,+31.6333310,-089.5488968,28031,1176.1932,1172.9255,1163.4647,1172.9009,1182.5779,1102.6809,1097.7941,1077.6267,1097.7869,1117.5777,1145.1907,1138.0473,1100.5904,1138.1996,1175.2413,1277.4809,1266.7091,1205.7820,1266.3349,1327.8082,1314.6164,1301.6067,1207.5604,1300.3846,1395.5411,1388.3062,1372.4452,1248.7447,1370.1890,1495.3825,1128.9907,1115.1939,992.3732,1112.8409,1236.3633,1050.5433,1037.0477,923.5965,1034.7324,1147.7815,1144.3293,1129.5894,1001.4420,1126.8349,1253.4984,998.3712,995.7943,838.9342,962.2668,1170.9919,847.9439,855.7914,687.4059,807.8739,1036.9334,814.5546,830.6161,628.5916,761.1190,1038.2719,760.1836,784.1958,555.1334,689.9818,1011.6645,697.1378,718.1991,503.1480,628.5140,940.5892,636.1486,654.3700,452.0890,563.6747,875.4925,574.5763,593.0359,396.8996,496.3890,821.2159,524.8018,544.9269,346.7922,438.1648,788.7495,11.00000000000,28,031
28,061,00695754,28061,Jasper,Jasper County,06,H1,G4020,,29860,,A,1751461017.00000000000,3181592.00000000000,+32.0169894,-089.1194302,28061,989.6921,986.9237,978.9534,986.9039,995.0617,877.9241,873.9864,857.9056,873.9839,889.7711,823.7368,818.5393,791.5851,818.6557,845.3190,894.1024,886.4163,843.7803,886.1644,929.2323,850.2107,841.6394,780.8138,840.8431,902.4439,932.5813,922.0163,838.9706,920.5176,1004.5348,751.3394,742.4802,660.9957,740.9874,822.8327,651.0430,642.9681,572.9173,641.5923,711.3203,743.0104,733.8353,650.9906,732.1286,813.9417,683.4368,681.8374,574.5901,658.9249,801.6446,578.7908,584.3843,469.6256,551.7367,707.8300,557.9541,569.1947,430.9911,521.6523,711.2250,526.6754,543.5452,385.0109,478.3306,700.9287,496.0696,511.2825,358.4207,447.5259,669.3251,471.0766,484.7898,335.1633,417.6879,648.3315,432.8368,446.9429,299.3447,374.1882,618.6480,398.0291,413.4680,263.3326,332.5356,598.2277,11.00000000000,28,061
28,129,00695785,28129,Smith,Smith County,06,H1,G4020,,,,A,1647885256.00000000000,2640270.00000000000,+32.0190335,-089.4949726,28129,1059.3759,1056.4316,1047.9099,1056.4095,1065.1263,1033.6959,1029.2187,1010.3665,1029.2048,1047.6904,906.1386,900.5799,870.9599,900.6895,929.9688,944.4400,936.6723,891.6201,936.3823,981.7721,996.8662,987.2685,915.9580,986.3519,1058.4072,948.3708,938.1070,853.9184,936.6743,1021.6822,846.4395,836.6530,745.0064,835.0153,927.0042,815.9225,806.2778,718.9097,804.6509,891.4930,798.0309,788.5707,699.9513,786.8191,874.2626,650.3019,649.2165,547.5181,627.5179,762.8845,643.9656,650.6311,523.2824,614.4192,787.6072,607.3669,620.0248,469.8984,568.3811,774.2626,562.4658,580.8718,411.8418,511.3247,748.5950,532.8614,549.5603,385.6212,481.1724,718.9986,499.9886,514.8617,356.2909,443.7270,688.1480,463.6484,479.0335,321.1400,401.1694,662.7059,431.2059,448.1629,285.6944,360.5372,648.1059,11.00000000000,28,129
28,133,00695787,28133,Sunflower,Sunflower County,06,H1,G4020,,26940,,A,1807175516.00000000000,23758961.00000000000,+33.6055289,-090.5950901,28133,1443.6858,1439.6465,1428.0196,1439.6177,1451.5184,1320.9719,1315.0212,1290.8119,1315.0193,1338.7902,1301.6382,1293.4791,1250.8974,1293.6567,1335.7718,1269.8608,1259.1570,1198.5932,1258.7848,1319.8903,1235.7284,1223.3514,1134.9463,1222.1971,1311.6995,1239.5913,1225.0697,1114.4228,1222.9868,1335.0929,1190.5280,1175.1503,1044.9869,1172.4812,1303.6578,1211.7419,1195.5536,1064.1403,1192.7560,1323.8644,1245.6073,1228.9875,1088.9733,1225.8703,1364.3684,1010.5888,1007.1852,847.7695,973.0596,1185.1290,939.1464,947.0006,759.8745,893.7171,1148.3270,896.5156,913.3444,690.3548,836.6348,1142.6409,824.1406,849.3318,600.3985,746.9773,1096.7052,767.1613,789.5201,552.2740,690.6041,1034.9929,716.1946,735.9215,507.5968,633.6026,985.5916,667.4196,688.1278,459.7335,575.6778,953.8612,620.1797,643.3006,408.6384,516.9848,932.0566,11.00000000000,28,133
28,125,00695783,28125,Sharkey,Sharkey County,06,H1,G4020,,,,A,1118149626.00000000000,8806466.00000000000,+32.8924897,-090.8273880,28125,253.9685,253.2683,251.2282,253.2627,255.3479,230.7591,229.7529,225.5410,229.7503,233.8813,213.1695,211.8833,204.9193,211.9066,218.7877,236.5171,234.5483,223.2669,234.4773,245.8512,196.9404,195.0757,180.9881,194.8958,209.1191,197.3497,195.2053,177.6815,194.9055,212.6028,163.3722,161.4779,143.7849,161.1606,178.9214,147.5020,145.6511,129.7612,145.3351,161.1573,163.9215,161.9351,143.6925,161.5663,179.5748,143.4397,143.1196,120.6231,138.3144,168.2529,122.5621,123.7816,99.5072,116.8772,149.8926,121.0689,123.5417,93.5786,113.2343,154.3308,115.2465,118.9689,84.3007,104.7066,153.3791,110.5636,113.9809,79.9306,99.7781,149.1811,109.1836,112.3850,77.7226,96.8386,150.2686,107.3325,110.8500,74.2646,92.8137,153.4103,105.8392,109.9607,70.0511,88.4437,159.0747,11.00000000000,28,125
22,009,00558424,22009,Avoyelles,Avoyelles Parish,15,H1,G4020,,,,A,2155994488.00000000000,86273188.00000000000,+31.0850937,-091.9937975,22009,2351.8986,2345.2894,2326.3332,2345.2437,2364.6546,2109.8786,2100.4631,2061.8414,2100.4539,2138.3638,2058.6885,2045.6031,1978.2202,2045.9049,2112.5729,2298.0661,2278.4926,2168.8994,2277.8328,2388.4749,2205.7419,2183.8141,2026.0161,2181.7599,2341.4569,2332.5445,2305.8533,2097.9960,2302.0544,2512.4349,2264.8966,2237.0952,1990.6051,2232.3469,2480.2855,2146.3930,2118.7002,1886.7988,2113.9455,2345.0561,2173.1829,2144.8795,1901.2324,2139.5843,2380.4669,2041.6877,2035.7614,1714.4544,1967.0419,2394.5409,1723.6714,1739.2792,1396.7319,1641.7868,2107.7867,1644.4763,1676.5348,1268.3983,1536.1342,2096.0871,1558.9818,1607.8564,1137.8326,1414.5486,2074.6855,1458.1063,1501.7899,1051.7305,1314.1081,1967.2669,1360.4122,1399.0168,966.1645,1204.9664,1872.2230,1250.0711,1289.8796,862.8858,1079.5210,1786.6453,1136.4009,1179.6420,750.3385,948.3835,1707.9301,11.00000000000,22,009
22,053,00558039,22053,Jefferson Davis,Jefferson Davis Parish,15,H1,G4020,324,27660,,A,1686931782.00000000000,18718325.00000000000,+30.2695293,-092.8162205,22053,1836.5124,1831.4083,1816.6353,1831.3700,1846.4811,1791.9234,1784.0764,1751.3518,1784.0582,1816.1586,1787.1100,1775.8959,1717.4302,1776.1412,1833.9676,2068.6175,2051.2687,1952.6056,2050.6564,2150.1722,2024.2596,2004.5942,1859.7866,2002.7264,2149.1103,2245.9019,2221.2680,2021.7157,2217.8128,2419.4204,1959.9987,1936.7684,1724.1084,1932.8471,2146.4874,1886.2085,1862.9671,1660.1518,1859.0127,2060.8534,2053.9170,2028.6835,1799.7925,2023.9923,2250.0092,1876.9606,1872.8265,1578.4943,1809.9617,2201.6638,1658.2730,1674.7254,1346.2549,1581.2959,2028.0481,1638.7313,1672.1643,1266.5697,1532.6389,2088.9441,1585.3344,1636.5157,1159.6010,1440.3167,2109.8861,1529.0537,1576.3071,1105.3986,1379.8863,2063.1179,1471.5880,1514.7455,1047.5692,1305.2127,2025.3373,1373.7435,1418.7767,950.5297,1187.9333,1963.4924,1297.9263,1348.4870,859.0823,1084.6250,1950.7638,11.00000000000,22,053
22,061,00558077,22061,Lincoln,Lincoln Parish,15,H1,G4020,,40820,,A,1221806070.00000000000,1897717.00000000000,+32.6011478,-092.6620823,22061,2047.7113,2042.0413,2025.5802,2041.9978,2058.8294,2064.2122,2055.1328,2017.4149,2055.1145,2092.1186,2183.9268,2170.2253,2098.7782,2170.5248,2241.1904,2494.6347,2473.5455,2354.5710,2472.8186,2592.8781,1956.5699,1937.1604,1797.1887,1935.3398,2076.9808,826.2628,817.0823,743.6029,815.7887,890.0656,633.5794,625.6809,556.6332,624.3251,693.8180,2788.2760,2753.7369,2453.7637,2747.8538,3046.4331,2935.1045,2898.4692,2570.8518,2891.6464,3215.2557,2764.3098,2758.2260,2324.7498,2665.6426,3242.5204,3245.0182,3277.0406,2634.1383,3094.1681,3968.5904,3255.9302,3322.1817,2516.1904,3044.9190,4150.4191,3221.2811,3325.1090,2355.9339,2926.4046,4287.1161,3282.7047,3384.0062,2372.9129,2962.2732,4429.2667,3410.2870,3510.1713,2427.4304,3024.5610,4693.5461,3630.0613,3748.9451,2511.5332,3138.9217,5188.4408,3856.1270,4006.2317,2552.1282,3222.2751,5795.6945,11.00000000000,22,061
22,077,00559449,22077,Pointe Coupee,Pointe Coupee Parish,15,H1,G4020,132,12940,,A,1443519892.00000000000,86418204.00000000000,+30.7083190,-091.6046207,22077,1301.8257,1298.2173,1287.7502,1298.1897,1308.8935,1122.2161,1117.2913,1096.7916,1117.2807,1137.3907,1146.1395,1139.0695,1101.5969,1139.2127,1176.2596,1316.7891,1305.6026,1242.8045,1305.2225,1368.6118,1225.0613,1213.1181,1125.4814,1211.9861,1300.5921,1277.6659,1263.4974,1149.8899,1261.5024,1376.3334,1158.4253,1144.8707,1019.3185,1142.5927,1268.6665,1039.8081,1027.0925,915.3729,1024.9324,1136.0901,984.1534,972.2682,862.7808,970.0629,1078.1378,950.5082,948.7719,800.0055,917.0211,1115.0272,889.2276,898.2689,722.2954,848.2240,1087.5504,852.5359,870.1469,659.3033,797.6164,1086.7817,799.1947,825.2084,584.9385,726.3551,1063.6492,760.6648,784.3769,550.2609,686.7183,1026.3662,722.7444,744.1358,514.8371,641.2800,994.7243,674.2659,696.5511,466.8643,583.2938,963.7415,623.0328,647.4639,412.6651,520.8411,936.4190,11.00000000000,22,077
22,105,00559500,22105,Tangipahoa,Tangipahoa Parish,15,H1,G4020,,25220,,A,2049391733.00000000000,82862999.00000000000,+30.6215806,-090.4066332,22105,7832.2523,7810.5465,7747.5748,7810.3806,7874.7751,8088.2187,8052.7182,7904.9664,8052.6417,8197.5863,9341.9992,9283.9540,8978.4393,9285.1698,9587.2679,11091.8874,11000.3755,10471.2775,10996.9888,11530.1479,12407.9394,12288.1783,11400.5754,12276.7587,13173.7410,10749.8327,10631.6768,9676.4001,10615.0916,11580.2929,8998.1191,8892.2916,7916.6362,8874.4751,9854.3610,10270.2127,10146.6095,9044.9237,10125.6805,11221.3081,11466.3246,11327.3112,10051.1854,11301.5057,12561.2674,11712.4196,11690.7440,9857.3802,11299.4354,13739.5990,11180.5039,11294.2996,9081.8252,10665.1015,13674.0896,11318.8786,11552.6790,8753.3559,10589.7077,14428.8911,11235.1079,11600.6422,8222.8008,10210.9159,14952.8033,11023.0516,11366.5118,7973.7407,9951.2647,14873.4074,10681.6148,10997.6588,7608.7190,9477.4996,14701.2622,10475.3302,10821.4022,7252.8968,9061.8104,14972.5829,10371.5663,10778.0267,6869.1635,8670.0936,15588.4602,11.00000000000,22,105
22,069,00558108,22069,Natchitoches,Natchitoches Parish,15,H1,G4020,,35060,,A,3243311940.00000000000,121063646.00000000000,+31.7349824,-093.0861057,22069,1920.2348,1914.9430,1899.5196,1914.9010,1930.6644,1795.9650,1788.0615,1755.2430,1788.0459,1820.2438,1743.1805,1732.2572,1675.2315,1732.4947,1788.8948,1798.4285,1783.5221,1697.7376,1782.9776,1869.4437,1568.7374,1553.3297,1441.1058,1551.8758,1665.3822,1582.7500,1564.6643,1423.6367,1562.0914,1704.8223,1270.0578,1253.9804,1115.3779,1251.2072,1390.7826,1903.7358,1879.5857,1674.2685,1875.4528,2079.9633,1729.4363,1707.7643,1514.6460,1703.7265,1894.4980,1622.3478,1618.7396,1364.3061,1564.3943,1902.9959,1521.3150,1536.2201,1234.7366,1450.4593,1860.5194,1449.5832,1478.9740,1120.0570,1355.5057,1847.8088,1368.8912,1412.9080,1000.9797,1243.4508,1821.8112,1293.4550,1333.2671,934.8003,1167.0674,1745.2154,1248.6864,1285.1616,888.6394,1107.3277,1718.5476,1204.5243,1243.8857,833.2220,1041.4462,1721.6185,1191.7884,1238.1065,788.6384,995.7973,1791.2335,11.00000000000,22,069
51,143,01480157,51143,Pittsylvania,Pittsylvania County,06,H1,G4020,,19260,,A,2509545576.00000000000,23916652.00000000000,+36.8217206,-079.3985019,51143,4173.7902,4162.0975,4128.4755,4162.0147,4196.4326,4030.2234,4012.3787,3938.6768,4012.3513,4084.6749,3261.9668,3241.5657,3134.8627,3242.0055,3347.5329,3351.2900,3323.3447,3163.4969,3322.3416,3483.5164,3234.8785,3202.9950,2971.5773,3199.9928,3434.0955,3336.5149,3299.5823,3002.9428,3294.3853,3594.1961,3232.2949,3193.9650,2843.2450,3187.4937,3539.8371,3014.8143,2978.1562,2654.4232,2971.9358,3293.9859,2961.2891,2925.9212,2596.8367,2919.3671,3244.1334,2317.3452,2312.8110,1949.8767,2235.3312,2718.3706,2495.1917,2520.3788,2026.4560,2379.9055,3051.6599,2345.4188,2393.7055,1813.5294,2194.1240,2989.8345,2166.3256,2236.6810,1585.2843,1968.6854,2883.1513,2068.0072,2132.3271,1495.7336,1866.7846,2790.3524,1973.2466,2031.5135,1405.3767,1750.6585,2715.7987,1832.3390,1892.7834,1268.5128,1584.9736,2618.9897,1685.6350,1751.6339,1116.2996,1409.0290,2533.5049,11.00000000000,51,143
51,680,01498429,51680,Lynchburg,Lynchburg city,25,C7,G4020,,31340,,F,127239697.00000000000,1344996.00000000000,+37.3990161,-079.1954582,51680,3603.3964,3593.4645,3564.5211,3593.3857,3622.9678,3477.7038,3462.4483,3398.9238,3462.4149,3524.7312,3461.3806,3440.0141,3326.8423,3440.4483,3552.3357,4039.1816,4005.8534,3813.1790,4004.6205,4198.7749,4634.9492,4589.7794,4258.2110,4585.4972,4920.7264,2806.0206,2774.6657,2525.0294,2770.2390,3022.6458,2824.2380,2789.9775,2482.9320,2784.1487,3092.8663,7450.6921,7361.7803,6563.2198,7346.7521,8140.7238,7997.3343,7901.3990,7012.2814,7883.6117,8761.1399,7965.6278,7951.6082,6705.3131,7685.6494,9344.4897,8257.7548,8342.9310,6709.6781,7878.5001,10099.6638,8622.7873,8801.9429,6670.1875,8068.6163,10992.1390,8867.7415,9157.1751,6491.7399,8060.5145,11802.1575,9212.4430,9500.2058,6665.2419,8317.6180,12430.4169,9529.8228,9812.2724,6789.1234,8456.1611,13116.0732,9955.2462,10284.3887,6893.2483,8612.2218,14229.2352,10295.7517,10699.3376,6819.1230,8606.8350,15474.5171,11.00000000000,51,680
51,005,01673675,51005,Alleghany,Alleghany County,06,H1,G4020,,,,A,1153727336.00000000000,8535515.00000000000,+37.7879048,-080.0086690,51005,1035.2168,1032.3023,1023.9558,1032.2824,1040.8308,924.7666,920.6641,903.7485,920.6583,937.2587,721.6187,717.0737,693.4626,717.1748,740.5299,749.8754,743.5673,707.8027,743.3466,779.4268,735.3085,727.9770,675.3729,727.2914,780.5363,902.6728,892.5420,812.2120,891.1096,972.3464,782.7487,773.5057,688.6043,771.9475,857.2292,662.6910,654.5643,583.3428,653.1829,724.0521,572.1212,564.9033,500.9729,563.5575,626.7199,520.9978,519.8792,438.2031,502.4364,611.1344,498.0569,502.9644,404.2839,474.8946,609.1121,445.6250,454.6828,344.3630,416.7325,568.0486,412.9174,426.2117,301.9682,375.1003,549.5394,385.5098,397.3903,278.6392,347.8590,520.1568,357.9512,368.4191,254.7601,317.4440,492.6435,311.6112,321.8012,215.5677,269.4318,445.3843,270.2316,280.7373,178.8255,225.7958,406.1528,11.00000000000,51,005
51,011,01497238,51011,Appomattox,Appomattox County,06,H1,G4020,,31340,,A,863744566.00000000000,3204517.00000000000,+37.3707253,-078.8109404,51011,913.6335,911.0714,903.7103,911.0534,918.5896,984.4813,980.0859,962.0636,980.0817,997.7720,873.5394,868.0003,839.4111,868.1268,896.4110,1141.0247,1131.3172,1076.9021,1130.9889,1185.9211,1183.5522,1171.7903,1087.1194,1170.6882,1256.3765,1207.3068,1193.8041,1086.3901,1191.8972,1300.5075,1179.1718,1165.3747,1037.5742,1163.0561,1291.3875,1106.1461,1092.7310,973.9832,1090.4558,1208.5772,1099.8552,1086.8150,964.6768,1084.4005,1204.9183,1133.3357,1131.0022,953.4105,1093.0820,1329.4356,1063.3354,1074.1320,863.6922,1014.2847,1300.4867,1062.4110,1084.3345,821.5688,993.9427,1354.3200,1056.7487,1091.1082,773.3805,960.3881,1406.4248,1040.2211,1072.6102,752.4256,939.0504,1403.5686,1017.4917,1047.5720,724.7353,902.7605,1400.3866,979.6366,1011.9835,678.2491,847.4248,1400.2114,927.0626,963.3913,613.9953,774.9731,1393.3746,11.00000000000,51,011
51,169,01498172,51169,Scott,Scott County,06,H1,G4020,304,28700,,A,1387017232.00000000000,8052092.00000000000,+36.7127783,-082.6136268,51169,1485.4712,1481.3384,1469.3870,1481.3077,1493.5338,1350.4056,1344.4062,1319.7006,1344.3985,1368.6449,1135.7853,1128.5990,1091.4301,1128.7618,1165.5321,1179.7033,1169.7139,1113.4519,1169.3712,1226.1517,1147.8102,1136.2838,1054.1680,1135.2105,1218.3564,1182.9941,1169.3747,1063.9109,1167.4324,1274.2049,1114.2370,1100.7038,979.5533,1098.4005,1220.2162,1015.7640,1002.8265,893.2304,1000.6106,1109.7895,1076.4680,1062.6610,942.1668,1060.0821,1179.1702,855.0756,852.7409,718.2927,823.9954,1002.8892,858.4865,866.4199,695.9320,817.9036,1049.8237,795.7578,811.4358,614.0635,743.5390,1014.3110,728.2366,751.2291,531.7855,660.9718,969.1481,676.8697,697.3119,488.5082,610.2325,913.2426,630.0682,648.1142,447.7657,558.2854,867.1243,576.1468,594.6564,397.9837,497.7452,823.4604,518.5096,538.3934,342.6343,432.9113,779.2927,11.00000000000,51,169
51,595,01498422,51595,Emporia,Emporia city,25,C7,G4020,,,,F,17854907.00000000000,191799.00000000000,+36.6961820,-077.5359753,51595,318.5678,317.6943,315.1378,317.6871,320.2987,322.9759,321.5847,315.6983,321.5798,327.3506,289.4606,287.7250,278.2709,287.7554,297.0956,319.3596,316.8500,301.6104,316.7439,332.0580,313.5467,310.6999,288.2731,310.4181,333.0167,280.5151,277.6645,252.8643,277.2760,302.2535,267.3034,264.5068,235.7949,264.0563,292.7794,277.0686,273.9553,244.4312,273.4359,302.7401,269.1624,266.1502,236.4234,265.5963,294.8958,230.1652,229.9672,194.1216,222.3314,270.0574,238.7931,241.4299,194.3310,228.0437,292.0846,234.0813,239.1297,181.3981,219.2700,298.4240,225.0435,232.5745,165.0639,204.7909,299.5288,216.0257,222.9540,156.6071,195.2722,291.5013,209.7752,216.1569,149.7332,186.3497,288.7306,203.6022,210.4816,141.2407,176.3204,291.0232,193.6267,201.3426,128.4682,162.0187,291.0287,11.00000000000,51,595
51,079,01480129,51079,Greene,Greene County,06,H1,G4020,,16820,,A,404675804.00000000000,1706935.00000000000,+38.2979805,-078.4701629,51079,1288.2505,1284.6525,1274.2806,1284.6265,1295.2407,1259.3833,1253.7496,1230.6894,1253.7451,1276.3821,1189.5247,1182.0038,1143.0773,1182.1737,1220.6820,1229.1802,1218.8857,1160.2591,1218.5209,1277.6494,1261.0969,1248.7851,1158.5702,1247.6192,1338.8380,1362.0648,1346.8112,1225.6173,1344.6560,1467.2065,1332.2819,1316.2040,1171.4267,1313.4735,1459.0119,1371.2362,1354.2782,1206.7803,1351.3908,1498.1960,1489.5988,1471.3064,1305.3111,1467.9058,1631.8153,1233.0256,1230.6626,1037.5902,1189.4484,1446.4174,1110.8318,1121.8963,901.8957,1059.3215,1358.5411,1116.5319,1139.3539,863.0386,1044.3009,1423.2848,1098.1685,1133.6638,803.3325,997.7665,1461.5316,1072.0932,1105.2727,775.1309,967.5656,1446.5556,1043.2756,1073.9255,742.7632,925.3925,1435.8579,998.5444,1031.3380,691.0256,863.5582,1427.2243,952.8054,989.9812,630.7565,796.2941,1432.0560,11.00000000000,51,079
51,101,01480138,51101,King William,King William County,06,H1,G4020,,40060,,A,709504582.00000000000,30285503.00000000000,+37.7082604,-077.0910539,51101,1076.1284,1073.1046,1064.4313,1073.0837,1081.9650,972.2062,967.9759,950.2351,967.9641,985.3627,868.5390,863.1829,834.7865,863.2912,891.3647,1025.9168,1017.2673,968.3381,1016.9668,1066.3343,1074.2498,1063.6555,986.8054,1062.6582,1140.4023,1168.9836,1155.9905,1052.0305,1154.1595,1259.2495,1074.8399,1062.0599,945.4078,1059.9002,1177.1034,1038.2230,1025.2999,913.5483,1023.0966,1134.3450,1035.0767,1022.3694,907.0276,1020.0072,1133.8991,949.4050,946.9952,797.8611,915.1217,1113.5692,895.6049,904.3390,726.8238,853.8410,1095.2894,867.4894,885.0372,670.2160,811.1382,1105.7988,822.8456,849.2650,601.6255,747.3937,1095.0940,791.5723,815.8999,572.0183,714.1785,1068.0387,754.1595,776.1539,536.6431,668.7395,1037.9351,695.1859,717.8697,480.8312,601.0242,993.6223,641.2167,666.1059,424.2545,535.7294,963.7335,11.00000000000,51,101
48,215,01383893,48215,Hidalgo,Hidalgo County,06,H1,G4020,,32580,,A,4068521768.00000000000,31191087.00000000000,+26.3963839,-098.1809900,48215,46054.5745,45927.4711,45557.4632,45926.4689,46304.6906,53612.6511,53377.4823,52398.1885,53376.9630,54337.6322,53055.3714,52725.5500,50990.4309,52732.4750,54448.2132,56598.7807,56123.8328,53424.3547,56107.0969,58829.9985,57531.0053,56960.6983,52844.9741,56907.1796,61071.8434,67257.0887,66502.2425,60516.9388,66395.5109,72448.3855,67617.1196,66812.7772,59474.0209,66676.8326,74050.3746,71673.9012,70788.5613,63079.8372,70637.8458,78310.0943,72539.8047,71643.7298,63555.3495,71477.0400,79464.7617,76569.2977,76396.7079,64386.4792,73831.2507,89814.3830,72597.6379,73311.3007,58926.2089,69219.3756,88784.9762,72822.2400,74301.2535,56272.3496,68099.2716,92828.0705,73025.6679,75376.5379,53403.5149,66337.2721,97187.6408,73987.4592,76267.6987,53476.9555,66761.6332,99829.0581,75150.7784,77349.0134,53487.0427,66647.0918,103429.0858,74115.0575,76539.9080,51273.7927,64084.4384,105932.3593,72300.9549,75113.5159,47848.1620,60414.1942,108667.0128,11.00000000000,48,215
48,257,01383914,48257,Kaufman,Kaufman County,06,H1,G4020,206,19100,19124,A,2022000741.00000000000,69829915.00000000000,+32.5989440,-096.2883777,48257,7723.1130,7701.4557,7639.2310,7701.3033,7765.0070,8641.2964,8603.0087,8444.9694,8602.9518,8758.0397,9106.8730,9049.6017,8751.6436,9050.8663,9345.5826,10773.1306,10682.5080,10168.6937,10679.3376,11197.6850,11208.7560,11098.1737,10296.3165,11087.7672,11898.9663,12202.1558,12065.9462,10980.4640,12046.7230,13144.2045,12549.8077,12400.1300,11037.7435,12374.8096,13743.7816,13162.7934,13000.2545,11584.6078,12972.5869,14381.5227,14215.3416,14039.9961,12455.1807,14007.3830,15572.4283,13999.2115,13968.8150,11773.9043,13500.0452,16421.0994,14232.6924,14372.4902,11552.2204,13570.2427,17406.1838,14610.6937,14907.3110,11289.9866,13662.9430,18624.5504,14738.5152,15212.8520,10778.0206,13388.4548,19615.0297,14943.8659,15404.2899,10800.9563,13484.2346,20163.2980,15153.0141,15596.1191,10784.6132,13438.2033,20854.8947,15072.7071,15565.7151,10427.2680,13032.6249,21543.3522,14839.8206,15416.9774,9820.6493,12399.9041,22303.9716,11.00000000000,48,257
48,341,01383956,48341,Moore,Moore County,06,H1,G4020,,20300,,A,2330188778.00000000000,25718171.00000000000,+35.8356759,-101.8905018,48341,1166.6125,1163.3421,1153.9433,1163.3191,1172.9410,1104.3563,1099.3974,1079.1661,1099.3946,1119.2573,1116.4154,1109.2031,1072.6393,1109.3802,1145.5714,1336.8620,1325.2724,1261.5276,1324.9025,1389.3262,1331.5238,1317.6644,1222.3978,1316.4008,1413.0396,1496.6584,1479.1205,1345.5250,1476.6047,1611.9638,1313.9812,1297.3738,1153.9984,1294.5107,1438.8841,1318.6871,1301.5808,1159.0243,1298.6407,1440.7350,1408.1256,1389.5242,1231.4125,1386.0391,1542.4046,1468.9878,1465.1722,1234.3516,1415.8347,1722.9734,887.3341,894.9511,718.2960,844.6569,1085.0062,868.6015,885.1313,669.2536,810.8683,1107.0906,886.3384,913.7800,646.3083,803.7896,1179.5043,795.1056,818.5533,572.8648,716.1089,1072.7177,721.9838,742.0882,512.0816,639.0008,993.5759,629.2633,648.9095,433.6663,542.9192,899.3375,548.1808,568.6625,361.2783,457.0215,823.8537,11.00000000000,48,341
48,327,01383949,48327,Menard,Menard County,06,H1,G4020,,,,A,2336245942.00000000000,613559.00000000000,+30.8837069,-099.8549364,48327,118.6287,118.3062,117.3556,118.3034,119.2736,93.1160,92.7349,91.0480,92.7321,94.3830,103.9107,103.2882,99.8944,103.2990,106.6518,119.2788,118.3249,112.6338,118.2864,124.0110,93.1598,92.2642,85.6001,92.1786,98.9119,100.8259,99.8187,90.9142,99.6823,108.6444,97.4770,96.4170,85.9154,96.2436,106.7626,73.8191,73.0361,65.2115,72.9072,80.6614,94.7724,93.7907,83.3959,93.6120,103.8428,66.7060,66.8191,56.5668,64.6464,78.3089,66.6202,67.5198,54.5031,63.8268,81.5145,66.1753,67.7644,51.5652,62.1920,84.3847,66.1804,68.5255,48.7650,60.3882,88.0965,64.1881,66.3580,46.7251,58.1631,86.6242,65.8745,67.9769,47.1921,58.6432,90.6763,65.1927,67.4752,45.3659,56.5571,93.1901,65.8541,68.5500,43.8209,55.1920,98.9858,11.00000000000,48,327
48,137,01383854,48137,Edwards,Edwards County,06,H1,G4020,,,,A,5485225839.00000000000,5199824.00000000000,+29.9858774,-100.3073732,48137,68.3951,68.2042,67.6536,68.2028,68.7663,71.7738,71.4613,70.1515,71.4605,72.7451,73.5527,73.0975,70.6925,73.1069,75.4848,78.4804,77.7993,74.0572,77.7776,81.5598,96.7102,95.6742,88.7544,95.5813,102.6114,88.9519,87.9060,79.9639,87.7558,95.8039,69.2361,68.3791,60.8386,68.2324,75.8195,72.1820,71.1603,63.2811,70.9819,78.8577,64.0979,63.2575,56.0661,63.1002,70.2110,72.5075,72.2681,60.8342,69.8208,85.0315,51.8535,52.3267,42.0245,49.3947,63.4095,48.2666,49.2124,37.2370,45.0928,61.5223,44.3179,45.7119,32.3536,40.2178,58.9784,40.6452,41.8683,29.3268,36.6382,54.8387,36.6241,37.6695,26.0213,32.4471,50.4032,32.0536,33.0809,22.1372,27.6886,45.8126,28.3901,29.4774,18.7578,23.7015,42.6688,11.00000000000,48,137
48,409,01383990,48409,San Patricio,San Patricio County,06,H1,G4020,204,18580,,A,1796028941.00000000000,37539463.00000000000,+28.0117816,-097.5171652,48409,3693.0329,3682.7606,3653.0491,3682.6839,3713.0778,3731.4888,3714.9555,3646.7109,3714.9310,3781.9010,4173.6269,4147.2767,4010.7044,4147.8681,4282.9682,5300.6470,5255.5598,5002.7728,5254.0338,5509.2198,5957.0366,5896.8027,5470.6223,5891.2165,6322.8929,6685.6231,6608.9237,6013.0485,6597.9976,7201.1741,6291.7400,6215.7950,5532.0663,6202.8960,6890.2244,6445.9630,6365.3676,5671.2208,6351.6144,7042.7300,6740.4909,6655.8456,5903.0024,6640.0711,7383.7986,6702.6487,6686.1337,5633.6688,6461.2294,7861.7429,7006.1783,7073.2985,5683.7189,6677.9551,8568.0840,7205.3367,7349.9040,5564.7181,6735.7952,9184.5830,7243.3554,7474.7871,5294.0562,6577.7450,9639.8068,7328.3374,7552.4881,5293.8650,6610.4648,9887.7534,7402.0230,7616.8980,5265.3655,6562.3642,10187.1805,7322.8270,7560.8794,5063.3196,6329.8467,10466.3808,7184.8717,7462.9919,4752.4333,6001.9412,10798.6457,11.00000000000,48,409
48,445,01384008,48445,Terry,Terry County,06,H1,G4020,,,,A,2302083249.00000000000,5443913.00000000000,+33.1712290,-102.3392840,48445,607.6888,605.9902,601.0968,605.9779,610.9860,540.3570,537.9371,528.0413,537.9353,547.6499,620.3695,616.4833,596.1891,616.5677,636.6392,787.4595,780.8134,743.2572,780.5831,818.4781,791.3296,783.6473,727.0388,782.9173,840.1401,728.5654,720.5703,655.8339,719.4488,784.8532,924.3837,913.0386,812.4388,911.1011,1012.2916,974.0081,961.7051,856.7058,959.6014,1064.1744,1135.2176,1120.7854,993.8322,1118.0922,1243.5406,1088.0547,1085.1570,914.1347,1048.5965,1276.1602,972.3031,981.5237,788.6098,926.6349,1189.0459,1034.3828,1055.0601,798.7252,966.8802,1318.5100,1049.1145,1082.5827,766.6926,952.6436,1396.2076,1053.0832,1085.2599,760.6709,949.8819,1420.8686,1059.3099,1090.0377,753.4906,939.1163,1457.8943,1064.4000,1098.9909,735.9529,920.0529,1521.3263,1052.0390,1092.7613,695.8689,878.8278,1581.1829,11.00000000000,48,445
48,105,01383838,48105,Crockett,Crockett County,06,H1,G4020,,,,A,7270944161.00000000000,53329.00000000000,+30.7175316,-101.4042113,48105,216.3085,215.6992,213.9550,215.6951,217.4815,254.0431,252.8837,248.2201,252.8843,257.4655,245.0218,243.4855,235.4698,243.5190,251.4469,279.4811,277.0498,263.7238,276.9730,290.4437,282.3728,279.5233,259.3218,279.2587,299.7187,306.3966,302.9668,275.7050,302.4823,330.0487,289.2200,285.7160,254.2761,285.1201,316.7298,271.6423,268.1784,238.8659,267.5850,296.7870,294.7674,291.0515,258.1160,290.3587,322.8981,265.5747,264.8347,223.0650,255.9032,311.4800,257.2012,259.5879,208.5174,245.0550,314.5272,254.4252,259.4481,196.3506,237.7424,324.3038,232.8595,240.2130,170.0451,211.3528,309.8930,228.3734,235.2751,164.8287,205.8960,308.1252,222.6723,229.0565,158.2564,197.3120,306.4507,201.7182,208.1908,139.3263,174.2586,288.3061,182.3902,189.3699,120.4986,152.2624,274.1220,11.00000000000,48,105
48,225,01383898,48225,Houston,Houston County,06,H1,G4020,,,,A,3188040155.00000000000,14673927.00000000000,+31.3230362,-095.4215995,48225,1350.8242,1346.9500,1336.0223,1346.9273,1358.1395,1301.1272,1295.1937,1271.3110,1295.1968,1318.6572,1219.7284,1211.8399,1171.8908,1212.0345,1251.5776,1400.9588,1388.6484,1321.8547,1388.2720,1455.8329,1363.8600,1349.7533,1252.1745,1348.4623,1447.4142,1696.7853,1676.6920,1525.1175,1673.7998,1827.4477,1374.1062,1356.9842,1207.2401,1354.0457,1504.7526,1404.4416,1385.9015,1233.7881,1382.7044,1534.4076,1462.0396,1442.6128,1278.3440,1438.9707,1601.4460,1297.7289,1293.6335,1089.1428,1249.8767,1521.9282,1179.8867,1190.1157,955.2935,1123.2650,1442.7472,1147.5696,1169.4944,884.3482,1071.4027,1462.6644,1097.9633,1131.9533,800.6166,995.7003,1461.1261,1049.3271,1080.3492,756.1623,945.1711,1415.7078,1006.5913,1034.7701,714.2063,891.0855,1385.2576,932.9140,962.2577,643.3162,805.1769,1333.3277,862.7563,895.2582,569.0748,719.6122,1296.6414,11.00000000000,48,225
48,473,01384022,48473,Waller,Waller County,06,H1,G4020,288,26420,,A,1329777937.00000000000,11365575.00000000000,+30.0135781,-095.9821022,48473,2641.6353,2634.2584,2612.9907,2634.2049,2655.9693,2631.6159,2619.9594,2571.8321,2619.9419,2667.1699,2779.3977,2761.8447,2670.8942,2762.2392,2852.2098,3308.7719,3280.8717,3123.0659,3279.9026,3439.1232,3269.8420,3237.2350,3003.3101,3234.1860,3470.9625,3971.2666,3927.1665,3574.0156,3920.9538,4277.9291,4069.3271,4021.0447,3579.4818,4012.8915,4456.5069,6126.4148,6051.4888,5393.2444,6038.7598,6693.6952,7058.7373,6971.7389,6184.8509,6955.5592,7732.6177,6793.0537,6778.8571,5714.2293,6551.5192,7968.3980,7356.4570,7429.2706,5971.9748,7014.7537,8996.8313,7744.6507,7902.4391,5985.4355,7242.9860,9872.3326,8002.7834,8260.8943,5853.2437,7270.4157,10650.7035,8358.2878,8616.3470,6042.0369,7542.5831,11277.6287,8777.5899,9034.7831,6248.0421,7784.9203,12080.5232,9005.9751,9301.0317,6231.1710,7787.6275,12872.2332,9198.0770,9556.2471,6087.8487,7686.2917,13824.5638,11.00000000000,48,473
48,081,01383826,48081,Coke,Coke County,06,H1,G4020,,,,A,2360695668.00000000000,42789532.00000000000,+31.8771050,-100.6352358,48081,187.8682,187.3381,185.8228,187.3345,188.8868,167.2160,166.4788,163.4226,166.4775,169.4761,176.7439,175.6489,169.8694,175.6715,181.3860,200.8422,199.1198,189.5423,199.0629,208.7360,202.9710,200.9565,186.4361,200.7676,215.4616,205.0278,202.6367,184.3417,202.2942,220.8269,207.2646,204.7736,182.2584,204.3511,226.9813,195.3717,192.9774,171.9815,192.5704,213.4620,193.0357,190.6222,169.0718,190.1727,211.4602,175.7211,175.2036,147.5438,169.2874,206.0882,180.5578,182.3119,146.5190,172.1296,220.8140,179.0134,182.6260,138.2895,167.3741,228.1894,170.4173,175.8720,124.5720,154.7694,226.8004,170.8000,176.0286,123.3906,154.0743,230.4522,168.0346,172.9126,119.5301,148.9735,231.2609,165.0929,170.4572,114.1479,142.7030,235.9641,158.7087,164.8428,104.9613,132.5672,238.5338,11.00000000000,48,081
48,475,01384023,48475,Ward,Ward County,06,H1,G4020,,,,A,2164200161.00000000000,624207.00000000000,+31.5130687,-103.1051127,48475,632.2156,630.4311,625.3314,630.4192,635.6434,650.4337,647.5481,635.6505,647.5441,659.2200,820.5812,815.2342,788.3504,815.3697,841.9855,1122.8170,1113.0070,1059.4717,1112.7014,1166.8325,1250.0145,1236.9982,1147.5633,1235.8117,1326.5368,1395.7557,1379.3795,1254.7794,1377.0293,1503.2813,1400.0871,1382.5170,1229.8443,1379.4947,1533.1894,1568.9685,1548.3419,1378.4849,1544.7877,1714.1647,1746.6714,1723.5300,1527.3426,1719.1928,1913.2258,1803.1908,1797.6565,1513.6423,1736.8934,2114.7531,1775.2145,1790.8821,1437.7855,1690.3712,2170.7499,1830.5421,1865.9178,1411.3696,1709.5513,2333.2133,1869.3554,1927.7603,1364.0184,1695.9166,2487.7114,1895.6814,1952.3939,1367.2141,1708.3673,2557.6331,1925.5888,1980.2806,1367.6389,1705.6261,2650.0329,1919.3673,1980.6579,1325.1785,1657.7148,2743.2386,1900.4229,1973.0153,1255.3026,1586.3414,2856.2183,11.00000000000,48,475
48,449,01384010,48449,Titus,Titus County,06,H1,G4020,,34420,,A,1051675541.00000000000,50735856.00000000000,+33.2145990,-094.9667825,48449,1927.2579,1921.8385,1906.3031,1921.8012,1937.7102,2000.3951,1991.4966,1954.8935,1991.4859,2027.4103,1831.5439,1820.0894,1760.1774,1820.3363,1879.5881,1726.2283,1711.6778,1629.3483,1711.1718,1794.2377,1801.7812,1784.3053,1655.4134,1782.6439,1912.9286,1898.0599,1876.8104,1707.9284,1873.8084,2044.5787,1749.1699,1728.8184,1539.3305,1725.4050,1915.6426,1772.0264,1750.6490,1560.5183,1747.0274,1936.1258,2005.1330,1980.9884,1757.9810,1976.5099,2196.6272,1573.9381,1570.9868,1324.5849,1518.3929,1846.3452,1377.0687,1391.1073,1118.6205,1313.6165,1684.1998,1383.4854,1412.0949,1069.9633,1294.4011,1763.6204,1332.7620,1376.1776,975.5205,1211.3354,1773.7775,1302.8498,1343.5051,942.5467,1176.2490,1757.9411,1257.1186,1294.3806,895.5866,1115.4911,1730.1960,1187.5148,1226.8280,822.3542,1027.3760,1697.3426,1106.9297,1150.4075,733.3011,925.4556,1663.7210,11.00000000000,48,449
48,281,01383927,48281,Lampasas,Lampasas County,06,H1,G4020,,28660,,A,1846247052.00000000000,2833441.00000000000,+31.1967308,-098.2408885,48281,1316.6838,1313.0671,1302.4975,1313.0377,1323.8369,1284.0600,1278.4726,1255.0410,1278.4571,1301.4367,1239.5584,1231.8740,1191.3396,1232.0332,1272.1120,1458.7916,1446.6701,1377.0877,1446.2306,1516.3762,1536.3905,1521.2474,1411.3367,1519.8215,1631.0075,1657.7162,1639.1956,1491.7193,1636.5810,1785.6930,1538.2249,1520.1663,1353.4038,1517.1279,1684.6028,1459.2064,1441.4538,1284.7546,1438.4411,1594.3282,1565.6334,1546.7398,1372.5751,1543.2343,1715.1496,1440.1452,1437.4944,1212.0776,1389.3829,1689.4083,1432.2520,1446.8631,1163.4645,1366.2696,1751.6923,1429.3719,1458.9379,1105.4643,1337.3425,1822.1159,1406.7125,1452.5246,1029.6276,1278.5328,1872.1975,1385.6397,1428.8555,1002.4014,1250.9649,1869.6479,1364.0794,1404.4720,971.7170,1210.3511,1877.4050,1314.1992,1357.6543,909.9911,1136.9115,1878.4118,1256.4289,1305.7156,832.2265,1050.3678,1888.4151,11.00000000000,48,281
48,207,01383889,48207,Haskell,Haskell County,06,H1,G4020,,,,A,2339099141.00000000000,18471286.00000000000,+33.1759649,-099.7307727,48207,250.2257,249.5359,247.5259,249.5304,251.5847,238.9767,237.9551,233.6036,237.9509,242.2159,224.7883,223.4214,216.0758,223.4472,230.7068,251.2535,249.2226,237.2355,249.1430,261.2078,291.0927,288.2006,267.3759,287.9295,309.0042,432.1943,427.2851,388.7915,426.5881,465.5365,476.2349,470.0916,418.0300,469.0257,521.4900,488.8553,482.3869,429.4262,481.2710,534.0927,475.2421,469.0027,415.6753,467.8345,520.5659,371.1560,370.0070,311.5396,357.4976,435.2834,429.0976,432.9217,347.6005,408.6360,524.7108,429.4618,437.7864,331.1642,401.1079,547.3960,415.2079,428.1827,302.9701,376.6878,552.5529,412.1717,424.4938,297.2537,371.4335,556.0969,409.6659,421.2825,290.9297,362.8451,563.7887,386.6844,398.9943,266.9092,333.9231,552.6625,370.3328,384.4326,244.5367,309.0714,556.5844,11.00000000000,48,207
48,317,01383941,48317,Martin,Martin County,06,H1,G4020,,,,A,2369694111.00000000000,1931847.00000000000,+32.3098298,-101.9618363,48317,361.5566,360.5502,357.6410,360.5427,363.5189,402.4638,400.6818,393.3217,400.6790,407.9014,428.6893,425.9328,411.8952,425.9993,439.8921,611.4403,606.1371,576.9823,605.9681,635.4343,762.6156,754.8998,700.3405,754.1846,809.4492,872.6844,862.6446,784.8487,861.2131,939.9719,858.0014,847.6358,754.3891,845.8748,939.6154,882.4263,871.4539,776.4821,869.5835,964.1248,1067.8433,1054.5890,935.4638,1052.1221,1169.7764,1149.2226,1146.5795,966.2768,1108.0624,1348.0043,1077.6376,1088.3445,874.8977,1027.6328,1317.9404,1138.6532,1161.8926,880.0767,1064.9474,1451.4795,1196.5285,1235.1583,875.2084,1087.0777,1592.4331,1247.5745,1286.1306,901.9114,1125.8687,1683.3244,1282.5576,1320.1758,913.0132,1137.5594,1765.1763,1299.1464,1341.7456,898.9342,1123.4404,1856.8715,1304.4188,1355.2459,863.4036,1090.0671,1960.5229,11.00000000000,48,317
05,083,00082850,05083,Logan,Logan County,06,H1,G4020,,,,A,1834034439.00000000000,60696140.00000000000,+35.2185495,-093.7205628,05083,1420.3015,1416.2885,1404.8298,1416.2619,1428.0016,1418.3023,1412.0228,1386.0861,1412.0132,1437.4648,1259.0999,1251.1660,1209.9679,1251.3427,1292.0946,1307.8976,1296.8594,1234.4821,1296.4770,1359.4169,1366.0517,1352.5407,1254.8150,1351.2712,1450.1478,1559.1519,1541.7695,1403.0823,1539.3175,1679.5302,1248.9078,1234.6168,1099.5100,1232.2340,1367.7969,1229.0723,1214.0750,1082.0496,1211.5284,1342.8813,1116.1167,1102.6291,978.4527,1100.1263,1222.7023,998.2713,996.4964,840.2934,963.1615,1171.0692,980.4610,990.5297,796.5768,935.3757,1199.1476,952.0704,971.8277,736.4357,890.8525,1213.6754,918.0347,947.9858,672.0372,834.4507,1221.8196,907.2791,935.6191,656.4202,819.1530,1224.1983,891.3646,917.7904,635.0278,790.9495,1226.8023,836.8442,864.5384,579.4972,723.9817,1196.1203,789.4306,820.4134,522.9261,659.9786,1186.5167,11.00000000000,05,083
34,001,00882270,34001,Atlantic,Atlantic County,06,H1,G4020,,12100,,A,1439267859.00000000000,300755451.00000000000,+39.4693540,-074.6337584,34001,17691.2525,17642.4238,17500.2883,17642.0402,17787.3305,16010.1145,15940.3372,15648.1251,15940.1511,16226.7413,14412.5232,14323.4582,13852.2144,14325.2776,14791.1877,15898.8233,15766.6143,15008.2656,15761.8309,16526.3516,16406.5380,16246.1959,15072.5215,16231.0212,17417.8184,16303.2759,16122.7810,14673.2894,16097.3809,17562.3799,14676.9478,14504.6255,12913.4516,14475.6315,16073.6088,14457.0374,14280.9460,12728.2686,14251.0551,15795.7408,14528.5367,14352.0347,12734.7731,14319.2623,15915.8519,13542.5004,13516.1796,11395.3427,13063.4308,15886.1245,12567.7640,12695.0631,10207.6050,11987.6388,15370.6498,12051.4136,12299.8705,9319.0245,11274.4548,15362.6426,11525.6668,11900.2673,8434.7939,10474.5021,15339.4738,11043.3580,11387.0920,7987.8102,9969.1403,14900.7742,10545.4796,10857.1205,7511.0901,9356.2346,14513.8674,9944.9499,10273.2087,6885.1573,8602.6334,14214.4801,9332.1863,9697.7536,6180.4896,7801.0295,14026.2626,11.00000000000,34,001
10,001,00217271,10001,Kent,Kent County,06,H1,G4020,,20100,,A,1518196116.00000000000,549470508.00000000000,+39.0970884,-075.5029819,10001,10679.6304,10650.0393,10564.1776,10649.8124,10737.6132,10329.3564,10284.3668,10095.8537,10284.2449,10469.1276,10609.8952,10544.4787,10197.5974,10545.8005,10888.7360,12783.0907,12676.7400,12067.0092,12672.8977,13287.6081,14659.4138,14515.6543,13466.9564,14502.0769,15562.6783,13815.6158,13661.3612,12432.3293,13639.5892,14882.2193,13126.8826,12971.5186,11547.4211,12945.3051,14375.8960,14731.2008,14551.1251,12968.4282,14520.5353,16095.2535,15260.5730,15073.6416,13373.4902,15038.9008,16717.6028,14446.9567,14416.8940,12152.8270,13933.4393,16946.6216,13979.6994,14119.8880,11351.9120,13332.6295,17097.2484,14155.1157,14445.3839,10943.0293,13240.5677,18044.1663,14013.5674,14467.4278,10252.7661,12733.4936,18650.4717,13941.5416,14373.8576,10081.2970,12583.3401,18811.1409,13736.9823,14141.3479,9781.4751,12185.8038,18906.2418,13505.4398,13949.6696,9347.4337,11680.6014,19303.4384,13184.8258,13699.8452,8729.3878,11019.7556,19816.6837,11.00000000000,10,001
34,041,00882237,34041,Warren,Warren County,06,H1,G4020,,10900,,A,924412063.00000000000,15383769.00000000000,+40.8535238,-075.0095421,34041,8123.9669,8101.3588,8035.9933,8101.1908,8168.0601,6774.7442,6744.8011,6620.9369,6744.7515,6866.2915,5738.4916,5702.2697,5514.4924,5703.0820,5888.8340,6363.3190,6309.2964,6005.8261,6307.4576,6613.7727,6935.3673,6865.6326,6369.4665,6859.1440,7361.5667,7439.1000,7354.0299,6691.1483,7341.9245,8012.8337,6994.2919,6909.7412,6149.5678,6895.3734,7659.5901,6696.2401,6612.8054,5891.9651,6598.5773,7316.1943,6196.8227,6119.3878,5427.6163,6104.9648,6788.2896,5224.8363,5212.6782,4392.8350,5037.5300,6128.5446,5453.8338,5506.8233,4425.6868,5199.2629,6669.7916,5270.5959,5377.0652,4071.7693,4928.0402,6718.4722,5045.6195,5207.5190,3688.9418,4582.8268,6715.0145,4941.2926,5093.1023,3570.6638,4458.1052,6667.0953,4806.3617,4946.5364,3420.1019,4261.9699,6614.9023,4583.8655,4733.4939,3170.5712,3963.0611,6551.6770,4330.0991,4498.2702,2865.1367,3617.8671,6508.0428,11.00000000000,34,041
05,063,00069163,05063,Independence,Independence County,06,H1,G4020,,12900,,A,1978628920.00000000000,19593957.00000000000,+35.7374992,-091.5599423,05063,2251.2636,2245.0341,2226.9388,2244.9860,2263.4876,2454.9428,2444.1503,2399.2957,2444.1283,2488.1331,2271.3060,2257.1974,2182.9189,2257.4926,2330.9399,2551.9238,2530.6248,2408.9056,2529.8624,2652.5986,2466.8536,2443.0274,2266.5605,2440.7563,2619.0939,2228.9549,2204.8856,2007.0466,2201.5283,2401.2742,2205.8894,2181.0483,1942.7283,2176.9304,2415.9240,2473.8559,2444.5791,2179.6506,2439.6393,2702.9816,2597.1164,2566.3772,2278.0176,2560.6868,2845.2110,2360.4116,2356.6462,1987.6496,2277.9280,2769.0966,2282.3246,2306.2051,1855.0524,2177.9290,2791.4568,2246.9610,2294.1091,1738.9553,2103.1358,2864.4324,2187.0722,2258.9866,1601.9819,1988.6495,2910.8411,2138.2323,2205.5871,1547.9945,1931.2589,2885.1829,2083.7979,2146.1996,1485.6369,1849.8437,2868.0214,2019.9892,2087.4802,1399.9375,1748.3649,2887.2608,1926.0818,2002.2667,1276.9098,1610.9667,2894.9434,11.00000000000,05,063
34,033,00882233,34033,Salem,Salem County,06,H1,G4020,428,37980,48864,A,859613601.00000000000,104713321.00000000000,+39.5738282,-075.3573559,34033,4025.9572,4014.7594,3982.3697,4014.6759,4047.8091,3718.2896,3701.8783,3633.9077,3701.8495,3768.5416,3318.7156,3297.9062,3189.3367,3298.3599,3405.7403,3596.3968,3566.0849,3394.5608,3565.0305,3738.0879,3437.6410,3403.5597,3157.6338,3400.3620,3649.2136,3652.8637,3611.9982,3286.9969,3606.2265,3934.8514,3121.6573,3084.1882,2745.1202,3077.8360,3418.6206,2866.0405,2830.2100,2521.5783,2824.0958,3131.3785,2927.8723,2891.3446,2564.5504,2884.5422,3207.3355,2571.2571,2565.8129,2162.7811,2479.7459,3016.1227,2300.7035,2323.3504,1867.4926,2193.6801,2813.7039,2178.1131,2222.3652,1683.1319,2036.8677,2776.4894,2059.5702,2125.8747,1506.1628,1870.9374,2741.0195,1942.8715,2002.7381,1404.2572,1753.1109,2621.4572,1839.0483,1892.8202,1308.8667,1630.9228,2531.0576,1703.7541,1759.4638,1178.6221,1473.1296,2435.1668,1587.1804,1648.8855,1050.3159,1326.1914,2385.5009,11.00000000000,34,033
05,147,00069907,05147,Woodruff,Woodruff County,06,H1,G4020,,,,A,1519780744.00000000000,18707994.00000000000,+35.1890710,-091.2444178,05147,341.0605,340.1095,337.3644,340.1026,342.9113,340.1036,338.5827,332.3554,338.5814,344.6944,288.6426,286.8323,277.3895,286.8719,296.2113,272.8369,270.5903,257.5754,270.5067,283.6200,249.6912,247.1729,229.3095,246.9390,265.0304,272.0427,269.0179,244.8240,268.5916,293.0488,230.9791,228.3214,203.3226,227.8774,252.9654,197.9898,195.5815,174.3205,195.1729,216.3236,193.0739,190.7473,169.2724,190.3157,211.5126,170.7255,170.4141,143.6937,164.7113,200.2757,159.8164,161.4360,129.8052,152.4403,195.4591,152.7350,155.8839,118.1059,142.8882,194.7003,145.2227,149.9421,106.2769,131.9774,193.2763,139.6054,143.9494,100.9761,126.0239,188.3691,138.6093,142.7025,98.7202,122.9741,190.7693,132.4812,136.8504,91.7138,114.5950,189.3573,126.5442,131.4969,83.7995,105.7764,190.1955,11.00000000000,05,147
42,065,01213674,42065,Jefferson,Jefferson County,06,H1,G4020,,,,A,1689783371.00000000000,11322601.00000000000,+41.1302871,-078.9990439,42065,2669.0303,2661.5450,2640.0405,2661.4925,2683.5084,2448.8700,2437.9606,2393.1432,2437.9486,2481.9372,2233.9899,2219.8935,2146.7928,2220.2091,2292.5208,2534.1914,2512.5172,2391.6675,2511.7959,2633.8325,2558.0651,2532.3600,2349.3525,2529.9673,2715.2767,2613.6121,2583.8915,2351.0904,2579.6704,2815.2333,2147.2321,2121.1955,1887.7616,2116.7666,2351.4680,2165.7958,2138.4020,1904.8936,2133.7167,2366.2867,2162.5278,2135.1620,1893.4387,2130.0579,2368.8926,2043.2772,2038.4476,1717.7716,1969.9347,2396.6723,1560.4191,1575.3733,1265.8893,1487.3234,1908.2882,1472.3227,1501.8457,1137.0515,1376.3555,1876.7556,1390.4663,1434.8598,1016.2136,1262.6513,1850.4967,1280.5279,1319.6478,924.9494,1155.0290,1727.7470,1175.8084,1209.8859,836.3045,1042.3588,1618.2251,1055.7482,1090.0124,729.8902,912.5174,1508.9575,961.9332,999.1049,636.1568,803.4803,1445.7527,11.00000000000,42,065
05,003,00063756,05003,Ashley,Ashley County,06,H1,G4020,,,,A,2396641905.00000000000,39310651.00000000000,+33.1908354,-091.7722672,05003,1263.7405,1260.2349,1250.0726,1260.2082,1270.6011,1258.9309,1253.4746,1230.5127,1253.4579,1275.9738,1069.5740,1063.0481,1028.0926,1063.1734,1097.7223,984.6637,976.5379,929.5681,976.2373,1023.5682,987.0870,977.5833,906.9724,976.6758,1048.0243,989.8553,979.0960,891.1992,977.5917,1066.3600,819.1513,809.6551,720.9434,808.0645,897.1158,726.2451,717.6074,639.7946,716.1485,793.5066,760.5283,751.4937,667.0216,749.8205,833.1752,659.0999,657.9335,554.8063,635.9258,773.1896,600.7450,607.0699,488.3485,573.3154,734.7632,538.6659,549.9997,416.9354,504.2255,686.6966,477.6717,493.4092,349.9367,434.3735,635.7505,442.3771,456.3387,320.3093,399.5904,596.9154,403.6772,415.7847,287.8335,358.3791,555.5999,357.7104,369.6712,247.9245,309.6211,511.2920,318.8799,331.4916,211.4012,266.7081,479.2835,11.00000000000,05,003
10,005,00217269,10005,Sussex,Sussex County,06,H1,G4020,,42580,,A,2424432871.00000000000,674204700.00000000000,+38.6775108,-075.3354950,10005,13401.3651,13364.3391,13256.6498,13364.0497,13474.1400,13199.2219,13141.4758,12900.4553,13141.3378,13377.7529,13120.0289,13038.7715,12609.7539,13040.4490,13464.6350,15398.2345,15270.7336,14536.2380,15266.0633,16006.3529,15757.9684,15606.8755,14479.6440,15592.4111,16731.1901,16524.2484,16344.3232,14876.8381,16319.1521,17801.2957,15511.2371,15331.3069,13651.3952,15301.1608,16987.5405,16384.5170,16186.0255,14427.2972,16152.3701,17901.7653,17978.4081,17760.2683,15759.2295,17719.7710,19695.1810,17041.4843,17009.4184,14341.4660,16439.9427,19990.8875,16165.3200,16329.8685,13130.9764,15420.1470,19770.6707,16283.4102,16619.8027,12592.7131,15234.4775,20757.4996,16176.8683,16703.2231,11839.6673,14702.2363,21529.7954,15989.7717,16487.9854,11566.5119,14435.0614,21575.0045,15742.1284,16207.8141,11213.2674,13967.4423,21666.1140,15291.2572,15796.3995,10587.2845,13227.8446,21856.0743,14783.9191,15363.3750,9791.6318,12358.6858,22220.2300,11.00000000000,10,005
05,097,00069168,05097,Montgomery,Montgomery County,06,H1,G4020,,,,A,2019879948.00000000000,52859758.00000000000,+34.5456518,-093.6641468,05097,568.7532,567.1700,562.5936,567.1583,571.8401,498.3643,496.1855,487.0860,496.1802,505.1056,429.2023,426.5355,412.4992,426.5914,440.4707,426.7507,423.1956,402.8406,423.0676,443.5905,386.7332,383.0013,355.3364,382.6455,410.6024,396.3602,391.9149,356.6439,391.2865,426.9545,362.9817,358.6227,319.1947,357.8836,397.5119,290.9689,287.3940,256.1167,286.7861,317.9105,297.6236,293.9562,260.7787,293.2742,326.0371,234.8774,234.3833,197.5700,226.5221,275.5155,217.6105,219.7897,176.7007,207.5344,266.1383,197.4736,201.5325,152.6793,184.7269,251.7297,177.3663,183.1273,129.7952,161.1855,236.0559,164.1991,169.3119,118.7708,148.2295,221.5536,150.5680,155.0251,107.2563,133.5975,207.2291,135.8182,140.3129,94.0513,117.5009,194.1280,121.5426,126.3184,80.5209,101.6187,182.6792,11.00000000000,05,097
10,003,00217270,10003,New Castle,New Castle County,06,H1,G4020,428,37980,48864,A,1104074798.00000000000,175385759.00000000000,+39.5759152,-075.6441324,10003,37144.5779,37041.8555,36743.3235,37041.0583,37346.2753,34992.2185,34837.8157,34198.1748,34837.5403,35465.1438,34909.1519,34691.5441,33549.7623,34696.1685,35825.2758,40172.2960,39835.9058,37919.8558,39823.9785,41756.4109,46667.1465,46208.1836,42869.7104,46164.9102,49541.7566,41524.1482,41060.1536,37365.9795,40994.6465,44729.8188,36505.6550,36071.9160,32110.2162,35998.6387,39978.9502,40101.3984,39607.4639,35295.7104,39523.4290,43814.4172,41645.8931,41131.9028,36488.6914,41036.2983,45621.6392,39575.4417,39489.4705,33284.4775,38164.2593,46422.0510,40851.5242,41254.7930,33161.3997,38952.6445,49960.5972,40507.7385,41332.0945,31304.6604,37882.6350,51636.2854,39432.9878,40704.0076,28839.9619,35823.3125,52480.3027,38954.6687,40156.7053,28158.3760,35152.1335,52560.4980,37957.6521,39069.3152,27017.9756,33664.2834,52240.7554,36937.1587,38146.8850,25555.8130,31939.6912,52794.2231,35980.6267,37381.3906,23813.6228,30066.5127,54078.2915,11.00000000000,10,003
05,133,00069182,05133,Sevier,Sevier County,06,H1,G4020,,,,A,1463670417.00000000000,41830997.00000000000,+33.9946083,-094.2432898,05133,1049.4784,1046.4955,1038.0194,1046.4766,1055.1656,1160.8273,1155.7254,1134.5165,1155.7149,1176.5219,1074.4930,1067.7569,1032.6058,1067.9036,1102.6695,1084.0493,1074.8944,1023.1933,1074.5778,1126.7472,1000.1504,990.2096,918.6593,989.2783,1061.6890,1123.3475,1110.9837,1011.1490,1109.2474,1210.1251,1022.5444,1010.4996,899.6119,1008.4708,1119.8453,995.5653,983.1590,875.9864,981.0433,1087.7371,1090.7450,1077.5688,956.2195,1075.1238,1194.9082,868.2061,866.5176,730.5504,837.4917,1018.4550,834.9728,843.1755,677.7229,796.1113,1021.1486,811.0420,827.5169,626.7260,758.4444,1033.8529,754.3110,778.6058,551.6461,685.2386,1003.8906,723.1429,745.4557,522.7212,652.5519,975.7174,705.7335,726.4156,502.3592,625.9253,971.2954,641.7421,662.7859,444.0503,554.9495,917.2427,584.8903,607.6940,387.1665,488.7931,879.0826,11.00000000000,05,133
05,141,00069904,05141,Van Buren,Van Buren County,06,H1,G4020,,,,A,1834082139.00000000000,41805938.00000000000,+35.5829588,-092.5159772,05141,954.1685,951.4901,943.8010,951.4714,959.3440,999.9373,995.4989,977.2071,995.4929,1013.4441,862.6565,857.3038,829.0934,857.4152,885.3091,930.5340,922.8843,878.4953,922.5983,967.3187,859.0847,850.7560,789.3007,849.9639,912.0820,825.5539,816.3823,742.9666,815.0901,889.3023,719.4153,711.0862,633.1840,709.6916,787.8885,710.9508,702.4160,626.1715,700.9716,776.7913,651.6105,643.7051,571.1802,642.2375,713.8334,633.4831,632.0561,532.6923,610.8315,743.0643,529.0492,534.3212,429.5447,504.5197,647.0246,486.1814,496.1186,375.7999,454.7287,619.7535,442.0912,456.3788,323.3956,401.6700,588.3706,395.7261,407.9670,286.1020,357.1355,533.9453,358.3368,368.8540,255.1012,317.8343,493.1773,319.5908,330.0743,221.1456,276.3721,456.7917,281.9687,292.9564,186.6383,235.6344,423.7949,11.00000000000,05,141
05,059,00066859,05059,Hot Spring,Hot Spring County,06,H1,G4020,,,,A,1593367055.00000000000,18052939.00000000000,+34.3151767,-092.9441474,05059,2131.5534,2125.4739,2108.2477,2125.4365,2143.1016,2357.1472,2346.4480,2303.2074,2346.4502,2388.9192,2371.7021,2356.3272,2278.6412,2356.7098,2433.6111,2499.4900,2477.6925,2358.5164,2477.0096,2597.4983,2607.3166,2580.7103,2394.1730,2578.2561,2767.2873,2794.5570,2761.9763,2512.6179,2757.3103,3009.9033,2420.3110,2390.3742,2126.7923,2385.2485,2650.4534,2424.9412,2393.0000,2130.4204,2387.4943,2649.3476,2485.4348,2451.9898,2172.3531,2445.7116,2722.3717,2109.1147,2102.0296,1769.3409,2030.8132,2473.3873,2144.2779,2162.5733,1735.5956,2041.0071,2621.9421,2025.8114,2064.1476,1560.5010,1890.8905,2582.0057,1874.0031,1931.5670,1365.7214,1698.8961,2493.8093,1761.9840,1813.6275,1268.9418,1586.5204,2377.1543,1633.5915,1678.8604,1158.2720,1445.5510,2248.0899,1477.2774,1523.3324,1017.9692,1274.4893,2111.3072,1330.7266,1380.4968,877.1044,1109.4960,1999.9344,11.00000000000,05,059
40,051,01101813,40051,Grady,Grady County,06,H1,G4020,416,36420,,A,2850273013.00000000000,11403865.00000000000,+35.0210581,-097.8868902,40051,3467.5999,3457.8511,3429.9001,3457.7838,3486.4064,3709.1942,3692.7148,3624.8548,3692.6935,3759.2924,3958.8783,3933.8648,3804.3160,3934.4281,4062.5829,4557.5826,4518.9863,4301.6284,4517.6627,4737.0257,4456.1137,4412.0916,4093.3071,4407.9521,4730.4722,4547.1701,4495.3810,4090.3082,4488.0216,4897.9277,4632.4178,4576.1762,4072.5130,4566.6052,5073.0265,4825.6638,4764.8000,4244.6682,4754.3958,5272.3926,5256.1554,5190.2783,4603.3369,5178.0040,5757.8147,4752.1803,4740.8089,3994.8808,4581.4311,5574.0601,4965.4155,5013.3096,4028.7312,4733.2040,6072.4210,5016.5429,5117.5002,3874.8367,4690.0206,6394.5827,4929.5367,5087.3141,3603.3915,4476.8930,6560.4891,4921.2269,5072.0034,3555.4443,4439.4713,6639.9840,4925.6040,5068.8228,3504.1932,4367.1561,6778.9785,4886.7159,5045.7938,3379.2752,4224.3489,6984.5077,4789.4618,4975.0538,3168.3387,4001.1566,7198.4291,11.00000000000,40,051
30,069,01719590,30069,Petroleum,Petroleum County,06,H1,G4020,,,,A,4286096708.00000000000,49036246.00000000000,+47.1419168,-108.2265753,30069,32.3752,32.2852,32.0248,32.2845,32.5509,25.1873,25.0705,24.6072,25.0707,25.5261,43.8664,43.6135,42.1827,43.6169,45.0291,28.5094,28.2702,26.9104,28.2617,29.6333,40.0402,39.6299,36.7653,39.5922,42.4958,70.0452,69.3423,63.1546,69.2470,75.4759,75.2658,74.4877,66.4104,74.3629,82.4402,39.7897,39.3077,35.0366,39.2259,43.4743,46.7734,46.2078,41.0036,46.1029,51.2401,47.7520,47.7437,40.3331,46.1673,56.0363,51.0405,51.6410,41.6015,48.7891,62.4373,61.1693,62.5401,47.4926,57.3638,77.9894,54.0442,55.8967,39.7154,49.2357,71.9357,62.6498,64.7142,45.5129,56.7012,84.5435,78.0245,80.4770,55.8304,69.4116,107.3978,69.0188,71.4213,48.0036,59.8588,98.6584,56.1690,58.4612,37.3634,47.0661,84.4276,11.00000000000,30,069
40,011,01101793,40011,Blaine,Blaine County,06,H1,G4020,,,,A,2404607766.00000000000,26851771.00000000000,+35.8777820,-098.4289343,40011,488.1501,486.7727,482.8354,486.7635,490.7969,473.8515,471.8163,463.1832,471.8087,480.2716,434.9064,432.1930,417.9679,432.2509,446.3183,473.8939,470.0684,447.4592,469.9179,492.6721,451.4716,447.1722,414.8771,446.7589,479.3742,744.6839,735.9045,669.4029,734.6426,802.0403,1090.6167,1075.8146,956.0158,1073.2075,1194.1702,1102.8539,1087.3024,966.9694,1084.5888,1204.8534,1228.8495,1211.4171,1072.3405,1208.1277,1345.8870,1153.2206,1148.3466,965.6393,1109.1708,1352.1548,1031.0894,1038.6890,832.4735,979.9297,1260.5824,1028.8566,1047.1912,790.5497,958.9046,1311.1958,1014.4239,1044.5565,737.5249,918.3473,1349.8428,994.4469,1022.6354,714.5234,894.1975,1341.5575,986.9333,1013.4292,698.2755,872.2461,1358.1136,955.9464,985.0067,657.4150,823.7921,1366.1752,919.3078,953.0775,604.8380,765.7220,1381.5797,11.00000000000,40,011
30,073,01719587,30073,Pondera,Pondera County,06,H1,G4020,,,,A,4203194623.00000000000,43967890.00000000000,+48.2303122,-112.2199279,30073,322.4766,321.5733,318.9757,321.5669,324.2260,299.1415,297.7906,292.3065,297.7904,303.1756,305.1711,303.2195,293.2287,303.2657,313.1520,377.8762,374.6574,356.6367,374.5489,392.7421,387.4441,383.5372,355.8187,383.1743,411.2463,427.4459,422.5584,384.4700,421.8630,460.4125,408.1066,403.1197,358.7228,402.2692,446.9196,367.5397,362.8875,323.2577,362.0917,401.5632,389.7857,384.8090,341.1992,383.8799,426.9766,361.6736,360.7818,303.9905,348.6459,424.2179,339.6851,342.8459,275.4037,323.6545,415.3968,344.6912,351.5142,266.0441,322.1122,439.3638,341.5042,352.3250,249.4451,310.0090,454.4823,330.3651,340.3868,238.5066,297.8973,445.7374,322.3650,331.6470,229.1785,285.7006,443.6551,306.8347,316.7424,212.0403,265.1437,438.5485,290.1909,301.3668,191.8450,242.3432,436.1446,11.00000000000,30,073
40,121,01101848,40121,Pittsburg,Pittsburg County,06,H1,G4020,,32540,,A,3381130261.00000000000,187421760.00000000000,+34.9255401,-095.7481302,40121,2433.4575,2426.5935,2406.9668,2426.5475,2446.6520,2303.1887,2293.0051,2250.8933,2292.9884,2334.3107,2269.1732,2255.0787,2180.8701,2255.3735,2328.7516,2524.4396,2503.6157,2383.1963,2502.8447,2624.1871,2441.5009,2417.8035,2243.1485,2415.5515,2592.0999,2651.4025,2622.1128,2386.4172,2617.9942,2856.1894,2541.8571,2511.4496,2235.4382,2506.3005,2783.6758,2533.9397,2502.4718,2229.7904,2497.1092,2768.5442,2781.7181,2747.3452,2437.1663,2740.9508,3047.2712,2524.3507,2518.5059,2122.4267,2433.8910,2960.9795,2324.2628,2346.9832,1886.3384,2215.9449,2842.4905,2336.8937,2384.2197,1805.5630,2185.1604,2978.8722,2271.9593,2344.9544,1661.2314,2063.6899,3023.6687,2205.8034,2273.6250,1594.0439,1990.1754,2976.2101,2164.9074,2228.0632,1540.5316,1919.7218,2979.5216,2078.2745,2146.0990,1437.4749,1796.7891,2970.4576,1987.4469,2064.6015,1314.9929,1660.5027,2987.0866,11.00000000000,40,121
40,153,01101864,40153,Woodward,Woodward County,06,H1,G4020,,49260,,A,3217798327.00000000000,9693408.00000000000,+36.4256189,-099.2736609,40153,1179.8176,1176.4915,1166.9768,1176.4691,1186.2150,1339.1221,1333.0983,1308.5608,1333.0957,1357.1877,1517.2099,1507.6414,1457.9962,1507.8552,1556.9639,1814.7195,1799.3436,1712.7973,1798.8171,1886.1645,1829.2633,1811.0577,1680.1925,1809.3534,1941.8007,2162.1024,2137.1110,1944.3047,2133.5420,2328.7750,2304.4731,2276.1505,2025.3255,2271.3112,2523.6216,2466.2387,2434.5428,2168.1945,2429.1048,2694.5128,2813.2763,2776.9644,2461.8525,2770.1773,3081.6541,2841.1474,2833.4879,2386.8373,2737.9989,3332.3092,2715.8431,2741.0466,2201.7838,2587.5911,3321.1605,2821.2944,2877.0858,2177.4733,2636.4167,3596.1820,2867.3610,2958.1809,2094.3487,2602.8748,3815.9522,2920.7984,3009.3683,2108.6082,2633.7043,3940.8162,2991.8782,3077.9998,2126.9684,2651.5637,4117.5730,3016.5935,3113.9890,2084.6200,2606.7030,4311.5141,3001.3723,3116.9607,1984.2015,2506.4938,4510.9357,11.00000000000,40,153
40,147,01101861,40147,Washington,Washington County,06,H1,G4020,538,12780,,A,1076020808.00000000000,22829387.00000000000,+36.7043803,-095.9061545,40147,2911.8355,2903.7730,2880.3654,2903.7110,2927.6455,3094.8923,3081.2554,3024.6925,3081.2299,3136.7257,3107.6528,3088.2826,2986.6401,3088.6941,3189.2079,4049.2979,4014.9723,3821.8567,4013.7987,4208.7070,4192.0238,4150.0301,3850.1292,4146.1141,4449.7399,4377.6799,4327.8315,3937.8630,4320.7484,4715.3666,4058.4152,4009.5590,3568.6301,4001.2681,4444.4759,4258.1901,4204.9048,3746.3136,4195.8104,4652.4104,4598.4202,4540.0014,4025.7905,4529.1006,5037.2083,4403.6864,4393.5300,3702.6082,4245.9299,5165.3873,4370.1755,4412.4015,3545.9065,4165.8928,5344.4884,4400.0927,4488.7151,3398.8080,4113.7842,5608.8029,4379.8487,4520.1128,3201.7180,3977.7796,5828.9426,4358.2629,4491.8667,3148.8492,3931.7138,5880.4096,4351.5927,4478.1921,3095.9517,3858.3140,5988.9877,4285.3545,4424.9170,2963.5277,3704.5749,6124.9952,4200.2050,4363.0178,2778.6292,3508.9535,6312.7957,11.00000000000,40,147
40,073,01101824,40073,Kingfisher,Kingfisher County,06,H1,G4020,,,,A,2326225317.00000000000,20349179.00000000000,+35.9494308,-097.9345680,40073,874.6523,872.1962,865.1475,872.1792,879.3964,917.3876,913.3253,896.5486,913.3191,929.7822,901.3359,895.6983,866.2144,895.8199,924.9790,1028.5451,1019.9114,970.8551,1019.6075,1069.0904,973.9342,964.2551,894.5803,963.3482,1033.8604,1167.1404,1153.9467,1050.0295,1152.0766,1257.1997,1141.1383,1127.4771,1003.5570,1125.1632,1249.6990,1199.4418,1184.3692,1055.1373,1181.7946,1310.4816,1446.4684,1428.3495,1266.8354,1424.9737,1584.5238,1352.1938,1348.9314,1136.6625,1303.5756,1586.0464,1272.6039,1284.7343,1032.2846,1212.9085,1556.2988,1310.7553,1336.9928,1012.1955,1225.2617,1670.8016,1320.5560,1362.6892,965.0716,1199.1318,1757.4543,1332.7155,1373.4203,962.6292,1202.0900,1798.1601,1368.9933,1408.6824,973.7311,1213.6340,1884.0999,1369.7198,1414.2020,947.0039,1183.9284,1957.7120,1356.1885,1408.6473,896.9829,1132.8564,2038.3082,11.00000000000,40,073
40,031,01101803,40031,Comanche,Comanche County,06,H1,G4020,,30020,,A,2769439538.00000000000,37339122.00000000000,+34.6626279,-098.4765971,40031,6140.9570,6123.7712,6074.3120,6123.6486,6174.2737,6078.5995,6051.6975,5940.5427,6051.6553,6160.7298,6179.8514,6140.9600,5938.7628,6141.8213,6341.8224,7280.0716,7219.4859,6872.2401,7217.2988,7567.3868,6501.5694,6438.7768,5973.6860,6432.7919,6902.8114,5341.6101,5283.1330,4808.5829,5274.9364,5754.3355,5585.0060,5518.9167,4913.0255,5507.7667,6116.4167,6854.0961,6767.6086,6028.8079,6752.8231,7488.6018,6970.7133,6881.7968,6101.9802,6865.1983,7635.8256,6426.9766,6410.1979,5400.2650,6194.3208,7538.1695,6453.0440,6513.7397,5233.0203,6149.3233,7891.4550,6398.7070,6525.9672,4939.7874,5980.3163,8156.2432,6208.1655,6405.4377,4535.5956,5636.3214,8262.0302,6031.2437,6214.7158,4355.1320,5439.1544,8137.5610,5942.5053,6114.1021,4225.5582,5267.2551,8178.4176,5914.8070,6106.3053,4088.3697,5111.7748,8453.8689,5809.4890,6033.7188,3841.5261,4852.2053,8731.4470,11.00000000000,40,031
40,033,01101804,40033,Cotton,Cotton County,06,H1,G4020,,,,A,1638566638.00000000000,24095479.00000000000,+34.2906760,-098.3734379,40033,414.1112,412.9508,409.6148,412.9426,416.3577,367.0194,365.3808,358.6620,365.3793,371.9743,326.2009,324.1040,313.4226,324.1545,334.7257,352.1556,349.1244,332.3318,349.0255,365.9896,350.4620,346.9081,321.8351,346.5791,371.9792,396.0311,391.4616,356.1499,390.8094,426.5628,347.9823,343.7225,305.8605,342.9956,381.0763,340.2294,336.0235,299.4279,335.3074,371.7306,365.2162,360.5876,319.7580,359.7241,400.0671,305.3703,304.6146,256.6621,294.3673,358.1774,321.2158,324.2611,260.5284,306.1275,392.8201,320.0781,326.4696,247.1445,299.1816,407.9972,319.3777,329.5559,233.3832,289.9963,425.0409,320.6059,330.3896,231.5612,289.1711,432.5752,323.4865,332.8583,230.0764,286.7675,445.2032,320.9515,331.3714,221.8956,277.4131,458.7291,318.5624,330.8843,210.6965,266.1022,478.7890,11.00000000000,40,033
40,039,01101807,40039,Custer,Custer County,06,H1,G4020,,48220,,A,2561024716.00000000000,34321703.00000000000,+35.6456012,-098.9973857,40039,1398.7258,1394.7843,1383.5051,1394.7576,1406.3105,1574.6851,1567.5110,1538.6105,1567.5143,1595.9027,1818.8305,1807.2239,1747.6831,1807.4959,1866.4112,2413.8890,2393.0534,2277.9491,2392.3792,2508.6784,2440.5604,2415.9705,2241.3685,2413.6852,2590.5072,2265.8483,2240.3073,2038.6056,2236.6905,2440.7075,2220.4948,2193.6960,1952.3960,2189.1445,2431.7137,3022.2273,2984.8485,2659.7577,2978.4838,3302.0486,3367.3534,3325.2451,2949.3090,3317.4014,3688.7528,3571.1403,3562.2090,3001.3548,3442.3498,4188.6680,3647.2085,3682.0166,2958.5429,3476.1790,4460.2685,3860.3212,3937.6666,2981.1572,3608.6248,4920.7064,3998.4291,4126.1043,2922.2559,3630.9051,5321.2954,4146.2893,4273.0578,2995.1161,3740.0574,5594.3727,4317.4926,4442.8025,3071.1703,3827.7020,5942.0326,4457.6105,4602.5355,3082.2130,3853.1753,6371.1809,4580.4885,4757.8479,3029.8578,3826.4130,6884.3397,11.00000000000,40,039
40,047,01101811,40047,Garfield,Garfield County,06,H1,G4020,,21420,,A,2741414396.00000000000,4140336.00000000000,+36.3782725,-097.7877291,40047,3318.6019,3309.3311,3282.6116,3309.2641,3336.6088,3411.5492,3396.2747,3333.7997,3396.2631,3457.5936,3812.6305,3788.3432,3663.5418,3788.9085,3912.3930,4936.0026,4893.6280,4658.2484,4892.2335,5129.9785,4960.3303,4910.2543,4555.3820,4905.6059,5265.0258,5134.6247,5075.9187,4618.3899,5067.5654,5530.6315,5169.7419,5106.7865,4544.5535,5096.0622,5661.4357,5599.5424,5528.6610,4924.8882,5516.5357,6117.8970,6528.1974,6445.2312,5715.1978,6429.7495,7151.1242,6545.2675,6528.2233,5499.7372,6308.3833,7676.9229,6067.5973,6124.7441,4920.5810,5782.1141,7420.1030,6361.6282,6488.3022,4911.4277,5945.8527,8108.9983,6545.3303,6753.5515,4782.3261,5942.7245,8710.7611,6658.3837,6861.2003,4808.4475,6005.0672,8983.7437,6829.0149,7026.4932,4856.4263,6053.3886,9398.5054,6931.3116,7155.9842,4791.4545,5990.6032,9906.7495,6957.8837,7226.6749,4601.3245,5811.6589,10457.4562,11.00000000000,40,047
40,077,01101826,40077,Latimer,Latimer County,06,H1,G4020,,,,A,1870178643.00000000000,18215375.00000000000,+34.8751365,-095.2722625,40077,558.0070,556.4459,551.9519,556.4347,561.0345,527.5294,525.2185,515.5841,525.2132,534.6638,488.8009,485.7417,469.7520,485.8078,501.6216,537.8502,533.2344,507.5863,533.0824,558.9877,487.7448,482.8944,448.0013,482.4401,517.7537,468.4819,463.3723,421.7626,462.6570,504.6852,400.5115,395.7175,352.2251,394.9055,438.6137,405.8295,400.8382,357.2095,399.9893,443.4060,395.4316,390.6228,346.6004,389.7298,433.1904,332.1526,331.5801,279.6214,320.4929,389.6517,288.9566,292.0172,234.9263,275.7860,353.4219,280.1951,286.1080,216.9056,262.3023,357.1976,261.9996,270.6529,191.9745,238.2777,348.7067,248.6690,256.5456,180.1015,224.6540,335.5406,237.1327,244.2740,169.1332,210.5600,326.3792,225.9911,233.5760,156.6817,195.6453,323.0216,215.7859,224.3516,143.1110,180.5197,324.3329,11.00000000000,40,077
40,149,01101862,40149,Washita,Washita County,06,H1,G4020,,,,A,2598189856.00000000000,14578978.00000000000,+35.2901769,-098.9919621,40149,620.9482,619.1806,614.1642,619.1695,624.3128,588.7042,586.0648,575.2821,586.0631,596.6487,670.2353,665.9663,644.0272,666.0656,687.7732,779.7222,773.0440,735.8612,772.8227,810.3738,782.4999,774.5870,718.6051,773.8532,830.5573,880.6704,870.5432,792.0378,869.0993,948.5750,852.2325,841.8951,749.2429,840.1365,933.2929,866.0945,854.7952,761.1090,852.8510,946.2501,855.1330,843.9723,748.0773,841.8838,936.6951,829.7776,827.2523,696.5741,799.2959,973.1550,778.4559,785.3459,630.5230,741.2755,951.9068,781.6993,796.8083,602.7037,730.0355,996.3561,763.5507,787.3926,557.1184,692.6909,1016.1212,747.5949,769.9484,539.1637,673.7089,1008.6460,737.0346,757.9616,523.4629,652.8335,1014.3208,706.7366,729.3040,487.9473,610.3918,1010.0969,671.1597,696.8082,443.3474,560.2517,1008.7122,11.00000000000,40,149
40,037,01101806,40037,Creek,Creek County,06,H1,G4020,538,46140,,A,2460853552.00000000000,50982330.00000000000,+35.9077324,-096.3797931,40037,4229.5845,4217.8307,4183.8082,4217.7425,4252.5433,4208.5699,4190.1064,4113.2308,4190.0662,4265.4799,4136.8251,4111.0516,3975.7501,4111.5981,4245.3958,4705.1207,4665.5997,4441.1907,4664.2110,4890.5801,4786.6473,4739.4360,4397.0069,4734.9924,5081.4068,5175.3508,5117.7154,4657.3997,5109.5879,5574.9454,4845.9810,4788.7678,4263.1524,4779.1231,5307.0890,4619.4777,4562.6071,4065.9399,4552.9324,5047.2003,4662.9459,4605.2639,4085.2588,4594.5320,5108.0804,4430.9878,4421.2600,3726.4483,4272.8612,5197.5303,4246.3004,4288.4134,3447.2947,4049.1668,5193.1722,4168.0239,4253.0479,3221.4322,3898.1700,5313.1145,4044.1184,4174.6733,2958.0800,3674.1766,5382.2263,3951.2044,4073.3312,2856.4784,3565.7687,5331.2732,3849.4676,3962.4082,2740.3755,3414.3123,5298.0018,3652.2637,3772.0726,2527.2449,3158.3684,5220.1883,3456.4478,3591.1897,2287.9538,2888.5329,5194.9954,11.00000000000,40,037
40,063,01101819,40063,Hughes,Hughes County,06,H1,G4020,,,,A,2084025091.00000000000,26505491.00000000000,+35.0529339,-096.2511829,40063,734.4728,732.3905,726.4613,732.3771,738.4537,761.5087,758.1197,744.1849,758.1158,771.7924,611.2538,607.4275,587.4320,607.5104,627.2860,688.9354,683.2747,650.4105,683.0628,716.1714,631.2991,625.2387,580.0792,624.6589,670.2837,792.6118,784.0441,713.6882,782.8486,853.8857,874.4929,863.9950,769.0083,862.2152,957.6832,883.7785,872.4720,777.0720,870.5339,965.5837,873.6556,862.4083,764.5778,860.3066,957.0032,813.0592,811.1146,683.4931,783.8466,953.6764,799.3898,806.9877,648.3943,761.8646,977.5900,796.2105,812.1281,614.8167,744.2524,1014.9160,805.0478,830.7206,588.3128,731.0082,1071.3921,801.7723,826.2516,579.1098,723.1754,1081.7867,811.5302,835.0523,577.2120,719.4274,1116.8817,793.4680,819.2345,548.5889,685.8383,1134.0872,772.6107,802.4978,511.0076,645.3821,1161.2094,11.00000000000,40,063
40,135,01101855,40135,Sequoyah,Sequoyah County,06,H1,G4020,,22900,,A,1743764515.00000000000,105881132.00000000000,+35.5024345,-094.7507569,40135,2560.8596,2553.7225,2533.1126,2553.6701,2574.7574,2461.7665,2450.9901,2406.0346,2450.9649,2495.0623,2156.1186,2142.6971,2072.1801,2142.9806,2212.7124,2275.6482,2256.7443,2148.1986,2256.0583,2365.4808,2290.1662,2267.9434,2104.1144,2265.8313,2431.4343,2539.4324,2511.2692,2285.4664,2507.3035,2735.5389,2275.9513,2249.1323,2002.3133,2244.6141,2492.5200,2088.5795,2063.0201,1838.6010,2058.6772,2281.9724,1939.7692,1915.9383,1699.7684,1911.5079,2124.9636,1549.1828,1546.0610,1303.3611,1494.2430,1817.2528,1662.4898,1679.0740,1349.8360,1585.4298,2033.2198,1580.5851,1612.9260,1221.7937,1478.3757,2014.8347,1481.6826,1529.6119,1083.9459,1346.2648,1971.9466,1419.3871,1463.3704,1026.3229,1281.0697,1915.1578,1349.8913,1389.6168,961.1777,1197.4487,1857.8579,1240.1398,1280.9649,858.3896,1072.6158,1772.5445,1135.5219,1179.9439,751.9235,949.1407,1706.6841,11.00000000000,40,135
40,061,01101818,40061,Haskell,Haskell County,06,H1,G4020,,,,A,1493181861.00000000000,126266885.00000000000,+35.2322937,-095.1095776,40061,765.6171,763.4606,757.2872,763.4459,769.7689,720.2966,717.1117,703.9417,717.1065,730.0296,735.1188,730.4190,706.3526,730.5300,754.3446,793.9377,787.2640,749.3976,787.0300,825.2288,788.3855,780.5899,724.1897,779.8573,836.9209,814.5072,805.2932,732.7693,803.9869,877.3545,778.4734,769.2306,684.7536,767.6695,852.5412,720.8159,711.7086,634.0016,710.1512,787.5434,750.1307,740.8051,657.1094,739.0691,821.7342,645.4753,643.8862,542.5332,622.2278,757.0981,553.8527,559.1205,449.2426,527.8581,677.3183,547.7818,558.7299,422.9802,512.0316,698.2477,524.3020,541.0070,383.1239,476.0637,697.7623,489.3270,504.2408,353.3896,441.3256,660.2194,457.9887,471.2263,325.6857,405.9632,630.3114,421.8086,435.4622,291.5529,364.5375,602.8791,377.7435,392.3075,249.7546,315.4797,567.7336,11.00000000000,40,061
40,083,01101829,40083,Logan,Logan County,06,H1,G4020,416,36420,,A,1926521787.00000000000,12925988.00000000000,+35.9141514,-097.4507644,40083,2836.3241,2828.4237,2805.5990,2828.3652,2851.7174,3361.7420,3346.7596,3285.2323,3346.7436,3407.1340,3467.8279,3446.0489,3332.5946,3446.5271,3558.7434,4305.9221,4269.6321,4064.2683,4268.3696,4475.5686,4186.6785,4145.3232,3845.8138,4141.4341,4444.4513,4220.4778,4173.4073,3797.9838,4166.7662,4546.3254,4227.4698,4177.6425,3719.1787,4169.2475,4629.7343,4781.4879,4722.5609,4208.4201,4712.5343,5224.2077,5084.9331,5021.9529,4454.8173,5010.2338,5570.3419,4675.5181,4665.5003,3932.5417,4508.9701,5484.4233,5084.6387,5134.9624,4127.7054,4848.4554,6218.4324,5170.1102,5275.4544,3995.7238,4835.2244,6590.4918,5130.7027,5296.2044,3752.6408,4661.1999,6828.3254,5160.8375,5320.2112,3730.7248,4657.2234,6963.3920,5216.5798,5369.4765,3713.3315,4626.6867,7179.5387,5258.9558,5431.2983,3638.7174,4547.5716,7516.6247,5302.1510,5508.6602,3509.3676,4430.7510,7969.0518,11.00000000000,40,083
40,113,01101844,40113,Osage,Osage County,06,H1,G4020,538,46140,,A,5818040494.00000000000,149225472.00000000000,+36.6246804,-096.4083854,40113,2812.9159,2805.0598,2782.4128,2805.0029,2828.1792,2715.4935,2703.3187,2653.5818,2703.3106,2752.1388,2721.9076,2704.7247,2615.6569,2705.1102,2793.2176,2922.5405,2897.9215,2758.5352,2897.0638,3037.6915,2843.2847,2814.9699,2611.5614,2812.3201,3018.1940,3377.0697,3338.7975,3038.0644,3333.3680,3637.6240,3209.4640,3170.3373,2821.2599,3163.6697,3514.7110,3154.8809,3114.4365,2773.8073,3107.5009,3446.9013,3010.4958,2971.6834,2634.5223,2964.4298,3297.6930,2518.3588,2511.0831,2114.7881,2426.3278,2953.6006,2672.2190,2696.5778,2165.6461,2545.4757,3267.7420,2594.2451,2645.0066,2001.2914,2423.5662,3306.7069,2404.6274,2480.1403,1755.2499,2182.0079,3200.0778,2277.3928,2345.7359,1642.8784,2052.6298,3072.6529,2171.4469,2233.1889,1542.3758,1923.4847,2988.3930,1974.6811,2037.6348,1363.1859,1705.3587,2822.2880,1789.5927,1857.7265,1181.6936,1493.5516,2689.6335,11.00000000000,40,113
40,021,01101798,40021,Cherokee,Cherokee County,06,H1,G4020,,45140,,A,1940956597.00000000000,69625855.00000000000,+35.9043668,-094.9967964,40021,2471.0536,2464.1625,2444.2731,2464.1121,2484.4632,2539.0921,2527.8895,2481.4770,2527.8696,2573.4087,2628.0357,2611.5449,2525.5681,2611.9057,2696.9423,3085.0142,3059.0332,2911.8976,3058.1274,3206.5711,2636.9056,2611.4257,2422.7940,2608.9978,2799.6332,3152.2090,3118.0810,2838.2465,3113.3164,3395.8786,2673.3025,2641.9413,2352.1404,2636.6662,2927.6975,3165.7472,3127.7773,2788.3036,3121.3526,3458.9257,3477.6258,3435.4730,3048.4443,3427.6482,3809.7123,3101.7353,3096.1069,2610.6765,2992.5051,3638.6093,3466.1758,3501.1597,2815.0272,3306.0211,4239.1884,3530.3890,3603.0069,2729.6613,3302.5746,4500.3736,3506.8052,3620.5979,2566.0604,3186.7471,4667.1800,3514.1441,3623.3208,2541.4756,3172.0540,4741.6074,3561.9675,3666.9978,2536.6273,3159.9778,4902.3591,3530.8507,3647.1512,2444.0709,3053.9690,5046.6857,3538.2752,3676.6153,2342.8466,2957.4169,5318.0062,11.00000000000,40,021
40,145,01101860,40145,Wagoner,Wagoner County,06,H1,G4020,538,46140,,A,1454421645.00000000000,75422409.00000000000,+35.9634793,-095.5141004,40145,4953.0255,4939.1310,4899.2224,4939.0336,4979.8924,5544.2473,5519.4921,5417.9966,5519.4691,5619.0955,5455.3325,5420.8812,5242.3662,5421.6554,5598.2471,6064.5353,6013.4481,5724.2090,6011.6682,6303.4834,6010.4382,5950.9075,5520.9264,5945.3186,6380.3939,6577.2260,6502.8753,5917.2669,6492.3366,7084.7399,6331.1936,6255.3239,5567.7389,6242.4689,6933.4945,6352.9583,6273.7357,5589.7909,6260.2236,6941.1270,6392.4134,6312.5574,5598.9727,6297.6840,7002.5518,5898.8122,5884.4393,4958.3236,5686.5453,6918.9371,6199.7785,6259.5515,5030.1940,5909.8069,7581.9730,6144.5105,6268.1354,4746.0355,5744.5291,7832.3981,5945.9605,6136.2411,4346.3269,5399.9496,7913.1978,5871.2218,6051.0799,4241.7462,5296.4372,7921.7662,5812.9336,5981.9317,4135.4237,5153.8565,8000.1853,5632.8234,5816.1635,3895.1794,4869.2930,8050.9058,5410.9343,5620.5835,3579.4126,4520.3094,8132.4835,11.00000000000,40,145
40,049,01101812,40049,Garvin,Garvin County,06,H1,G4020,,,,A,2077482576.00000000000,29961926.00000000000,+34.7093497,-097.3127231,40049,1507.2379,1503.0241,1490.8870,1502.9938,1515.4158,1579.3411,1572.3281,1543.4358,1572.3187,1600.6735,1544.0617,1534.2455,1483.7066,1534.4722,1584.4752,1982.2313,1965.3054,1870.7761,1964.7392,2060.1876,1921.1416,1902.0704,1764.6331,1900.2823,2039.3636,2068.0320,2044.4445,1860.2007,2041.0910,2227.5450,2035.5580,2010.7163,1789.2984,2006.4816,2229.1536,2030.2477,2004.8043,1786.1206,2000.4605,2218.2045,2263.1478,2234.1023,1980.7611,2228.6767,2479.0651,2319.0136,2313.2872,1949.1405,2235.4708,2720.0392,2053.5335,2072.9940,1665.5439,1957.0637,2511.2985,2061.1811,2102.3166,1591.4757,1926.5858,2627.3440,2100.3045,2167.2050,1534.7270,1907.0436,2795.1682,2085.6923,2149.2842,1506.3181,1881.1232,2814.1005,2074.3710,2134.3946,1475.2468,1838.8160,2854.8786,2041.6257,2107.8144,1411.3480,1764.5528,2918.0450,2001.3500,2078.6636,1323.5131,1671.6514,3007.9590,11.00000000000,40,049
40,081,01101828,40081,Lincoln,Lincoln County,06,H1,G4020,416,36420,,A,2466481063.00000000000,34614744.00000000000,+35.7031175,-096.8813917,40081,2208.4860,2202.2513,2184.4363,2202.2096,2220.4600,2164.1748,2154.5411,2114.9378,2154.5300,2193.3998,2113.0749,2099.6521,2030.4907,2099.9610,2168.3875,2394.8143,2374.5418,2260.3291,2373.8457,2489.1092,2494.7208,2470.1139,2291.6454,2467.7979,2648.3436,2720.8703,2690.2393,2448.0538,2685.9037,2930.8558,2458.4028,2429.0762,2162.1914,2424.1149,2692.2917,2411.5750,2381.2799,2121.4573,2376.1054,2634.8302,2565.1180,2532.3865,2245.4150,2526.2761,2809.8679,2417.3199,2411.0640,2031.2511,2329.8811,2835.2761,2196.3437,2217.1885,1781.4260,2093.2037,2685.9483,2162.3151,2205.4782,1669.5793,2021.1274,2756.2583,2114.1255,2181.4417,1544.7844,1919.5621,2813.5596,2051.8021,2114.3151,1481.7633,1850.4989,2768.3704,1971.2582,2028.2246,1401.7866,1747.3189,2712.9625,1858.0420,1918.1852,1284.2731,1605.7661,2655.6469,1748.1071,1815.5290,1155.8470,1459.9937,2627.3372,11.00000000000,40,081
40,027,01101801,40027,Cleveland,Cleveland County,06,H1,G4020,416,36420,,A,1395398450.00000000000,50038594.00000000000,+35.2031167,-097.3283318,40027,15149.3323,15107.2704,14985.4290,15106.9525,15231.5700,16933.4085,16858.3767,16548.6817,16858.2656,17162.1771,18507.7943,18391.3648,17785.8207,18393.9390,18992.8995,22484.1927,22294.9893,21222.6299,22288.3770,23370.2202,21228.9604,21019.9446,19501.2645,21000.2515,22536.4718,23011.5292,22756.5485,20710.5202,22720.6561,24788.6490,21851.6926,21591.5974,19219.8232,21547.6284,23930.6967,26850.7163,26520.1583,23633.2825,26463.9254,29336.8542,28348.5696,27997.8008,24836.3275,27932.5372,31054.7716,25886.6047,25830.5265,21771.9177,24963.7323,30365.0630,32044.6278,32361.4786,26013.2743,30555.7664,39190.0234,32893.0367,33562.9276,25420.8396,30762.0326,41929.6838,32839.4917,33898.4650,24018.5175,29833.9796,43705.2378,33791.1681,34834.3079,24426.6904,30493.2178,45593.5632,34978.4060,36003.1970,24898.0396,31022.5034,48140.4773,35434.4780,36595.3113,24516.7185,30640.7212,50646.4670,35865.7297,37262.2688,23738.0216,29970.8058,53905.6199,11.00000000000,40,027
40,017,01101796,40017,Canadian,Canadian County,06,H1,G4020,416,36420,,A,2322250237.00000000000,23244265.00000000000,+35.5434160,-097.9798358,40017,8486.3922,8462.6653,8394.3272,8462.4947,8532.4367,10217.9864,10172.6520,9985.7458,10172.5894,10356.0135,11383.3731,11312.2953,10939.9530,11313.8167,11682.0406,14678.5269,14555.2042,13855.1187,14550.8743,15257.0847,15707.7696,15553.2009,14429.4976,15538.6320,16675.2826,16990.8211,16801.3960,15290.0540,16774.6748,18302.6408,17642.2647,17432.9207,15518.5424,17397.5690,19320.8512,18718.2969,18488.0327,16475.6776,18448.8675,20451.4554,21128.5408,20867.7391,18512.0311,20819.2287,23145.5833,20959.8808,20914.4200,17628.1983,20212.5800,24585.9886,22485.7439,22708.2777,18253.8879,21441.2582,27499.7067,23463.1962,23941.2188,18133.4543,21943.3360,29909.2197,23894.0935,24664.7505,17476.1823,21707.4597,31800.0494,24600.7072,25360.2767,17783.4079,22199.9072,33193.1207,25297.5745,26038.8839,18007.3646,22436.7156,34816.8449,25593.1793,26431.7482,17707.8760,22130.9751,36580.3173,25615.7822,26613.3450,16954.2532,21405.7153,38500.1206,11.00000000000,40,017
40,111,01101843,40111,Okmulgee,Okmulgee County,06,H1,G4020,538,46140,,A,1806124291.00000000000,12914775.00000000000,+35.6468790,-095.9645800,40111,2227.0204,2220.8311,2202.9169,2220.7847,2239.1088,2145.7689,2136.3117,2097.0939,2136.2942,2174.7725,2028.6258,2016.0850,1949.7546,2016.3417,2081.9220,2273.7375,2254.9238,2146.4659,2254.2333,2363.5421,2115.0812,2094.5653,1943.2612,2092.6149,2245.5545,2013.4185,1991.6079,1812.8621,1988.5623,2169.0548,1863.2847,1841.8938,1640.2692,1838.3230,2040.6510,2069.1664,2044.4266,1822.6120,2040.2432,2260.7956,1995.5090,1971.8628,1750.2748,1967.4848,2186.1307,1757.9539,1755.0327,1480.1230,1696.3783,2062.3002,1599.8203,1616.8203,1300.7758,1526.9697,1956.7445,1583.9897,1617.4288,1226.2261,1482.8549,2019.2992,1529.1731,1579.6330,1120.3905,1390.6621,2035.2388,1460.6296,1506.8273,1057.7611,1319.4843,1970.8894,1416.7847,1459.3516,1010.3366,1257.8953,1949.9935,1357.8374,1403.2996,941.2059,1175.3702,1940.8244,1295.9866,1347.3239,859.3180,1084.0503,1947.9013,11.00000000000,40,111
40,151,01101863,40151,Woods,Woods County,06,H1,G4020,,,,A,3331900551.00000000000,9091702.00000000000,+36.7651405,-098.8689669,40151,451.7756,450.5061,446.8649,450.4973,454.2259,451.8128,449.7873,441.5120,449.7859,457.9100,525.6847,522.4568,505.2726,522.5208,539.5078,657.2436,651.8510,620.4982,651.6483,683.2316,713.2011,706.4145,655.3971,705.7618,757.2829,478.6732,473.8618,431.5713,473.2088,515.7832,548.1829,541.9983,482.7649,540.9724,600.3770,808.4962,798.4909,711.5184,796.7870,883.3528,946.2724,934.5592,829.0254,932.3798,1036.6046,965.8738,964.0257,812.7875,931.7419,1133.0320,977.1889,986.9286,793.4007,931.8837,1195.0977,1032.5526,1053.6576,798.1248,965.7538,1316.2332,1064.3730,1098.7688,778.5982,967.0519,1416.5532,1093.0381,1126.8515,790.2495,986.4503,1474.8149,1119.2771,1152.1386,796.8356,992.7795,1540.4569,1152.7672,1190.5953,797.6990,996.8945,1647.6535,1180.5351,1226.5590,781.4470,986.5704,1774.3289,11.00000000000,40,151
40,019,01101797,40019,Carter,Carter County,06,H1,G4020,,11620,,A,2129424630.00000000000,30016294.00000000000,+34.2518484,-097.2879273,40019,2797.7171,2789.9152,2767.3964,2789.8580,2812.8995,3081.2297,3067.5397,3011.1679,3067.5219,3122.8461,3017.7494,2998.8008,2900.0720,2999.2164,3096.8673,3460.0583,3430.6967,3265.6840,3429.6959,3596.2509,3311.7860,3278.7767,3041.8514,3275.6892,3515.4970,3870.9141,3826.9322,3482.1597,3820.6874,4169.5375,3804.2765,3758.9585,3346.0150,3751.2954,4166.2171,3753.9240,3706.7329,3302.2569,3698.6713,4101.4471,3988.8840,3939.0552,3493.7778,3929.7745,4369.6120,3741.0902,3732.4391,3145.4580,3607.0422,4388.1772,3628.2803,3663.2199,2943.7353,3458.5295,4437.1715,3662.6467,3736.2988,2828.9696,3424.1751,4668.7655,3642.4016,3758.9329,2662.4372,3307.8843,4847.4975,3626.5746,3737.6358,2620.0095,3271.4936,4893.1652,3646.7390,3752.7281,2594.2991,3233.2274,5018.9070,3579.2443,3695.7120,2475.0438,3094.0375,5115.7554,3456.5231,3590.4131,2286.4791,2887.5463,5195.0558,11.00000000000,40,019
40,069,01101822,40069,Johnston,Johnston County,06,H1,G4020,,,,A,1665207064.00000000000,39638869.00000000000,+34.3134553,-096.6542545,40069,679.2252,677.3244,671.8539,677.3108,682.9102,689.8219,686.7350,674.1032,686.7325,699.1326,664.9434,660.6646,638.8902,660.7681,682.3183,758.6634,752.2623,716.0794,752.0404,788.5490,788.0287,780.3053,723.9318,779.5756,836.5874,709.7093,701.7221,638.5520,700.5916,764.4824,616.4730,609.0293,542.0347,607.7649,675.1130,698.1400,689.1460,613.7292,687.6022,762.7583,793.2930,783.1369,694.3570,781.2402,868.9807,607.2490,605.5352,510.0096,585.1079,712.2083,590.6243,596.2448,479.0741,562.9076,722.2876,586.7670,598.4968,453.0877,548.4756,747.9418,559.7555,577.5991,409.0463,508.2666,744.9459,539.4510,555.9413,389.6732,486.5947,727.8529,519.1943,534.2977,369.3798,460.3389,714.5540,513.6579,530.4058,355.2534,444.0679,734.1652,514.0475,533.9924,340.0997,429.4709,772.6008,11.00000000000,40,069
40,117,01101846,40117,Pawnee,Pawnee County,06,H1,G4020,538,46140,,A,1470996347.00000000000,69436312.00000000000,+36.3137038,-096.6966693,40117,1074.4706,1071.4864,1062.8443,1071.4639,1080.3032,983.1822,978.8889,960.9400,978.8781,996.4829,929.3535,923.4913,893.0813,923.6224,953.7038,1045.9532,1037.2720,987.3809,1036.9562,1087.2476,1010.4766,1000.5655,928.2785,999.6295,1072.7377,1130.7016,1117.9502,1017.2939,1116.1442,1217.9579,1077.2375,1064.3194,947.3215,1062.1302,1179.7165,1040.7693,1027.6453,915.4691,1025.4020,1137.1172,1090.1576,1076.6825,955.1192,1074.1756,1194.2275,984.7993,982.2640,827.5415,949.1938,1155.0750,954.0593,963.3224,774.1901,909.5180,1166.7703,948.8912,968.0410,733.0283,887.1960,1209.5573,922.7749,952.3552,674.6075,838.1002,1228.0820,904.2580,932.0032,653.3702,815.7887,1220.0772,894.8871,920.9453,636.7110,793.4763,1231.6125,869.3896,897.7266,601.2657,751.5934,1242.6076,838.2425,870.7582,554.5768,700.3163,1259.8575,11.00000000000,40,117
40,131,01101853,40131,Rogers,Rogers County,06,H1,G4020,538,46140,,A,1749880020.00000000000,92888844.00000000000,+36.3780816,-095.6013368,40131,6014.4358,5997.5626,5949.1007,5997.4442,6047.0598,5995.7455,5969.0701,5859.3582,5969.0385,6076.7163,5560.5026,5525.4073,5343.4546,5526.1941,5706.1837,6634.5815,6578.3858,6261.9728,6576.4594,6895.7943,7045.3382,6974.8861,6470.8586,6968.3091,7478.5519,7861.8206,7772.7824,7072.7080,7760.1539,8468.4084,7620.2717,7528.5576,6700.6646,7512.9953,8345.1599,7139.3411,7050.0442,6281.2008,7034.8049,7800.2986,7441.4131,7347.7194,6516.3648,7330.2536,8151.5864,6946.9725,6929.4110,5838.2262,6696.2034,8148.2095,7470.7361,7542.3064,6060.5874,7120.7489,9136.2065,7405.4912,7554.0073,5719.1808,6922.8217,9439.7103,7244.5100,7475.8652,5294.7061,6578.6514,9641.3330,7203.0204,7423.1993,5203.0986,6497.2473,9718.6568,7137.4518,7344.4834,5076.8798,6327.5982,9823.0462,6901.3088,7125.4741,4771.5378,5965.2556,9863.8995,6616.8197,6872.7572,4376.3496,5527.1764,9944.8685,11.00000000000,40,131
40,125,01101850,40125,Pottawatomie,Pottawatomie County,06,H1,G4020,416,43060,,A,2040060341.00000000000,14842424.00000000000,+35.2113928,-096.9570070,40125,4114.4121,4102.9730,4069.8740,4102.8873,4136.7448,4546.8672,4526.8635,4443.7797,4526.8237,4608.3357,4515.6890,4487.6422,4339.9661,4488.2286,4634.2517,5071.0332,5029.1024,4787.2116,5027.5606,5271.3396,5180.4470,5130.0113,4759.4210,5125.2270,5499.8909,4768.0170,4715.4093,4291.5928,4708.0151,5136.3037,4741.3065,4685.9810,4172.2288,4676.6922,5192.5292,5252.8248,5190.0742,4627.0204,5179.4656,5739.3014,5632.3014,5564.7698,4938.6189,5552.2496,6170.2327,5307.9269,5298.3643,4467.7143,5121.0894,6226.6835,5111.6599,5164.3369,4153.2953,4876.8358,6251.8182,5173.7967,5281.3218,4002.2594,4841.3226,6595.4459,5138.4911,5306.3170,3761.8861,4670.8755,6838.8739,5095.5488,5254.9259,3687.0154,4600.8751,6875.4803,5071.1081,5221.6898,3613.1919,4500.1376,6979.4832,5053.0331,5220.4458,3499.4561,4371.7843,7222.4269,4961.3524,5156.2272,3286.7239,4147.9742,7456.9382,11.00000000000,40,125
40,089,01101835,40089,McCurtain,McCurtain County,06,H1,G4020,,,,A,4791491660.00000000000,135636975.00000000000,+34.1170728,-094.7660863,40089,1903.2027,1897.9041,1882.5899,1897.8648,1913.5321,1929.5852,1921.0699,1885.7976,1921.0548,1955.6636,1769.6008,1758.5532,1700.6712,1758.7896,1816.0312,1917.1717,1901.0822,1809.6427,1900.5154,1992.7488,1995.1515,1975.3300,1832.5977,1973.4724,2117.9176,2193.7023,2168.7878,1973.4061,2165.2507,2362.9395,2081.2506,2056.2492,1830.1722,2052.0096,2279.2377,1949.0842,1924.7605,1714.9103,1920.6113,2129.5330,2070.8744,2045.0102,1813.8438,2040.1930,2268.5344,2092.1836,2087.6334,1759.5978,2017.5739,2454.1331,1822.3664,1840.0956,1478.8576,1737.3319,2228.6754,1798.0978,1834.4424,1389.1487,1681.2602,2292.0528,1804.4444,1862.3720,1319.3094,1638.9730,2401.4658,1773.1222,1827.6212,1281.3302,1599.7667,2392.4074,1747.8099,1798.8030,1243.7369,1549.8687,2405.4785,1697.4991,1752.9226,1174.1505,1467.6189,2426.2209,1629.5142,1692.8076,1078.2278,1361.4935,2449.1241,11.00000000000,40,089
08,089,00198160,08089,Otero,Otero County,06,H1,G4020,,,,A,3268465106.00000000000,20052451.00000000000,+37.8841698,-103.7212597,08089,887.0067,884.5400,877.4040,884.5216,891.8212,878.4317,874.5704,858.5207,874.5625,890.3081,898.0256,892.4010,863.0239,892.5231,921.5775,1018.6300,1010.1625,961.5753,1009.8558,1058.8374,980.6185,970.8050,900.6509,969.8893,1040.9112,1028.7352,1016.9786,925.3145,1015.3061,1108.0777,838.8180,828.3995,737.0150,826.6133,918.5745,981.5858,969.1536,863.3076,967.0267,1072.4517,940.5112,928.4169,823.1125,926.1572,1030.2385,838.8497,836.7180,704.9481,808.5555,983.8969,788.8602,796.2054,639.5862,751.6379,964.6883,755.0305,769.9646,582.7379,705.5580,962.4052,707.2494,729.6417,516.5666,642.0013,941.2235,656.9626,676.8742,474.2629,592.3751,886.3899,621.2096,639.0777,441.6029,550.5322,854.9388,577.9186,596.5618,399.3433,499.3721,825.9982,544.4551,565.4048,359.9057,454.6607,818.2918,11.00000000000,08,089
08,067,00198148,08067,La Plata,La Plata County,06,H1,G4020,,20420,,A,4382462547.00000000000,19760255.00000000000,+37.2873673,-107.8397178,08067,3543.1727,3533.3243,3504.8222,3533.2505,3562.4052,4039.7314,4021.7711,3947.8576,4021.7488,4094.2904,4199.5258,4173.3320,4035.9739,4173.8900,4309.7252,5210.3524,5166.3105,4917.8171,5164.7915,5415.5492,5262.9958,5211.2352,4834.7314,5206.3551,5587.1866,4404.7655,4356.1422,3964.6011,4349.3067,4744.9874,3903.4221,3858.2527,3435.5870,3850.6913,4274.9484,4965.9076,4905.9393,4373.0651,4895.7779,5425.7745,5304.2077,5239.6137,4649.0279,5227.6169,5810.6821,4932.9156,4923.1587,4150.4991,4758.2030,5786.5500,5188.9025,5241.5712,4214.6473,4949.5221,6346.1590,5213.0089,5320.5566,4031.2052,4877.0177,6645.3368,5103.7710,5269.7177,3735.1917,4638.3803,6792.5987,5046.9207,5204.0591,3650.5901,4556.0548,6809.8014,4975.5077,5122.5814,3543.9042,4414.4518,6847.8528,4931.7279,5094.5093,3414.3629,4266.0656,7048.9995,4853.5403,5043.6264,3214.3142,4057.1572,7294.8616,11.00000000000,08,067
08,117,00198174,08117,Summit,Summit County,06,H1,G4020,,43540,,A,1575639358.00000000000,28282990.00000000000,+39.6210227,-106.1375545,08117,2203.0648,2196.7321,2178.9027,2196.6957,2214.9933,2426.8680,2415.7587,2371.1910,2415.7675,2459.5529,2311.0865,2296.2697,2220.6010,2296.6232,2371.5059,2652.9710,2630.2665,2503.7530,2629.5123,2757.2732,2785.6051,2757.9472,2558.6665,2755.3543,2957.0205,2605.7707,2577.2274,2345.7209,2573.2258,2807.1036,2499.7220,2471.0634,2200.6008,2466.2818,2737.6754,2625.4070,2594.1058,2312.7419,2588.8161,2868.5558,2755.9576,2723.1668,2417.0141,2717.0927,3019.2050,2427.2441,2423.2337,2043.6785,2342.2539,2847.4672,3042.7122,3074.2057,2472.4874,2903.1058,3721.4129,3072.4002,3136.3974,2376.9494,2875.1464,3916.6476,3022.7347,3121.6130,2213.2061,2747.8516,4023.0043,3059.5673,3155.3857,2214.0394,2762.7011,4128.3188,3075.8030,3167.2371,2191.7033,2729.6178,4233.3067,3042.1104,3143.0011,2106.9810,2632.1016,4348.1718,2978.0156,3095.0838,1973.0033,2489.9092,4475.9786,11.00000000000,08,117
08,027,00198129,08027,Custer,Custer County,06,H1,G4020,,,,A,1913031045.00000000000,3364771.00000000000,+38.1019939,-105.3735148,08027,241.3867,240.7258,238.7891,240.7203,242.6984,226.8537,225.8599,221.7169,225.8577,229.9217,205.2162,203.9384,197.2266,203.9654,210.6025,215.5673,213.7839,203.5012,213.7184,224.0816,207.6516,205.6456,190.7912,205.4545,220.4665,301.9583,298.5090,271.6043,298.0184,325.2476,281.2496,277.9152,247.3988,277.3523,308.0096,231.3147,228.4839,203.6290,228.0029,252.7333,228.2052,225.3522,199.8756,224.8207,249.9865,220.5415,219.9132,185.2153,212.4930,258.6593,217.8463,219.8724,176.6198,207.5644,266.4015,210.3036,214.4584,162.3053,196.5176,268.0645,199.5850,205.8954,145.7597,181.1612,265.6114,194.0970,199.9674,140.0976,174.9990,261.8792,188.6000,194.0094,134.0443,167.1228,259.5592,174.3701,179.9751,120.4547,150.6458,249.2195,158.6663,164.7488,104.8441,132.4704,238.4669,11.00000000000,08,027
08,097,00198164,08097,Pitkin,Pitkin County,06,H1,G4020,,,,A,2514094239.00000000000,6469384.00000000000,+39.2175333,-106.9159433,08097,1425.4653,1421.4230,1409.9152,1421.3970,1433.1914,1322.9431,1317.0280,1292.8054,1317.0230,1340.8007,1123.7797,1117.0027,1080.2910,1117.1252,1153.3992,1424.5657,1412.7732,1344.8213,1412.3409,1480.8278,1289.7493,1277.3222,1185.0602,1276.1360,1369.3650,1563.6389,1546.0844,1406.9310,1543.6020,1684.3282,1592.5196,1574.0944,1401.6574,1571.0102,1744.0954,1555.5340,1536.5172,1369.3917,1533.2868,1699.5703,1489.4336,1471.3701,1305.6003,1468.0168,1631.6618,1312.5260,1310.0822,1104.6185,1266.2275,1539.6937,1697.7162,1715.0098,1379.0647,1619.4720,2076.3597,1680.8480,1715.5948,1299.9175,1572.6012,2142.6867,1619.9642,1672.7138,1185.7021,1472.3436,2156.0139,1624.8580,1675.5166,1175.4258,1466.9097,2192.4242,1639.7364,1688.2593,1168.0280,1454.9014,2256.7936,1614.9521,1668.3093,1118.1663,1397.0392,2308.2811,1554.1546,1615.0789,1029.3584,1299.2140,2335.8948,11.00000000000,08,097
08,025,00198128,08025,Crowley,Crowley County,06,H1,G4020,,,,A,2039411297.00000000000,33430434.00000000000,+38.3219558,-103.7875617,08025,282.4807,281.6140,279.2998,281.6118,284.0024,280.4591,279.0733,273.8706,279.0814,284.2072,302.0337,299.9182,289.9946,299.9851,309.8293,279.2526,276.5766,263.2726,276.5167,290.0487,258.8448,255.9518,237.4291,255.6986,274.5602,294.9219,291.1931,264.7180,290.6454,317.5639,548.7496,540.8160,480.1587,539.3941,600.7972,525.7956,517.8787,460.0611,516.4822,574.3955,535.0171,526.9390,465.9419,525.4060,585.9136,523.2854,520.5631,437.2493,502.6661,613.4299,480.1477,483.1997,386.8053,455.7139,586.9366,471.6183,479.5269,361.5127,438.9289,600.9800,453.4808,466.4482,328.8368,409.9006,603.3797,439.0797,451.0335,314.6346,394.1901,592.2959,425.8859,436.8315,300.4687,375.7764,586.0201,405.6224,417.4940,278.1384,348.9717,579.6565,385.7085,399.4623,253.0287,320.7603,579.6355,11.00000000000,08,025
08,017,00198124,08017,Cheyenne,Cheyenne County,06,H1,G4020,,,,A,4605713068.00000000000,8166204.00000000000,+38.8353865,-102.6045852,08017,98.9517,98.6594,97.8546,98.6582,99.4863,96.8416,96.3943,94.6138,96.3949,98.1447,109.0511,108.3356,104.7619,108.3542,111.8929,117.5076,116.4914,110.8882,116.4587,122.1207,107.3637,106.2307,98.5489,106.1283,113.9263,110.6989,109.4198,99.5485,109.2372,119.2326,99.5263,98.3022,87.4688,98.0930,108.9909,97.2631,96.0143,85.5111,95.8000,106.2658,111.8437,110.3271,97.7330,110.0422,122.5044,118.0274,117.6623,99.0699,113.6844,138.4200,88.8518,89.5927,71.8872,84.5510,108.6418,85.0110,86.6040,65.4572,79.3294,108.3491,82.1165,84.6282,59.8259,74.4301,109.2748,75.3235,77.5181,54.2236,67.8058,101.6204,71.7301,73.7068,50.8398,63.4593,98.7115,65.3643,67.3905,45.0212,56.3772,93.4170,58.6084,60.7882,38.6080,48.8499,88.0812,11.00000000000,08,017
08,011,00198121,08011,Bent,Bent County,06,H1,G4020,,,,A,3918292377.00000000000,73093771.00000000000,+37.9318907,-103.0775841,08011,293.1501,292.2635,289.8685,292.2607,294.7311,308.8388,307.3482,301.6372,307.3547,312.9763,236.3332,234.6888,226.9259,234.7399,242.4391,249.7418,247.3175,235.4209,247.2661,259.3771,222.2972,219.7681,203.8600,219.5490,235.7643,231.0299,228.0514,207.2803,227.6114,248.7500,301.3681,297.1066,263.8689,296.3474,329.9632,270.4874,266.4790,236.7929,265.7737,295.4926,261.6656,257.7010,227.8560,256.9483,286.5563,217.0816,215.9383,181.3649,208.5105,254.4741,203.4207,204.6898,163.8330,193.0390,248.6593,190.0181,193.1596,145.5771,176.7907,242.1334,175.5646,180.5286,127.2124,158.6220,233.5928,163.9528,168.3588,117.3854,147.1177,221.1588,153.0738,156.9464,107.8880,134.9852,210.6250,142.6846,146.7967,97.7268,122.6766,203.8996,130.5248,135.1111,85.5042,108.4626,196.1460,11.00000000000,08,011
08,001,00198116,08001,Adams,Adams County,06,H1,G4020,216,19740,,A,3024207713.00000000000,42070226.00000000000,+39.8743252,-104.3318718,08001,32197.7756,32107.5752,31848.2069,32106.9368,32372.4452,36776.5792,36612.4200,35939.1967,36612.2620,37273.0826,39248.5521,39001.0526,37716.7903,39006.5799,40276.9569,46810.9293,46415.7399,44183.1999,46402.0596,48654.7767,49205.4471,48718.2140,45198.1032,48672.4617,52234.2318,52211.8175,51627.3531,46981.7838,51544.7866,56242.2739,53709.7198,53071.8479,47243.3278,52964.0989,58819.9097,58240.1848,57520.3934,51256.1606,57397.8488,63632.5468,63087.0413,62302.0400,55262.4690,62155.8960,69108.9012,59798.6116,59665.5573,50287.2711,57662.4141,70143.0940,60619.3719,61214.1453,49201.6671,57797.0786,74135.6865,62389.7820,63655.7281,48208.7396,58341.9288,79529.4524,62705.0537,64722.4778,45854.0179,56960.4117,83452.1411,63449.8025,65404.0808,45858.4392,57251.5939,85610.8086,64182.8302,66059.0674,45678.7692,56918.7311,88333.9380,63774.9442,65860.3772,44118.3843,55142.3386,91153.1997,62511.0537,64941.7566,41367.4681,52232.5675,93952.9109,11.00000000000,08,001
08,039,00198136,08039,Elbert,Elbert County,06,H1,G4020,216,19740,,A,4793671177.00000000000,442165.00000000000,+39.3108167,-104.1179275,08039,1943.7636,1938.2697,1922.5868,1938.2333,1954.3014,1719.6994,1711.9926,1680.4965,1711.9873,1742.9074,1613.5574,1603.1811,1550.3446,1603.4317,1655.7234,1917.8051,1901.1375,1809.6937,1900.6096,1993.0413,2156.3504,2134.4865,1980.2152,2132.4622,2288.7449,2672.3412,2641.9474,2403.9120,2637.6302,2878.4912,2634.0935,2602.1343,2315.7567,2596.6967,2884.6355,2528.4055,2496.6397,2224.2272,2491.2138,2762.4762,2453.4464,2422.1613,2147.7027,2416.3214,2687.5439,2230.8159,2225.0028,1874.4618,2150.0739,2616.5157,2459.6498,2482.9126,1994.8482,2344.0436,3007.9370,2460.2686,2509.3109,1899.5171,2299.5399,3136.0453,2435.3243,2512.8108,1779.3855,2211.1294,3241.0184,2458.2415,2533.1148,1775.2449,2217.0334,3316.7522,2455.1707,2526.1319,1745.9209,2176.2709,3378.9524,2363.3806,2439.9075,1633.6083,2042.5253,3377.9148,2261.9502,2349.2264,1495.6641,1889.1924,3399.6256,11.00000000000,08,039
08,125,00198178,08125,Yuma,Yuma County,06,H1,G4020,,,,A,6123779829.00000000000,11134777.00000000000,+40.0006314,-102.4226490,08125,559.6861,558.1166,553.6073,558.1056,562.7221,572.3476,569.8223,559.3602,569.8178,580.0830,509.2677,506.0645,489.4022,506.1352,522.6163,582.0130,577.2505,549.4859,577.0701,605.0345,469.2738,464.8575,431.2898,464.4299,498.3113,552.7319,546.9035,497.9206,546.0976,595.5041,523.6614,517.6775,461.0343,516.6803,573.5120,560.4090,553.7089,493.6335,552.5760,612.3095,617.5287,610.3509,541.9060,609.0249,676.5353,563.4922,562.3496,474.0655,543.4999,660.9969,375.1224,378.9689,304.7586,357.8656,458.7905,381.8215,389.7363,295.3274,357.2595,486.7354,377.2495,389.5517,276.1516,342.8951,502.0839,355.3345,366.4400,257.0966,320.8278,479.4560,342.0428,352.1969,243.7029,303.5280,470.7612,315.8373,326.3104,218.7479,273.2676,451.4347,290.2842,301.7027,192.3327,242.7145,436.2997,11.00000000000,08,125
08,065,00198149,08065,Lake,Lake County,06,H1,G4020,,20780,,A,976194289.00000000000,18124336.00000000000,+39.2043161,-106.3496959,08065,457.3602,456.0641,452.3722,456.0557,459.8392,552.6232,550.0827,539.9286,550.0854,560.0628,513.7891,510.4563,493.6265,510.5394,527.1995,556.5011,551.7305,525.1928,551.5728,578.3750,598.0402,592.0955,549.3119,591.5386,634.8368,592.5095,586.0171,533.3751,585.1067,638.2886,576.0432,569.2803,506.8300,568.1424,630.8596,566.6241,559.6564,498.7425,558.4714,619.0889,638.5411,630.6167,559.3843,629.1419,699.4944,536.8761,535.5728,451.2869,517.5628,629.7232,579.6907,585.3554,470.4652,552.6729,708.9408,578.4542,590.1688,446.9331,540.8954,737.3639,565.5325,583.7179,413.5377,513.7099,752.6482,567.7033,585.1800,410.2933,512.2351,765.9832,563.5218,579.9874,401.0437,499.7337,775.5666,545.9662,563.8127,377.6783,472.0558,780.3462,527.1623,547.6554,348.8468,440.4763,792.3144,11.00000000000,08,065
08,029,00198130,08029,Delta,Delta County,06,H1,G4020,,,,A,2957896781.00000000000,16960873.00000000000,+38.8617559,-107.8647570,08029,1527.8315,1523.5664,1511.2666,1523.5354,1536.1220,1411.6339,1405.3420,1379.5057,1405.3353,1430.6943,1415.4613,1406.5366,1360.2212,1406.7358,1452.5504,1467.2743,1454.9495,1384.9684,1454.5165,1525.1089,1272.4656,1260.0500,1169.0220,1258.8739,1350.9123,1378.0176,1362.6147,1240.0174,1360.4398,1484.3994,1310.7395,1294.7247,1152.1342,1291.9936,1435.3978,1224.1349,1208.8376,1077.0215,1206.2274,1337.4657,1138.3758,1124.0437,996.8654,1121.3720,1247.0171,994.1300,991.6731,835.5666,958.3137,1166.0438,799.6069,807.1156,648.4105,761.9571,977.8407,760.9220,776.0087,587.3480,711.1088,969.9192,699.1899,721.3237,510.6745,634.6813,930.4974,631.8015,650.8928,455.9992,569.6141,852.4369,576.5051,592.9901,409.6533,510.7905,793.4065,507.5159,523.7565,350.4622,438.3731,725.3649,448.6946,465.8130,296.3429,374.5136,674.3591,11.00000000000,08,029
08,023,00198127,08023,Costilla,Costilla County,06,H1,G4020,,,,A,3177789979.00000000000,8828904.00000000000,+37.2775474,-105.4289399,08023,178.6654,178.1577,176.7148,178.1545,179.6337,154.7607,154.0869,151.2626,154.0851,156.8549,146.3761,145.4532,140.6636,145.4738,150.2116,177.9703,176.4800,167.9915,176.4271,184.9882,187.3436,185.5184,172.1165,185.3453,198.8950,239.8094,237.0141,215.6163,236.6139,258.2891,180.5947,178.3585,158.6891,177.9755,197.7668,175.7500,173.5326,154.5888,173.1535,192.0198,155.5875,153.6187,136.2276,153.2515,170.4348,148.9252,148.5952,125.2402,143.6069,174.6879,153.8583,155.3822,124.9041,146.7130,188.1665,146.6179,149.6072,113.3170,137.1233,186.8983,141.1712,145.7272,103.2576,128.2556,187.8815,135.4850,139.6715,97.9453,122.2671,182.8068,128.2838,132.0468,91.3219,113.7813,176.5563,118.5573,122.4461,82.0370,102.5243,169.4542,112.9575,117.3605,74.7701,94.3974,169.7736,11.00000000000,08,023
08,045,00198138,08045,Garfield,Garfield County,06,H1,G4020,,,,A,7634153703.00000000000,21430621.00000000000,+39.5993517,-107.9097801,08045,3747.3338,3736.8549,3706.6781,3736.7798,3767.6655,3874.4237,3857.1281,3786.2030,3857.1116,3926.7300,3870.4384,3846.1552,3719.5336,3846.6860,3971.9225,4214.3695,4178.9523,3977.9503,4177.7097,4380.4735,3748.9313,3712.3076,3444.1204,3708.8405,3980.0207,3841.4611,3799.4153,3458.1434,3793.5222,4138.2783,3814.9008,3770.7075,3357.5895,3763.3068,4177.9960,3962.9292,3915.1304,3489.9339,3907.0331,4329.9187,4191.1482,4140.6043,3674.4020,4131.2273,4591.4017,3761.7565,3755.1166,3166.5398,3629.5132,4412.9176,3423.6657,3458.8462,2781.5991,3266.2593,4187.2995,3404.7636,3475.4368,2633.6482,3185.8603,4340.3096,3305.0509,3412.9273,2419.5085,3004.1972,4398.7224,3193.5877,3293.4260,2310.7166,2883.4923,4309.1385,3111.8048,3204.1761,2217.1240,2761.3989,4282.8463,2964.6094,3062.8470,2053.1570,2564.9424,4237.3918,2788.7487,2898.3315,1847.5290,2331.6082,4191.5063,11.00000000000,08,045
08,087,00198159,08087,Morgan,Morgan County,06,H1,G4020,,22820,,A,3316304952.00000000000,34473998.00000000000,+40.2623535,-103.8070921,08087,1539.4483,1535.0887,1522.6636,1535.0603,1547.7929,1408.2150,1401.9510,1376.1837,1401.9434,1427.2329,1434.9928,1425.7892,1378.8045,1426.0092,1472.5062,1661.7370,1647.1660,1567.9378,1646.7175,1726.8453,1674.1558,1657.1179,1537.3432,1655.5438,1776.9031,1798.7662,1778.0073,1617.6197,1775.0443,1937.4395,1747.4901,1725.9300,1535.6636,1722.2415,1913.6616,1641.1249,1620.0099,1442.7513,1616.3865,1793.0254,1599.4119,1578.7369,1399.5604,1574.8719,1751.9870,1460.1144,1455.7011,1225.7781,1406.5150,1712.4152,1023.9104,1032.7881,829.0091,974.7751,1252.0220,984.6549,1003.4447,758.7624,919.2728,1255.0146,929.2290,957.9961,677.5797,842.6827,1236.5812,843.8481,868.8160,608.1261,760.1139,1138.4861,748.6567,769.6020,531.1715,662.7324,1030.2905,628.8962,648.6145,433.5611,542.7072,898.8187,501.3489,520.1202,330.4839,418.0257,753.4730,11.00000000000,08,087
08,099,00198165,08099,Prowers,Prowers County,06,H1,G4020,,,,A,4243422095.00000000000,15352661.00000000000,+37.9581814,-102.3921613,08099,587.1391,585.4875,580.7543,585.4762,590.3233,623.4672,620.6705,609.2503,620.6687,631.8804,616.3153,612.4655,592.3059,612.5480,632.4848,608.4894,603.3977,574.3751,603.2168,632.4863,508.0499,503.0522,466.7073,502.5810,539.3441,468.5814,463.1378,421.3369,462.3591,504.6955,452.8439,447.2166,397.8796,446.2516,495.9009,461.9920,456.0450,406.1425,455.0244,504.7532,447.6069,441.6976,391.4412,440.5904,490.2911,385.5267,384.3225,323.5829,371.3263,452.1344,315.6512,318.4638,255.6998,300.5988,385.9858,289.0130,294.6035,222.8417,269.9171,368.3772,254.4034,262.3378,185.6073,230.7823,338.5552,223.7021,230.3711,161.2991,201.5680,301.8144,200.6852,206.3544,142.4816,177.7216,276.1844,183.1575,188.9716,126.3952,158.1456,261.7739,162.6415,168.8212,107.3723,135.7215,244.4381,11.00000000000,08,099
08,083,00198157,08083,Montezuma,Montezuma County,06,H1,G4020,,,,A,5256450876.00000000000,27516854.00000000000,+37.3380246,-108.5957863,08083,1550.7010,1546.4309,1533.9773,1546.3968,1559.1240,1512.7295,1506.0616,1478.4133,1506.0492,1533.1762,1495.1369,1485.8883,1437.0003,1486.0781,1534.4140,1663.5420,1649.5398,1570.1991,1649.0508,1729.0944,1751.0321,1733.7213,1608.4546,1732.0942,1858.8332,1872.6984,1851.8549,1685.2963,1848.9162,2017.2950,1810.7645,1789.2837,1592.8004,1785.6565,1983.0518,1766.6093,1745.1558,1555.4804,1741.5164,1930.1989,1897.3420,1873.9890,1662.5076,1869.6465,2078.4804,1805.8850,1802.1688,1519.1913,1741.7463,2118.3559,1462.3628,1477.2686,1187.9027,1394.9776,1788.5169,1461.6579,1491.8782,1130.4105,1367.5328,1863.2713,1439.5532,1486.4212,1053.6416,1308.3639,1915.9039,1408.3032,1452.2162,1018.7801,1271.4134,1900.2269,1373.0844,1413.7393,978.1243,1218.3358,1889.7985,1307.7291,1350.9716,905.5134,1131.3159,1869.1641,1235.9169,1284.4049,818.6505,1033.2273,1857.5859,11.00000000000,08,083
08,079,00198155,08079,Mineral,Mineral County,06,H1,G4020,,,,A,2267965576.00000000000,5222183.00000000000,+37.6514782,-106.9322997,08079,37.2789,37.1734,36.8726,37.1727,37.4810,36.4050,36.2476,35.5838,36.2471,36.8979,40.3965,40.1372,38.8145,40.1434,41.4524,50.7835,50.3088,47.8889,50.2971,52.7545,55.4045,54.7624,50.7973,54.7073,58.7532,70.8682,69.9347,63.5524,69.7960,76.2980,36.8416,36.3555,32.3195,36.2706,40.3413,48.5609,47.9013,42.6251,47.7869,53.0536,32.5680,32.1360,28.4774,32.0550,35.6735,37.1332,37.0089,31.1519,35.7551,43.5467,33.3259,33.6080,26.9703,31.7180,40.7493,31.7060,32.3058,24.4231,29.5941,40.4109,29.3208,30.2225,21.3699,26.5823,39.0185,29.1900,30.0488,21.0277,26.2874,39.3815,28.4173,29.2114,20.1605,25.1546,39.1074,27.6433,28.5147,19.0655,23.8607,39.5081,25.0857,26.0353,16.5547,20.9292,37.7017,11.00000000000,08,079
08,073,00198152,08073,Lincoln,Lincoln County,06,H1,G4020,,,,A,6676021407.00000000000,22780586.00000000000,+38.9937401,-103.5075545,08073,357.0744,356.0285,353.1287,356.0235,359.0050,304.8978,303.4365,297.8036,303.4421,308.9854,350.7738,348.4247,336.9205,348.4900,359.8879,357.6739,354.4592,337.4096,354.3680,371.6378,351.1148,347.4647,322.3435,347.1316,372.6130,463.6325,458.0232,416.5414,457.2103,499.3003,502.3385,495.6313,440.5383,494.4555,550.0481,501.1713,494.1109,439.4337,492.8791,547.5235,551.0348,543.0824,480.5947,541.5794,603.4998,542.8864,540.5200,454.4517,522.0607,636.5185,432.5855,435.7708,349.2525,411.1181,528.8670,426.7459,434.3331,327.8711,397.7094,543.8515,408.0735,420.1466,296.6022,369.3640,542.9986,387.2727,398.1782,278.1362,348.1404,522.4433,370.2246,380.0776,261.7903,327.0929,509.4571,343.6070,353.9523,236.1251,295.9796,491.0534,317.7045,329.2774,208.8525,264.5068,477.4555,11.00000000000,08,073
08,059,00198145,08059,Jefferson,Jefferson County,06,H1,G4020,216,19740,,A,1979289991.00000000000,25446228.00000000000,+39.5864595,-105.2456005,08059,37189.4446,37085.6921,36786.3342,37084.9351,37391.2552,37363.8036,37197.5536,36513.8534,37197.3572,37868.3866,40198.3536,39945.2994,38630.0442,39950.9117,41251.8903,51275.9524,50841.0404,48395.6429,50826.1937,53294.3768,57389.7066,56818.0820,52712.4256,56764.5937,60920.0561,59943.0779,59271.5864,53937.8607,59176.7021,64570.2022,55719.8256,55058.9298,49012.9400,54947.3415,61021.3635,56061.8085,55369.5620,49340.1857,55251.7278,61252.5125,57258.0226,56548.2452,50161.5651,56416.1617,62723.8111,54167.1618,54046.8011,45551.8330,52232.3398,63537.5082,58544.8643,59121.1238,47521.1225,55821.4637,71598.9234,59145.6191,60347.5833,45705.1949,55310.5693,75394.2791,58316.2747,60194.2995,42647.7409,52975.9636,77611.4157,58178.0715,59971.7170,42051.2942,52497.0567,78497.9830,57528.7123,59212.0900,40945.9558,51019.8195,79176.0995,55750.3737,57574.9335,38569.8365,48205.8955,79683.8287,53760.3763,55852.1799,35579.0308,44922.4094,80800.8929,11.00000000000,08,059
08,103,00198167,08103,Rio Blanco,Rio Blanco County,06,H1,G4020,,,,A,8342179365.00000000000,4868121.00000000000,+39.9726062,-108.2006849,08103,311.3906,310.5024,307.9858,310.4969,313.0776,297.9780,296.6444,291.1879,296.6434,301.9999,296.7369,294.8009,285.0788,294.8502,304.4757,330.7042,327.8098,312.0423,327.7202,343.6649,301.3814,298.3297,276.7681,298.0469,319.8882,257.9427,254.9388,231.9244,254.5088,277.8205,246.7547,243.7020,216.8289,243.1793,270.2180,324.1439,320.0151,285.0413,319.3079,354.1487,393.2408,388.2331,344.2488,387.2985,430.7630,313.0454,312.3447,263.2461,301.8573,367.1976,253.3702,255.7745,205.5048,241.4716,309.8509,252.2964,257.3286,194.7975,235.8177,321.5965,249.5359,257.4811,182.3344,226.5706,332.0920,241.6772,249.0485,174.5475,217.9764,326.0809,236.7918,243.6440,168.4019,209.9035,325.8877,230.4743,237.9502,159.3310,199.2013,329.4115,221.4538,230.0072,146.4469,184.9700,332.8373,11.00000000000,08,103
08,115,00198173,08115,Sedgwick,Sedgwick County,06,H1,G4020,,,,A,1419419181.00000000000,3530734.00000000000,+40.8715679,-102.3553579,08115,111.7671,111.4512,110.5495,111.4491,112.3730,110.7785,110.2734,108.2401,110.2736,112.2710,122.0404,121.2830,117.2920,121.2988,125.2450,161.2274,159.8892,152.1988,159.8406,167.5927,179.0747,177.3246,164.5142,177.1590,190.1127,179.8875,177.8811,161.8796,177.5981,193.7759,176.9854,174.9165,155.7360,174.5689,193.8284,168.3101,166.2327,148.1321,165.8792,183.8938,187.4737,185.1996,164.3338,184.7774,205.3758,182.8411,182.4386,153.7668,176.3147,214.4716,176.1753,177.9330,143.0436,168.0095,215.4619,187.8074,191.6476,145.1707,175.6594,239.4053,190.9808,197.1537,139.7063,173.5200,254.1727,191.1610,197.0760,138.2089,172.5217,257.9300,192.5575,198.2120,137.0874,170.7966,265.0163,191.9212,198.2203,132.8090,165.9719,274.3136,188.7835,196.1447,124.9664,157.7676,283.7393,11.00000000000,08,115
08,113,00198172,08113,San Miguel,San Miguel County,06,H1,G4020,,,,A,3332308274.00000000000,5213876.00000000000,+38.0093735,-108.4273260,08113,641.4372,639.6225,634.4463,639.6106,644.9143,651.5908,648.6669,636.7311,648.6651,660.3832,597.6423,593.9001,574.3496,593.9812,613.3168,606.4244,601.3917,572.4658,601.2086,630.3665,592.7769,587.2452,544.8439,586.7068,629.4873,567.9994,562.0893,511.7968,561.2762,611.9761,618.2929,611.4814,544.8006,610.3615,677.1813,679.9493,672.0834,599.4278,670.7626,742.9360,767.9170,758.8080,673.5275,757.1214,841.2713,599.3106,598.4717,504.8768,578.5127,703.1045,765.9952,774.1398,622.8212,731.1206,936.8916,775.2215,791.5856,600.1258,725.7234,988.2664,761.5727,786.6991,557.9801,692.5851,1013.6078,779.5647,804.1823,564.4791,704.1833,1051.8962,790.5624,814.2565,563.6636,701.8288,1088.0869,789.2826,815.6359,546.9743,683.1268,1128.1557,774.7828,805.3977,513.5924,647.9869,1164.5138,11.00000000000,08,113
08,003,00198117,08003,Alamosa,Alamosa County,06,H1,G4020,,,,A,1871636898.00000000000,1807726.00000000000,+37.5684423,-105.7880414,08003,671.1630,669.3059,663.9112,669.2915,674.8073,681.2124,678.2190,665.7731,678.2127,690.4226,753.2507,748.5382,723.8982,748.6400,773.0087,940.7699,932.9886,888.1135,932.7027,977.9289,978.1278,968.4589,898.4849,967.5501,1038.3462,1094.5452,1082.7387,985.5955,1081.0927,1179.1677,846.5603,836.8097,745.1791,835.1801,927.1409,1336.4296,1320.2050,1176.7210,1317.4528,1460.1844,1523.7795,1505.2229,1335.5607,1501.7764,1669.2782,1373.4599,1370.2868,1154.7920,1324.2509,1611.0244,1445.2930,1459.6469,1173.3746,1378.2208,1767.5785,1521.3990,1552.4449,1175.8956,1422.9112,1939.3777,1528.0947,1577.4310,1117.7377,1388.3167,2033.7074,1553.4236,1601.4374,1123.0289,1401.8880,2096.0002,1592.4203,1639.1327,1133.6049,1412.3981,2191.6389,1580.4027,1632.2322,1093.5613,1366.6674,2258.8720,1590.6736,1652.6616,1052.8897,1329.2908,2390.7602,11.00000000000,08,003
20,203,00485062,20203,Wichita,Wichita County,06,H1,G4020,,,,A,1861082136.00000000000,61987.00000000000,+38.4819222,-101.3474341,20203,126.6651,126.3035,125.2797,126.3013,127.3513,107.1463,106.6581,104.6916,106.6584,108.5900,117.9314,117.1523,113.2866,117.1730,121.0016,105.5427,104.6164,99.5844,104.5880,109.6774,104.3544,103.2675,95.8013,103.1685,110.7425,127.7518,126.2515,114.8462,126.0361,137.5931,148.8748,147.0351,130.8233,146.7202,163.0312,132.8009,131.1271,116.8142,130.8410,145.0948,156.4178,154.4627,137.0008,154.0985,171.3474,139.0142,138.6804,116.8590,134.0178,163.0561,130.7573,131.9868,106.0355,124.6026,159.9036,141.1407,143.9506,108.9652,131.9155,179.9082,145.2224,149.8412,106.1045,131.8510,193.2671,149.6880,154.2463,108.0972,134.9992,201.9646,155.9682,160.4772,110.9139,138.2520,214.6528,161.3368,166.5651,111.5261,139.4388,230.5946,159.4311,165.5877,105.4291,133.1638,239.6192,11.00000000000,20,203
20,189,00485056,20189,Stevens,Stevens County,06,H1,G4020,,,,A,1883679100.00000000000,464936.00000000000,+37.2023561,-101.3157956,20189,343.4187,342.4319,339.6528,342.4262,345.2782,303.2488,301.8688,296.3041,301.8694,307.3353,333.3097,331.1649,320.2503,331.2168,342.0191,355.2466,352.2667,335.3232,352.1616,369.2518,295.6753,292.7795,271.6276,292.5057,313.8963,320.0548,316.4401,287.9456,315.9279,344.7520,313.3173,309.4807,275.3896,308.8260,343.1145,344.5381,340.4937,303.6261,339.8125,376.4508,409.9001,405.1357,359.7037,404.2555,449.0672,398.1667,397.6223,335.4506,384.3651,467.1279,369.9992,373.9643,300.8962,353.1926,452.5524,405.1478,413.7069,313.6509,379.2876,516.4906,433.4771,447.7573,317.5581,394.1833,576.9303,450.3034,464.4977,326.0183,406.7279,607.6091,481.5962,495.9877,343.2991,427.4873,662.8393,511.7628,528.7896,354.5457,442.8567,731.4805,539.4344,560.6727,357.4459,451.0595,810.7757,11.00000000000,20,189
20,065,00481811,20065,Graham,Graham County,06,H1,G4020,,,,A,2327160854.00000000000,599432.00000000000,+39.3494451,-099.8809524,20065,130.6151,130.2477,129.1947,130.2451,131.3235,105.6951,105.2282,103.2958,105.2274,107.1234,146.4288,145.5004,140.7081,145.5216,150.2627,161.4298,160.0525,152.3541,160.0063,167.7791,133.1387,131.8506,122.3264,131.7279,141.3538,145.6794,144.0528,131.0932,143.8232,156.9263,131.0013,129.5093,115.3432,129.2610,143.4727,133.9349,132.3351,117.9787,132.0646,146.3389,170.5565,168.4837,149.4973,168.0988,186.8426,162.8973,162.5758,137.0612,157.1287,191.0866,139.1959,140.6697,113.1676,132.8507,170.2500,146.3274,149.4054,113.2581,136.9707,186.5395,147.1762,152.0191,107.8093,133.8280,195.8816,147.9796,152.6431,107.1350,133.6584,199.6736,151.4126,155.9414,107.9396,134.4061,208.3954,152.7080,157.7974,105.8105,132.1576,218.2714,151.7570,157.7448,100.5819,126.9106,228.0932,11.00000000000,20,065
20,093,00485011,20093,Kearny,Kearny County,06,H1,G4020,,,,A,2254697108.00000000000,1133601.00000000000,+37.9944614,-101.3081363,20093,206.1946,205.6306,203.9767,205.6259,207.3151,200.5536,199.6698,196.0044,199.6682,203.2645,178.3431,177.2578,171.4298,177.2784,183.0382,215.7054,213.8969,203.6088,213.8330,224.2099,248.4355,246.0411,228.2693,245.8126,263.7709,285.4403,282.2055,256.7867,281.7466,307.4632,250.7301,247.8594,220.7342,247.3807,274.5980,214.8004,212.3247,189.3806,211.9094,234.6989,241.6670,238.8704,212.0961,238.3540,264.7605,259.3335,258.9847,218.4957,250.3514,304.2506,227.0487,229.5464,184.7569,216.8163,277.7177,237.2852,242.3727,183.8284,222.2335,302.5050,247.3781,255.6050,181.3577,225.0510,329.2512,256.8146,264.9827,186.0588,232.0555,346.5348,261.0464,268.9232,186.2162,231.8133,359.2943,265.8316,274.7498,184.2968,230.1313,379.9675,266.7770,277.3491,176.8972,223.1556,400.9730,11.00000000000,20,093
20,063,00485000,20063,Gove,Gove County,06,H1,G4020,,,,A,2775599078.00000000000,245361.00000000000,+38.9172385,-100.4873598,20063,103.3496,103.0542,102.2187,103.0524,103.9094,127.8449,127.2549,124.9046,127.2557,129.5654,146.5042,145.5658,140.7692,145.5881,150.3348,191.7053,190.0484,180.9072,189.9950,199.2319,166.1752,164.5080,152.6196,164.3526,176.3896,189.9400,187.8218,170.9261,187.5229,204.6047,176.4080,174.3904,155.3073,174.0540,193.2012,198.3832,195.9376,174.6053,195.5214,216.7515,254.6183,251.4030,222.9485,250.8034,278.9167,247.2342,246.6625,207.8711,238.3755,289.9977,208.4488,210.4892,169.1789,198.7379,254.9259,220.9206,225.3980,170.6966,206.5806,281.6111,226.7845,234.0757,165.8307,206.0014,301.8197,227.2145,234.2079,164.2112,205.0125,306.5729,231.0854,237.8362,164.4551,204.9259,318.0393,229.4432,236.9415,158.7169,198.3801,327.9417,223.9830,232.6886,148.2167,187.1495,336.6420,11.00000000000,20,063
20,133,00485030,20133,Neosho,Neosho County,06,H1,G4020,,,,A,1480106485.00000000000,16374157.00000000000,+37.5642833,-095.3156826,20133,921.3839,918.8151,911.3993,918.7963,926.3840,877.3234,873.4306,857.3824,873.4252,889.1744,882.8038,877.3060,848.4329,877.4223,905.9742,956.0277,947.9540,902.3586,947.6748,993.6832,918.7107,909.6394,843.9161,908.7861,975.2779,909.7227,899.4643,818.4803,898.0114,979.9263,831.3394,821.3234,730.9958,819.6233,910.4204,889.8276,878.7320,782.9358,876.8396,972.2096,994.7494,982.1479,870.9444,979.7972,1089.6743,940.5898,938.3170,790.6593,906.7665,1103.2575,741.6064,748.5261,601.2995,706.6319,906.9045,720.8643,735.1413,556.4009,673.6540,918.8572,695.4083,717.4384,507.9399,631.2686,925.4662,649.6321,669.3121,468.9546,585.7532,876.4986,610.9160,628.4573,434.2317,541.3708,840.7698,575.6536,594.1819,397.7040,497.3624,822.7581,537.7555,558.3982,355.3892,449.0056,808.2196,11.00000000000,20,133
20,183,00484969,20183,Smith,Smith County,06,H1,G4020,,,,A,2319243495.00000000000,3884277.00000000000,+39.7846603,-098.7854295,20183,176.0188,175.5302,174.1146,175.5265,176.9743,154.2179,153.5236,150.6975,153.5233,156.2982,186.6903,185.4891,179.3757,185.5181,191.5686,207.4429,205.6802,195.7872,205.6203,215.6066,185.3266,183.4502,170.1914,183.2763,196.7069,242.6721,239.9210,218.3102,239.5307,261.3950,206.2208,203.7129,181.2881,203.2859,225.8348,193.2245,190.8403,170.0608,190.4345,211.1151,191.5060,189.1879,167.8778,188.7576,209.7938,154.1686,153.8424,129.6774,148.6820,180.8421,166.2134,167.8527,134.9219,158.4856,203.2754,168.9098,172.3449,130.5307,157.9608,215.3135,158.7403,163.8544,116.0931,144.2062,211.2629,150.9134,155.5697,109.0869,136.1815,203.6233,147.8863,152.2186,105.2664,131.1604,203.5346,135.0882,139.5167,93.4713,116.8165,193.0817,125.4060,130.2957,83.0128,104.8023,188.4837,11.00000000000,20,183
20,167,00485046,20167,Russell,Russell County,06,H1,G4020,,,,A,2295402664.00000000000,34126812.00000000000,+38.9168388,-098.7656381,20167,345.2147,344.2579,341.4823,344.2506,347.0889,364.0248,362.4333,355.7867,362.4294,368.9488,342.5851,340.4893,329.2919,340.5301,351.5979,458.5822,454.7334,432.8613,454.5978,476.6599,450.6322,446.2300,413.9932,445.8133,478.4099,483.8974,478.7202,435.7966,478.0006,521.3213,439.6000,434.5594,386.9954,433.7183,481.4463,426.1041,421.0743,375.4539,420.2261,465.5701,485.1910,479.4833,425.6443,478.4275,531.5440,517.5026,516.5732,435.5902,499.2902,607.0786,436.3075,440.9413,354.7469,416.4364,533.6484,451.8857,461.4109,349.7965,423.0155,576.0704,466.1011,481.4478,341.4439,423.8397,620.3500,471.6324,486.4997,341.4615,425.9937,636.3891,477.1876,491.4651,340.1875,423.5965,656.7730,468.5469,484.1737,324.6730,405.5071,669.7131,464.8448,483.1941,308.1056,388.7484,698.6697,11.00000000000,20,167
20,153,00485040,20153,Rawlins,Rawlins County,06,H1,G4020,,,,A,2769775797.00000000000,415527.00000000000,+39.7861975,-101.0767378,20153,121.6283,121.2788,120.2945,121.2768,122.2869,91.0564,90.6331,88.9576,90.6339,92.2809,113.3726,112.6391,108.9258,112.6572,116.3328,175.5377,174.0425,165.6712,173.9921,182.4435,157.4814,155.9287,144.6628,155.7826,167.1794,192.7754,190.6120,173.4567,190.3061,207.6550,168.8116,166.8784,148.6153,166.5560,184.8813,159.3870,157.5111,140.4513,157.1949,174.1498,225.5317,222.7217,197.5523,222.1984,247.0590,224.1417,223.6129,188.4365,216.0975,262.9084,206.9218,208.9830,168.0021,197.3268,253.0642,222.4304,226.9751,171.9274,208.0386,283.5401,232.8820,240.4055,170.3515,211.5856,309.9379,235.8771,243.1723,170.5325,212.8733,318.2642,241.9016,249.0020,172.2116,214.5604,332.9281,243.5375,251.5282,168.5228,210.6061,348.0888,242.3649,251.8135,160.4314,202.5435,364.2713,11.00000000000,20,153
20,177,00485051,20177,Shawnee,Shawnee County,06,H1,G4020,,45820,,A,1408995941.00000000000,30330019.00000000000,+39.0418052,-095.7556639,20177,10396.3699,10367.4218,10283.7647,10367.2075,10452.7941,10155.7873,10110.8898,9925.2037,10110.8161,10293.0199,10650.7173,10584.0778,10235.6745,10585.5174,10930.0854,12029.0567,11928.0118,11354.2907,11924.4625,12503.1961,10707.2894,10602.3524,9836.3805,10592.4377,11367.0806,10443.7423,10326.4651,9397.0266,10309.8795,11249.8329,9898.2474,9781.2119,8707.4705,9761.4724,10840.0722,10616.3932,10484.7419,9342.4630,10462.3132,11599.3215,10584.9623,10452.8556,9271.3699,10428.2527,11595.2827,9519.1941,9497.8183,8004.7561,9178.8972,11165.8594,9472.7705,9564.9498,7687.2294,9030.7839,11584.7921,9233.4208,9420.0342,7133.3895,8633.4228,11769.9290,8749.9576,9030.7687,6397.3346,7947.4594,11644.9753,8368.8203,8625.9321,6047.4535,7550.4688,11291.7259,8110.5913,8347.0814,5771.2310,7191.8823,11162.4456,7794.5560,8048.8845,5391.1590,6738.7886,11140.6802,7361.8236,7647.5938,4870.9053,6150.7419,11064.6484,11.00000000000,20,177
20,161,00485044,20161,Riley,Riley County,06,H1,G4020,,31740,,A,1579300177.00000000000,31558381.00000000000,+39.2912114,-096.7274889,20161,2412.4674,2405.7583,2386.3500,2405.7082,2425.5618,2731.2942,2719.1729,2669.2107,2719.1564,2768.1882,3508.0201,3485.5867,3370.7397,3486.1169,3599.7633,4731.2058,4690.2956,4464.6953,4688.9793,4916.9461,4768.2425,4719.2897,4378.1468,4714.7905,5060.6010,1786.2926,1765.5859,1606.2602,1762.6259,1923.9774,2184.6681,2156.5311,1917.7400,2151.6519,2392.2755,5431.4787,5359.2677,4770.5366,5346.7994,5934.0742,5594.8275,5518.9682,4888.9699,5504.7171,6128.1136,5036.8438,5019.2973,4224.2918,4849.0751,5906.6228,6349.4267,6404.5320,5140.9070,6044.7977,7763.9906,6370.1752,6492.1747,4909.5449,5947.7428,8119.3067,6186.2459,6378.1294,4511.5484,5610.5356,8232.4442,6178.8199,6362.1825,4453.7552,5566.3926,8336.2648,6200.1040,6374.6633,4400.8932,5489.9034,8532.5807,6412.5593,6616.0244,4425.0790,5536.7480,9165.0018,6739.2452,6995.7155,4449.8270,5624.2815,10128.6104,11.00000000000,20,161
20,031,00484985,20031,Coffey,Coffey County,06,H1,G4020,,,,A,1623784229.00000000000,70310651.00000000000,+38.2364502,-095.7291373,20031,494.7630,493.3758,489.3897,493.3660,497.4469,475.6807,473.5914,464.9011,473.5869,482.1123,425.5236,422.8981,408.9856,422.9513,436.7058,491.3772,487.3133,463.8744,487.1639,510.7861,467.2575,462.7121,429.2862,462.2807,496.0726,583.9428,577.4580,525.5298,576.5444,629.0350,535.6804,529.4498,471.4210,528.4049,586.6626,471.2307,465.5831,415.0554,464.6277,514.8714,429.8502,424.6805,376.8790,423.7217,470.9025,378.9436,378.2587,318.9551,365.6021,444.5349,404.9833,409.1394,329.0243,386.3571,495.3122,394.5218,402.7136,305.1746,369.1601,502.9271,377.4249,389.7535,276.3155,343.0805,502.3190,369.3907,380.9513,267.2941,333.5392,498.4235,361.9379,372.6969,257.9030,321.2010,498.1444,340.2366,351.5320,235.6700,294.3947,486.3103,317.3999,329.8970,210.3200,265.4013,477.0556,11.00000000000,20,031
20,185,00485054,20185,Stafford,Stafford County,06,H1,G4020,,,,A,2051389748.00000000000,7435429.00000000000,+38.0356303,-098.7198888,20185,207.9249,207.3330,205.6533,207.3293,209.0515,178.9632,178.1844,174.9187,178.1823,181.3850,173.9404,172.8396,167.1473,172.8645,178.4958,229.4493,227.4414,216.5015,227.3792,238.4419,208.3362,206.2667,191.3625,206.0728,221.1558,223.7391,221.2390,201.3341,220.8860,241.0118,245.4443,242.3519,215.5777,241.8192,268.7766,223.5985,220.6610,196.4560,220.1549,244.2909,226.0037,223.1008,197.7994,222.5585,247.5655,221.2719,220.6504,185.8448,213.2077,259.5181,190.4051,192.2128,154.4363,181.4645,232.8499,187.7815,191.5314,144.9936,175.5223,239.3614,183.2095,189.0442,133.8724,166.3501,243.8224,177.6684,183.0833,128.3110,160.2396,239.7173,173.4854,178.5024,123.3737,153.7815,238.7612,167.4262,172.8515,115.7348,144.7012,239.2979,159.3572,165.5097,105.3780,133.1005,239.5081,11.00000000000,20,185
20,049,00484994,20049,Elk,Elk County,06,H1,G4020,,,,A,1668637984.00000000000,16061465.00000000000,+37.4560259,-096.2446421,20049,113.3858,113.0750,112.1652,113.0725,114.0019,91.7964,91.3817,89.6987,91.3816,93.0343,76.0090,75.5259,73.0380,75.5370,77.9985,76.1394,75.5169,71.8847,75.4933,79.1514,71.2473,70.5609,65.4642,70.4953,75.6454,72.0074,71.2428,64.8586,71.1368,77.5780,64.3976,63.6643,56.7005,63.5422,70.5283,70.0011,69.1924,61.7134,69.0566,76.4857,73.2639,72.3940,64.2570,72.2329,80.2623,65.7182,65.6411,55.3897,63.4560,77.1034,55.6926,56.3088,45.3251,53.1872,68.1217,58.5800,59.8374,45.3852,54.8659,74.6814,61.1762,63.2116,44.8510,55.6559,81.4234,63.2654,65.2753,45.8310,57.1632,85.3675,65.3080,67.2729,46.5772,57.9873,89.8869,67.3445,69.5969,46.6766,58.2917,96.2586,68.3984,71.1021,45.3420,57.2060,102.8042,11.00000000000,20,049
20,143,00485035,20143,Ottawa,Ottawa County,06,H1,G4020,,41460,,A,1866689468.00000000000,1561343.00000000000,+39.1379632,-097.6548025,20143,315.2487,314.3667,311.8278,314.3604,316.9591,347.9888,346.4559,340.0962,346.4530,352.6926,324.7623,322.7473,312.1271,322.7893,333.2904,305.4218,302.9017,288.3327,302.8085,317.4894,272.9076,270.2657,250.7431,270.0142,289.7459,378.8118,374.5251,340.7948,373.9173,408.0404,385.7165,381.0441,339.1150,380.2496,422.4048,322.1826,318.1370,283.4267,317.4460,352.0093,343.6676,339.3611,300.9854,338.5587,376.4681,271.4953,270.8077,228.1619,261.6934,318.4406,286.4968,289.2825,232.4906,273.1265,350.3730,276.4663,282.0504,213.5814,258.4969,352.4137,254.7984,262.9710,186.2822,231.4239,339.1009,248.9346,256.5775,179.8757,224.5859,335.8773,242.4619,249.5263,172.5185,214.9907,333.6951,226.5249,233.9105,156.6675,195.8351,323.7694,207.8224,215.8840,137.4944,173.6270,312.3519,11.00000000000,20,143
20,173,00485049,20173,Sedgwick,Sedgwick County,06,H1,G4020,556,48620,,A,2583543968.00000000000,30067177.00000000000,+37.6838070,-097.4594505,20173,28417.1058,28337.7175,28108.9174,28337.1439,28571.2968,28584.0576,28457.6862,27935.0589,28457.4782,28970.3053,29267.2761,29084.6469,28127.3582,29088.5453,30035.2321,35116.3572,34823.0012,33148.0662,34812.5258,36501.5468,33907.5920,33576.9589,31151.3239,33545.6259,35998.1109,34101.1168,33721.2062,30688.0402,33667.6243,36734.0603,32266.2515,31882.5219,28380.6117,31817.6721,35336.1506,32950.4298,32544.1655,29000.9283,32475.0326,36001.3112,34970.7512,34538.1982,30638.3511,34457.7211,38309.1361,31552.2609,31482.0035,26533.5844,30425.0489,37010.4319,30604.0485,30905.6638,24842.1031,29180.8786,37428.0570,30679.6244,31303.4846,23708.5726,28690.8184,39108.0688,29675.3079,30631.3651,21702.7546,26958.2820,39494.0289,28580.1650,29461.6976,20658.5208,25789.8529,38562.4235,27707.3522,28518.5034,19721.3440,24572.9949,38133.3386,26611.0417,27482.3193,18410.9976,23010.3379,38035.1019,25402.6434,26391.3900,16812.2639,21226.9741,38179.7441,11.00000000000,20,173
20,073,00485003,20073,Greenwood,Greenwood County,06,H1,G4020,,,,A,2961132699.00000000000,24155799.00000000000,+37.8786589,-096.2422317,20073,340.5907,339.6369,336.8935,339.6301,342.4384,314.3361,312.9167,307.1542,312.9165,318.5751,288.4847,286.6834,277.2473,286.7220,296.0537,289.3751,286.9241,273.1234,286.8401,300.7682,252.6151,250.1568,232.0857,249.9236,268.1930,252.0436,249.2044,226.7690,248.8025,271.4948,240.3464,237.4814,211.3910,236.9968,263.2129,228.4829,225.5540,200.8851,225.0518,249.6316,224.2596,221.4199,196.3510,220.8902,245.6599,179.4792,178.9850,150.7612,172.9504,210.5041,153.2618,154.7229,124.3201,146.0728,187.4277,142.5143,145.3695,110.0572,133.2220,181.6613,124.5399,128.5200,91.0259,113.0968,165.7438,111.9392,115.3680,80.8715,100.9801,151.0343,100.4618,103.3867,71.4776,89.0766,138.2632,89.9907,92.9285,62.2452,77.8033,128.6230,78.3084,81.3541,51.8228,65.4333,117.6961,11.00000000000,20,073
20,119,00485024,20119,Meade,Meade County,06,H1,G4020,,,,A,2533234935.00000000000,3258258.00000000000,+37.2438862,-100.3600936,20119,266.7884,266.0377,263.8868,266.0325,268.2352,193.9434,193.0921,189.5492,193.0903,196.5659,166.2891,165.2376,159.7959,165.2614,170.6447,145.5516,144.3214,137.3797,144.2790,151.2839,125.0356,123.7826,114.8374,123.6658,132.7222,168.2163,166.3613,151.4095,166.1006,181.2098,157.4073,155.5427,138.4649,155.2281,172.3843,118.7845,117.3137,104.5350,117.0632,129.7824,136.1111,134.3259,119.0542,133.9916,149.0922,113.0858,112.8414,95.1119,109.0550,132.6501,84.6216,85.4743,68.7224,80.7099,103.4933,76.3103,77.9000,59.0375,71.4113,97.2792,70.7549,73.0773,51.8192,64.3304,94.1695,63.6693,65.6956,46.1298,57.5327,85.9127,58.3840,60.1672,41.6857,51.8733,80.3592,51.6144,53.3781,35.8404,44.7231,73.7775,48.0013,49.9316,31.8791,40.1869,72.1490,11.00000000000,20,119
53,045,01529221,53045,Mason,Mason County,06,H1,G4020,500,43220,,A,2484878730.00000000000,237245899.00000000000,+47.3541257,-123.1738498,53045,3393.2796,3383.7313,3356.3751,3383.6659,3411.6818,3258.1550,3243.6404,3184.0121,3243.6244,3302.1500,3058.4328,3039.1549,2939.0808,3039.5846,3138.5757,3326.9036,3298.9745,3140.2984,3297.9915,3458.0484,3137.9325,3107.0286,2882.5465,3104.1173,3331.1949,3356.1376,3318.4354,3019.7485,3313.1027,3615.1737,3286.7118,3246.9576,2889.7236,3240.2006,3599.3418,3179.3533,3139.2215,2796.5081,3132.3603,3473.6755,3243.6514,3202.4480,2839.7360,3194.7598,3553.1661,3022.6921,3015.3484,2540.8016,2913.9477,3545.4335,2642.4607,2667.7109,2143.5659,2518.5860,3231.5409,2570.7226,2622.2230,1985.2449,2403.1008,3276.8694,2494.3966,2574.0174,1822.9833,2265.0831,3319.6565,2380.7930,2453.5306,1719.7001,2147.4682,3212.2756,2297.4607,2364.0721,1634.1353,2036.7408,3161.9190,2181.0191,2251.8474,1507.9223,1885.1802,3117.2850,2048.1167,2127.3307,1354.6076,1710.8290,3078.2536,11.00000000000,53,045
53,051,01529157,53051,Pend Oreille,Pend Oreille County,06,H1,G4020,,,,A,3625955333.00000000000,65405307.00000000000,+48.5438774,-117.2321828,53051,815.4780,813.1835,806.6092,813.1677,819.9004,785.2887,781.7617,767.3752,781.7598,795.8843,701.5058,697.0454,674.0842,697.1485,719.8663,796.4894,789.6562,751.6744,789.4309,827.7929,872.1335,863.3758,800.9824,862.5603,925.7364,940.2765,929.5667,845.8043,928.0448,1012.8069,920.8234,909.5463,809.3528,907.6217,1008.3955,799.3824,789.1303,702.8179,787.3721,873.3742,839.7906,829.2181,735.3979,827.2473,919.9364,727.5290,725.7535,611.5289,701.3456,853.3452,657.6664,663.8433,533.3111,626.7012,804.2616,645.9394,658.7742,498.6429,603.6885,823.3584,624.7628,644.6034,456.4220,567.1998,831.4538,600.5291,618.7824,433.6134,541.5559,810.2531,567.2045,583.5575,403.2792,502.7202,780.6174,522.4406,539.3180,361.0501,451.4641,746.7071,479.8664,498.3508,317.2456,400.7488,721.2191,11.00000000000,53,051
53,057,01531402,53057,Skagit,Skagit County,06,H1,G4020,500,34580,,A,4483794950.00000000000,489329871.00000000000,+48.4930662,-121.8162777,53057,7073.9940,7054.2099,6997.2423,7054.0681,7112.3744,7158.7945,7127.1759,6996.3011,7127.1219,7255.5378,7307.3561,7261.3278,7022.2323,7262.3511,7498.8553,8576.1330,8503.4812,8094.4735,8500.9922,8913.7807,8580.3552,8494.9867,7881.1497,8486.9931,9108.2416,9267.4032,9163.9492,8339.5347,9149.3483,9982.8775,8235.4049,8138.3150,7245.1779,8121.9562,9019.0416,8126.7522,8027.2729,7154.0260,8010.3698,8879.2504,8769.6250,8661.4922,7683.8355,8641.3811,9606.8340,8263.2656,8245.8085,6950.6145,7969.2239,9692.9426,7953.5703,8032.1269,6456.4192,7583.9221,9727.0640,7927.6443,8089.0240,6126.6216,7413.9533,10105.5832,7799.4757,8050.9206,5704.3582,7085.5770,10380.1167,7632.8586,7868.4465,5517.5111,6887.8559,10298.8181,7508.0641,7728.0168,5344.2979,6658.9135,10333.2823,7187.9446,7423.4260,4973.2664,6215.5284,10273.7231,6866.2017,7133.5797,4544.4899,5737.6934,10319.7928,11.00000000000,53,057
53,009,01531341,53009,Clallam,Clallam County,06,H1,G4020,,38820,,A,4502251295.00000000000,2414668004.00000000000,+48.1130086,-123.9306111,53009,3825.4510,3814.8510,3784.0951,3814.7698,3846.2205,3704.2083,3687.9461,3620.2776,3687.9114,3754.2949,4043.3165,4018.1678,3885.9327,4018.6969,4149.4567,4630.4057,4592.0223,4371.1539,4590.6208,4813.2459,4845.8574,4798.9798,4452.3294,4794.5160,5144.8677,4784.4852,4732.4403,4307.5678,4725.1618,5154.2606,4590.6025,4537.2199,4039.9416,4528.2682,5027.5044,4293.4054,4241.5442,3780.8216,4232.7561,4690.9945,4595.5915,4539.5765,4027.8439,4529.1720,5034.3975,4612.2452,4603.5793,3881.5127,4449.4547,5410.4987,4271.4464,4315.2203,3470.1819,4074.9145,5224.1550,4267.3425,4355.8092,3300.6749,3992.8416,5439.8905,4207.2611,4344.4709,3079.7879,3824.1369,5599.4721,4130.1282,4259.1326,2988.1557,3728.9526,5572.8115,4025.4552,4144.8557,2867.9282,3572.0509,5540.3168,3871.9154,4000.1323,2681.3649,3349.8243,5534.2214,3709.3494,3855.0252,2457.2761,3101.2012,5575.1699,11.00000000000,53,009
53,019,01531821,53019,Ferry,Ferry County,06,H1,G4020,,,,A,5706154501.00000000000,140280530.00000000000,+48.4372459,-118.5170739,53019,438.5698,437.3640,433.8429,437.3543,440.9523,440.7101,438.7245,430.6475,438.7239,446.6547,432.3587,429.6491,415.5050,429.7081,443.6970,496.4547,492.3887,468.7058,492.2351,516.0897,505.5157,500.6116,464.4491,500.1454,536.6990,439.9317,435.2229,396.1980,434.5682,473.9548,370.4617,366.3243,326.3274,365.6406,405.7393,398.5563,393.5318,350.5756,392.6729,435.4522,403.5059,398.5653,353.6135,397.6472,442.0315,388.6936,387.7996,326.8170,374.7722,455.9261,340.4452,343.8102,276.3654,324.6259,416.3584,337.6688,344.5508,260.9706,315.7990,430.4366,326.0659,336.5869,238.4927,296.2319,433.9533,307.8480,317.3648,222.5579,277.8198,415.3727,290.4805,299.0094,206.7996,257.6518,399.7873,274.8899,283.9167,190.2311,237.7282,392.9014,259.3627,269.4840,171.7010,216.7610,389.8193,11.00000000000,53,019
24,009,01676636,24009,Calvert,Calvert County,06,H1,G4020,548,47900,47894,A,552061078.00000000000,341669638.00000000000,+38.5213575,-076.5258639,24009,6809.8889,6790.9029,6736.0927,6790.7638,6846.8453,5205.6356,5182.6742,5087.5222,5182.6327,5275.9928,5157.8506,5125.3666,4956.6033,5126.0882,5293.0217,6389.1263,6334.9136,6030.2113,6333.0654,6640.6141,6928.4762,6859.2292,6363.5627,6852.7629,7354.5283,7567.8930,7482.4028,6808.6219,7470.2879,8151.8662,6902.6221,6820.5153,6071.3492,6806.6384,7559.3544,6340.8642,6263.1020,5581.6263,6249.8837,6927.9895,5964.9038,5890.5535,5224.8421,5876.7087,6534.2573,5607.4817,5594.7065,4715.0400,5406.7958,6577.4402,5604.6968,5659.7022,4549.0729,5343.7735,6854.3797,5508.4758,5620.2626,4256.4388,5151.1041,7021.7615,5354.0849,5526.3578,3915.2807,4863.5958,7125.5810,5230.5590,5391.6768,3780.4196,4719.6209,7057.4288,5067.3376,5215.4850,3606.4396,4493.8450,6974.1078,4776.2970,4932.4971,3304.1863,4129.7952,6826.7380,4478.3926,4652.5478,2963.6601,3742.0444,6730.9388,11.00000000000,24,009
53,003,01533502,53003,Asotin,Asotin County,06,H1,G4020,,30300,,A,1647784012.00000000000,11475136.00000000000,+46.1818612,-117.2277813,53003,1286.5534,1282.9683,1272.6144,1282.9419,1293.5355,1303.0222,1297.1684,1273.2962,1297.1653,1320.6029,1380.4831,1371.7438,1326.5662,1371.9421,1416.6360,1619.5640,1605.8864,1528.6452,1605.4135,1683.3543,1583.2870,1567.3487,1454.0777,1565.8667,1680.5727,1580.3391,1562.2741,1421.4575,1559.7038,1702.2233,1334.2393,1317.9612,1172.8330,1315.1866,1461.1353,1355.7041,1338.9182,1193.0732,1336.0594,1481.2247,1303.2400,1287.0071,1141.5698,1283.9845,1427.6365,1217.6891,1214.6890,1023.4849,1173.8300,1428.2650,1071.4977,1081.7825,869.2802,1021.3251,1310.3727,1052.3261,1073.4477,812.7305,983.7603,1341.3922,993.0169,1024.7372,725.7678,901.7567,1321.5541,918.7619,946.8373,663.6518,828.7275,1239.6364,860.8528,885.8026,612.2901,763.1499,1184.7625,797.3412,823.2131,551.2307,689.1606,1139.6216,746.6439,775.4959,493.7785,623.6537,1122.1802,11.00000000000,53,003
53,021,01531822,53021,Franklin,Franklin County,06,H1,G4020,,28420,,A,3217208258.00000000000,60193369.00000000000,+46.5345799,-118.9069436,53021,4728.0877,4714.6466,4676.4590,4714.5618,4753.7092,5638.5044,5613.4027,5510.2200,5613.3738,5714.6462,6514.3203,6472.9733,6259.7649,6473.9217,6684.8606,8007.8486,7939.3563,7557.4802,7937.0766,8322.7045,8086.1637,8005.3637,7426.8758,7997.8175,8583.4165,8372.5780,8277.6482,7532.0338,8264.1787,9018.5423,8816.4769,8709.4853,7750.9441,8691.2805,9655.0544,9734.9002,9612.9765,8564.4699,9592.1638,10636.1448,11250.9996,11110.2351,9854.0913,11084.0128,12324.8506,10788.4787,10763.9295,9071.5244,10402.4068,12654.6313,10411.5568,10512.5903,8448.5696,9925.4151,12732.8421,11037.0977,11259.9245,8526.4215,10319.5926,14069.0638,11401.0474,11766.7513,8335.2968,10355.1695,15173.1895,11722.1515,12082.1270,8470.3531,10575.6893,15816.2321,12115.0062,12468.1323,8620.4217,10742.5466,16673.6319,12383.7766,12787.7706,8565.1910,10706.3071,17700.0014,12518.1375,13004.0453,8282.5136,10458.7750,18814.4665,11.00000000000,53,021
53,011,01531820,53011,Clark,Clark County,06,H1,G4020,,38900,,A,1629112686.00000000000,70523141.00000000000,+45.7716737,-122.4859027,53011,31126.3184,31039.2723,30788.6122,31038.6475,31295.1975,32921.6041,32775.8334,32173.7844,32775.6108,33366.4001,34125.7165,33912.2578,32795.9579,33916.8640,35020.8673,37702.4044,37385.9572,35587.7440,37374.8137,39188.6533,40493.4716,40093.6613,37196.8158,40056.0549,42986.7634,44000.2632,43506.4301,39590.7825,43436.6058,47396.4594,43831.1392,43308.5258,38550.4061,43220.1280,48001.1987,43151.2900,42617.4078,37975.6044,42526.4946,47146.5604,46076.6719,45506.5527,40368.0220,45400.4774,50475.2281,43860.7214,43764.9244,36887.6335,42296.0961,51448.5665,44064.0757,44498.9901,35769.0856,42015.7849,53889.4717,44589.8492,45497.2045,34459.2164,41700.1124,56839.8503,44252.2229,45678.4998,32364.4556,40201.2990,58894.0856,44529.2895,45903.2745,32187.8697,40182.5020,60082.1809,44695.2684,46004.1995,31813.6650,39639.7422,61513.6652,44020.2339,45461.8927,30456.3214,38064.3948,62918.0481,42948.4827,44620.4817,28425.2122,35889.0276,64550.8635,11.00000000000,53,011
53,037,01531926,53037,Kittitas,Kittitas County,06,H1,G4020,,21260,,A,5949903934.00000000000,92370342.00000000000,+47.1244443,-120.6767136,53037,2258.3471,2252.0369,2233.8532,2251.9913,2270.6007,2335.6178,2325.2841,2282.5759,2325.2678,2367.1761,2507.3082,2491.5184,2409.4802,2491.8690,2573.0175,2992.7622,2967.2505,2824.5287,2966.3927,3110.4876,3097.3160,3066.2913,2844.7067,3063.3980,3287.7338,2765.8850,2735.4771,2489.6848,2731.2084,2979.5568,1353.6517,1338.0240,1191.4781,1335.4101,1482.4959,2957.0952,2922.0296,2605.2882,2916.1106,3230.9740,3239.2466,3200.6444,2840.7488,3193.4926,3548.6500,3095.3195,3089.8803,2605.5962,2986.5349,3631.1261,3829.1341,3868.4837,3111.0315,3653.0892,4683.2063,3896.5427,3977.4015,3014.0098,3645.9936,4967.2147,3883.3174,4010.0228,2842.7587,3529.7679,5168.3385,4000.3413,4125.2710,2894.2185,3611.7458,5397.6874,4118.1140,4240.1513,2933.7473,3654.1313,5667.8360,4178.9959,4317.1896,2893.6833,3615.2572,5973.1254,4361.7298,4532.7185,2888.8997,3646.2459,6555.6817,11.00000000000,53,037
24,027,01709077,24027,Howard,Howard County,06,H1,G4020,548,12580,,A,649416399.00000000000,6871682.00000000000,+39.2522639,-076.9244057,24027,22724.2941,22661.4297,22478.7832,22660.9425,22847.6846,22821.2465,22720.8449,22303.8370,22720.6450,23129.7637,24341.3411,24189.5521,23393.4030,24192.7830,24980.1005,28861.7333,28619.4674,27242.9109,28610.9381,29999.4645,28845.3480,28561.0967,26497.5507,28534.3286,30621.7975,33028.7100,32662.0968,29725.0599,32610.4583,35579.2445,33058.7046,32670.3934,29086.2628,32605.0482,36204.5571,33042.7712,32639.6757,29090.3451,32571.2299,36102.4529,34818.1925,34392.8022,30514.7858,34313.7677,38142.6554,34748.4688,34677.6810,29233.2610,33515.2126,40761.1444,36058.6299,36420.7864,29281.6105,34390.3081,44099.9900,36394.0168,37140.9104,28136.4985,34043.3763,46393.1707,36160.6477,37332.3435,26457.2144,32858.2360,48125.7776,36437.5752,37567.9221,26349.2225,32888.3525,49164.7864,36777.3208,37860.1716,26187.9033,32624.7637,50616.7373,36144.1226,37333.2458,25016.6375,31260.6833,51661.1155,35128.0454,36500.4487,23257.9603,29360.0010,52797.1753,11.00000000000,24,027
53,039,01529219,53039,Klickitat,Klickitat County,06,H1,G4020,,,,A,4846679228.00000000000,85063380.00000000000,+45.8695091,-120.7801171,53039,1284.2103,1280.5866,1270.2282,1280.5623,1291.1733,1409.4669,1403.2217,1377.4440,1403.2124,1428.5086,1389.4458,1380.7781,1335.3320,1380.9630,1425.9055,1451.5195,1439.2200,1369.9952,1438.7989,1508.6647,1486.9116,1472.3161,1365.9460,1470.9385,1578.5211,1649.8656,1631.5433,1484.8262,1628.9622,1777.2685,1557.5847,1538.8900,1369.7091,1535.7208,1705.7579,1461.5272,1443.4633,1286.2628,1440.3880,1596.8475,1483.9164,1465.5203,1299.9998,1462.0968,1625.5693,1335.1996,1332.0781,1122.5566,1287.3157,1566.1375,1388.9818,1402.5639,1127.2854,1324.2564,1698.6758,1359.1902,1386.7230,1050.1684,1270.9475,1732.5803,1302.2604,1344.1118,952.2180,1182.8972,1733.1324,1288.4667,1328.1064,931.1626,1162.5425,1738.4831,1260.4014,1297.2020,896.9472,1117.6952,1734.6694,1195.1373,1234.1762,826.7008,1033.3105,1708.2007,1142.3378,1186.7190,755.8887,954.4605,1716.9094,11.00000000000,53,039
31,089,00835866,31089,Holt,Holt County,06,H1,G4020,,,,A,6248083787.00000000000,13201507.00000000000,+42.4592867,-098.7847662,31089,489.7425,488.3872,484.4507,488.3768,492.4017,436.7358,434.8086,426.8252,434.8052,442.6383,454.2470,451.3933,436.5318,451.4560,466.1554,516.4766,512.1981,487.5623,512.0416,536.8724,439.6637,435.2773,403.8237,434.8673,466.7051,575.3396,568.9045,517.7163,567.9957,619.7541,516.7813,510.7363,454.7280,509.7205,565.9609,500.6060,494.5632,440.8472,493.5394,546.9647,581.6622,574.6622,509.9745,573.3639,637.2125,638.1181,636.9148,537.0113,615.5902,748.5579,463.5704,468.2924,376.5607,442.2053,566.9610,474.1828,483.9837,366.7162,443.6435,604.4716,494.4510,510.5392,361.8831,449.3784,658.0649,489.6175,504.8637,354.1581,441.9993,660.6402,503.1525,518.0201,358.3709,446.4084,692.4946,500.9017,517.4233,346.7666,433.2777,715.9462,493.7165,513.0364,326.9407,412.6862,742.0540,11.00000000000,31,089
31,141,00835892,31141,Platte,Platte County,06,H1,G4020,,18100,,A,1745805649.00000000000,27272400.00000000000,+41.5768655,-097.5134673,31141,1747.3891,1742.4868,1728.4070,1742.4524,1756.8675,1818.2307,1810.1014,1776.8104,1810.0945,1842.7739,1859.9515,1848.2632,1787.4110,1848.5204,1908.7094,2078.7437,2061.0171,1961.8842,2060.4217,2160.5106,2034.7328,2014.2677,1868.6998,2012.3638,2159.7694,2359.9309,2333.1190,2122.9270,2329.3121,2541.9893,2261.8519,2234.7275,1989.0690,2230.1306,2477.0248,2341.5994,2312.3046,2060.1292,2307.3049,2558.3835,2532.1207,2500.2439,2217.3599,2494.3017,2773.7749,2520.9768,2515.2950,2119.8693,2430.8298,2957.0597,2426.1579,2449.6275,1968.6026,2312.7821,2967.0644,2483.8077,2533.8689,1918.6535,2322.2333,3166.1166,2540.0902,2621.4823,1856.9131,2306.9683,3380.4951,2615.1575,2695.3860,1889.5576,2359.2848,3528.5207,2701.3725,2780.0348,1922.0248,2395.2477,3717.8369,2737.7514,2826.9923,1893.4271,2366.8131,3913.0341,2748.9073,2855.5443,1818.6733,2296.6034,4131.5391,11.00000000000,31,141
09,001,00212794,09001,Fairfield,Fairfield County,06,H4,G4020,408,14860,,N,1618456437.00000000000,549162331.00000000000,+41.2281028,-073.3667574,09001,69459.6095,69266.7441,68708.0969,69265.2864,69836.6670,64287.2078,64003.2830,62828.0144,64002.7969,65155.9868,62400.5496,62010.4438,59969.2756,62018.8413,64037.4973,69217.6284,68636.1338,65334.8303,68615.7119,71945.8857,67379.5515,66718.0986,61897.9224,66655.6660,71530.8071,73967.4187,73145.4373,66567.4534,73029.6133,79679.0364,76502.2124,75598.4878,67300.3345,75446.1121,83781.5400,78156.1353,77200.0588,68802.4724,77037.6238,85393.0552,79639.5835,78661.2236,69786.1436,78479.3364,87242.9697,72099.7021,71950.7449,60652.4402,69538.2466,84574.9170,69927.9668,70626.1763,56778.1851,66687.4585,85521.7891,69730.0449,71157.0273,53901.7532,65221.1797,88887.6899,68365.5361,70576.8921,50013.5613,62117.1384,90986.5396,67865.0420,69966.6621,49069.1609,61249.9629,91569.1680,67519.8647,69504.4692,48072.6714,59891.8130,92927.5190,65664.7510,67821.9194,45443.3105,56788.8000,93854.9854,62904.5234,65359.2847,41643.4700,52572.0913,94544.8271,11.00000000000,09,001
31,059,00835851,31059,Fillmore,Fillmore County,06,H1,G4020,,,,A,1490202759.00000000000,2990040.00000000000,+40.5250399,-097.5967053,31059,338.7863,337.8307,335.0982,337.8242,340.6232,255.3877,254.2358,249.5545,254.2355,258.8321,294.2982,292.3982,282.7599,292.4448,301.9847,329.9174,327.0406,311.3101,326.9505,342.8541,361.9815,358.2217,332.3231,357.8784,384.1472,581.4670,575.0905,523.4268,574.1961,626.3915,385.6314,380.9203,338.9694,380.1170,422.3071,340.6248,336.4322,299.8103,335.7189,372.1637,323.9748,320.1373,284.1635,319.4268,354.9227,273.3384,272.6926,229.7946,263.5274,320.6137,295.8460,298.8273,240.2608,282.1706,361.8237,312.4898,318.9106,241.6019,292.3163,398.3465,307.6704,317.6477,225.1231,279.5821,409.4756,310.1145,319.7423,224.2671,279.9172,418.4345,310.6892,319.8442,221.2441,275.6182,427.6031,279.8721,289.0889,193.7256,242.0699,400.0243,281.2944,292.2900,186.2529,235.1129,422.7837,11.00000000000,31,059
09,011,00212799,09011,New London,New London County,06,H4,G4020,,35980,,N,1722025951.00000000000,276665774.00000000000,+41.4786303,-072.1034515,09011,17245.3208,17197.4693,17058.7862,17197.1064,17338.9406,13995.6589,13933.9810,13678.1865,13933.8651,14184.8344,12893.9245,12813.8072,12392.1325,12815.4854,13232.4453,14467.6533,14347.7807,13657.6773,14343.3982,15038.9711,14856.8789,14712.5265,13649.7231,14698.8168,15773.1961,13487.5979,13341.1914,12143.6341,13320.7322,14530.0952,14698.9014,14524.5988,12929.6981,14495.1714,16097.4531,15277.2984,15087.7430,13443.8761,15055.4453,16691.7545,14629.0954,14446.3379,12813.2867,14412.2984,16025.4016,13101.6018,13071.9078,11016.7349,12632.9002,15367.8989,11811.3240,11926.8815,9586.0733,11261.0026,14444.8439,11618.1932,11853.5825,8976.7863,10863.9581,14809.8911,11241.8684,11603.1897,8220.1595,10211.5003,14961.4091,10863.0333,11197.2415,7850.6220,9801.3784,14657.1129,10468.6271,10774.2683,7449.8235,9283.3180,14407.7952,9995.6553,10322.1367,6914.1549,8642.1687,14286.7123,9402.5975,9767.8612,6221.6607,7856.1286,14131.9012,11.00000000000,09,011
31,041,00835842,31041,Custer,Custer County,06,H1,G4020,,,,A,6670570294.00000000000,932960.00000000000,+41.3938927,-099.7268662,31041,533.1587,531.6610,527.3641,531.6506,536.0504,553.4998,551.0436,540.9188,551.0402,560.9764,551.5975,548.1366,530.0911,548.2123,566.0605,598.3342,593.2030,564.6704,593.0336,621.8511,638.2610,631.8672,586.2055,631.2710,677.4999,824.9189,815.5328,742.0521,814.1995,888.5538,744.4368,735.5657,654.7568,734.0654,815.2625,752.4470,743.1176,662.1589,741.5283,822.1130,761.9087,752.4308,667.4156,750.6663,834.6356,741.2045,739.7752,623.7072,714.9982,869.4778,644.4537,650.7204,522.9715,614.3787,788.1385,653.5179,666.7214,504.8751,611.0459,833.0450,662.7795,684.0472,484.5715,601.9895,882.0669,661.1795,681.4895,477.7742,596.5215,892.1037,655.8855,675.0061,466.6999,581.5867,902.6819,626.6803,647.1234,433.4391,541.7907,895.7075,596.4628,619.6114,394.6374,498.3338,896.4693,11.00000000000,31,041
31,019,00835831,31019,Buffalo,Buffalo County,06,H1,G4020,,28260,,A,2507398525.00000000000,18873763.00000000000,+40.8552260,-099.0749833,31019,2448.1981,2441.3454,2421.6269,2441.2965,2461.4802,2612.1754,2600.5276,2552.7159,2600.5155,2647.4447,3080.7494,3061.4883,2960.7146,3061.9031,3161.5658,3951.3838,3917.6796,3729.2429,3916.5485,4106.8050,3710.2870,3673.1342,3407.6973,3669.6686,3938.3970,3607.9601,3567.2198,3246.0068,3561.4472,3886.3716,2945.4851,2910.2809,2590.4656,2904.3212,3225.7066,4304.8721,4251.4479,3788.2258,4242.3449,4703.4402,4587.7373,4530.8719,4019.1502,4520.2897,5025.6783,4516.7111,4506.4639,3797.9451,4355.1159,5298.0031,4660.3630,4706.2496,3782.8622,4443.5895,5699.5114,4845.9431,4944.4347,3744.7575,4531.7432,6177.2364,4867.8219,5024.5958,3559.9429,4422.0639,6478.4416,4938.9199,5091.1965,3569.8814,4456.6511,6663.9422,5065.2426,5213.4642,3605.1857,4492.1589,6971.2350,5146.7509,5315.1909,3560.6829,4450.2621,7356.2346,5249.1596,5453.3993,3473.9274,4386.2163,7889.3939,11.00000000000,31,019
17,125,00424261,17125,Mason,Mason County,06,H1,G4020,,,,A,1396619128.00000000000,62745254.00000000000,+40.2369926,-089.9135746,17125,830.4346,828.1023,821.4098,828.0861,834.9388,775.7289,772.3106,758.1331,772.3042,786.2143,724.0301,719.4637,695.7724,719.5657,743.0010,798.4202,791.7513,753.6693,791.5131,829.9151,689.5144,682.5683,633.2393,681.9227,731.8786,751.4157,742.8488,675.9061,741.6310,809.3755,665.5387,657.5334,585.2309,656.1754,728.8494,596.1530,588.7836,524.6609,587.5289,651.3498,546.5217,539.6479,478.5972,538.3666,598.6801,466.6736,465.4321,392.0808,449.7515,547.3535,424.2062,428.2128,344.0341,404.2612,518.7663,390.3456,398.1136,301.3540,364.8280,497.5626,352.0944,363.2765,257.2245,319.6547,468.5782,318.0432,327.7019,229.6294,286.8001,429.1133,295.0426,303.5387,209.7556,261.4868,406.0527,263.6740,272.1795,182.1988,227.8368,376.8597,232.2847,241.2152,153.5360,193.9661,349.1131,11.00000000000,17,125
17,031,01784766,17031,Cook,Cook County,06,H1,G4020,176,16980,16974,A,2448383588.00000000000,1785882224.00000000000,+41.8942937,-087.6454546,17031,323499.3789,322597.3760,319993.6191,322590.7705,325254.9414,332761.2773,331290.5439,325206.6055,331288.1084,337257.9043,337363.9648,335252.6191,324216.7520,335298.2754,346212.7246,379806.0117,376620.4727,358505.5645,376508.0664,394779.6191,376144.0605,372442.2070,345533.5859,372093.3301,399312.1465,353141.3809,349211.7930,317803.7734,348657.8223,380408.7441,307308.7832,303692.7090,270370.1777,303083.8242,336551.4180,308981.5371,305205.5430,272009.9844,304564.1563,337592.1035,318712.9629,314806.3711,279296.8027,314080.2754,349142.3242,292708.8457,292103.4941,246234.3789,282309.1426,343355.3027,305547.3164,308596.7051,248087.4375,291386.2871,373683.6387,294016.4063,300033.3145,227276.5742,275004.8594,374794.5254,276470.2832,285414.6895,202257.7695,251203.8730,367949.7793,264159.7266,272343.3652,191003.7227,238415.1309,356426.5918,252472.2559,259897.5781,179762.4971,223954.8428,347477.6621,238976.7588,246832.2920,165392.5234,206680.1846,341571.1250,225549.6807,234356.3916,149325.1240,188507.9121,338999.0742,11.00000000000,17,031
17,163,01784987,17163,St. Clair,St. Clair County,06,H1,G4020,476,41180,,A,1703588508.00000000000,42149850.00000000000,+38.4701976,-089.9285459,17163,15847.4641,15803.6823,15676.3381,15803.3399,15933.5228,15441.5681,15373.9026,15091.8802,15373.7485,15650.3982,15035.9735,14942.5886,14450.8694,14944.5411,15430.7559,16208.4285,16073.1730,15300.0779,16068.3286,16847.8759,15312.7804,15163.3775,14067.9518,15149.2243,16256.8077,14771.0267,14606.9613,13293.4059,14583.8468,15911.6396,12631.7778,12482.7964,11112.8211,12457.6906,13833.7427,12046.9896,11898.2791,10602.6804,11872.9672,13162.4106,12127.5844,11977.4131,10624.8259,11949.4701,13285.2904,10570.5291,10546.8127,8888.8671,10192.6731,12399.0631,9456.6623,9549.9724,7676.4129,9017.0410,11565.3019,8875.1825,9055.7363,6858.6948,8299.9493,11313.4221,8131.1628,8393.1880,5946.7534,7386.7628,10821.5403,7481.5710,7712.3699,5407.9448,6751.1828,10094.6793,6889.8746,7091.5828,4904.0305,6110.4698,9482.4627,6279.7696,6485.3367,4344.6228,5430.0122,8975.6578,5717.3523,5939.8284,3783.8150,4777.4637,8593.0802,11.00000000000,17,163
17,199,01785215,17199,Williamson,Williamson County,06,H1,G4020,166,32060,,A,1088181449.00000000000,62684233.00000000000,+37.7303533,-088.9300182,17199,4076.5535,4065.1376,4032.3012,4065.0565,4098.6691,4396.4658,4376.9100,4296.4644,4376.8864,4455.8401,4577.7513,4548.9529,4399.1764,4549.5898,4697.7380,5094.6037,5051.8934,4808.9045,5050.3842,5295.4678,5432.9728,5379.2285,4990.5597,5374.1788,5767.4281,5304.4896,5244.4084,4772.0543,5235.8865,5713.7621,4801.7435,4743.2044,4220.9421,4733.2288,5258.4293,4965.1898,4902.4050,4367.0913,4891.6672,5424.8257,5185.9493,5119.6121,4539.2876,5107.2250,5680.7453,4853.6381,4840.9183,4078.1805,4677.8769,5692.7967,4344.9542,4385.8179,3523.4826,4140.4483,5313.4624,4237.5282,4321.7257,3271.2220,3960.3492,5401.4423,4037.9181,4166.0698,2949.7737,3665.7806,5373.7797,3825.7632,3941.8836,2762.1157,3449.8555,5161.8277,3591.7623,3695.1059,2553.3545,3183.1554,4943.1600,3350.4580,3458.4756,2315.0588,2895.0051,4788.6843,3131.0673,3251.4317,2069.5526,2614.5356,4705.8481,11.00000000000,17,199
49,017,01448023,49017,Garfield,Garfield County,06,H1,G4020,,,,A,13403502531.00000000000,85795383.00000000000,+37.8316224,-111.4508858,49017,228.4407,227.8063,225.9690,227.8016,229.6808,279.3061,278.0545,272.9391,278.0537,283.0755,270.3964,268.6137,259.7510,268.6607,277.4379,291.4943,288.9347,275.0370,288.8563,302.9130,223.9996,221.7374,205.7120,221.5275,237.7585,230.6896,227.9040,207.2670,227.5006,248.4384,205.9452,203.3386,180.8640,202.8890,225.5213,212.8868,210.0167,186.9059,209.5198,232.5837,206.1063,203.2685,180.0208,202.7346,225.7466,155.8519,155.4038,130.8802,150.1591,182.7880,162.6593,164.0803,131.7158,154.8670,198.8990,149.0917,151.9697,114.9458,139.2334,190.0323,141.4717,145.9014,103.2446,128.3580,188.2694,136.2209,140.3248,98.2955,122.7972,183.7904,132.0690,135.8680,93.8852,117.0434,181.7598,129.6529,133.8468,89.6105,112.0456,185.3091,125.1952,130.0317,82.7931,104.5709,188.1639,11.00000000000,49,017
49,033,01448030,49033,Rich,Rich County,06,H1,G4020,,,,A,2664514120.00000000000,149136058.00000000000,+41.6275976,-111.2402269,49033,114.4437,114.1379,113.2236,114.1349,115.0667,142.8436,142.2126,139.6011,142.2115,144.7739,159.4737,158.5120,153.3023,158.5293,163.6769,163.1745,161.8464,154.0620,161.7954,169.6334,132.3623,131.1382,121.6705,131.0184,140.5668,126.9261,125.5963,114.3528,125.4129,136.7506,143.5211,141.9213,126.4284,141.6571,157.1884,141.6509,140.0359,124.9210,139.7656,154.7741,145.6433,143.9581,127.8224,143.6469,159.5609,114.8261,114.6738,96.7481,110.8517,134.7147,112.8697,114.0644,91.7634,107.7241,138.0505,112.9501,115.3294,87.4298,105.7319,143.9903,104.2791,107.7154,76.3949,94.8277,138.7889,99.3169,102.4502,71.9097,89.7095,134.0118,95.4718,98.3319,68.0683,84.7543,131.4020,90.8968,93.9306,62.9897,78.6701,129.9226,83.3429,86.6353,55.2453,69.7025,125.2660,11.00000000000,49,033
06,043,00277286,06043,Mariposa,Mariposa County,06,H1,G4020,,,,A,3752416976.00000000000,36271400.00000000000,+37.5700335,-119.9128599,06043,906.2594,903.7024,896.3926,903.6852,911.1732,812.5849,808.9323,794.0442,808.9306,823.5480,789.4412,784.4517,758.6181,784.5642,810.1201,838.1067,831.1176,791.1421,830.8668,871.1743,848.7305,840.3886,779.6723,839.6018,901.0141,895.6678,885.6825,806.0125,884.2739,964.8202,883.9726,873.2673,777.1777,871.4470,968.0540,792.8575,782.6980,697.0981,780.9560,866.2459,800.0250,789.9685,700.6047,788.0941,876.3777,754.8092,752.8010,634.1604,727.4387,885.3029,679.5671,685.9897,551.1409,647.6210,831.0505,674.2406,687.6736,520.5532,630.1837,859.4375,653.0958,673.8681,477.1755,592.9624,869.1630,632.9384,652.2106,457.0730,570.8256,853.9838,615.5836,633.3704,437.7447,545.6486,847.2024,587.2110,606.2247,405.8894,507.4901,839.2845,553.2961,574.6479,365.8602,462.1196,831.5834,11.00000000000,06,043
06,019,00277274,06019,Fresno,Fresno County,06,H1,G4020,260,23420,,A,15431126407.00000000000,137815999.00000000000,+36.7610058,-119.6550193,06019,54072.3608,53921.0852,53485.6107,53920.0035,54365.7277,56809.5078,56557.5129,55518.3840,56557.1591,57576.9183,60898.8910,60516.1650,58523.7285,60524.5927,62495.3186,72200.2472,71590.9087,68147.4758,71569.7982,75044.2843,78284.7203,77510.3140,71909.9133,77437.5543,83103.9540,79294.3265,78408.6870,71354.5327,78283.6722,85415.9779,69335.4099,68515.7117,60994.4426,68377.4664,75932.7310,70331.9418,69468.7288,61909.2869,69321.9719,76844.2108,78135.7253,77170.9847,68459.0645,76991.5302,85594.9440,74628.8748,74468.9950,62769.8030,71970.5258,87540.3214,63214.2964,63842.1763,51321.2314,60280.7745,77310.4451,64342.0053,65655.2932,49730.7609,60177.2209,82018.9260,63922.9525,65987.1818,46757.6716,58076.2924,85073.6779,62300.0086,64226.3380,45040.3116,56223.6140,84060.0983,60350.0925,62121.5302,42963.7004,53528.9660,83059.5740,57463.8824,59349.7382,39764.5240,49694.0605,82133.3071,54768.4857,56904.2458,36254.6446,45770.6004,82316.3585,11.00000000000,06,019
06,003,01675840,06003,Alpine,Alpine County,06,H1,G4020,,,,A,1912271907.00000000000,12557251.00000000000,+38.6176096,-119.7989986,06003,71.4963,71.2953,70.7189,71.2939,71.8841,55.7103,55.4623,54.4429,55.4621,56.4626,48.0796,47.7953,46.2257,47.7999,49.3500,41.9735,41.6477,39.6446,41.6335,43.6451,50.4996,49.9945,46.3817,49.9474,53.6047,50.7978,50.2141,45.6862,50.1310,54.7147,57.6679,56.9606,50.6850,56.8398,63.1521,65.2124,64.3168,57.2228,64.1612,71.2451,61.1033,60.2567,53.3597,60.0973,66.9254,41.7006,41.5818,35.0210,40.1787,48.9080,43.4601,43.8355,35.1851,41.3728,53.1421,42.1447,42.9572,32.4906,39.3566,53.7175,39.1129,40.3378,28.5446,35.4877,52.0512,37.6553,38.7912,27.1743,33.9465,50.8049,36.8582,37.9193,26.2032,32.6658,50.7261,35.2422,36.3846,24.3622,30.4592,50.3708,33.0397,34.3207,21.8578,27.6025,49.6578,11.00000000000,06,003
06,041,00277285,06041,Marin,Marin County,06,H1,G4020,488,41860,41884,A,1347585521.00000000000,797420433.00000000000,+38.0518169,-122.7459738,06041,20715.1976,20657.6398,20491.0128,20657.2077,20827.6434,19672.2510,19585.4626,19225.8717,19585.3071,19938.1286,18127.0097,18014.0289,17421.1480,18016.4288,18602.7263,18901.8662,18743.9160,17842.3616,18738.2821,19647.4342,16805.5383,16641.1233,15438.9033,16625.5731,17841.2979,19125.7360,18913.9255,17213.4571,18884.1150,20602.8000,20119.1410,19883.3233,17702.4588,19843.6692,22033.7274,22588.6021,22313.0432,19886.6646,22266.2533,24680.2523,23576.9152,23288.5555,20662.3000,23234.9734,25828.0161,21025.9212,20983.4295,17689.3440,20280.1136,24664.2093,20866.2094,21075.4254,16943.9001,19900.3497,25519.4815,20579.8687,21001.9653,15910.0149,19250.3253,26234.0995,19995.8149,20643.5787,14629.8321,18169.4853,26612.1790,19755.1079,20367.8761,14285.4651,17830.7690,26655.3263,19761.8214,20343.6509,14071.6877,17530.4645,27198.2519,19270.9795,19904.9887,13338.1397,16667.2784,27544.1822,18435.8914,19156.2101,12206.3338,15408.7745,27709.0023,11.00000000000,06,041
06,021,00277275,06021,Glenn,Glenn County,06,H1,G4020,,,,A,3403106702.00000000000,33750196.00000000000,+39.6025462,-122.4016998,06021,1527.6675,1523.3860,1511.0790,1523.3558,1535.9546,1463.9904,1457.5498,1430.7987,1457.5370,1483.7819,1496.1093,1486.8302,1437.9057,1487.0229,1535.3981,1671.3391,1657.3947,1577.6766,1656.8950,1737.2776,1618.7772,1603.0633,1487.2625,1601.5701,1718.6270,1628.9038,1611.0779,1466.3692,1608.5796,1754.7647,1558.5714,1540.3784,1371.4918,1537.3235,1706.8975,1479.7110,1461.9805,1303.3214,1458.9810,1616.7473,1671.5571,1651.0962,1464.8845,1647.2939,1831.1537,1457.1950,1453.9298,1225.3778,1405.1110,1709.2677,1220.5359,1232.7474,991.0607,1164.0066,1492.7174,1232.8002,1258.0501,952.9996,1153.1121,1571.5026,1195.7292,1234.4273,874.7846,1086.4694,1591.3776,1151.0945,1186.7654,832.3296,1038.9236,1553.1547,1112.4165,1145.1402,792.0628,986.7750,1531.0198,1057.3993,1092.1633,731.8216,914.5040,1511.3484,989.4034,1028.0409,655.0445,826.9217,1487.0645,11.00000000000,06,021
49,015,01448022,49015,Emery,Emery County,06,H1,G4020,,,,A,11557340590.00000000000,24591482.00000000000,+39.0090280,-110.7211105,49015,437.0811,435.8482,432.3230,435.8399,439.4510,463.9484,461.8941,453.4097,461.8909,470.2167,563.7834,560.2466,541.8024,560.3239,578.5662,543.7210,539.2002,513.2655,539.0366,565.1821,378.9574,375.3197,348.2113,374.9717,402.3593,375.2697,371.1057,337.7360,370.5192,404.2491,341.5143,337.5096,300.4889,336.8361,374.0135,332.4879,328.5109,292.8667,327.8383,363.2801,323.2260,319.1710,283.0736,318.4154,354.0749,215.7009,215.2398,181.4262,208.0186,253.0193,209.3549,211.4999,170.0820,199.7218,256.0496,190.4741,194.4387,147.3543,178.2416,242.8131,164.2759,169.6588,120.2964,149.3484,218.6381,147.7114,152.3544,106.9199,133.4008,199.3106,138.5374,142.6765,98.7530,122.9712,190.6742,128.1092,132.3808,88.7696,110.8717,183.1116,116.5972,121.2043,77.2903,97.5155,175.2478,11.00000000000,49,015
06,035,01693324,06035,Lassen,Lassen County,06,H1,G4020,,45000,,A,11761612172.00000000000,463440721.00000000000,+40.7210889,-120.6299314,06035,1333.6488,1329.8469,1319.0699,1329.8234,1340.8743,1168.6329,1163.4097,1142.0135,1163.4051,1184.4081,992.6259,986.2303,953.7240,986.3858,1018.5586,1014.0602,1005.4068,957.0477,1005.1168,1053.9442,992.4507,982.5176,911.5169,981.5908,1053.4701,1014.7725,1003.3401,913.0104,1001.7216,1093.0860,970.0713,958.1026,852.4814,956.0551,1062.3169,850.9161,839.7955,747.7340,837.8815,929.6658,872.3479,860.9942,763.1978,858.8703,955.5557,788.2888,786.1202,662.1603,759.6161,924.5532,633.7910,639.2909,513.1571,603.3826,774.9907,596.7493,608.1884,459.9375,557.1894,760.6068,565.8489,583.4707,412.7868,513.2777,753.0186,529.7497,545.5278,381.9477,477.3152,714.7264,496.0532,510.0477,352.1532,439.2681,682.6705,454.3919,468.7762,313.5009,392.2906,649.4268,417.1188,432.9248,275.2963,348.0258,626.8960,11.00000000000,06,035
06,015,01682074,06015,Del Norte,Del Norte County,06,H1,G4020,,18860,,A,2606493856.00000000000,578525663.00000000000,+41.7499033,-123.9809983,06015,1280.9531,1277.4039,1267.1053,1277.3767,1287.9078,1074.6147,1070.0242,1050.4585,1070.0053,1089.1815,1101.3161,1094.6517,1058.6695,1094.7744,1130.3308,1298.9018,1288.4965,1226.5231,1288.0787,1350.4225,1225.7001,1214.1823,1126.5067,1213.0661,1301.5547,1133.2533,1121.4344,1021.0778,1119.8071,1220.9862,1046.2378,1034.3174,921.1757,1032.3329,1145.8398,1058.7027,1045.9871,932.4432,1043.8349,1156.7477,1183.4744,1169.2953,1037.7367,1166.6667,1296.5073,1070.6116,1068.6990,901.1694,1032.9464,1255.9292,821.3053,829.8303,667.4293,783.6521,1004.5078,835.5476,852.9697,646.4493,781.9265,1065.1452,833.9914,861.2818,610.6533,758.1611,1109.9729,799.3830,824.4466,578.5191,721.8566,1078.6217,773.9358,796.9836,551.5500,686.8806,1065.1911,740.6333,765.2449,513.0525,640.8735,1058.6110,707.2938,735.1480,468.6874,591.4274,1063.0706,11.00000000000,06,015
13,221,00351262,13221,Oglethorpe,Oglethorpe County,06,H1,G4020,,12020,,A,1137034709.00000000000,7839225.00000000000,+33.8668062,-083.0740805,13221,1016.2142,1013.4115,1005.2481,1013.3894,1021.7334,946.2064,942.0425,924.7521,942.0343,958.9977,797.1962,792.2182,766.1424,792.3248,818.1122,872.3959,865.2196,823.6042,864.9518,906.8795,885.5742,877.0678,813.7189,876.2544,940.2578,967.6826,957.1262,871.1774,955.6484,1042.4625,840.6977,830.8354,739.6993,829.1765,920.6997,789.3434,779.9467,695.3657,778.3592,862.4483,751.8782,742.9461,659.4345,741.2919,823.6988,698.7224,697.5407,588.2578,674.2229,819.6840,669.6634,676.6797,544.3128,639.0443,819.0509,644.6726,658.1882,498.9010,603.3932,821.8291,619.4760,639.8280,453.7228,563.2522,824.4779,597.3293,616.1279,432.4124,539.4878,805.9934,574.1595,591.3218,409.2900,509.6569,790.2380,536.5407,554.4267,371.7733,464.3421,766.8987,505.0728,525.0122,334.7731,422.3936,759.1332,11.00000000000,13,221
25,023,00606938,25023,Plymouth,Plymouth County,06,H1,G4020,148,14460,14484,A,1706996627.00000000000,1124514393.00000000000,+41.9871959,-070.7419417,25023,37721.6164,37617.0585,37313.7677,37616.2597,37926.4120,32561.9019,32418.8195,31823.9119,32418.5236,33002.1522,30022.2426,29835.0734,28853.1227,29839.0519,30810.1036,34300.1195,34013.4769,32377.4791,34003.2531,35653.0451,36174.4464,35818.1837,33230.3307,35784.6226,38402.4002,39618.6437,39176.0262,35651.4211,39113.5413,42677.2343,38945.9183,38486.0627,34261.7874,38408.5388,42651.7194,38118.2435,37651.9445,33556.2795,37572.7212,41647.8285,36581.3344,36130.4818,32052.5074,36046.6329,40073.6659,33449.6948,33378.7591,28135.5975,32259.0800,39236.9601,29888.6634,30186.5629,24267.2451,28502.9378,36553.7020,29364.6120,29965.1117,22698.2746,27465.3056,37432.1982,28588.4420,29512.8055,20913.5726,25975.0950,38047.8428,27728.8795,28587.3777,20048.7524,25025.7792,37414.0961,26743.7075,27529.7527,19040.8834,23722.3008,36807.3339,25179.5422,26006.8578,17425.7519,21776.1772,35989.2667,23355.3402,24267.0279,15461.9808,19519.4315,35102.8442,11.00000000000,25,023
25,003,00606928,25003,Berkshire,Berkshire County,06,H4,G4020,,38340,,N,2400465435.00000000000,50772406.00000000000,+42.3753141,-073.2139479,25003,8205.1875,8182.3162,8116.2784,8182.1482,8249.7163,7081.6178,7050.2836,6920.7911,7050.2341,7177.3024,6580.9939,6539.8194,6324.5443,6540.7088,6753.6141,7550.1059,7486.7654,7126.6624,7484.5320,7847.7538,7185.9562,7114.9827,6600.9092,7108.3080,7628.3996,5921.8418,5855.8405,5329.1005,5846.5310,6379.0585,5071.0340,5011.2282,4461.2526,5001.1497,5553.5636,5793.0481,5722.5495,5100.4356,5710.5850,6329.4804,5573.6259,5504.8560,4883.4554,5492.0651,6105.7173,4880.7939,4870.3822,4105.2804,4706.9905,5725.2247,4331.6773,4374.4871,3516.3441,4130.3922,5297.5627,4144.2824,4228.6327,3202.7509,3875.7272,5282.8276,3887.0994,4012.3657,2842.8524,3531.2459,5173.2340,3619.2885,3730.9042,2616.0883,3265.9101,4883.4039,3395.1020,3494.4324,2416.4304,3010.9549,4672.6384,3225.4126,3330.9232,2231.3545,2788.8695,4610.0684,3070.9101,3190.3265,2032.2237,2565.9778,4615.5189,11.00000000000,25,003
13,303,00348428,13303,Washington,Washington County,06,H1,G4020,,,,A,1757182927.00000000000,15290061.00000000000,+32.9718477,-082.7981123,13303,1187.1619,1183.8357,1174.2723,1183.8122,1193.6021,1095.2502,1090.3694,1070.3242,1090.3642,1110.0390,1039.1298,1032.5144,998.5006,1032.6680,1066.3222,1113.3076,1104.0979,1050.9927,1103.7597,1157.2808,1118.9737,1107.9076,1027.8575,1106.8677,1187.8600,1283.6995,1269.1861,1154.8897,1267.1288,1382.7521,1105.7348,1092.2663,972.0100,1089.9718,1210.9008,1066.0857,1052.1510,936.8082,1049.7526,1164.7486,1160.8227,1145.7021,1015.5541,1142.8731,1271.5448,1013.9244,1011.0163,851.4797,976.8977,1189.1636,865.0353,872.8292,700.8904,823.8921,1057.7996,833.1324,849.3525,642.5644,778.2166,1061.9270,793.4729,818.3383,579.1037,719.9482,1055.9490,740.3397,762.5119,533.9929,667.2162,998.8605,693.4424,713.1151,492.4736,614.2005,954.3271,632.3799,652.5116,436.5012,546.0948,903.8189,582.3868,604.5506,384.5422,486.0351,875.2864,11.00000000000,13,303
13,021,01672039,13021,Bibb,Bibb County,06,H1,G4020,356,31420,,A,646879637.00000000000,14514058.00000000000,+32.8088443,-083.6941934,13021,8401.5172,8378.3733,8310.8961,8378.1888,8447.1508,8610.2145,8572.6116,8415.4213,8572.5169,8726.6942,8052.8807,8003.1226,7739.8200,8004.1382,8264.4598,8645.8997,8574.3996,8161.9862,8571.7712,8987.4073,9203.0666,9113.8229,8455.4745,9105.3372,9770.7933,8857.2537,8758.2699,7970.2829,8744.2949,9541.0318,7469.0753,7380.6912,6570.4065,7365.7802,8179.7545,8011.8148,7914.1427,7053.6028,7897.5605,8753.6937,8744.8103,8637.1844,7662.4778,8617.1716,9579.6748,7963.1087,7946.8636,6699.1788,7680.4621,9340.9940,6212.7747,6274.4649,5043.8781,5924.4415,7598.1577,6018.5357,6141.4247,4651.8810,5629.0186,7672.0357,5757.4396,5943.5143,4211.6515,5231.0317,7662.4655,5389.1759,5555.9310,3896.3586,4863.6995,7271.5129,4955.0666,5100.6095,3527.7227,4395.1403,6819.6450,4548.4147,4697.8375,3147.7350,3933.6046,6501.0741,4214.0325,4378.4968,2789.7661,3521.8748,6333.6469,11.00000000000,13,021
13,255,00353055,13255,Spalding,Spalding County,06,H1,G4020,122,12060,,A,508851760.00000000000,8084983.00000000000,+33.2623888,-084.2860671,13255,3784.1463,3773.7088,3743.3095,3773.6263,3804.6983,3677.3349,3661.3292,3594.2227,3661.2851,3727.0977,3331.3841,3311.0402,3202.1615,3311.4327,3419.0470,3491.6161,3463.3031,3296.7260,3462.2033,3629.8918,3448.7718,3416.3622,3169.6678,3413.2213,3662.2039,3592.1994,3553.3674,3234.5060,3547.9491,3869.8981,3150.6120,3114.1356,2772.9705,3108.0283,3450.4840,3173.0856,3135.0420,2794.7940,3128.6053,3466.9446,3352.4781,3312.1686,2939.3655,3304.6928,3672.6536,2820.5387,2815.4683,2374.0844,2721.2702,3308.7523,2388.3172,2412.8124,1940.3362,2278.4538,2921.0135,2315.5753,2363.5859,1791.0460,2166.6314,2951.8323,2184.4879,2255.7422,1599.1043,1985.5783,2907.3506,2038.3935,2102.0810,1474.8133,1840.4196,2750.4207,1888.4093,1944.4421,1345.4288,1675.7350,2599.0580,1717.6807,1774.5831,1189.5612,1486.0955,2455.1236,1575.0190,1636.8946,1043.4153,1316.8196,2367.2624,11.00000000000,13,255
13,091,00348116,13091,Dodge,Dodge County,06,H1,G4020,,,,A,1284348917.00000000000,18709412.00000000000,+32.1606555,-083.1568180,13091,1495.5914,1491.3949,1479.3438,1491.3655,1503.7039,1422.6986,1416.3661,1390.3318,1416.3588,1441.9109,1288.3395,1280.1568,1237.9894,1280.3450,1322.0642,1346.5259,1335.1902,1270.9693,1334.7945,1399.5850,1472.8588,1458.0333,1352.6626,1456.6547,1563.3600,1411.2134,1395.1489,1269.4392,1392.8665,1520.0734,924.8115,914.0573,813.8770,912.2540,1012.8287,1039.5319,1026.0513,913.6766,1023.7344,1135.7435,1039.1758,1025.6737,909.1953,1023.1482,1138.2991,886.3559,883.8435,744.4031,854.0246,1039.5544,786.4500,793.5429,637.2294,749.0534,961.7036,719.3096,733.2707,554.7017,671.8422,916.8410,655.4988,675.9613,478.2700,594.6597,872.3269,593.3746,611.0418,427.8108,534.6350,800.5671,528.0431,542.8927,374.7802,467.5359,726.6913,460.5005,475.0143,317.6024,397.4842,658.1529,406.5017,421.8211,268.1388,339.0639,610.9342,11.00000000000,13,091
25,001,00606927,25001,Barnstable,Barnstable County,06,H1,G4020,,12700,,A,1019738402.00000000000,2361587952.00000000000,+41.7988188,-070.2110827,25001,13132.3991,13096.3770,12990.9840,13096.0825,13203.7503,10555.4798,10509.1751,10316.3655,10509.0731,10698.2164,9796.8130,9735.9039,9415.5076,9737.1831,10054.0006,11377.8743,11282.5275,10739.8540,11279.1536,11826.4924,11170.9830,11061.2518,10262.1048,11050.8987,11859.1825,12311.2464,12175.9999,11082.0085,12157.0193,13262.3516,11335.2917,11202.2166,9973.3323,11179.8272,12413.9613,10896.7867,10763.6081,9592.8963,10740.9854,11905.7887,10699.7633,10568.2909,9375.8780,10543.8484,11721.2923,9335.5748,9315.0043,7851.0567,9002.3274,10950.5723,8653.9916,8739.3987,7024.8775,8251.7061,10583.6548,8419.7661,8591.0453,6506.7350,7874.0381,10732.8897,8074.7080,8334.8448,5905.3470,7335.3897,10746.4001,7736.3680,7974.8952,5591.8930,6980.9372,10438.4581,7408.5155,7625.2350,5272.8835,6570.2215,10196.2489,6861.6748,7086.0755,4746.8300,5932.9066,9807.3583,6335.5594,6581.8495,4192.5206,5293.7451,9522.2197,11.00000000000,25,001
13,265,00347654,13265,Taliaferro,Taliaferro County,06,H1,G4020,,,,A,504031776.00000000000,1915723.00000000000,+33.5593144,-082.8752078,13265,96.4804,96.2096,95.4322,96.2078,97.0037,88.9784,88.5698,86.9351,88.5702,90.1764,86.6780,86.0995,83.2571,86.1154,88.9312,85.4025,84.6592,80.5871,84.6358,88.7522,105.8775,104.7897,97.2147,104.6897,112.3687,74.1391,73.2704,66.6525,73.1458,79.8509,59.0882,58.3171,51.8507,58.1828,64.7022,40.1312,39.6135,35.2776,39.5246,43.8456,61.5730,60.7293,53.7879,60.5707,67.4409,67.6908,67.4335,56.7320,65.1407,79.3747,43.2102,43.5511,34.9260,41.0943,52.8313,39.4600,40.1827,30.3543,36.8017,50.2910,37.1064,38.2308,27.0157,33.6198,49.3776,31.9734,32.8994,23.0074,28.7753,43.1355,26.9318,27.6677,19.0774,23.8186,37.0618,24.5416,25.2972,16.8945,21.1609,35.0738,22.1234,22.9434,14.5687,18.4363,33.2485,11.00000000000,13,265
21,217,00516955,21217,Taylor,Taylor County,06,H1,G4020,,15820,,A,689784222.00000000000,27170078.00000000000,+37.3651061,-085.3266981,21217,1478.2833,1474.1894,1462.3054,1474.1579,1486.3096,1386.3939,1380.2231,1354.8532,1380.2159,1405.1159,1409.3332,1400.4644,1354.3529,1400.6608,1446.2714,1690.9435,1676.6401,1595.9957,1676.1479,1757.5306,1755.0707,1737.7299,1612.1744,1736.0994,1863.1270,1509.2657,1492.1825,1357.7918,1489.7600,1625.7177,1570.6785,1551.6307,1380.8743,1548.3904,1720.0748,1904.5217,1880.8438,1675.8715,1876.8078,2080.8499,2061.9993,2036.3081,1806.1893,2031.5244,2258.8196,2064.3142,2059.6997,1735.9340,1990.5440,2421.4120,1878.6421,1896.9563,1524.5914,1791.0288,2297.5042,1902.9671,1941.4604,1470.2179,1779.3519,2425.7342,1909.0277,1970.3294,1395.8036,1733.9868,2540.6532,1896.0184,1954.3016,1370.1517,1710.6561,2558.2272,1881.6577,1936.5526,1338.9770,1668.5541,2589.6905,1881.2594,1942.6730,1301.2394,1626.4817,2688.8671,1854.8532,1926.8855,1227.3071,1549.7521,2787.8029,11.00000000000,21,217
21,121,00516907,21121,Knox,Knox County,06,H1,G4020,,,,A,1000505156.00000000000,3757580.00000000000,+36.8874758,-083.8556299,21121,1928.5355,1923.1525,1907.6273,1923.1133,1939.0004,1952.4395,1943.8206,1908.1291,1943.8055,1978.8259,1716.4437,1705.6955,1649.5460,1705.9286,1761.4612,1778.0252,1763.0578,1678.2571,1762.5353,1848.0878,1995.5190,1975.7842,1833.0271,1973.9297,2118.3672,1839.5979,1819.2508,1655.7063,1816.3884,1981.6758,1615.4678,1596.2122,1420.8488,1592.9556,1769.1628,1586.6743,1567.5000,1397.2276,1564.2506,1733.6071,1652.3724,1632.2618,1448.2927,1628.5270,1810.1513,1495.7863,1492.6716,1258.2567,1442.6161,1754.5922,1320.2312,1333.4349,1072.0029,1259.0779,1614.6441,1258.6897,1284.4693,973.0120,1177.3274,1604.5050,1191.9823,1230.5582,872.0420,1083.0639,1586.3909,1137.8493,1173.1029,822.7405,1026.9603,1535.2825,1067.4112,1098.7983,759.9958,946.8367,1469.0780,989.9716,1022.5015,685.1244,856.1665,1414.9725,925.0321,961.1351,612.3899,773.0962,1390.3136,11.00000000000,21,121
13,087,00352234,13087,Decatur,Decatur County,06,H1,G4020,,12460,,A,1546584607.00000000000,67412720.00000000000,+30.8779607,-084.5777442,13087,1568.1065,1563.7724,1551.1708,1563.7386,1576.6217,1507.0939,1500.5135,1473.0003,1500.4968,1527.4824,1426.2815,1417.2902,1370.6211,1417.4908,1463.6550,1487.3658,1474.9999,1404.0548,1474.5523,1546.0740,1422.9720,1409.1830,1307.3897,1407.8713,1510.7599,1504.7746,1488.2009,1354.4614,1485.8728,1621.0135,1467.4850,1449.9780,1290.6665,1447.0162,1607.0993,1374.4223,1357.5344,1209.7913,1354.6627,1501.6835,1343.4465,1327.0461,1177.4262,1323.9992,1471.7212,1239.3243,1236.7234,1042.4841,1195.2453,1453.7514,1070.8720,1081.5581,869.4862,1021.2392,1309.6737,1030.3889,1051.4553,796.4623,963.7372,1313.4757,977.4325,1009.0292,715.0184,888.0739,1300.8467,925.5535,954.1944,669.1756,835.3089,1248.8320,884.8368,910.8152,629.9329,784.8350,1217.7976,828.0703,855.2402,573.0074,716.0977,1183.5631,768.9096,798.8811,508.9656,642.5699,1155.6608,11.00000000000,13,087
21,071,00516882,21071,Floyd,Floyd County,06,H1,G4020,,,,A,1018758276.00000000000,6113697.00000000000,+37.5582827,-082.7403367,21071,2241.7159,2235.4790,2217.4429,2235.4325,2253.8832,2151.7423,2142.1941,2102.8338,2142.1810,2180.8081,2033.3450,2020.4336,1953.8828,2020.7302,2086.5734,1793.5513,1778.3024,1692.7680,1777.7856,1864.1294,1693.7790,1676.8800,1555.7066,1675.3003,1797.9538,1467.4188,1450.9931,1320.4292,1448.6726,1580.6955,1167.6333,1153.6715,1026.8872,1151.3076,1278.7164,1161.0859,1146.4648,1021.3382,1143.9662,1268.5732,1295.0735,1278.4007,1133.3803,1275.2852,1418.6247,1546.4997,1540.9009,1296.6353,1488.5864,1813.5032,947.8600,956.6945,768.5143,903.1464,1159.1288,966.1908,984.8444,744.9126,902.3068,1231.5068,1026.4699,1057.8731,747.8454,930.3973,1365.9525,921.3842,948.3396,663.4736,829.5660,1243.0672,782.0819,803.9145,554.8031,692.2607,1076.2858,763.8894,787.7362,526.4413,659.0694,1091.7438,769.0055,797.6564,506.6675,641.0242,1155.7231,11.00000000000,21,071
21,125,00516909,21125,Laurel,Laurel County,06,H1,G4020,202,30940,,A,1123932843.00000000000,25231550.00000000000,+37.1132678,-084.1193951,21125,4060.8420,4049.4926,4016.7945,4049.4109,4082.8754,4038.8852,4020.9726,3947.0973,4020.9473,4093.4452,3838.3709,3814.4780,3688.9422,3814.9826,3939.1206,3875.1670,3842.8672,3658.0313,3841.7065,4028.0723,3970.8977,3932.0700,3648.0037,3928.3965,4215.6461,4139.7280,4094.0875,3726.1371,4087.6741,4459.4954,3949.5453,3902.9011,3474.5052,3895.0370,4325.3532,3947.9998,3900.0464,3476.1534,3891.9113,4313.5874,3834.0635,3787.2578,3360.2573,3778.5625,4200.1467,3560.4226,3553.0245,2995.0585,3433.8806,4176.4625,3450.5815,3485.2676,2802.1166,3290.9713,4220.0935,3329.2324,3397.6221,2573.9705,3114.2846,4243.9377,3153.5428,3255.8235,2307.4816,2865.6649,4197.0214,3058.9678,3153.9816,2212.2488,2761.1602,4127.4397,2943.9468,3030.7710,2096.5388,2611.7264,4051.7746,2762.8767,2853.9329,1912.5670,2389.7832,3949.0154,2587.8616,2689.1254,1713.6843,2163.1292,3889.5455,11.00000000000,21,125
21,035,00516864,21035,Calloway,Calloway County,06,H1,G4020,,34660,,A,997200826.00000000000,66497839.00000000000,+36.6209783,-088.2740857,21035,2135.9740,2130.0485,2112.8720,2130.0034,2147.5698,2213.0323,2203.2338,2162.7637,2203.2189,2242.9322,2291.2850,2276.7821,2201.7978,2277.1110,2351.2916,2559.2569,2537.8052,2415.7404,2537.0468,2660.1626,2451.8938,2428.1759,2252.7787,2425.9174,2603.1869,1284.8306,1269.7078,1154.9839,1267.5353,1383.7969,1302.9747,1286.0349,1143.4917,1283.0889,1426.7772,2601.3609,2568.7159,2288.4764,2563.1410,2842.1878,2845.1800,2809.4528,2491.6774,2802.7949,3116.7223,2752.0867,2745.5166,2313.5466,2653.2214,3228.0582,3142.6728,3172.9367,2549.7481,2995.6420,3843.3024,3108.7316,3171.2331,2401.1138,2906.3100,3962.6899,3037.5700,3134.7287,2220.2938,2758.5725,4042.5540,3025.1512,3117.7728,2185.4758,2728.9289,4081.6911,3012.9980,3100.5423,2143.4092,2671.3150,4146.7046,3148.4187,3250.8762,2177.1438,2721.6262,4499.9841,3247.7532,3373.5971,2148.4511,2713.1919,4881.2829,11.00000000000,21,035
13,187,00357196,13187,Lumpkin,Lumpkin County,06,H1,G4020,,,,A,732793111.00000000000,3273378.00000000000,+34.5681492,-083.9988275,13187,1679.3463,1674.6426,1661.1152,1674.6092,1688.4567,1685.1960,1677.7289,1646.9084,1677.7179,1707.9628,1512.5006,1503.0465,1453.5719,1503.2499,1552.1787,1510.0775,1497.1388,1425.1277,1496.7105,1569.4368,1387.1948,1373.7660,1274.5324,1372.4879,1472.7845,1252.5201,1238.5692,1127.1641,1236.6019,1349.2279,1110.4467,1096.7627,975.8704,1094.4226,1216.0427,1907.6942,1883.9519,1678.6159,1879.9041,2084.3148,1931.5281,1907.0087,1691.0362,1902.4339,2115.8397,1603.8878,1599.8371,1347.9121,1545.9961,1881.2253,1813.4715,1830.8800,1471.2290,1728.5586,2217.7592,1758.2488,1793.5360,1357.9216,1643.6835,2241.2265,1677.5607,1731.1488,1226.0834,1523.3910,2232.5777,1678.0899,1729.4019,1212.1965,1513.6871,2264.1602,1667.7242,1716.1161,1186.2849,1478.5172,2295.2367,1652.3288,1706.0243,1142.4583,1428.2482,2361.6416,1655.6693,1719.7483,1095.1237,1383.0639,2488.4205,11.00000000000,13,187
13,047,00353230,13047,Catoosa,Catoosa County,06,H1,G4020,174,16860,,A,419990951.00000000000,779612.00000000000,+34.8993926,-085.1373531,13047,4602.8440,4590.0532,4553.0286,4589.9573,4627.8289,4779.7858,4758.7144,4671.3526,4758.6756,4844.3910,4354.3422,4327.2395,4184.8288,4327.8116,4468.6360,4347.2996,4310.9357,4103.5861,4309.6424,4518.7518,4652.2393,4606.8878,4274.0824,4602.5892,4939.0738,4811.4100,4758.0509,4330.2276,4750.5373,5182.9691,4690.0745,4634.1292,4124.9760,4624.6646,5136.2816,4603.6639,4546.9859,4052.0169,4537.3438,5029.9222,4680.2086,4622.5714,4100.8770,4611.8532,5127.0222,4152.6454,4144.0780,3493.3519,4005.1309,4871.1691,4048.5431,4089.0590,3287.3865,3861.0468,4951.3766,3911.8487,3992.0205,3024.0901,3659.0506,4986.6051,3730.8706,3851.6867,2729.5941,3390.0525,4965.3649,3653.6413,3766.9332,2641.9843,3297.6935,4929.8102,3524.0525,3627.7980,2509.3343,3126.1301,4850.1630,3342.2766,3452.2448,2313.3249,2890.7123,4777.1461,3159.1922,3282.6411,2091.7147,2640.4801,4748.2426,11.00000000000,13,047
25,021,00606937,25021,Norfolk,Norfolk County,06,H1,G4020,148,14460,14484,A,1025908386.00000000000,124944841.00000000000,+42.1697025,-071.1798747,25021,49343.1682,49206.4324,48809.7145,49205.3853,49611.0645,46441.7778,46237.4806,45388.8719,46237.0741,47069.6256,45880.6401,45595.2045,44094.6841,45601.2180,47085.0061,54928.8123,54469.3357,51849.4385,54452.9938,57095.1300,56666.5532,56111.2754,52057.4963,56058.8059,60158.4431,57045.2609,56405.7332,51329.5840,56315.3429,61448.5524,57748.5167,57064.0358,50798.2903,56948.4910,63243.1312,60727.3203,59982.1960,53455.2659,59855.5242,66350.2764,61138.2327,60387.6907,53574.8994,60248.1699,66975.3132,57645.7688,57524.6958,48489.7964,55595.3667,67619.5789,54792.2224,55337.4727,44485.4678,52250.8157,67010.5005,54682.1863,55799.3665,42266.4160,51144.0054,69705.3545,53692.7073,55427.6094,39276.3286,48783.0439,71458.5571,52810.3181,54443.8904,38180.8164,47660.3459,71255.9146,51783.9121,53304.2046,36865.8865,45931.3608,71270.0024,50370.3345,52023.3237,34855.7266,43559.5610,71994.4727,48239.1777,50120.0093,31931.9355,40313.6052,72502.8701,11.00000000000,25,021
13,031,00350302,13031,Bulloch,Bulloch County,06,H1,G4020,,44340,,A,1742568254.00000000000,40963315.00000000000,+32.3934083,-081.7438099,13031,3767.1087,3756.7388,3726.4870,3756.6557,3787.5711,4171.5707,4153.4001,4077.2673,4153.3510,4228.0178,4317.1838,4290.6610,4149.5329,4291.1879,4430.6982,5154.7914,5112.3422,4866.4479,5110.7629,5358.5174,5909.0459,5852.5867,5429.8918,5847.1701,6274.1230,3695.5638,3657.5995,3330.6506,3652.4026,3981.8309,1386.6314,1372.0236,1223.0025,1369.6634,1518.7759,4268.7850,4219.2779,3763.0296,4210.9611,4664.2140,4473.3301,4422.0299,3926.8557,4412.5688,4900.8536,4185.1011,4180.8607,3528.5639,4041.8653,4910.3065,5112.3502,5167.3765,4157.9593,4880.4298,6253.0430,5081.1306,5189.1369,3934.7905,4757.6416,6477.6081,4964.0994,5128.6388,3638.3385,4515.3756,6606.9870,4945.7828,5102.8060,3582.6722,4468.6129,6673.6075,4816.4452,4961.7551,3435.7529,4277.0538,6629.1687,4816.9860,4978.7038,3339.7448,4170.2259,6885.1879,5047.5356,5247.5805,3347.0004,4222.2197,7586.5822,11.00000000000,13,031
25,005,00606929,25005,Bristol,Bristol County,06,H1,G4020,148,39300,,A,1432510950.00000000000,357753895.00000000000,+41.7485756,-071.0870622,25005,40227.0253,40115.1090,39791.4584,40114.2742,40445.3618,36947.0493,36784.2845,36109.0463,36783.9761,37446.4696,34425.8028,34211.2214,33085.2508,34215.7799,35329.2487,38624.4670,38301.2495,36459.0156,38289.7672,40147.6823,41338.4747,40933.1030,37975.8514,40894.8161,43885.6304,38003.8173,37580.3251,34199.9744,37520.5940,40938.0567,35639.0140,35216.9115,31350.3091,35145.6772,39030.0075,37586.1568,37125.3657,33085.9789,37047.0438,41066.4143,38562.2031,38087.7368,33789.6711,37999.5129,42243.7415,35204.8281,35130.1990,29611.9456,33951.7759,41295.7625,32613.1810,32936.9083,26477.0160,31099.4758,39885.5571,32046.8040,32700.6547,24768.9319,29972.1259,40851.1108,31072.5181,32075.5916,22728.0183,28230.0770,41353.7139,30173.2306,31105.6460,21813.0471,27229.6078,40712.0587,29063.2161,29915.5272,20688.9770,25777.3381,39999.5200,27932.2799,28848.0339,19327.2581,24154.3273,39923.6309,26648.0604,27686.2572,17638.2589,22268.8675,40051.6451,11.00000000000,25,005
21,107,00516900,21107,Hopkins,Hopkins County,06,H1,G4020,,31580,,A,1403760753.00000000000,32168048.00000000000,+37.3110702,-087.5421956,21107,2833.7857,2825.9341,2803.1512,2825.8740,2849.1712,2690.2309,2678.3085,2629.1058,2678.2910,2726.5751,2596.1121,2579.9168,2495.0026,2580.2620,2664.2350,2621.4077,2599.6393,2474.6008,2598.8486,2724.8943,2566.3947,2541.3101,2357.7178,2538.9361,2724.5822,2720.3605,2690.2950,2448.4614,2686.0666,2930.4695,2439.6225,2411.0075,2146.5426,2406.1945,2671.7806,2400.6732,2370.9881,2112.7618,2365.9338,2622.9465,2590.5524,2558.5973,2269.7855,2552.6539,2837.8629,2315.6439,2310.9816,1948.2086,2233.5276,2716.3430,2181.5524,2203.2414,1771.1536,2080.3410,2668.0200,2116.9457,2160.1828,1636.2634,1979.9535,2698.5456,2014.3680,2079.4513,1473.5072,1830.1688,2680.8819,1934.3914,1994.2352,1398.5398,1745.7624,2610.0367,1866.9252,1921.7512,1329.1254,1655.9481,2569.4433,1758.0698,1815.7889,1216.6097,1520.3856,2512.8163,1655.4562,1720.0322,1095.8837,1383.5062,2488.1314,11.00000000000,21,107
21,005,00516849,21005,Anderson,Anderson County,06,H1,G4020,336,23180,,A,522742422.00000000000,6314840.00000000000,+38.0053963,-084.9864171,21005,1594.8173,1590.3695,1577.5327,1590.3369,1603.4719,1690.0651,1682.6090,1651.7162,1682.5957,1712.9070,1419.5836,1410.7812,1364.3595,1410.9638,1456.8640,1388.8741,1377.4434,1311.1909,1377.0174,1443.7688,1345.4809,1332.3184,1236.0665,1331.0734,1428.4062,1546.6069,1529.3854,1391.8255,1526.9570,1666.0227,1483.5359,1466.0860,1305.2265,1463.1481,1624.7057,1328.9850,1312.9804,1170.4111,1310.2700,1452.0580,1432.7592,1415.2101,1255.5903,1411.9487,1569.5545,1241.7476,1239.3197,1044.8431,1197.8026,1456.6371,1250.4162,1263.1671,1015.7442,1192.8042,1529.3002,1178.0412,1202.4298,911.1245,1102.2203,1501.7304,1108.5685,1144.7113,811.4734,1007.6062,1475.4003,1073.9121,1107.4516,776.9704,969.5935,1449.0369,1050.6002,1081.7569,748.4884,932.2595,1445.9622,990.5633,1023.3683,685.9864,856.9988,1415.8360,921.5791,957.7848,610.5275,770.5020,1385.1386,11.00000000000,21,005
21,097,00516895,21097,Harrison,Harrison County,06,H1,G4020,,,,A,793479419.00000000000,9058916.00000000000,+38.4434891,-084.3327961,21097,1306.2383,1302.5727,1292.0471,1302.5471,1313.3236,1231.5644,1226.0735,1203.5320,1226.0677,1248.1930,1100.6237,1093.6658,1057.6486,1093.8228,1129.4529,1131.9927,1122.3223,1068.3396,1121.9992,1176.5083,1103.7136,1092.6611,1013.7005,1091.6302,1171.5700,1355.9209,1340.3242,1219.4513,1338.1005,1460.4687,1251.9042,1236.6769,1100.5405,1234.0839,1370.9749,1196.5619,1181.2853,1052.1499,1178.6677,1307.3211,1180.8237,1165.7594,1033.6582,1162.9472,1293.4920,1029.4068,1026.7798,865.0675,992.2170,1207.4009,1031.6976,1041.3310,836.5196,983.0511,1261.6559,983.3776,1002.8538,759.0223,918.9749,1253.4726,930.7273,960.2176,679.8308,844.8903,1238.6350,898.7404,925.9924,648.8242,810.3988,1212.6036,866.0415,890.9541,615.6522,767.5117,1191.8885,806.4690,832.4809,557.2647,696.8542,1152.6569,744.9840,773.6438,492.4525,622.1102,1119.6775,11.00000000000,21,097
21,103,00516898,21103,Henry,Henry County,06,H1,G4020,350,31140,,A,741450181.00000000000,12552965.00000000000,+38.4515607,-085.1200786,21103,1096.3807,1093.3478,1084.5356,1093.3243,1102.3340,1055.1038,1050.4502,1031.1645,1050.4418,1069.3643,991.3863,985.1787,952.7479,985.3133,1017.3877,1072.4868,1063.5113,1012.3580,1063.1925,1114.7815,1104.1641,1093.3265,1014.3372,1092.3035,1172.1929,1226.2046,1212.4134,1103.2758,1210.4621,1320.8417,1132.2412,1118.5072,995.4131,1116.1707,1239.9348,1201.9344,1186.9088,1057.4783,1184.3449,1313.2096,1103.1584,1089.1558,965.8080,1086.5433,1208.4249,974.6361,972.3261,819.3597,939.6442,1143.2028,996.9684,1006.5604,808.8560,950.3140,1219.2318,957.9145,977.1587,739.8454,895.5223,1221.0487,912.7626,941.9300,667.1305,828.8913,1214.7488,876.2581,903.0584,632.9909,790.4191,1182.2904,836.7399,861.0229,595.1957,741.8144,1151.5792,781.9045,807.3064,540.6135,675.8571,1117.5604,733.3163,761.6834,485.0183,612.5585,1102.1511,11.00000000000,21,103
13,165,00342985,13165,Jenkins,Jenkins County,06,H1,G4020,,,,A,899448996.00000000000,13452255.00000000000,+32.7945631,-081.9715244,13165,630.6852,628.8262,623.6984,628.8179,634.0935,772.5012,768.7904,754.5142,768.8052,782.8553,862.8652,856.8830,828.5445,857.0671,885.1705,1045.2005,1035.1062,985.3150,1034.8875,1085.5586,1258.8284,1244.2074,1154.1179,1242.9552,1334.8930,1484.9122,1465.4212,1331.7284,1462.5276,1598.7044,1373.3957,1353.8175,1202.2233,1350.3218,1503.6911,1251.4341,1232.6256,1095.0456,1229.3087,1367.1077,1249.9391,1230.6908,1087.8428,1227.0316,1368.8010,1098.6191,1092.2186,916.7560,1054.4826,1287.7080,1043.7169,1049.8207,839.8852,989.9393,1275.7622,1001.5853,1017.8029,766.7397,931.4345,1276.2434,938.6888,964.9752,679.7292,847.7826,1248.9248,891.8888,915.6765,638.2547,800.0779,1203.0681,846.2260,867.5391,596.2619,746.1068,1164.3744,785.3983,808.0363,537.9367,675.2695,1122.3524,722.6236,748.1053,473.5384,600.5922,1085.9275,11.00000000000,13,165
13,141,00348209,13141,Hancock,Hancock County,06,H1,G4020,,33300,,A,1222061286.00000000000,17715202.00000000000,+33.2692195,-083.0004653,13141,466.0476,464.7133,460.9443,464.7053,468.5717,351.5364,349.9517,343.5086,349.9512,356.2778,347.4170,345.2114,333.8406,345.2620,356.5118,304.1784,301.5573,287.0526,301.4720,316.1258,301.7194,298.6702,277.0846,298.3874,320.2509,326.6089,322.8380,293.7149,322.2997,351.7879,306.7042,302.6003,268.9564,301.8805,335.8323,311.6490,307.1906,273.1295,306.4107,340.4688,341.4079,336.5309,297.8608,335.6101,373.9201,278.2818,277.1475,233.0921,267.7039,326.2964,278.4062,280.4852,224.8248,264.6263,340.3764,264.6757,269.3990,203.3826,246.6889,337.3089,246.0363,253.3216,178.8383,222.7052,327.3861,234.1957,240.8013,168.2159,210.5447,315.9385,224.8936,230.8879,159.0410,198.7048,309.4714,212.8011,219.2244,146.2649,183.3252,304.1180,203.0090,210.4237,133.4894,169.0407,305.0889,11.00000000000,13,141
25,025,00606939,25025,Suffolk,Suffolk County,06,H4,G4020,148,14460,14484,N,150618894.00000000000,160748611.00000000000,+42.3319600,-071.0201725,25025,46291.7009,46162.9563,45790.5361,46161.9951,46542.9636,49763.4526,49544.2173,48634.7466,49543.8044,50436.1121,55164.5928,54819.7920,53015.3298,54827.2080,56611.7578,75475.4814,74841.5525,71241.7754,74819.2749,78450.4810,92587.7480,91675.0144,85051.4412,91589.0803,98289.5630,56129.3301,55495.4082,50498.2048,55405.5806,60460.5649,49229.2424,48635.1769,43285.5182,48534.2852,53912.0564,69365.2542,68510.8062,61052.5063,68365.4348,75787.8308,75838.5334,74900.7573,66443.6895,74726.2891,83078.2822,75853.6250,75689.7551,63797.4678,73149.9553,88976.6328,89080.1504,89958.5991,72309.5955,84938.3413,108943.0942,89592.0029,91414.3467,69235.7349,83784.8569,114205.1841,88538.8340,91391.7651,64752.8079,80432.9224,117833.8730,88656.6372,91391.5137,64084.0034,80001.4209,119621.9697,87211.9155,89765.3828,62075.5720,77346.5386,120028.8706,88214.7100,91103.0913,61032.0583,76278.6543,126085.0972,88981.8696,92445.2793,58890.9355,74355.0537,133738.2427,11.00000000000,25,025
13,293,00346759,13293,Upson,Upson County,06,H1,G4020,122,45580,,A,837697129.00000000000,10663300.00000000000,+32.8818366,-084.2922810,13293,1698.2137,1693.5219,1679.8758,1693.4853,1707.4356,1604.4113,1597.3940,1568.0981,1597.3770,1626.1129,1431.9022,1423.0358,1376.2137,1423.2186,1469.5131,1360.3764,1349.1754,1284.2826,1348.7585,1414.1418,1409.2589,1395.5969,1294.7845,1394.2976,1496.1970,1472.4011,1456.4154,1325.6800,1454.1814,1586.2066,1217.1598,1203.2323,1071.5603,1200.9102,1333.0267,1082.4689,1069.5666,953.5619,1067.3864,1182.7206,1065.6352,1052.9668,934.5978,1050.6204,1167.4254,982.3763,980.8764,827.3579,948.1305,1152.4827,817.5671,826.1019,664.4767,780.1463,999.9436,751.9713,767.7154,581.9009,703.7951,958.6110,695.0447,717.8679,509.0518,631.9478,925.0535,644.4407,664.7103,466.4967,582.0224,869.5611,589.2817,606.8848,420.0501,523.0659,811.0505,521.0578,538.4111,361.0157,450.9218,744.7674,462.0153,480.2402,306.2074,386.3664,694.4162,11.00000000000,13,293
13,095,00351259,13095,Dougherty,Dougherty County,06,H1,G4020,,10500,,A,851299438.00000000000,15395037.00000000000,+31.5350683,-084.2144444,13095,4781.2940,4768.3562,4730.0752,4768.2407,4807.2972,4955.5119,4934.0317,4843.6459,4933.9660,5022.5967,4798.6085,4769.5516,4612.7676,4770.0883,4925.0190,4998.5452,4958.4565,4719.9674,4956.8518,5196.7820,4934.3240,4887.5728,4534.6096,4883.0648,5239.4405,3695.1280,3654.9990,3326.8998,3649.3903,3980.7301,3165.5524,3129.2640,2786.7634,3123.2096,3466.8879,3672.0911,3628.6554,3235.4258,3621.3274,4012.1972,3788.3354,3742.9708,3321.8690,3734.5615,4150.1597,3218.9441,3213.5788,2710.1856,3106.1746,3776.2210,2729.2997,2757.7387,2218.1424,2604.3108,3338.1221,2597.1029,2651.4101,2009.6059,2430.6289,3310.7717,2376.8135,2454.7865,1740.6543,2160.9503,3163.3576,2145.5551,2213.0050,1553.0619,1937.7005,2895.0516,1947.4817,2005.6408,1388.1700,1728.6286,2680.3907,1834.5709,1895.6589,1271.0669,1587.6189,2622.2197,1718.7585,1786.5393,1139.1003,1437.3125,2583.3196,11.00000000000,13,095
13,215,00357428,13215,Muscogee,Muscogee County,06,H6,G4020,194,17980,,C,560435436.00000000000,11968740.00000000000,+32.5101970,-084.8749460,13215,11053.1875,11022.5245,10933.6407,11022.2914,11113.1929,12100.8737,12047.3613,11826.1028,12047.2745,12264.3852,13146.1779,13063.3502,12633.2051,13065.1937,13490.6793,16296.6769,16157.6558,15380.4883,16152.9919,16937.6705,17691.7028,17514.6941,16249.0181,17498.1749,18779.4922,17530.6297,17331.7468,15770.5034,17303.5220,18883.1257,16051.0726,15853.7310,14106.6356,15820.0086,17577.4731,16766.7984,16550.2708,14738.5660,16513.0871,18318.6665,18371.1471,18132.9469,16074.2314,18088.4033,20123.5654,18259.6921,18208.6993,15336.7195,17594.5858,21415.8979,16354.2481,16502.5030,13252.5298,15577.5346,19998.7736,16330.4937,16649.5362,12597.0471,15255.4646,20815.3033,16071.7570,16576.7051,11731.9440,14584.1464,21388.3134,15608.7640,16077.7217,11260.8855,14068.9844,21059.3561,15032.7619,15460.8468,10678.8878,13316.9628,20688.4697,14345.2698,14803.7687,9905.0639,12390.2112,20502.8782,13770.5562,14296.5105,9095.8874,11494.6402,20696.2924,11.00000000000,13,215
21,013,00516853,21013,Bell,Bell County,06,H1,G4020,,33180,,A,929806795.00000000000,5480870.00000000000,+36.7226801,-083.6810456,21013,1686.1604,1681.5274,1667.9912,1681.4898,1695.3205,1589.3559,1582.2877,1553.2068,1582.2791,1610.8205,1364.2171,1355.7616,1311.1512,1355.9367,1400.0456,1335.0587,1323.8859,1260.2089,1323.4891,1387.7083,1369.7528,1356.3702,1258.3823,1355.1034,1454.1854,1276.2000,1262.0826,1148.6245,1260.0965,1374.7644,1092.7799,1079.7973,961.2065,1077.6041,1196.7516,1001.3925,988.8871,881.0636,986.7536,1094.1022,979.6673,967.5318,858.2654,965.2735,1073.1863,980.4274,977.9841,824.0131,945.0798,1149.9667,833.4695,841.5198,676.2617,794.5055,1019.2877,764.8639,780.2633,590.8014,715.0879,974.9722,696.7130,719.0185,509.2936,632.7466,927.2232,643.0394,662.7473,464.5886,580.0984,867.6239,584.8392,601.8505,416.0798,518.5402,804.8993,527.2730,544.4436,364.6323,455.8119,753.6236,479.9355,498.5394,317.4996,400.9499,721.3303,11.00000000000,21,013
21,137,00516915,21137,Lincoln,Lincoln County,06,H1,G4020,,19220,,A,865301109.00000000000,6426264.00000000000,+37.4572565,-084.6580738,21137,1632.4663,1627.9362,1614.8080,1627.9019,1641.3285,1541.0154,1534.1811,1505.9944,1534.1714,1561.8326,1338.0776,1329.7629,1286.0032,1329.9371,1373.2076,1288.2617,1277.4999,1216.0540,1277.1156,1339.0782,1346.9145,1333.6879,1237.3327,1332.4397,1429.8952,1339.5164,1324.7678,1205.7186,1322.6964,1442.9910,1186.2116,1172.4213,1043.9275,1170.1090,1299.1075,1090.2072,1076.9675,959.9149,1074.7215,1191.1613,1080.2033,1067.0367,946.7528,1064.5911,1183.3455,992.7712,991.0801,835.7969,957.9463,1164.6350,841.8028,850.5624,684.1248,803.2373,1029.5811,780.7897,797.1069,604.1483,730.7289,995.3450,716.9949,740.5125,525.0829,651.8722,954.2652,668.6174,689.6251,483.9592,603.8290,902.1813,619.1796,637.6541,441.3240,549.5768,852.1983,555.1006,573.5757,384.5813,480.3674,793.4250,491.0228,510.3891,325.4277,410.6209,738.0146,11.00000000000,21,137
13,061,00344805,13061,Clay,Clay County,06,H1,G4020,,,,A,506035709.00000000000,56598884.00000000000,+31.6198309,-084.9925826,13061,139.1596,138.7763,137.6586,138.7732,139.9155,152.0259,151.3332,148.5430,151.3335,154.0743,162.9411,161.8973,156.5626,161.9222,167.2014,174.7173,173.2370,164.9045,173.1863,181.5959,209.4901,207.3814,192.3941,207.1853,222.3624,202.6315,200.2841,182.2116,199.9487,218.2505,159.9730,157.9712,140.5314,157.6272,175.1819,147.9219,146.0203,130.0445,145.6940,161.6135,150.8804,148.8812,131.9341,148.5065,165.2676,129.2665,128.8599,108.4917,124.5016,151.5993,112.7920,113.7770,91.3345,107.3882,137.9215,108.3807,110.4634,83.5422,101.2024,138.1408,101.2663,104.4184,73.8711,91.8560,134.7626,94.0901,96.8955,67.8438,84.7809,126.9446,85.6741,88.1016,60.8393,75.8800,117.9060,77.5835,80.0589,53.5619,67.0046,110.8854,72.4840,75.2535,47.8798,60.5055,108.9390,11.00000000000,13,061
13,197,00344107,13197,Marion,Marion County,06,H1,G4020,194,17980,,A,947944161.00000000000,3825422.00000000000,+32.3595381,-084.5295606,13197,557.5513,555.9813,551.4858,555.9706,560.5748,509.2536,506.9718,497.6450,506.9702,516.1263,457.8911,454.8592,439.8485,454.9404,469.8078,542.6691,537.9206,512.0468,537.7735,563.9377,526.9805,521.4408,483.7360,520.9386,559.2062,539.8573,533.4879,485.2750,532.5721,581.4364,422.0900,416.7853,370.7524,415.8725,462.2160,393.1208,387.9244,345.3399,387.0281,429.4996,413.5044,407.9998,361.5309,406.9677,452.9311,326.0572,324.9148,273.4453,313.8940,382.3603,298.3305,300.7853,241.3122,283.8489,364.7726,274.1002,279.2086,211.0043,255.7459,349.3459,251.7812,259.4534,183.3853,228.1772,335.0496,225.0968,231.6509,162.0346,202.6257,303.6821,201.3939,206.9382,142.7312,178.1654,277.1481,170.0119,175.2755,117.0878,146.6282,242.9764,143.3229,148.6542,94.4146,119.4600,215.3967,11.00000000000,13,197
13,097,01686467,13097,Douglas,Douglas County,06,H1,G4020,122,12060,,A,518170971.00000000000,2484238.00000000000,+33.6993166,-084.7659441,13097,10674.9352,10645.6513,10559.9790,10645.4116,10732.9341,11128.3213,11080.4615,10877.6805,11080.2880,11279.0776,10049.9433,9988.8611,9660.4576,9990.0116,10314.5634,10356.9638,10273.2376,9779.1188,10269.9580,10767.2865,10947.3303,10842.8576,10059.7587,10832.8275,11623.7694,13133.2499,12991.7791,11826.2813,12972.0649,14148.6756,13470.8796,13316.4804,11859.0020,13290.7214,14753.2037,13934.6779,13768.4857,12275.0606,13740.3986,15225.2172,14916.3469,14737.9034,13080.0013,14704.8291,16341.0303,13894.8022,13871.3141,11698.1190,13407.6184,16300.2478,15505.3521,15665.2866,12598.5750,14793.2387,18963.8522,15656.1896,15981.6423,12111.1870,14650.2008,19958.1861,15634.5487,16145.1508,11445.9910,14211.7278,20808.1893,16079.0893,16581.6491,11633.8210,14517.6834,21695.6602,16512.0418,17001.7176,11763.8094,14652.1004,22725.8545,16432.0483,16975.8219,11378.8134,14215.8820,23486.6932,16160.0978,16794.2205,10704.3944,13510.0017,24288.6714,11.00000000000,13,097
13,077,00326666,13077,Coweta,Coweta County,06,H1,G4020,122,12060,,A,1141905439.00000000000,12754711.00000000000,+33.3528965,-084.7621381,13077,10817.7906,10787.5956,10700.5096,10787.3758,10876.4915,11196.3490,11147.1091,10942.5298,11147.0099,11347.7162,10708.1773,10641.4630,10291.2349,10642.8774,10989.2127,11772.9772,11674.8472,11113.3053,11671.3207,12237.5109,11977.7975,11860.5485,11003.6899,11849.4629,12715.9704,13722.7296,13570.1564,12349.7407,13548.6537,14782.3492,13950.2701,13786.8169,12274.6877,13759.3351,15277.8189,14400.3892,14225.2617,12678.9121,14195.5437,15733.8630,15077.5859,14893.3711,13214.0390,14859.1450,16517.2021,13866.9789,13838.9223,11666.3871,13375.0654,16266.4881,14254.7275,14397.8060,11575.4738,13595.0932,17433.6303,14255.5111,14548.0084,11020.9397,13334.6901,18172.1664,14032.7229,14487.3864,10267.0937,12751.1286,18675.9814,14051.2638,14487.1414,10160.9140,12682.5761,18959.2012,14064.8556,14478.9844,10015.1342,12476.7954,19357.5042,13728.1089,14179.7844,9501.7638,11873.3364,19621.7088,13195.8050,13711.3971,8736.9136,11029.1087,19833.1935,11.00000000000,13,077
13,259,00347360,13259,Stewart,Stewart County,06,H1,G4020,,,,A,1188113818.00000000000,12636841.00000000000,+32.0732250,-084.8349117,13259,250.2683,249.5821,247.5737,249.5764,251.6281,174.0022,173.2601,170.0926,173.2569,176.3612,168.5356,167.4923,161.9814,167.5138,172.9626,176.2419,174.8028,166.3951,174.7479,183.2151,168.1467,166.4937,154.4648,166.3378,178.5046,195.5594,193.3503,175.9394,193.0373,210.6497,173.6686,171.4616,152.5023,171.0804,190.1756,221.5301,218.3680,194.1626,217.8151,242.0165,241.5192,238.0330,210.6439,237.3741,264.5146,221.0099,220.0143,184.9499,212.4918,259.1199,209.2235,210.7367,168.8708,198.8062,255.7864,201.4055,204.9488,154.6752,187.6543,256.6697,190.7600,196.3627,138.5809,172.6132,253.8291,184.8940,190.0708,132.7379,166.1733,249.4253,179.2176,183.9585,126.6767,158.3021,246.6147,172.4941,177.6768,118.5181,148.5712,246.5128,164.0524,170.0195,107.8290,136.5720,246.5421,11.00000000000,13,259
13,149,00347067,13149,Heard,Heard County,06,H1,G4020,122,12060,,A,766714528.00000000000,13116455.00000000000,+33.2909683,-085.1395936,13149,780.6396,778.4383,772.1424,778.4234,784.8725,740.9470,737.6652,724.1147,737.6602,750.9574,551.8495,548.4215,530.3743,548.4932,566.3384,580.2221,575.3366,547.6637,575.1662,603.0848,651.1937,644.7702,598.1848,644.1656,691.2934,725.4554,717.4284,652.9321,716.2990,781.4837,630.4664,622.9717,554.5486,621.7052,690.4511,558.1886,551.2035,491.0884,550.0113,609.8653,529.1100,522.5402,463.5121,521.3173,579.6170,441.2189,440.1641,370.9089,425.3668,517.5270,404.2099,408.1798,328.0835,385.3958,494.3373,382.2088,389.9604,295.3270,357.4063,487.2085,355.0005,366.4160,259.5891,322.4700,472.4583,338.2139,348.6179,244.4221,305.1582,456.3401,319.1031,328.4085,227.0649,282.9586,439.1753,286.5618,295.8997,198.1807,247.7318,409.5790,261.7493,271.8898,173.1491,218.6648,393.4019,11.00000000000,13,149
21,111,00516902,21111,Jefferson,Jefferson County,06,H6,G4020,350,31140,,C,985273984.00000000000,44718982.00000000000,+38.1895327,-085.6576239,21111,46579.1890,46449.9408,46075.3606,46448.9614,46832.0544,48268.3112,48056.5622,47174.8773,48056.0977,48921.0164,49121.5013,48816.7322,47210.3797,48823.0741,50411.4044,55873.8662,55410.1357,52745.0013,55393.2654,58079.7871,59781.2816,59199.9946,54923.4684,59144.8127,63468.0809,59111.6367,58461.2637,53207.9901,58369.9418,63678.0148,55411.6290,54763.8895,48758.7675,54655.0692,60684.9355,55700.2495,55025.7532,49047.0986,54911.3972,60858.2522,59135.5342,58414.4055,51829.1858,58280.4524,64781.9968,56839.1292,56724.8181,47820.3993,54823.6843,66674.6050,60644.9783,61255.6094,49249.7919,57841.0530,74169.5396,60440.7026,61682.8174,46730.1951,56539.0891,77046.8262,59190.9824,61110.8030,43310.7579,53787.6611,78776.7437,59042.8755,60876.4275,42699.2434,53294.2590,79666.0232,58478.3455,60202.2517,41644.1626,51878.1768,80484.0918,57250.9927,59136.5249,39628.9976,49518.3093,81829.4915,55940.9075,58128.1841,37041.0770,46757.5200,84078.8516,11.00000000000,21,111
13,319,00346824,13319,Wilkinson,Wilkinson County,06,H1,G4020,,,,A,1158522024.00000000000,12022592.00000000000,+32.8043209,-083.1755868,13319,564.9183,563.3402,558.7919,563.3288,567.9836,507.3548,505.1360,495.8721,505.1307,514.2175,440.9602,438.1792,423.7503,438.2413,452.5142,542.9673,538.3688,512.4739,538.2112,564.3450,508.0358,502.8728,466.5264,502.3955,539.2201,496.6122,490.8604,446.5686,490.0385,534.8919,428.2646,423.0167,376.4155,422.1209,468.9930,409.2836,404.2370,360.2255,403.3782,447.1792,414.6422,409.4379,363.1291,408.4681,454.2157,310.8199,310.2322,261.5691,299.8449,364.6134,285.0844,287.9475,231.5041,271.8942,348.6605,264.7327,270.1907,204.7108,247.6655,337.4703,246.7871,254.8209,180.6276,224.2958,328.4493,228.4441,235.5768,165.2751,206.2510,308.2410,216.7609,223.1945,154.4382,192.3515,298.3328,204.4208,211.2000,141.5822,176.8690,292.1842,193.1529,200.7518,127.9788,161.5018,290.3105,11.00000000000,13,319
13,309,00351278,13309,Wheeler,Wheeler County,06,H1,G4020,,,,A,765301286.00000000000,12390103.00000000000,+32.1092760,-082.7387013,13309,418.1978,416.9629,413.5616,416.9574,420.4574,452.6178,450.4663,442.1134,450.4734,458.6908,483.3648,480.0914,464.2315,480.1855,495.9036,387.7792,384.2641,365.7807,384.1672,402.8993,399.6675,395.4158,366.8193,395.0330,424.0747,482.1002,476.1025,432.8781,475.2258,519.1407,742.7450,732.4275,650.6556,730.5984,813.2410,817.8825,805.8555,716.1757,803.7420,893.4971,786.4353,774.6441,685.0587,772.4077,861.2595,685.7292,682.2498,573.1431,658.8177,803.8786,642.2838,646.4849,517.6291,609.7477,785.1524,618.7698,629.2283,474.4537,575.9844,788.5041,581.5287,598.2249,421.8047,525.7274,773.7599,553.8515,568.9996,396.9976,497.3167,747.1234,524.5778,538.1181,370.1991,462.9301,721.8251,489.2302,503.6027,335.5645,420.9701,699.1403,450.0357,466.1313,295.3135,374.3145,676.3082,11.00000000000,13,309
25,011,00606932,25011,Franklin,Franklin County,06,H4,G4020,,44140,,N,1811228845.00000000000,65410658.00000000000,+42.5837911,-072.5916552,25011,4540.5353,4527.9814,4491.4904,4527.8838,4565.1911,4147.4356,4129.1740,4053.3810,4129.1388,4203.4998,3970.4623,3945.5424,3815.6466,3946.0879,4074.5639,4780.7453,4740.4978,4512.4861,4739.0932,4969.1272,4957.3074,4907.8988,4553.2528,4903.2774,5262.2372,4627.0653,4575.7121,4164.2596,4568.4791,4984.3775,3997.4720,3950.2124,3516.5798,3942.2419,4377.8347,3606.1404,3561.8136,3174.1573,3554.2753,3940.0410,3478.7055,3435.5563,3047.5096,3427.5258,3810.7757,3143.2997,3136.3294,2643.3809,3031.0403,3687.0607,2898.1925,2926.7524,2352.5329,2763.4150,3544.4235,2758.0264,2814.0802,2131.2928,2579.1998,3515.7202,2592.2243,2675.6838,1895.7045,2354.8153,3449.9133,2412.5901,2486.9119,1743.7257,2176.9285,3255.2325,2228.1727,2293.2772,1585.7311,1975.9528,3066.6007,2015.6289,2081.4724,1394.2574,1742.7080,2880.9234,1827.6514,1898.6310,1209.3151,1527.0293,2746.9195,11.00000000000,25,011
25,015,00606934,25015,Hampshire,Hampshire County,06,H4,G4020,,44140,,N,1365585170.00000000000,46500379.00000000000,+42.3394593,-072.6636936,25015,8956.5208,8931.7097,8859.7043,8931.5195,9005.1488,7835.7036,7801.0977,7657.8489,7801.0381,7941.5957,7600.1406,7553.0434,7304.5177,7554.0179,7799.7478,8653.1796,8580.3984,8167.6928,8577.8514,8994.1953,8279.8671,8198.6376,7606.3158,8190.9677,8790.0245,1503.3645,1484.8423,1350.1518,1482.1430,1618.9231,1712.6080,1691.1696,1504.4598,1687.4848,1875.4270,9524.9093,9411.9925,8391.7847,9392.9332,10407.0844,9158.7819,9049.4819,8031.7569,9029.2289,10033.5832,8241.6703,8227.5186,6938.3168,7952.4264,9668.4016,9573.8514,9672.9580,7779.6696,9134.5979,11709.3759,9544.2239,9743.0975,7383.9711,8931.5555,12166.8361,9301.4356,9605.8214,6810.5955,8455.7290,12379.4348,9299.1284,9590.5277,6729.5627,8397.0650,12547.4652,9317.6564,9594.8304,6639.7472,8269.1830,12824.1452,10327.9652,10670.1652,7152.6273,8935.5793,14762.0214,10994.9327,11426.4893,7283.2117,9192.0136,16525.4203,11.00000000000,25,015
13,191,00356886,13191,McIntosh,McIntosh County,06,H1,G4020,,15260,,A,1098929183.00000000000,387447582.00000000000,+31.4829776,-081.3701993,13191,891.4565,889.0025,881.8436,888.9828,896.2987,788.5653,785.1012,770.6946,785.0940,799.2273,649.2353,645.1760,623.9390,645.2635,666.2664,671.9671,666.2795,634.2322,666.0841,698.4259,663.9140,657.4517,609.9577,656.8386,704.8542,755.7448,747.0990,679.7544,745.8685,814.0299,532.4747,525.9300,467.9738,524.8118,583.1114,487.4054,481.2081,428.6289,480.1470,532.5234,448.6001,442.7687,392.4838,441.6779,491.3902,374.7933,373.6967,314.7073,361.0798,439.5645,358.7042,362.0343,290.8103,341.7665,438.6538,313.8518,320.0550,242.2250,293.2813,400.0529,276.9283,285.6971,202.2669,251.3812,368.5425,252.2881,259.9360,182.1298,227.4868,340.3934,227.0266,233.5640,161.4006,201.2062,312.4455,197.1238,203.4936,136.2321,170.3456,281.7427,178.8908,185.7876,118.2775,149.4036,268.8658,11.00000000000,13,191
25,009,00606931,25009,Essex,Essex County,06,H4,G4020,148,14460,37764,N,1275732137.00000000000,870004713.00000000000,+42.6427110,-070.8651073,25009,54330.0909,54179.5608,53742.7662,54178.4088,54625.0645,49882.7513,49663.2298,48751.6976,49662.7964,50557.0919,49565.5886,49256.5106,47635.3358,49263.0891,50866.2798,58489.4308,57999.3300,55209.6431,57981.9861,60795.6368,61705.7943,61099.0365,56684.7343,61041.8241,65506.8268,65649.2175,64916.0427,59075.8134,64812.5525,70717.4640,63548.2257,62793.4252,55897.1771,62665.9216,69594.4863,65811.6893,65002.1373,57926.9232,64864.4421,71905.3076,67605.1013,66769.1138,59230.1720,66613.5837,74058.8621,64551.2410,64412.3806,54292.5493,62251.1597,75719.0317,63223.2073,63848.4780,51323.7406,60285.8892,77320.9050,63646.3005,64942.7146,49188.3619,59523.1858,81131.7617,63220.2461,65259.1326,46239.1279,57434.5371,84138.2261,63098.5459,65046.7456,45612.7533,56940.6809,85137.2927,62730.0828,64568.4026,44652.8171,55636.1746,86334.9097,61306.6572,63315.6001,42418.3445,53013.4546,87625.5833,59526.2690,61844.6970,39398.9995,49743.2078,89467.0684,11.00000000000,25,009
13,321,00343365,13321,Worth,Worth County,06,H1,G4020,,10500,,A,1478111101.00000000000,10498400.00000000000,+31.5517733,-083.8499598,13321,1225.0644,1221.6706,1211.8217,1221.6445,1231.7157,1102.5385,1097.7473,1077.6314,1097.7336,1117.4606,932.6891,926.8409,896.3286,926.9684,957.1465,1123.2171,1113.8500,1060.2755,1113.5139,1167.5334,1181.7925,1170.0854,1085.5410,1168.9864,1254.5331,1073.5544,1061.6053,966.1229,1059.9207,1156.4466,881.0191,870.6137,775.0518,868.8594,964.8500,781.2187,771.6647,687.7279,770.0416,853.5563,780.3371,770.6197,683.5389,768.8105,854.8219,650.9721,649.7028,547.7535,627.9388,763.6264,587.7176,593.6084,477.2385,560.5108,718.7813,542.3096,553.4244,419.2380,507.2640,691.3059,508.4721,524.9290,371.9952,462.0117,676.7178,466.3957,480.8450,337.2334,420.9420,629.3004,425.0833,437.5801,302.6542,377.0625,585.0418,385.6227,398.2911,266.8708,333.4981,551.1726,349.3904,363.0231,231.2971,291.9989,525.1300,11.00000000000,13,321
13,035,00352295,13035,Butts,Butts County,06,H1,G4020,122,12060,,A,477576117.00000000000,9448312.00000000000,+33.2903551,-083.9582206,13035,1452.1904,1448.1315,1436.4381,1448.1022,1460.0697,1400.3951,1394.1831,1368.5677,1394.1744,1419.3123,1235.5110,1227.7281,1187.3023,1227.9012,1267.8889,1383.8838,1372.1441,1306.1455,1371.7435,1438.3577,1286.5276,1273.6335,1181.5941,1272.4314,1365.6163,1292.8380,1277.9750,1162.7301,1275.8563,1392.5241,1426.6785,1408.4556,1252.6336,1405.3036,1562.2722,1399.7213,1380.6896,1228.5940,1377.3900,1529.2183,1370.8723,1352.3351,1198.0157,1348.8536,1501.5468,1258.8612,1254.4281,1055.6938,1211.8732,1476.2340,1057.2557,1065.7895,854.8982,1005.7268,1292.6932,994.1513,1012.4916,764.9758,927.3446,1267.0421,929.7175,957.8445,676.8140,842.3037,1237.1733,859.7621,884.5368,618.4480,773.6040,1159.8972,798.0072,819.7146,565.1027,705.6340,1098.1562,735.7751,758.3819,506.4248,634.3586,1051.5378,678.6778,703.8259,446.9089,565.5605,1019.9629,11.00000000000,13,035
21,117,00516905,21117,Kenton,Kenton County,06,H1,G4020,178,17140,,A,415044980.00000000000,10611128.00000000000,+38.9304771,-084.5334920,21117,10554.6130,10525.1726,10440.2161,10524.9576,10611.8885,9964.1837,9919.8852,9737.5750,9919.8304,10098.7564,10891.0113,10822.6897,10466.3912,10824.1824,11176.5824,12094.4331,11992.8598,11416.0195,11989.2890,12571.1626,11932.0442,11815.2814,10961.6960,11804.2391,12667.4225,11858.0509,11726.3448,10671.8363,11707.7898,12773.7263,11247.4743,11114.3588,9894.1567,11091.9001,12317.6643,11532.0311,11390.1823,10150.4146,11366.0551,12599.8019,12267.5737,12117.0074,10750.0295,12089.0189,13438.8057,11106.0197,11081.9775,9340.7431,10710.1044,13027.3977,10404.7484,10508.3537,8447.6658,9922.2308,12724.9442,10409.7439,10622.4947,8046.3090,9736.2816,13269.6853,10003.6128,10326.9597,7317.8578,9089.0241,13313.6199,9634.2404,9932.4287,6965.6655,8694.9469,12999.3053,9283.6730,9556.4497,6609.6020,8234.7268,12777.1018,8838.0786,9128.3734,6116.3114,7643.3701,12632.3111,8361.0344,8687.3031,5535.0780,6987.6748,12566.5448,11.00000000000,21,117
13,159,00346144,13159,Jasper,Jasper County,06,H1,G4020,122,12060,,A,953542690.00000000000,13725963.00000000000,+33.3149051,-083.6878919,13159,990.8075,988.0364,980.0573,988.0165,996.1832,941.2417,937.1456,919.9696,937.1343,953.9791,770.4292,765.6871,740.5002,765.7822,790.6816,832.7103,826.1224,786.3883,825.8489,865.7925,758.2678,751.2615,697.0237,750.5755,805.2730,727.0372,719.4387,655.0462,718.3917,783.3175,644.9705,637.9075,568.3827,636.7489,706.4047,633.4630,626.2413,558.6479,625.0326,692.1496,589.6779,582.7761,517.3746,581.5001,646.0174,538.9277,538.4610,454.5262,520.5808,632.3338,439.0095,443.9496,357.4302,419.3633,536.9984,392.5785,401.1636,304.4307,367.8876,500.5022,367.3831,379.8164,269.7046,334.4952,488.9925,326.4579,337.0962,236.9551,295.3093,440.5315,289.6528,298.6662,207.1012,257.5633,398.6889,254.7159,263.5308,177.0676,220.8464,364.0981,223.1839,232.2608,148.4054,186.9758,335.4658,11.00000000000,13,159
13,193,00346957,13193,Macon,Macon County,06,H1,G4020,,,,A,1037654091.00000000000,13859159.00000000000,+32.3662155,-084.0521624,13193,750.9022,748.7957,742.7453,748.7809,754.9754,715.8207,712.6037,699.4889,712.6021,725.4784,621.8736,617.8904,597.5300,617.9851,638.1335,655.7452,650.1079,618.8383,649.9233,681.5098,663.2194,656.4662,609.0172,655.8425,703.9205,718.0896,709.7128,645.6350,708.5129,773.4236,669.4432,660.7229,587.4738,659.2055,733.0485,603.6235,595.4053,529.8051,593.9801,659.4678,593.7944,585.6657,518.7316,584.1372,650.3841,502.3801,500.6000,421.2814,483.6148,589.1255,442.0895,445.6734,357.5012,420.5622,540.5397,403.9775,411.4495,310.8851,376.8548,514.8701,369.4971,380.7028,269.0325,334.7905,491.6915,338.0043,347.7744,243.1871,304.1709,456.0012,310.1824,318.6564,219.7171,274.3235,426.8522,279.0243,287.6136,192.0778,240.5851,398.7705,254.4461,263.8720,167.5482,212.0337,382.3987,11.00000000000,13,193
13,145,00326700,13145,Harris,Harris County,06,H1,G4020,194,17980,,A,1201414214.00000000000,23536240.00000000000,+32.7315494,-084.9124320,13145,2434.5936,2427.8529,2408.2820,2427.8010,2447.8124,2420.5855,2409.7850,2365.4764,2409.7744,2453.2660,2120.3215,2106.9803,2037.6063,2107.2755,2175.8955,2251.0281,2231.9922,2124.6360,2231.3366,2339.6739,2454.2975,2430.0737,2254.4968,2427.7946,2605.4208,2777.3920,2746.2514,2499.1044,2741.8498,2991.7764,2610.4479,2579.4615,2296.1911,2574.2282,2858.8198,2632.6651,2600.0682,2316.8492,2594.5165,2876.4156,2678.3103,2645.3073,2346.7433,2639.1696,2934.0028,2309.8998,2305.0265,1942.9754,2227.7120,2709.5510,2533.2239,2558.3515,2056.5668,2415.6247,3098.1018,2496.8370,2547.7736,1929.7910,2335.1863,3182.7992,2429.5578,2507.9928,1777.1101,2207.3135,3233.4441,2433.3610,2508.5698,1759.1650,2195.9850,3283.2801,2408.3142,2478.9658,1714.4293,2136.0626,3314.5494,2320.3112,2396.4171,1605.5611,2006.5237,3316.4252,2228.3173,2315.1717,1474.9872,1862.1775,3349.1307,11.00000000000,13,145
21,227,00516960,21227,Warren,Warren County,06,H1,G4020,,14540,,A,1402737981.00000000000,15447160.00000000000,+36.9956340,-086.4235786,21227,7033.7746,7014.1826,6957.5799,7014.0379,7071.9481,7829.4891,7794.7855,7651.5860,7794.7347,7935.2612,8291.2911,8239.6191,7968.4360,8240.7160,8508.8869,9252.5871,9175.3829,8734.0612,9172.6171,9617.6199,9193.8778,9104.3174,8446.6195,9095.8248,9760.7701,9874.3187,9763.8811,8885.3624,9748.2844,10636.5882,8978.2562,8869.2860,7893.1441,8850.7434,9832.2192,12387.3874,12234.4022,10902.1306,12208.3601,13534.3214,13428.6385,13262.0966,11764.1654,13231.1028,14710.5123,13461.6932,13432.5570,11321.9975,12981.8081,15790.6113,14691.6678,14836.4807,11925.6444,14008.4912,17967.5801,14982.9541,15287.6404,11578.5355,14011.7004,19099.1403,15026.6506,15510.7642,10989.5909,13650.8283,19998.5450,15388.8442,15863.4676,11123.4175,13886.3729,20763.7375,15785.3799,16247.4483,11235.5027,13999.6048,21725.2491,15965.0941,16487.7311,11045.3979,13804.7789,22818.8681,16179.0309,16808.6685,10707.6125,13519.4115,24316.8044,11.00000000000,21,227
21,015,00516854,21015,Boone,Boone County,06,H1,G4020,178,17140,,A,638067340.00000000000,26171928.00000000000,+38.9745952,-084.7314442,21015,9242.5882,9216.6799,9142.2176,9216.4972,9292.7261,9618.4761,9575.8279,9399.9008,9575.7665,9748.4125,9264.6220,9206.6366,8903.5710,9207.8911,9507.6226,9911.6294,9828.0303,9355.3143,9825.1286,10302.0903,9942.0559,9843.8778,9132.6368,9834.6437,10554.2044,11014.6391,10891.1099,9910.9520,10873.6483,11864.8398,11541.1151,11403.7584,10151.1012,11380.5395,12639.1565,12154.5112,12005.1460,10698.5835,11979.7460,13279.9262,12401.5477,12249.7014,10868.1267,12221.4821,13585.6149,11444.6943,11421.6350,9628.6754,11038.8271,13425.0804,11286.2581,11398.8717,9163.7709,10763.1495,13803.0632,11365.2047,11597.7042,8785.2298,10630.2077,14487.6724,11272.5190,11637.0509,8246.3817,10242.1327,15002.3972,11322.4338,11672.9745,8186.4236,10218.6780,15277.1624,11386.8889,11721.4947,8107.0624,10100.3442,15671.7562,11220.7552,11589.2888,7765.1816,9703.9350,16037.8810,10889.7478,11314.6382,7209.0105,9100.9616,16367.1710,11.00000000000,21,015
13,277,00344090,13277,Tift,Tift County,06,H1,G4020,,45700,,A,670585617.00000000000,25574884.00000000000,+31.4570027,-083.5259307,13277,2368.5625,2361.9414,2342.8688,2361.8938,2381.4137,2505.8986,2494.7614,2448.9138,2494.7473,2539.7434,2608.8283,2592.4122,2507.0549,2592.7756,2677.2056,2646.3444,2623.8916,2497.6854,2623.1259,2750.5106,2923.5298,2894.2795,2685.1283,2891.5497,3103.2856,2603.8525,2574.2208,2342.2769,2570.0112,2804.7144,2196.0328,2169.2023,1930.3049,2164.6269,2404.8872,2698.7355,2664.9580,2374.3083,2659.1929,2948.5822,2810.3971,2774.7800,2460.5911,2768.1357,3078.5799,2569.8473,2563.0197,2159.1000,2476.6726,3014.1326,2213.2770,2234.2486,1795.1009,2109.2993,2706.6509,2189.0515,2232.7395,1690.2077,2046.1070,2790.3377,2084.1789,2150.5323,1522.8866,1892.3599,2773.7048,2006.5169,2067.6544,1449.0666,1809.6620,2707.2704,1915.7480,1971.1312,1362.3492,1698.1413,2636.5678,1837.6907,1897.2191,1270.2842,1588.2332,2626.5624,1782.5402,1851.3568,1178.7330,1488.8336,2679.0929,11.00000000000,13,277
13,161,01687999,13161,Jeff Davis,Jeff Davis County,06,H1,G4020,,,,A,856613114.00000000000,12063799.00000000000,+31.8116153,-082.6368248,13161,897.6525,895.1227,887.8839,895.1056,902.5200,931.6766,927.5341,910.4874,927.5290,944.2593,878.2007,872.7779,844.0643,872.8883,901.2763,917.6629,910.0013,866.2316,909.7273,953.8636,907.2871,898.4240,833.5195,897.5849,963.2138,853.6894,844.3145,768.4566,842.9990,919.6422,888.2927,877.9582,781.7298,876.2249,972.8337,890.3607,879.8098,784.4475,878.0291,972.8242,937.8407,926.6424,822.4237,924.5672,1027.4179,808.0080,806.6755,680.3269,779.7186,947.8971,683.1885,690.5291,555.6261,652.1798,835.6228,692.8019,707.4951,536.4426,648.6530,883.2047,679.1119,701.5785,497.6678,617.6703,903.8627,667.9983,689.1652,483.8194,603.4971,901.3619,666.5577,686.6045,475.3707,591.8304,917.4191,660.3939,682.5053,457.7631,571.6503,943.9339,636.6924,661.9077,422.1557,532.5654,956.9647,11.00000000000,13,161
21,101,00516897,21101,Henderson,Henderson County,06,H1,G4020,,21780,,A,1130968068.00000000000,76691170.00000000000,+37.7925421,-087.5725767,21101,2778.8773,2771.0649,2748.6656,2771.0111,2793.9486,2637.5123,2625.8596,2577.6396,2625.8400,2673.1545,2595.7078,2579.4283,2494.5106,2579.7835,2663.7714,2943.9738,2919.5093,2779.0857,2918.6225,3060.1832,2775.7240,2748.7472,2550.1826,2746.1857,2946.9157,2820.1159,2788.6981,2537.8599,2784.2673,3037.8568,2747.2713,2714.5624,2416.3677,2709.0326,3008.6500,2765.2010,2731.2828,2434.0905,2725.5170,3021.2415,3072.5695,3034.3955,2691.5959,3027.2897,3365.8632,2663.5567,2656.9499,2238.6771,2567.5651,3124.1568,2519.9894,2544.3698,2044.7434,2402.2324,3081.8160,2486.5742,2536.6798,1920.7707,2324.8055,3169.6417,2369.0997,2444.9758,1731.8484,2151.6243,3152.9281,2250.8797,2319.8701,1626.2439,2030.5691,3037.0105,2156.8003,2219.5231,1534.4186,1912.2835,2968.3482,2043.6071,2110.1279,1413.1919,1766.6013,2920.8959,1917.7087,1992.0031,1268.5782,1602.0492,2882.2623,11.00000000000,21,101
21,063,00516878,21063,Elliott,Elliott County,06,H1,G4020,,,,A,606873739.00000000000,2610644.00000000000,+38.1164254,-083.0975408,21063,441.8567,440.5888,437.0140,440.5814,444.2495,476.1046,473.9461,465.2135,473.9464,482.5228,384.6120,382.2072,369.6262,382.2590,394.7013,339.8383,336.9333,320.7271,336.8365,353.2013,345.5773,342.1170,317.3941,341.7942,366.8236,374.7163,370.2495,336.7599,369.6053,403.5631,404.7269,399.3455,354.9757,398.4034,443.1684,346.3668,341.6477,304.0025,340.8292,378.4108,370.0274,365.0143,323.3515,364.0726,405.2981,297.7296,296.5665,249.4726,286.4749,349.1120,281.6567,283.9311,227.7496,267.9304,344.3783,262.9800,267.8295,202.3533,245.3053,335.1668,235.9811,243.1026,171.7588,213.7715,314.0180,222.0547,228.4419,159.7095,199.7876,299.5709,206.7120,212.3249,146.3639,182.7713,284.4603,193.0179,198.9335,132.8255,166.3944,275.8517,179.0121,185.6203,117.8349,149.1449,269.0299,11.00000000000,21,063
21,233,00516963,21233,Webster,Webster County,06,H1,G4020,,21780,,A,859728365.00000000000,9614705.00000000000,+37.5200207,-087.6850951,21233,868.2831,865.8722,858.8888,865.8540,872.9966,790.7915,787.2942,772.8349,787.2886,801.4769,773.8042,768.9190,743.5980,769.0286,794.0766,732.1023,725.9803,691.0617,725.7624,760.9767,762.9185,755.4523,700.8753,754.7463,809.9372,703.8503,696.1297,633.5911,695.0468,758.2296,617.4718,610.2298,543.2938,609.0117,676.2314,618.3637,610.9087,544.5654,609.6460,675.6279,726.8530,717.9637,636.9994,716.3120,796.2523,628.6021,627.4787,529.1145,606.4866,737.4099,563.8825,569.6273,458.0465,537.8954,689.6460,567.2060,578.9281,438.6544,530.6738,723.0541,555.2457,573.3190,406.3900,504.6400,738.9771,546.2371,563.2640,395.1436,493.1347,737.0385,541.4229,557.4452,385.6708,480.3930,745.1685,535.8710,553.5760,371.0283,463.5635,765.9305,531.9704,552.8189,352.3290,444.7006,799.5513,11.00000000000,21,233
21,019,00516856,21019,Boyd,Boyd County,06,H1,G4020,,26580,,A,414046208.00000000000,5588964.00000000000,+38.3600037,-082.6814063,21019,3104.3790,3095.6104,3070.5662,3095.5520,3121.2096,2962.1129,2948.8849,2894.6579,2948.8725,3002.1012,2771.4597,2753.9040,2663.2031,2754.3035,2844.0342,2901.5550,2877.0451,2738.6627,2876.1982,3015.8359,2736.3663,2709.3113,2513.5549,2706.7685,2904.8269,2949.0744,2915.6011,2652.9534,2910.8501,3176.5922,2610.5949,2579.3917,2295.9372,2574.1094,2858.9560,2583.3343,2550.5752,2271.9745,2544.9694,2822.4725,2601.7723,2568.8378,2278.0076,2562.6950,2850.0518,2589.6131,2582.9692,2176.1315,2496.0136,3037.3729,2210.2797,2231.3648,1792.9184,2106.6207,2703.0085,2098.1054,2140.0701,1620.1473,1961.2152,2674.4217,1981.6974,2044.8604,1448.1283,1799.4010,2637.3249,1863.9638,1920.8162,1346.2184,1681.1687,2514.9374,1761.5814,1812.5544,1252.7982,1561.5454,2424.3980,1627.9875,1680.7510,1125.3786,1407.0312,2326.8412,1492.2194,1549.8350,986.7665,1246.3573,2242.7518,11.00000000000,21,019
13,257,00350028,13257,Stephens,Stephens County,06,H1,G4020,,45740,,A,463948106.00000000000,13121977.00000000000,+34.5529139,-083.2902156,13257,1512.7544,1508.5565,1496.3911,1508.5247,1520.9666,1409.3934,1403.2427,1377.5148,1403.2269,1428.4611,1260.4617,1252.7157,1211.5110,1252.8698,1293.6025,1371.0584,1359.8175,1294.4129,1359.3940,1425.2766,1360.8592,1347.7140,1250.3647,1346.4612,1444.8428,1225.8901,1212.3114,1103.3163,1210.4002,1320.5638,1168.5623,1154.5834,1027.6935,1152.2162,1279.7331,1222.4350,1207.4015,1075.9844,1204.8446,1335.6226,1246.7447,1231.2419,1092.1336,1228.3560,1365.7518,1136.9920,1134.4758,956.1709,1096.3918,1333.6820,953.1261,962.3621,773.4013,908.6057,1165.6260,905.2505,923.4984,699.2784,846.3661,1153.9256,851.1799,878.4433,622.2296,773.0473,1132.7972,787.1288,811.2489,568.6848,710.0792,1062.0369,729.0674,750.2564,518.6592,646.3960,1003.3955,679.6944,701.8028,469.9927,587.5434,971.4755,630.5943,655.0067,417.1113,526.7753,947.7644,11.00000000000,13,257
21,073,00516883,21073,Franklin,Franklin County,06,H1,G4020,336,23180,,A,538061269.00000000000,11037327.00000000000,+38.2349190,-084.8687863,21073,3301.2184,3292.0054,3265.4303,3291.9383,3319.1322,3430.1641,3415.1496,3352.5102,3415.1143,3476.5579,3163.1822,3143.6892,3040.2736,3144.0822,3246.3200,3473.2201,3444.5675,3278.8901,3443.5069,3610.4551,3391.2426,3358.6291,3116.0384,3355.5126,3600.6238,3336.4850,3299.9088,3003.4672,3294.7796,3594.2675,3161.5471,3124.8390,2782.4077,3118.6867,3462.4478,3558.3592,3515.6631,3134.0728,3508.4382,3887.8964,3693.0638,3648.1787,3237.0631,3639.8442,4045.7083,3442.3422,3436.0142,2897.2129,3321.0166,4038.1515,3622.9937,3659.8228,2942.8455,3455.9221,4431.0218,3541.3057,3614.4525,2738.6347,3313.1698,4514.3265,3437.7884,3549.6622,2516.1071,3124.4314,4575.3543,3393.5042,3499.2575,2454.7877,3063.5710,4578.8577,3350.7112,3449.8463,2386.7675,2972.9868,4611.6323,3289.6693,3398.3440,2277.6875,2845.7610,4701.9848,3237.6126,3364.4950,2144.2955,2706.4777,4866.1305,11.00000000000,21,073
13,071,00343936,13071,Colquitt,Colquitt County,06,H1,G4020,,34220,,A,1409350694.00000000000,32337972.00000000000,+31.1897575,-083.7697405,13071,2765.7193,2757.9775,2735.7015,2757.9224,2780.7239,2764.1836,2751.9147,2701.3500,2751.8981,2801.5214,2722.9932,2706.0323,2616.9732,2706.3915,2794.4602,3007.0804,2982.1234,2838.6882,2981.2154,3125.8014,2882.8552,2855.1019,2648.8778,2852.4515,3060.8285,2693.6886,2664.7424,2425.7317,2660.7121,2901.9774,2447.5049,2419.7418,2155.1609,2415.1272,2680.5218,2624.8992,2593.0900,2311.3224,2587.6961,2867.9710,2942.0082,2906.4113,2579.0499,2899.8048,3222.9551,2522.9753,2518.0031,2122.8353,2433.6396,2959.5770,2241.4462,2264.1216,1820.4649,2137.9461,2741.3331,2272.5807,2319.3630,1757.2010,2125.9784,2896.9832,2202.8368,2274.3479,1611.9512,2001.8279,2931.7411,2118.1064,2183.9442,1531.8996,1911.9578,2857.9474,2061.9212,2122.7481,1468.4299,1829.2563,2837.8378,1993.3240,2058.9957,1379.8142,1724.1215,2849.0822,1912.5981,1987.3878,1266.4337,1598.6309,2874.6239,11.00000000000,13,071
21,051,00516872,21051,Clay,Clay County,06,H1,G4020,,,,A,1215344973.00000000000,4763013.00000000000,+37.1644658,-083.7107629,21051,1338.9843,1335.2530,1324.4770,1335.2255,1346.2510,1280.3351,1274.6570,1251.2384,1274.6489,1297.6308,1137.9307,1130.9462,1093.7486,1131.0844,1167.8547,1088.3274,1079.5185,1027.5962,1079.1746,1131.4379,1182.0846,1170.6234,1086.0620,1169.5335,1255.0071,1215.8896,1202.5572,1094.5255,1200.6874,1309.8304,832.3769,822.2565,731.7442,820.5334,911.5461,884.8443,873.7565,778.4485,871.8636,966.7616,907.6112,896.0868,794.6001,893.9365,994.2176,883.3934,881.2647,742.5904,851.6340,1036.1709,721.9868,728.8663,585.6421,688.1168,882.9351,662.5905,675.8274,511.6218,619.3402,844.5918,607.6578,627.0065,444.0138,551.7351,808.6944,553.0062,569.8355,399.3348,498.7260,746.1355,498.2970,512.6604,354.2812,441.6429,685.7830,435.8945,449.9518,301.1965,376.6453,623.0080,412.0584,427.9023,272.3661,344.0856,619.3048,11.00000000000,21,051
21,129,00516911,21129,Lee,Lee County,06,H1,G4020,,,,A,540937729.00000000000,6215040.00000000000,+37.6053832,-083.7184968,21129,464.4629,463.2061,459.4874,463.1949,466.9889,311.0636,309.7842,304.1460,309.7753,315.2943,273.5994,272.0098,263.0835,272.0327,280.8446,235.1817,233.3532,222.1297,233.2738,244.5456,214.1103,212.1844,196.8702,211.9927,227.4176,207.9266,205.7303,187.3018,205.4264,224.0155,201.0908,198.8105,177.0727,198.4316,220.2359,179.2726,177.1383,157.9284,176.7777,195.8758,187.3066,185.0704,164.2560,184.6560,205.1970,173.9173,173.5924,146.3664,167.7811,204.0181,166.6426,168.3554,135.3916,158.9816,203.8116,157.5918,160.8482,121.8744,147.4411,200.8924,148.8041,153.6308,108.8824,135.2208,198.0421,146.8284,151.3791,106.1693,132.5212,198.1135,145.8785,150.1616,103.8541,129.3919,200.7721,145.1963,149.9556,100.4644,125.5568,207.5292,143.4452,149.0260,94.9319,119.8626,215.5956,11.00000000000,21,129
21,157,00516922,21157,Marshall,Marshall County,06,H1,G4020,,,,A,780240711.00000000000,100797182.00000000000,+36.8820170,-088.3327524,21157,1961.8805,1956.4429,1940.6690,1956.4013,1972.5318,1863.9434,1855.7408,1821.6803,1855.7247,1889.1412,1712.4499,1701.6951,1645.6701,1701.9312,1757.3448,1785.1201,1770.5580,1685.3980,1770.0017,1855.7593,1874.7302,1856.5723,1722.4624,1854.8445,1990.3944,2006.3289,1984.4178,1806.2041,1981.3492,2161.3656,1701.8875,1682.3913,1498.2641,1679.1393,1863.8952,1782.7508,1761.4566,1570.3645,1757.8566,1947.8558,1801.8120,1780.5331,1580.5198,1776.5950,1973.9394,1659.3524,1656.1510,1396.3054,1600.6817,1946.5206,1667.0195,1684.4595,1354.9338,1590.7654,2038.8914,1625.4108,1659.4839,1257.8708,1521.3287,2072.0744,1564.8531,1616.2739,1146.1618,1422.8386,2082.7077,1523.6526,1571.6250,1103.0238,1376.1391,2055.9094,1480.6647,1524.9518,1055.5422,1314.3587,2037.8987,1400.2573,1446.9792,970.3258,1211.8884,2001.4459,1331.7632,1384.3853,882.8041,1113.8137,2001.6661,11.00000000000,21,157
21,095,00516894,21095,Harlan,Harlan County,06,H1,G4020,,,,A,1206487719.00000000000,6016450.00000000000,+36.8592233,-083.2214968,21095,1692.0160,1687.3091,1673.6961,1687.2741,1701.1997,1580.8618,1573.9132,1545.0297,1573.8989,1602.2350,1386.9024,1378.2394,1332.8742,1378.4251,1423.2890,1372.3123,1360.7946,1295.3422,1360.3889,1426.4099,1433.6784,1419.4313,1316.8665,1418.0963,1521.8933,1371.0898,1355.8617,1233.9343,1353.7164,1476.9651,1083.3748,1070.7227,953.3237,1068.5979,1186.4767,968.4424,956.5255,852.4075,954.4984,1058.1119,984.6812,972.6926,863.0577,970.4660,1078.7043,917.8190,916.0712,772.3640,885.3954,1076.6627,729.4531,736.7995,592.3916,695.7287,892.1302,671.3575,685.1570,519.0695,628.0226,855.8137,616.0532,636.0368,450.7776,559.8189,819.8999,565.8725,583.4487,409.2392,510.7813,763.5270,516.3880,531.6147,367.7420,458.1107,710.7082,461.3213,476.5187,319.3326,399.0174,659.3720,412.5600,428.6966,273.1852,344.8401,620.0756,11.00000000000,21,095
21,053,00516873,21053,Clinton,Clinton County,06,H1,G4020,,,,A,510864195.00000000000,21164236.00000000000,+36.7291241,-085.1534986,21053,679.9742,678.0849,672.6154,678.0707,683.6652,615.5618,612.7903,601.5097,612.7893,623.8654,581.5186,577.8577,558.8308,577.9389,596.7592,610.6505,605.5694,576.4425,605.3859,634.7509,613.4882,607.3813,563.4924,606.8096,651.2295,659.5262,652.2517,593.6294,651.2293,710.4694,583.4821,576.7050,513.5055,575.5691,639.0148,573.6672,566.6596,505.0301,565.4694,626.7868,621.9794,614.3311,545.0106,612.9090,681.3604,550.9566,549.9550,463.7273,531.5520,646.3203,512.8699,518.0273,416.4900,489.1489,627.2450,514.1427,524.7000,397.4980,480.9423,655.4027,502.9849,519.2894,368.0238,457.0574,669.4172,487.6337,502.7686,352.6375,440.1453,657.9591,480.5962,494.7549,342.2310,426.3422,661.4467,459.7825,474.9165,318.2449,397.6704,657.1718,439.6728,456.8558,291.1134,367.4852,660.8251,11.00000000000,21,053
21,087,00516890,21087,Green,Green County,06,H1,G4020,,,,A,740825297.00000000000,7135854.00000000000,+37.2696366,-085.5614029,21087,747.4812,745.3957,739.3787,745.3805,751.5374,747.1344,743.7984,730.1211,743.7953,757.2208,707.4231,703.0285,679.8936,703.1205,725.9966,649.8742,644.4175,613.4219,644.2256,675.4912,608.9299,603.0657,559.5061,602.5058,646.5209,655.9466,648.8101,590.5601,647.8121,706.6420,556.6576,550.1402,489.8055,549.0446,609.6313,531.8964,525.3487,468.1619,524.2348,581.1453,513.1149,506.9531,449.9007,505.8105,562.1205,439.5962,438.8220,370.0428,424.1445,515.6908,408.0953,412.2247,331.4498,389.2524,499.1088,382.5361,390.4207,295.8012,357.8715,487.6410,345.3137,356.5390,252.7135,313.8230,459.5771,320.2757,330.2491,231.6677,289.1274,432.1475,293.4582,302.1384,209.0315,260.3741,403.8906,258.5032,267.0456,178.9862,223.6242,369.4835,230.4969,239.5339,152.6667,192.6882,346.4369,11.00000000000,21,087
21,171,00516932,21171,Monroe,Monroe County,06,H1,G4020,,,,A,853073262.00000000000,6949445.00000000000,+36.7140770,-085.7135080,21171,670.5469,668.6718,663.2720,668.6584,674.1850,616.9589,614.2213,602.9358,614.2175,625.2928,580.2536,576.6228,557.6417,576.7013,595.4736,562.3706,557.6419,530.8201,557.4763,584.5341,560.3362,554.7522,514.6657,554.2298,594.8036,627.4609,620.4426,564.6170,619.4514,675.8990,557.2526,550.7690,490.4016,549.6815,610.2876,487.2139,481.1965,428.7961,480.1722,532.3245,488.2976,482.3110,427.9059,481.1983,534.9181,499.1273,498.0579,419.8121,481.3478,585.4807,418.9997,423.2385,340.3045,399.6521,512.4449,391.3162,399.3808,302.5889,366.0843,498.8333,367.2349,379.1692,268.7501,333.7407,488.7517,348.5810,359.4300,252.1318,314.6724,470.3394,330.2670,340.0271,235.2350,293.0219,454.5504,300.4558,310.3743,208.0158,259.9034,429.4465,268.5430,279.0654,177.8547,224.4858,403.6199,11.00000000000,21,171
21,191,00516942,21191,Pendleton,Pendleton County,06,H1,G4020,178,17140,,A,717833417.00000000000,12330627.00000000000,+38.6907649,-084.3540405,21191,1026.7700,1023.8742,1015.5932,1023.8548,1032.3373,925.0965,920.9318,903.9791,920.9303,937.5757,830.2774,825.0531,797.8876,825.1687,852.0391,855.3231,848.1178,807.3244,847.8668,889.0236,882.7827,874.0688,810.9158,873.2490,937.1394,920.2619,909.8288,827.8759,908.3484,991.2627,714.2826,705.6585,628.0350,704.1936,782.2265,659.6129,651.4372,580.4693,650.0445,720.6840,623.6012,615.5930,545.7814,614.0970,683.0957,553.9911,552.5522,465.5041,533.9458,649.7753,529.1048,534.0255,428.9734,504.1317,647.0354,487.1612,496.7903,375.9828,455.2321,620.9628,445.3711,459.4651,325.2819,404.2742,592.7094,410.3228,422.7484,296.1945,369.9693,553.6165,373.0748,383.7931,265.1879,330.6127,513.4426,333.1383,343.8730,230.1781,287.8454,476.1417,300.7445,312.3057,198.7842,251.1308,452.0049,11.00000000000,21,191
21,061,00516877,21061,Edmonson,Edmonson County,06,H1,G4020,,14540,,A,784464284.00000000000,13262150.00000000000,+37.2278556,-086.2177780,21061,766.3157,764.1884,758.0253,764.1723,770.4757,830.0306,826.3657,811.1919,826.3593,841.2479,772.6993,767.8117,742.5251,767.9223,792.9374,791.3047,784.7286,746.9844,784.4902,822.5402,812.3106,804.2629,746.1509,803.5075,862.3087,747.9776,739.7392,673.2612,738.5819,805.7564,635.1811,627.9319,559.2329,626.7243,695.6490,616.7352,609.3914,543.3043,608.1507,673.8539,573.5347,566.5241,502.6413,565.2216,628.2957,466.6561,465.7762,392.7167,450.1815,547.4208,542.9986,548.4549,440.9497,517.8791,664.0921,505.0540,515.4249,390.4717,472.4408,643.8168,464.7949,479.8640,340.0855,422.3577,618.5907,438.7708,452.3919,317.3067,396.0446,592.0291,412.7359,424.8988,293.9139,366.1469,568.0506,385.2168,397.8991,266.6379,333.1811,550.5944,355.5142,369.4112,235.3963,297.1479,534.3355,11.00000000000,21,061
21,135,00516914,21135,Lewis,Lewis County,06,H1,G4020,,32500,,A,1250540292.00000000000,32492848.00000000000,+38.5320508,-083.3733027,21135,920.6361,918.0636,910.6509,918.0451,925.6315,866.7223,862.8521,846.9853,862.8484,878.4231,781.4905,776.5730,751.0037,776.6819,801.9733,718.6977,712.7574,678.4750,712.5387,747.0878,763.2233,755.6578,701.0574,754.9479,810.1974,831.4579,821.9700,747.8918,820.6209,895.5892,719.4100,710.8408,632.7514,709.3918,787.8551,674.5800,666.2431,593.6864,664.8237,737.0382,684.0901,675.6112,599.3073,674.0333,749.3928,581.9925,580.7227,489.4684,561.2330,682.6767,567.4593,573.0387,460.5984,541.0544,693.9878,535.1183,545.9832,413.4994,500.4085,682.1264,494.6213,510.5378,361.7044,449.3109,658.2758,468.2197,482.6397,338.4043,422.4792,631.7539,443.2766,456.2294,315.4695,393.1005,610.0749,410.0571,423.4575,283.6554,354.5410,586.0919,375.1488,389.7255,248.2403,313.4512,563.8408,11.00000000000,21,135
13,283,00347505,13283,Treutlen,Treutlen County,06,H1,G4020,,,,A,516536589.00000000000,7805614.00000000000,+32.4095857,-082.5708819,13283,371.4061,370.3752,367.3882,370.3673,373.4223,374.6901,373.0301,366.1775,373.0276,379.7522,387.9213,385.5029,372.8150,385.5543,398.1014,390.4562,387.3296,368.7000,387.2039,405.9444,344.2861,340.8935,316.2639,340.5740,365.4891,335.7381,332.0558,302.2249,331.5393,361.6773,377.5049,372.9333,331.8979,372.1560,413.4124,385.1833,380.2565,338.6786,379.4120,420.8371,404.9079,399.7671,354.4919,398.8079,443.5452,338.1478,337.3135,284.2159,325.9669,396.6237,302.5298,305.3626,245.3107,288.2749,369.9629,298.3662,304.2883,230.3172,278.8420,380.3172,284.2361,293.2592,207.6436,258.0435,378.2699,266.9541,275.0686,192.7554,240.7391,360.1830,259.8072,267.3038,184.7321,230.2780,357.5612,248.9769,257.0332,172.0870,215.1684,355.8554,236.0568,245.1650,156.0873,197.1559,354.7845,11.00000000000,13,283
13,189,00348794,13189,McDuffie,McDuffie County,06,H1,G4020,,12260,,A,666820495.00000000000,23120857.00000000000,+33.4824637,-082.4731880,13189,1270.3798,1266.8800,1256.6769,1266.8522,1277.2800,1164.1657,1159.1133,1137.8764,1159.0983,1179.9238,1063.1297,1056.6183,1021.8687,1056.7458,1091.0945,1161.6034,1152.0993,1096.6856,1151.7392,1207.5513,1181.4949,1170.3830,1085.8693,1169.3067,1254.6075,1182.9206,1170.0051,1064.9330,1168.1965,1274.3303,1096.4691,1083.7007,964.9113,1081.5585,1200.8214,1040.7501,1028.3776,916.8727,1026.2880,1137.1399,1099.3786,1086.2014,963.9860,1083.7585,1204.3788,1008.6824,1006.6421,848.6126,972.9014,1183.2225,788.5284,796.6397,640.6647,752.2859,964.4076,769.1717,785.1578,595.0042,719.7447,980.5238,732.5442,756.4835,536.3191,665.8984,974.9524,687.9256,709.4696,497.8134,621.1768,928.2281,638.7510,657.7604,455.1876,566.8859,879.1312,592.0282,611.6976,410.1037,512.2799,846.2046,544.5521,566.0023,360.8557,455.3516,818.4683,11.00000000000,13,189
21,139,00516916,21139,Livingston,Livingston County,06,H1,G4020,424,37140,,A,810995883.00000000000,75644574.00000000000,+37.2095173,-088.3634260,21139,654.2187,652.3822,647.1102,652.3694,657.7672,581.4798,578.8909,568.2500,578.8880,589.3320,541.7646,538.3300,520.5993,538.4084,555.9499,487.2644,483.1379,459.8995,482.9964,506.4491,569.5595,563.7904,523.0426,563.2559,604.5329,549.7884,543.6002,494.6639,542.7243,592.2191,484.0885,478.3597,425.8428,477.3931,530.1493,440.9470,435.4819,388.0406,434.5510,481.7726,494.1919,487.9697,432.7587,486.8098,541.3553,464.2664,463.0624,390.1142,447.4700,544.5378,408.4296,412.4020,331.4403,389.3703,499.4915,387.6028,395.4354,299.4452,362.4145,494.0809,365.7015,377.4384,267.3753,332.1620,486.6978,354.9304,365.8361,256.4811,320.2249,478.8940,339.4963,349.3977,241.5786,301.0436,467.2422,318.3850,328.7773,220.2198,275.2647,455.0648,297.8484,309.4150,197.0782,248.8558,447.6594,11.00000000000,21,139
21,231,00516962,21231,Wayne,Wayne County,06,H1,G4020,,,,A,1186655607.00000000000,67316177.00000000000,+36.8020113,-084.8304404,21231,1326.6267,1322.9681,1312.3112,1322.9392,1333.8318,1258.3711,1252.8363,1229.8431,1252.8252,1275.3833,1234.5602,1226.8243,1186.4374,1226.9925,1266.9362,1146.2946,1136.8107,1082.1322,1136.4626,1191.5699,1203.2839,1191.4687,1105.3885,1190.3536,1277.4164,1199.2524,1185.9809,1079.3608,1184.1135,1291.8723,1124.7577,1111.6511,989.7901,1109.4516,1231.8012,999.2110,987.0220,879.6911,984.9523,1091.7357,1010.0556,997.6840,885.1564,995.3847,1106.4925,868.9754,867.1455,730.9459,838.0608,1019.3235,832.2580,840.4890,675.6160,793.5919,1017.8373,777.0847,792.9163,600.5672,726.7478,990.5725,711.2158,734.1529,520.1814,646.1276,946.5392,667.0890,687.6850,482.2249,601.9861,900.0865,619.5466,637.7010,441.0058,549.4825,852.6768,560.1639,578.5176,387.5759,484.3854,800.6420,498.5873,518.0033,329.9976,416.6415,749.3689,11.00000000000,21,231
21,169,00516931,21169,Metcalfe,Metcalfe County,06,H1,G4020,,23980,,A,750178224.00000000000,4000081.00000000000,+36.9903940,-085.6295543,21169,654.7998,652.9693,647.6966,652.9562,658.3526,568.3989,565.8550,555.4466,565.8530,576.0706,536.4911,533.1103,515.5561,533.1856,550.5497,532.8561,528.3869,502.9722,528.2292,553.8636,554.7341,549.2651,509.5803,548.7502,588.8959,521.5683,515.6827,469.2501,514.8490,561.8167,441.9493,436.7564,388.8402,435.8825,484.0048,446.9416,441.4910,393.4837,440.5655,488.3274,429.5523,424.1952,376.2524,423.1975,470.5530,417.4821,416.5566,351.0850,402.5725,489.7026,349.9195,353.4278,284.1433,333.7221,427.9533,334.7490,341.6131,258.7869,313.1207,426.7197,322.3564,332.7947,235.8428,292.9082,429.0197,312.6711,322.3626,226.0890,282.2050,421.8826,302.1744,311.0624,215.1525,268.0442,415.8828,291.6532,301.2382,201.8454,252.2350,416.8618,280.3255,291.2664,185.5813,234.2823,421.3263,11.00000000000,21,169
21,079,00516886,21079,Garrard,Garrard County,06,H1,G4020,,,,A,595897447.00000000000,10019029.00000000000,+37.6301619,-084.5458557,21079,1264.2185,1260.7058,1250.5367,1260.6793,1271.0809,1201.4842,1196.1301,1174.1407,1196.1244,1217.7074,1102.0007,1095.0719,1059.0169,1095.2247,1130.8871,1121.8516,1112.5278,1059.0170,1112.1899,1166.1345,1122.8192,1111.7500,1031.4254,1110.7079,1191.9653,1243.8223,1230.0072,1119.3968,1228.0609,1339.8699,1060.5409,1047.9923,932.9399,1045.8752,1161.4511,1089.3356,1076.1467,959.2236,1073.9107,1190.2114,1179.4567,1164.7262,1033.0669,1161.9827,1292.0331,1044.1929,1041.6917,877.7874,1006.6711,1224.7834,1019.7892,1029.7834,827.6910,972.2958,1247.1699,979.7471,999.6145,757.0311,916.1652,1248.9009,924.7399,954.4791,676.2083,840.0051,1230.7056,885.8833,913.1562,640.2517,799.3282,1195.2932,849.3577,874.1744,604.4643,753.2132,1168.9582,784.8387,810.4909,542.9165,678.5876,1121.7651,732.1368,760.5946,484.4812,611.7405,1100.3869,11.00000000000,21,079
13,089,01687424,13089,DeKalb,DeKalb County,06,H1,G4020,122,12060,,A,693033963.00000000000,9220158.00000000000,+33.7706611,-084.2263431,13089,49678.4762,49541.2548,49142.0723,49540.1813,49948.2562,52729.8016,52498.8466,51535.8538,52498.3127,53442.9426,52766.5768,52440.8448,50715.6125,52447.4656,54153.1262,61729.0242,61219.4901,58274.9438,61200.6594,64167.8922,67254.5279,66601.9103,61790.7972,66539.8809,71403.0942,66426.5056,65694.9731,59791.2525,65592.2208,71557.7624,63109.6314,62373.8398,55535.9762,62250.3423,69115.7489,66065.9779,65268.8448,58180.1416,65133.7981,72184.0439,72813.8578,71931.3732,63827.9324,71767.5648,79767.0346,72862.5411,72724.1234,61315.9713,70288.9612,85472.6871,74253.0372,75004.8824,60308.2473,70825.2012,90813.0432,74498.9938,76034.1131,57606.6365,69695.0295,94968.1370,73943.3064,76345.4684,54111.8232,67198.1453,98410.8166,73835.5248,76132.0524,53403.3553,66651.2207,99625.9330,73075.4904,75233.0969,52045.1503,64832.1069,100574.4982,71521.0664,73879.6968,49512.2394,61864.8938,102226.0877,69551.6499,72273.9583,46058.4770,58137.3972,104535.8954,11.00000000000,13,089
21,075,00516884,21075,Fulton,Fulton County,06,H1,G4020,542,46460,,A,532251963.00000000000,65047499.00000000000,+36.5526198,-089.1877226,21075,315.7444,314.8978,312.3738,314.8898,317.4627,243.4633,242.3786,237.9229,242.3774,246.7507,212.2410,211.0008,204.0750,211.0193,217.8574,215.5524,213.8598,203.5738,213.7881,224.1240,223.3102,221.2170,205.2434,221.0138,237.1335,204.6927,202.4901,184.3262,202.1833,220.5196,207.2036,204.8157,182.3872,204.4165,226.9263,199.1457,196.7749,175.4356,196.3744,217.5895,230.7467,227.9926,202.3517,227.4823,252.7864,218.2991,217.8886,183.7127,210.5938,256.0807,204.1632,206.2466,165.8494,194.7584,249.6985,206.4624,210.7290,159.6693,193.1644,263.1910,201.1015,207.6406,147.1766,182.7644,267.6456,201.9673,208.2477,146.0753,182.3137,272.5134,202.5195,208.4910,144.2225,179.6638,278.7289,202.6178,209.2870,140.2446,175.2461,289.6036,202.4879,210.3963,134.0608,169.2361,304.3376,11.00000000000,21,075
21,237,00516965,21237,Wolfe,Wolfe County,06,H1,G4020,,,,A,575419453.00000000000,1505069.00000000000,+37.7437739,-083.4950678,21237,435.1080,433.9093,430.4146,433.8997,437.4713,411.6642,409.8613,402.3433,409.8571,417.2317,406.1938,403.6292,390.3374,403.6868,416.8353,385.1224,381.9770,363.6047,381.8572,400.3597,363.6829,360.0372,334.0189,359.6973,386.0397,390.3729,385.9257,351.1497,385.2937,420.4850,323.2638,319.4377,284.3677,318.7922,354.0221,338.3412,334.1026,297.6602,333.3790,369.6643,337.2407,332.9683,295.2678,332.1713,369.4222,302.0335,301.3063,253.8939,291.1757,354.2685,253.1416,255.6116,205.4382,241.3388,309.5824,234.9427,239.6973,181.5187,219.6837,299.4844,218.1437,225.1506,159.5011,198.1443,290.3194,200.5755,206.7433,144.9491,180.9692,270.6292,190.1296,195.6789,135.2995,168.6000,261.6721,175.3109,181.0363,121.2642,151.5717,250.5704,161.2990,167.5653,106.7315,134.7701,242.4289,11.00000000000,21,237
21,109,00516901,21109,Jackson,Jackson County,06,H1,G4020,,,,A,894065212.00000000000,3397888.00000000000,+37.4033198,-084.0206858,21109,875.2839,872.8491,865.8072,872.8310,880.0347,895.7257,891.7857,875.4187,891.7779,907.8351,825.4155,820.2080,793.1989,820.3246,847.0420,802.5907,795.9277,757.6449,795.6855,834.2761,712.6923,705.7843,654.8013,705.1272,756.6595,753.3120,744.9614,677.9800,743.7856,811.4873,645.1894,637.3913,567.2700,636.0663,706.5601,608.1449,600.6090,535.1802,599.3254,664.4508,597.5775,590.0987,523.3787,588.7055,654.6129,558.4176,557.2204,469.6794,538.5251,655.0285,507.8569,512.9097,412.3242,484.3000,621.1052,461.2085,470.6349,356.4961,431.3710,587.9196,425.3031,439.0519,311.1213,386.4216,566.0280,394.2372,406.4417,285.0423,355.8041,531.9372,367.6489,378.4543,261.7565,326.1127,505.9947,336.0056,347.0457,232.5361,290.5898,480.2548,311.7719,323.9415,206.4019,260.5654,468.5900,11.00000000000,21,109
21,205,00516949,21205,Rowan,Rowan County,06,H1,G4020,,,,A,724666477.00000000000,16759176.00000000000,+38.2058938,-083.4259690,21205,1455.2613,1451.2491,1439.5595,1451.2173,1463.1652,1294.9366,1289.2190,1265.5463,1289.2091,1312.4368,1291.5174,1283.4541,1241.2097,1283.6266,1325.4037,1323.6108,1312.5749,1249.4421,1312.1787,1375.8352,1277.6221,1265.1251,1173.7277,1263.9430,1356.3661,652.3150,644.8847,586.7744,643.8288,702.6328,969.5997,957.6497,852.0898,955.6060,1061.8019,2143.3899,2116.9142,1886.3870,2112.4071,2341.8436,2401.8687,2372.2577,2104.4971,2366.7507,2631.1682,2285.4940,2280.6006,1922.3175,2204.0861,2680.9051,2524.8968,2549.8936,2049.7221,2407.6237,3087.9100,2590.5417,2643.3314,2002.1125,2422.7508,3302.2406,2615.1235,2699.4824,1912.7286,2375.8208,3480.4035,2706.2373,2789.8069,1956.3108,2442.1490,3651.4595,2807.3097,2889.5841,1998.3219,2489.8487,3863.6782,2955.6039,3052.4483,2044.9826,2555.7784,4224.4432,3045.1422,3163.7285,2015.4778,2544.6578,4576.8010,11.00000000000,21,205
21,127,00516910,21127,Lawrence,Lawrence County,06,H1,G4020,,,,A,1076386638.00000000000,11584591.00000000000,+38.0744587,-082.7383054,21127,1013.9278,1011.1060,1002.9478,1011.0850,1019.4309,1004.4139,999.9369,981.5535,999.9321,1017.9758,965.0547,958.9682,927.3902,959.1042,990.3409,1009.0885,1000.5754,952.4490,1000.2801,1048.8395,973.8679,964.1086,894.4372,963.1987,1033.7367,1046.0049,1034.0375,940.8271,1032.3342,1126.6754,844.1293,833.7839,741.9295,832.0179,924.4068,898.2723,886.8165,789.8842,884.8540,981.4211,1010.7939,997.8801,884.7836,995.4691,1107.2366,936.9397,934.4200,787.1308,902.9316,1098.9141,765.3367,772.5730,620.7068,729.3624,935.9397,738.5081,753.2273,570.1818,690.2591,941.3582,700.5173,722.8045,511.8347,636.0259,932.2738,661.5583,681.7066,477.7486,596.6428,892.5993,632.9888,651.2853,450.1334,561.0850,871.1571,593.6702,612.9018,410.3696,513.0834,848.5171,563.0331,584.7697,372.3149,470.2631,846.2182,11.00000000000,21,127
21,181,00516937,21181,Nicholas,Nicholas County,06,H1,G4020,,,,A,505489592.00000000000,4306528.00000000000,+38.3371317,-084.0255542,21181,532.0099,530.5099,526.2194,530.4998,534.8947,463.2699,461.2157,452.7422,461.2127,469.5282,438.9791,436.1768,421.8063,436.2426,450.4623,408.3012,404.8545,385.3815,404.7352,424.3841,394.2487,390.2480,362.0424,389.8778,418.4524,462.0171,456.7810,415.6377,456.0382,497.6635,430.8993,425.6324,378.7549,424.7341,471.8798,398.2380,393.2230,350.3060,392.3660,435.1048,411.1480,406.1211,360.3245,405.1871,450.4042,378.3060,377.3955,318.0103,364.7066,443.7319,335.0851,338.3772,271.9791,319.4898,409.7998,325.4127,332.0216,251.4576,304.3074,414.8105,310.3064,320.2946,226.9242,281.8839,412.9772,301.9345,311.2395,218.2328,272.4463,407.3911,298.1868,306.9097,212.2295,264.4463,410.3909,283.3843,292.6555,196.0483,245.0309,405.0401,269.9956,280.4975,178.6787,225.6051,405.7984,11.00000000000,21,181
21,183,00516938,21183,Ohio,Ohio County,06,H1,G4020,,,,A,1521032417.00000000000,23188137.00000000000,+37.4778588,-086.8448710,21183,1442.4881,1438.4516,1426.8340,1438.4228,1450.3141,1517.4907,1510.7804,1483.0341,1510.7695,1537.9957,1543.8578,1534.1415,1483.6283,1534.3567,1584.3214,1601.0506,1587.5850,1511.2243,1587.1137,1664.1473,1615.2994,1599.3898,1483.8342,1597.8911,1714.7834,1809.4431,1788.8175,1627.6186,1785.8857,1949.0141,1621.9843,1602.1599,1425.7051,1598.7788,1776.2428,1698.6177,1677.0468,1493.8313,1673.3545,1855.8562,1892.5908,1868.9223,1657.6290,1864.5135,2073.2303,1566.7068,1563.0876,1317.2725,1510.5743,1837.6970,1463.7624,1477.9247,1187.7120,1395.3630,1790.1054,1445.4440,1474.5393,1116.4884,1351.3689,1842.5069,1380.2068,1424.4252,1008.9765,1253.5261,1836.8563,1325.3934,1366.0620,957.6642,1195.7241,1788.2975,1271.0319,1308.0374,904.3275,1126.9882,1749.2916,1199.4477,1238.5160,829.4852,1036.8975,1714.3536,1132.7118,1176.6220,749.3461,946.2985,1702.4356,11.00000000000,21,183
21,187,00516940,21187,Owen,Owen County,06,H1,G4020,,,,A,909351754.00000000000,8143489.00000000000,+38.4996026,-084.8415094,21187,680.4446,678.5187,673.0273,678.5061,684.1331,686.0788,683.0102,670.4478,683.0077,695.3395,672.2002,667.9884,645.9985,668.0799,689.8287,600.6545,595.6005,566.9529,595.4238,624.3246,634.6371,628.3011,582.8990,627.7091,673.6673,640.8701,633.6609,576.6200,632.6408,690.3314,584.0727,577.1621,513.7994,575.9963,639.6471,588.3651,581.3494,518.2938,580.1638,642.8557,589.8570,582.6364,516.9260,581.2946,646.1752,431.3322,430.4758,362.9121,416.0513,505.9729,496.3324,501.1791,402.8073,473.1954,606.9960,478.4434,488.1289,369.6549,447.3735,609.8783,438.8107,452.9082,320.8519,398.5839,583.9972,424.8380,437.9040,307.0192,383.3125,573.2187,409.1371,421.0798,291.1512,362.8095,563.0883,386.3763,398.9956,267.2615,334.0572,552.2446,360.7581,374.7733,238.7136,301.4243,542.2117,11.00000000000,21,187
21,185,00516939,21185,Oldham,Oldham County,06,H1,G4020,350,31140,,A,484893493.00000000000,23869704.00000000000,+38.4000461,-085.4560593,21185,5145.4085,5130.6599,5089.0395,5130.5732,5173.2743,5119.8242,5096.4187,5002.4127,5096.4352,5188.7867,5111.1014,5077.9048,4910.4764,5078.7365,5244.4817,5685.7683,5635.7032,5364.6267,5634.1825,5908.4077,5706.9184,5647.8301,5239.5218,5642.4261,6056.5018,7260.9222,7175.6910,6527.4821,7163.4579,7820.2747,8072.2394,7971.0768,7090.9462,7953.6832,8839.6606,8051.2120,7945.7219,7074.4126,7927.5567,8796.3118,8096.1498,7989.2964,7080.3070,7969.2781,8868.2116,7565.7460,7542.2165,6350.3161,7287.1970,8872.9099,8294.0880,8368.1021,6718.9899,7898.7055,10142.2251,8286.0502,8446.7511,6389.6424,7739.0971,10561.4889,8139.5701,8394.1275,5939.6539,7384.6942,10832.0456,8207.5039,8453.1858,5919.7046,7396.6909,11073.4893,8285.1253,8520.4770,5884.5203,7338.7443,11402.1539,8112.1591,8371.0490,5600.5637,7006.0991,11594.2204,7809.8399,8107.7974,5158.0529,6518.6677,11737.6851,11.00000000000,21,185
21,215,00516954,21215,Spencer,Spencer County,06,H1,G4020,350,31140,,A,483492140.00000000000,12898484.00000000000,+38.0269758,-085.3215250,21215,1491.2825,1487.0819,1475.0572,1487.0534,1499.3693,1522.4887,1515.7449,1487.9014,1515.7348,1543.0579,1392.1978,1383.3879,1337.8275,1383.5876,1428.6595,1455.7244,1443.5972,1374.1624,1443.1608,1513.1680,1376.4620,1362.8480,1264.3775,1361.5688,1461.1989,1585.1949,1567.3193,1426.2044,1564.7877,1707.5249,1515.2316,1497.1671,1332.6817,1494.1116,1659.3898,1539.1765,1520.1425,1354.5808,1516.9015,1681.6856,1527.7278,1508.8870,1338.5695,1505.3828,1673.5749,1380.6823,1378.0438,1161.8567,1331.8959,1619.6299,1473.8853,1488.7536,1196.9911,1405.7750,1802.5841,1429.0468,1458.4530,1104.9449,1336.8456,1821.6829,1388.2649,1433.3324,1015.8788,1261.5857,1847.6328,1370.6134,1413.2195,991.2877,1237.2197,1849.3601,1366.5716,1406.8959,973.2438,1212.3823,1880.8236,1326.0861,1369.7986,917.9819,1147.0249,1895.3925,1276.4549,1326.4026,845.2690,1066.9565,1918.5065,11.00000000000,21,215
21,153,00516920,21153,Magoffin,Magoffin County,06,H1,G4020,,,,A,798865721.00000000000,1847983.00000000000,+37.6989535,-083.0697158,21153,875.7131,873.2639,866.2117,873.2463,880.4643,821.6556,817.9891,802.9487,817.9855,832.7487,731.5196,726.9348,703.0040,727.0346,750.7030,646.0063,640.5675,609.7570,640.3777,671.4616,615.1701,609.0744,565.0657,608.5022,653.0334,640.8000,633.4975,576.4112,632.4596,690.2286,544.3534,537.8214,478.6963,536.7142,596.1380,490.4334,484.3366,431.5546,483.2974,535.8398,444.6313,439.0634,389.4171,438.0261,487.0685,425.2625,424.2231,357.4541,409.9556,498.8055,371.1035,374.7271,301.1751,353.8038,453.8457,332.8818,339.6093,257.1714,311.2505,424.3275,298.0013,307.5547,217.8593,270.6573,396.5973,273.4306,281.8133,197.5550,246.6704,368.9277,250.3857,257.6622,178.1238,221.9930,344.5989,225.8641,233.2048,156.1692,195.2346,322.8232,202.8946,210.7397,134.1891,169.4789,304.9439,11.00000000000,21,153
21,007,00516850,21007,Ballard,Ballard County,06,H1,G4020,424,37140,,A,638843574.00000000000,70009064.00000000000,+37.0511196,-089.0091777,21007,506.6002,505.1952,501.1216,505.1845,509.3505,493.9023,491.7418,482.7232,491.7366,500.5828,457.6199,454.7817,439.8170,454.8407,469.6373,430.0491,426.4506,405.9390,426.3228,447.0089,447.8725,443.6797,411.6432,443.2724,475.6003,462.5194,457.5274,416.4762,456.8313,498.2773,460.3522,455.1226,405.3516,454.2530,504.1796,429.0409,423.8372,377.7782,422.9546,468.7708,453.4920,448.1363,397.7956,447.1451,496.8141,426.4431,425.8510,359.2567,411.6501,500.2995,429.7444,434.3887,349.5512,410.2728,525.6341,414.7897,423.6374,321.2640,388.4209,528.7926,400.6903,414.0080,293.7404,364.5161,533.3034,405.6437,418.5559,293.9018,366.5497,547.3596,396.7199,408.7203,283.0505,352.3314,546.0325,383.4347,396.3517,265.9238,332.0077,548.0677,365.8836,380.4523,242.7371,306.1419,549.9371,11.00000000000,21,007
21,115,00516904,21115,Johnson,Johnson County,06,H1,G4020,,,,A,678455744.00000000000,5651444.00000000000,+37.8492599,-082.8306393,21115,1505.9611,1501.8066,1489.7085,1501.7738,1514.1400,1474.9279,1468.5042,1441.5867,1468.4868,1494.8859,1324.5954,1316.3423,1273.0192,1316.5173,1359.3589,1401.2802,1389.7145,1322.8718,1389.2870,1456.6444,1387.4629,1374.0705,1274.8183,1372.7935,1473.0948,1236.6788,1223.0603,1113.1497,1221.1475,1332.2089,1150.9501,1137.5177,1012.8028,1135.2623,1260.4841,1131.0708,1116.9710,995.2069,1114.5664,1235.7878,1149.0990,1134.9947,1006.9496,1132.3729,1258.8078,1175.7987,1173.5214,989.3907,1134.2143,1379.2808,1001.4719,1011.5202,813.2333,955.1243,1224.8064,933.3318,952.4722,721.5418,873.0317,1189.7604,888.5961,917.3763,650.1266,807.4283,1182.6209,829.4012,855.1135,599.7383,748.5913,1119.0996,771.5388,794.2351,549.3512,684.3977,1061.8696,721.6298,745.3487,499.4262,624.1023,1031.4303,666.6704,692.6931,441.3550,557.1742,1001.9989,11.00000000000,21,115
21,089,00516891,21089,Greenup,Greenup County,06,H1,G4020,,26580,,A,891983450.00000000000,26036378.00000000000,+38.5635956,-082.9338325,21089,2291.2162,2284.8935,2266.4860,2284.8438,2303.6595,2200.3460,2190.6963,2150.5056,2190.6749,2230.1009,2082.0974,2069.0846,2000.9783,2069.3643,2136.7190,2060.4535,2043.2074,1944.9321,2042.5952,2141.7082,1968.0620,1948.7358,1807.9451,1946.9119,2089.3103,2119.2022,2095.3928,1906.7883,2092.0251,2282.7674,1825.1713,1803.2947,1605.0725,1799.5878,1998.8034,1811.7391,1789.1684,1594.1405,1785.3196,1979.4746,1801.4540,1778.9145,1577.7862,1774.7158,1973.3936,1568.3195,1564.4507,1318.1860,1511.8253,1839.5290,1525.8317,1540.5951,1238.0769,1454.5327,1866.0131,1420.3400,1448.9598,1097.1498,1327.9363,1810.5104,1296.4067,1337.9288,947.6961,1177.4030,1725.3294,1221.1663,1258.6045,882.2991,1101.6529,1647.6654,1148.6035,1182.0200,817.1778,1018.4032,1580.7942,1050.0930,1084.2895,726.1856,907.7747,1500.8827,967.4357,1004.9340,639.9989,808.2163,1454.0297,11.00000000000,21,089
21,141,00516917,21141,Logan,Logan County,06,H1,G4020,,,,A,1430013728.00000000000,12689581.00000000000,+36.8598288,-086.8814363,21141,1669.5077,1664.8529,1651.4156,1664.8187,1678.5678,1568.1165,1561.1520,1532.4645,1561.1429,1589.2969,1456.7219,1447.6280,1399.9800,1447.8225,1494.9433,1692.1048,1678.1188,1597.4043,1677.6039,1758.9466,1527.2941,1512.3889,1403.1313,1510.9771,1621.4487,1671.6371,1652.9261,1504.1923,1650.2829,1800.6784,1604.1643,1585.3412,1411.4375,1582.1748,1756.8181,1493.1313,1474.7502,1314.2156,1471.6233,1631.3820,1502.1637,1483.3685,1315.6548,1479.8671,1645.5375,1460.1814,1457.0052,1228.0615,1408.1090,1712.7939,1292.8662,1305.4466,1049.1705,1232.5422,1581.1198,1247.2426,1272.4489,963.5699,1166.1938,1589.8719,1201.7171,1240.2833,878.6078,1091.5017,1599.3181,1127.7277,1162.3754,814.9171,1017.4532,1521.5995,1078.5092,1109.9574,767.4332,956.3445,1484.3308,1014.8678,1047.9845,701.9449,877.4079,1450.5405,934.7409,971.0299,618.4732,780.9735,1404.8940,11.00000000000,21,141
21,151,00516919,21151,Madison,Madison County,06,H1,G4020,336,40080,,A,1132583005.00000000000,15447453.00000000000,+37.7235278,-084.2770080,21151,5457.0609,5441.8453,5397.9229,5441.7337,5486.6751,5931.2184,5905.0093,5796.5702,5904.9655,6011.3688,5871.2773,5834.4726,5642.3997,5835.2740,6025.2420,5919.9327,5870.5316,5588.1681,5868.7623,6153.4826,5501.6474,5447.6283,5054.0529,5442.5302,5840.5973,4598.4899,4547.4079,4138.4713,4540.2110,4953.5819,4575.8277,4520.7071,4023.5358,4511.3512,5011.1035,7440.6292,7349.5385,6550.0083,7334.0600,8129.5952,8049.0548,7950.9116,7054.5940,7932.6811,8817.6073,7532.4206,7517.0166,6336.7836,7265.0150,8835.7730,8400.7925,8484.7559,6821.1915,8011.5994,10274.1693,8439.5185,8612.3127,6523.9479,7893.9112,10758.2033,8318.3024,8587.4517,6085.4908,7558.1418,11070.6959,8458.1915,8720.1872,6115.7268,7633.8209,11412.5020,8658.6022,8913.1419,6164.8030,7680.4460,11916.8288,8848.1545,9138.8186,6123.3524,7652.1321,12646.7152,8977.7177,9328.0072,5943.2507,7503.0102,13493.4105,11.00000000000,21,151
13,115,00353665,13115,Floyd,Floyd County,06,H1,G4020,,40660,,A,1320662374.00000000000,22156077.00000000000,+34.2636769,-085.2137297,13115,5842.0365,5825.7525,5778.7344,5825.6333,5873.7409,5792.8439,5767.0660,5661.0641,5767.0355,5871.0729,5302.1286,5268.8659,5095.4070,5269.5927,5441.1538,5786.1146,5738.4283,5462.4207,5736.6584,6014.7673,6107.5217,6047.9176,5611.0054,6042.2720,6484.0384,5658.4480,5596.0556,5093.1128,5587.2879,6095.5242,4958.0022,4899.8870,4362.4502,4890.1145,5429.8175,5757.0042,5687.5966,5069.9344,5675.8399,6290.1371,5996.3507,5923.3460,5255.7117,5909.7876,6568.9169,5258.9086,5248.1023,4424.0576,5072.1499,6168.8574,4950.0737,5000.1105,4020.2963,4721.4508,6054.0316,4914.7625,5015.9347,3800.1826,4597.7140,6265.1171,4750.6276,4904.8600,3476.3469,4317.1476,6322.5804,4568.7141,4710.7383,3304.3002,4124.0725,6164.5380,4422.3135,4552.7961,3149.4626,3923.3348,6086.4654,4263.8954,4404.4134,2951.6153,3688.0980,6094.4401,4105.2260,4265.8135,2718.3934,3431.3937,6170.1347,11.00000000000,13,115
21,123,00516908,21123,Larue,Larue County,06,H1,G4020,350,21060,,A,677331504.00000000000,5462686.00000000000,+37.5455181,-085.6972088,21123,920.3731,917.8039,910.3946,917.7852,925.3673,862.4437,858.6926,842.9555,858.6820,874.1153,862.1940,856.8813,828.6933,856.9883,884.8553,933.1670,925.5395,881.0229,925.2497,970.0838,969.2712,960.0725,890.7381,959.1864,1029.1966,947.1931,937.0214,852.9808,935.6055,1020.4365,863.4522,853.6334,760.2733,851.9999,945.6551,786.4444,777.1207,692.8847,775.5470,859.2830,826.4234,816.6058,724.8144,814.7876,905.3647,698.9567,697.7704,588.4473,674.4437,819.9578,725.4505,733.0475,589.6507,692.2758,887.2822,707.1738,722.0042,547.2774,661.8981,901.5062,666.6503,688.5706,488.3062,606.1680,887.2652,639.5148,659.6738,463.0074,577.6299,862.9184,602.3991,620.4499,429.4982,534.7803,829.1090,562.8388,581.6531,390.0868,487.1661,804.4913,524.8109,545.5845,347.9539,438.9680,788.8033,11.00000000000,21,123
21,143,00516918,21143,Lyon,Lyon County,06,H1,G4020,,,,A,553843392.00000000000,110562511.00000000000,+37.0239759,-088.0833909,21143,501.9534,500.5134,496.4525,500.5050,504.6716,481.9641,479.7513,470.8971,479.7535,488.4533,454.9371,452.0028,437.1041,452.0745,466.8207,392.4539,389.0985,370.3832,388.9867,407.8854,459.8211,455.0774,422.1792,454.6426,487.9992,618.0680,610.6940,555.4516,609.6301,665.6469,696.5082,687.3496,611.0720,685.7514,762.6752,678.1873,668.7958,594.9512,667.1622,740.9207,707.3758,697.3888,617.3743,695.5052,774.7532,612.0116,609.4713,512.5460,588.6917,717.5968,648.5267,653.5826,524.0862,616.6945,792.9163,625.8037,637.1854,481.2552,583.5443,797.5648,589.1805,606.8433,428.6335,533.5817,784.0072,574.6039,591.0492,413.1328,516.8791,775.1828,557.0201,572.1026,394.3278,492.4541,766.5227,522.1713,538.1317,359.2565,450.0927,746.2586,487.1612,505.1112,320.6143,405.8399,732.1325,11.00000000000,21,143
13,237,00347246,13237,Putnam,Putnam County,06,H1,G4020,,,,A,892610760.00000000000,41562906.00000000000,+33.3210605,-083.3717898,13237,1343.8508,1340.0795,1329.2507,1340.0531,1351.1401,1217.1111,1211.6985,1189.4287,1211.6919,1233.5486,1146.9060,1139.7742,1102.2655,1139.9241,1177.0141,1275.8524,1265.0287,1204.1822,1264.6595,1326.0736,1221.6202,1209.6170,1122.2250,1208.4847,1296.8772,1129.0912,1116.2547,1015.6852,1114.4317,1216.1932,1079.2524,1066.4506,949.3436,1064.2891,1181.9393,1075.7654,1062.4150,946.6581,1060.1402,1175.3655,1137.2657,1123.2954,996.5586,1120.6982,1245.8433,954.9724,952.7336,802.8729,920.7168,1120.1442,832.0396,839.9762,674.9266,793.0173,1017.5227,800.9295,816.9432,618.4638,748.6657,1020.9315,738.7940,762.3493,539.8877,670.8418,983.2183,677.5150,698.1800,489.3250,611.0728,914.1314,614.9944,632.7861,437.3641,545.1541,846.3933,560.5452,578.7052,387.4750,484.4568,801.1725,496.1131,515.2523,328.0383,414.3525,745.6390,11.00000000000,13,237
13,273,00352238,13273,Terrell,Terrell County,06,H1,G4020,,10500,,A,868783601.00000000000,5863427.00000000000,+31.7771909,-084.4394464,13273,468.3938,467.1183,463.3640,467.1074,470.9401,367.6892,366.0731,359.3552,366.0698,372.6604,358.2479,356.0872,344.3839,356.1263,367.6901,388.4382,385.2271,366.6984,385.1089,403.7821,438.0280,433.6859,402.3497,433.2784,464.9872,387.6881,383.4256,348.9733,382.8272,417.6379,333.9556,329.9939,293.7568,329.3249,365.7302,314.6654,310.7800,276.9382,310.1186,343.8000,337.0199,332.7945,295.1590,332.0072,369.1857,284.2087,283.5994,239.0452,274.0844,333.3792,234.4538,236.7763,190.3330,223.5660,286.7336,229.5702,234.2526,177.4318,214.7061,292.6405,215.8143,222.7838,157.8620,196.0754,287.2226,207.6908,214.1154,150.1567,187.4374,280.2330,199.6563,205.5222,142.1464,177.0969,274.7866,191.3683,197.6564,132.4390,165.5026,273.5238,185.1802,192.4099,122.5972,154.7674,278.3241,11.00000000000,13,273
21,179,00516936,21179,Nelson,Nelson County,06,H1,G4020,350,31140,,A,1081351761.00000000000,17000268.00000000000,+37.8031876,-085.4659548,21179,3142.0528,3133.3431,3108.0797,3133.2764,3159.1114,2950.8359,2937.7828,2883.8265,2937.7620,2990.7077,3077.1857,3057.8654,2957.1924,3058.2890,3157.8627,3262.9989,3235.6295,3080.0002,3234.6639,3391.6394,3263.0230,3231.0102,2997.5814,3227.9874,3464.0708,3687.7930,3646.8681,3318.9407,3641.1042,3972.5737,3530.0148,3488.3195,3105.4244,3481.2894,3865.9029,3416.5686,3374.6363,3007.4159,3367.5072,3732.9200,3485.0623,3441.8137,3053.0392,3433.7643,3817.7367,3259.7892,3252.8427,2741.8515,3143.7182,3823.7701,3090.0098,3120.5567,2508.4052,2946.4333,3779.0272,3050.4013,3112.5259,2357.4539,2852.7795,3888.4327,2946.4305,3041.4509,2155.0056,2676.7783,3921.3296,2871.0095,2959.6540,2075.4003,2590.8252,3873.7814,2796.6665,2878.6277,1990.7436,2480.4075,3849.0299,2633.6214,2719.9318,1822.2316,2277.3730,3764.2349,2457.4660,2553.1935,1626.5626,2053.6022,3693.5345,11.00000000000,21,179
21,085,00516889,21085,Grayson,Grayson County,06,H1,G4020,,,,A,1286441869.00000000000,37121614.00000000000,+37.4585771,-086.3440113,21085,1596.1419,1591.6196,1578.7359,1591.5903,1604.7936,1639.9209,1632.6557,1602.6639,1632.6449,1662.0763,1563.4977,1553.7521,1502.6146,1553.9592,1604.5290,1537.5793,1524.6812,1451.3462,1524.2262,1598.1961,1533.7164,1518.7883,1409.0719,1517.3721,1628.2932,1776.6929,1756.7790,1598.6831,1753.9646,1913.8362,1640.6815,1621.1672,1443.0995,1617.8692,1796.7801,1701.8895,1681.0734,1498.2142,1677.5369,1859.4773,1787.4377,1765.1312,1565.6204,1760.9770,1958.0465,1786.8855,1783.6197,1503.9484,1723.9300,2096.1687,1523.9341,1539.3907,1237.7836,1453.6155,1863.8080,1485.2077,1515.8516,1148.5125,1389.4863,1893.2841,1467.7417,1515.4632,1074.1635,1333.9030,1953.4143,1454.0194,1499.2888,1051.7323,1312.5980,1961.9056,1429.4317,1471.6842,1018.1397,1268.2429,1967.3444,1374.4288,1419.8063,951.5735,1188.9294,1964.4945,1318.2548,1369.9032,873.0651,1101.9760,1981.3355,11.00000000000,21,085
21,017,00516855,21017,Bourbon,Bourbon County,06,H1,G4020,336,30460,,A,750369577.00000000000,4850592.00000000000,+38.2025623,-084.2098602,21017,1301.1425,1297.5316,1287.0678,1297.5042,1308.2060,1288.3964,1282.7781,1259.2611,1282.7633,1305.8284,1101.5798,1094.7985,1058.7854,1094.9346,1130.5366,1104.4921,1095.3568,1042.6721,1095.0211,1148.1180,1244.6067,1232.6802,1143.6486,1231.5380,1321.4791,1485.3331,1469.0361,1337.0588,1466.7500,1600.0884,1363.3297,1347.5206,1199.8723,1344.8722,1493.0870,1224.4500,1209.9228,1078.7624,1207.4703,1337.8550,1212.3508,1198.2688,1063.9048,1195.6677,1328.1955,1183.7751,1181.5262,996.1815,1141.9629,1388.6482,1193.8938,1206.3205,970.2715,1139.2022,1460.2124,1157.8171,1182.0280,895.9048,1083.6014,1475.9786,1113.4492,1149.9787,815.4357,1012.3278,1481.9161,1109.4178,1144.2749,803.0190,1001.9158,1496.9637,1078.0056,1110.1789,768.3701,956.8367,1483.6971,1009.7086,1043.3403,699.5860,873.8042,1443.2144,945.6144,982.9375,626.7592,790.8097,1421.2743,11.00000000000,21,017
21,093,00516893,21093,Hardin,Hardin County,06,H1,G4020,350,21060,,A,1614282063.00000000000,17763035.00000000000,+37.6958356,-085.9631827,21093,6702.5088,6683.8532,6629.9233,6683.7147,6738.8864,6754.3358,6724.5028,6601.0221,6724.4517,6845.6130,6364.7786,6325.1913,6117.0336,6326.0241,6531.8593,6708.8500,6652.6429,6332.6603,6650.6528,6973.3816,5608.4270,5553.4498,5152.2372,5548.2560,5954.0147,5278.0915,5219.6960,4750.4525,5211.4802,5685.7305,5698.2371,5628.8232,5009.0961,5616.9974,6240.1935,5639.6496,5567.7197,4959.1409,5555.3972,6161.6854,5710.9511,5637.6447,4998.3388,5623.9510,6255.8073,4695.8975,4683.5222,3945.5177,4525.7632,5507.7673,4278.9126,4318.8343,3469.3652,4077.1131,5232.6476,3934.8720,4012.7025,3036.9633,3677.0449,5015.6134,3469.2040,3578.9186,2533.6536,3148.9932,4616.8843,3085.9283,3179.2098,2227.3096,2782.2269,4163.5873,2795.6495,2875.7517,1986.8173,2477.1846,3847.4835,2446.1230,2524.6723,1689.6388,2113.2110,3496.1302,2091.7868,2171.8982,1382.0790,1746.3356,3143.8395,11.00000000000,21,093
21,057,00516875,21057,Cumberland,Cumberland County,06,H1,G4020,,,,A,790416904.00000000000,14830137.00000000000,+36.7842273,-085.3934992,21057,430.5019,429.3445,425.9016,429.3338,432.8443,380.5084,378.8558,371.9138,378.8509,385.6585,338.0641,335.9938,324.9438,336.0343,346.9567,398.1975,394.9004,375.9064,394.7796,413.9235,393.9878,390.1952,362.0114,389.8330,418.3109,397.3655,393.1016,357.8467,392.5082,428.0935,319.0167,315.3258,280.7830,314.7080,349.3807,314.2855,310.5643,276.9054,309.9364,343.3942,330.5861,326.6038,289.8352,325.8651,362.1575,298.8114,298.2919,251.5452,288.3166,350.5377,254.3700,256.9978,206.6905,242.6926,311.1084,241.5903,246.6237,186.9073,226.0812,307.9757,228.8458,236.3343,167.5623,208.0382,304.5746,214.4962,221.2183,155.2269,193.6897,289.4232,199.8823,205.8301,142.4390,177.3928,275.1037,181.9278,187.9671,126.0142,157.4152,260.0348,168.4459,175.0731,111.6091,140.8438,253.1757,11.00000000000,21,057
21,173,00516933,21173,Montgomery,Montgomery County,06,H1,G4020,336,34460,,A,511174863.00000000000,3862273.00000000000,+38.0381379,-083.9123375,21173,1974.0632,1968.5820,1952.7052,1968.5406,1984.7793,2179.9405,2170.3253,2130.4792,2170.3080,2209.4037,2073.6842,2060.8666,1993.0631,2061.1288,2128.1652,2061.7362,2044.8198,1946.4680,2044.1840,2143.2590,2096.7783,2076.7870,1926.7978,2074.8666,2226.3513,2222.6918,2198.3144,2000.8255,2194.8953,2394.4175,2183.4012,2157.8902,1921.2781,2153.6052,2391.1883,2138.5131,2112.8317,1883.4830,2108.4851,2336.5580,2293.7692,2266.3976,2011.5154,2261.3257,2512.8588,2255.1673,2250.7205,1897.4968,2175.3114,2645.4242,2094.7371,2116.3413,1702.0339,1998.5290,2561.9719,2061.6949,2104.5986,1594.9501,1929.2789,2628.2113,1991.2331,2056.3517,1457.9241,1810.1311,2650.1613,1957.5187,2018.8371,1416.5715,1767.6003,2641.3097,1912.5759,1969.4736,1362.9055,1697.3675,2632.3309,1840.1777,1901.2722,1274.6325,1592.2450,2630.2210,1755.9753,1825.0826,1163.5137,1468.2616,2639.2482,11.00000000000,21,173
21,161,00516924,21161,Mason,Mason County,06,H1,G4020,,32500,,A,621927429.00000000000,16278281.00000000000,+38.5940683,-083.8280523,21161,1117.3091,1114.1774,1105.1762,1114.1554,1123.3702,1047.3308,1042.6876,1023.5316,1042.6809,1061.4794,897.7637,892.1880,862.8285,892.3045,921.3353,854.4730,847.3578,806.6012,847.1013,888.1929,949.5887,940.4690,872.5408,939.5968,1008.2262,941.8824,931.5515,847.8636,930.1024,1014.6523,900.2154,889.7149,792.1736,887.9522,985.8880,779.0639,769.7283,686.1942,768.1489,851.2131,829.8292,819.7581,727.3940,817.8884,909.0700,726.9811,725.8113,612.1562,701.5645,852.8492,629.5837,636.0295,511.4715,600.6084,770.0058,596.3015,608.6656,461.2270,557.9466,760.1489,564.3155,582.7362,413.1177,512.9487,751.0527,534.6817,551.4054,386.8828,482.7751,721.4519,496.5320,511.2798,353.7884,440.6309,683.3888,455.7915,470.9001,315.6700,394.3514,651.4748,411.9740,428.1675,272.9394,344.4483,619.1998,11.00000000000,21,161
13,267,00347445,13267,Tattnall,Tattnall County,06,H1,G4020,,,,A,1241648097.00000000000,23169438.00000000000,+32.0437683,-082.0592081,13267,1460.4355,1456.2470,1444.4327,1456.2225,1468.3444,1500.8633,1494.1087,1466.6058,1494.1060,1521.1099,1304.5513,1296.3929,1253.7195,1296.5688,1338.7719,1178.4078,1168.8962,1112.6750,1168.5220,1225.1034,1155.2854,1144.6317,1061.9961,1143.5873,1226.9157,1210.3453,1197.5555,1090.2804,1195.7858,1303.9979,1692.9511,1672.0397,1487.6926,1668.4608,1853.9336,1745.1319,1722.4575,1533.7680,1718.5592,1906.6463,1879.1334,1854.2073,1643.1145,1849.5350,2058.3152,1690.8134,1685.8276,1419.6764,1628.8994,1983.0081,1538.0693,1551.6057,1245.6495,1464.5121,1880.7603,1500.9924,1529.8790,1157.0720,1401.6317,1913.1540,1463.3214,1508.8537,1067.4267,1327.3202,1947.3506,1426.3817,1468.8093,1028.3199,1285.1278,1924.4370,1381.9330,1420.8797,980.9784,1223.6874,1901.8187,1320.6825,1362.5157,911.2305,1140.2181,1887.5499,1244.3812,1291.5524,821.3167,1038.2792,1870.2058,11.00000000000,13,267
21,145,00516925,21145,McCracken,McCracken County,06,H1,G4020,424,37140,,A,644243006.00000000000,50314555.00000000000,+37.0536877,-088.7123775,21145,3773.4689,3762.9905,3732.6409,3762.9114,3793.9529,3748.6248,3732.1705,3663.6921,3732.1351,3799.3127,3633.7287,3611.2186,3492.3967,3611.6837,3729.1680,3912.0094,3879.6983,3693.0917,3878.5063,4066.5572,3824.0807,3787.2095,3513.6543,3783.6916,4060.1234,4155.4045,4110.1533,3741.1175,4103.8225,4476.5460,3752.5500,3709.2229,3302.9693,3701.9756,4109.7274,3691.8265,3647.7699,3252.0818,3640.3234,4033.7379,3551.4255,3509.3320,3114.9609,3501.5383,3890.6752,3439.4902,3433.5469,2895.4954,3318.7341,4034.8977,3388.3392,3423.5408,2753.5706,3233.0384,4144.1560,3300.3573,3369.2899,2553.6349,3088.7038,4207.2666,3169.8089,3273.7187,2321.2695,2881.8278,4218.7670,3082.6607,3179.4700,2231.2133,2783.8944,4159.5028,2993.0863,3082.3667,2133.2965,2656.5982,4119.4862,2828.5298,2922.6720,1959.6468,2447.7268,4042.9185,2681.0271,2786.7498,1776.8291,2242.0025,4029.6231,11.00000000000,21,145
21,229,00516961,21229,Washington,Washington County,06,H1,G4020,,,,A,769916143.00000000000,10191544.00000000000,+37.7542085,-085.1754162,21229,770.8015,768.6460,762.4387,768.6305,774.9836,743.6856,740.4125,726.8226,740.4061,753.7390,703.7447,699.4117,676.4046,699.4987,722.2434,672.2227,666.6739,634.6081,666.4688,698.7817,759.5405,752.2211,697.8875,751.5225,806.4259,787.4364,779.0025,709.1486,777.8296,848.3328,852.1016,842.0067,749.5570,840.3029,933.1773,935.0390,923.5341,823.0083,921.5772,1021.6157,941.1044,929.3766,824.3475,927.1929,1030.9337,925.5269,923.2806,777.9795,892.2330,1085.5872,923.4808,932.4972,749.4646,880.4300,1129.3823,908.4090,926.8175,701.8879,849.4412,1157.9635,882.6011,910.9847,645.3940,801.7271,1174.6243,884.7236,911.9676,639.4254,798.2904,1193.7289,874.6437,900.2208,622.4974,775.6643,1203.7608,844.8735,872.5168,584.4971,730.5312,1207.5745,811.9641,843.5577,537.3647,678.4812,1220.3677,11.00000000000,21,229
13,079,00342918,13079,Crawford,Crawford County,06,H1,G4020,356,31420,,A,841456435.00000000000,4054558.00000000000,+32.7094463,-083.9791817,13079,905.0037,902.4716,895.1830,902.4535,909.9137,772.0848,768.6651,754.5453,768.6600,782.5160,638.2454,634.1919,613.3021,634.2851,654.9528,667.8432,662.1450,630.2965,661.9540,694.1107,783.5687,775.6433,719.5850,774.9085,831.6907,732.0751,723.8039,658.6254,722.6317,788.5649,611.0997,603.7112,537.2930,602.4556,669.2275,595.8276,588.2946,524.0576,587.0064,650.9844,617.2676,609.5547,540.6475,608.1181,676.1839,537.4586,536.0853,451.6532,518.0396,630.3898,502.3863,507.0707,407.3325,478.6895,614.3638,484.0269,493.6122,373.5955,452.3261,616.9698,464.1924,478.9002,339.0594,421.3816,617.7588,449.0310,462.6488,324.1709,404.8962,605.8443,429.9238,442.2941,305.6301,381.0152,591.6823,406.6024,419.7189,280.9629,351.3396,581.1422,387.0896,401.9830,255.8790,323.2474,581.7784,11.00000000000,13,079
13,183,00326719,13183,Long,Long County,06,H1,G4020,496,25980,,A,1036755278.00000000000,9116399.00000000000,+31.7495633,-081.7428697,13183,1227.7549,1224.3432,1214.4673,1224.3176,1234.4193,1527.4590,1520.7036,1492.7745,1520.6927,1548.0984,1780.7627,1769.5929,1711.3357,1769.8368,1827.4564,2308.5772,2289.2801,2179.1692,2288.5924,2399.6333,2795.7014,2767.9366,2567.9335,2765.3340,2967.7337,2980.7078,2946.7760,2681.2562,2941.9548,3210.6371,3052.7437,3015.6284,2683.6755,3009.3093,3343.0968,3162.0341,3122.0882,2781.2124,3115.2576,3454.7511,3560.3164,3515.6453,3118.0297,3507.3211,3900.1152,3454.2246,3445.8510,2903.5709,3329.9785,4051.5994,3458.4990,3491.4380,2805.3460,3296.2331,4229.4798,3578.3326,3649.9373,2763.2307,3344.9077,4561.2479,3603.4026,3718.3482,2633.3522,3272.0431,4795.5655,3623.1505,3733.7851,2616.9802,3267.9955,4888.5163,3616.0933,3720.8773,2571.9471,3205.6577,4976.7051,3569.0753,3684.9226,2467.4996,3084.8840,5101.2006,3483.5988,3618.2835,2303.9368,2909.8534,5235.7340,11.00000000000,13,183
21,043,00516868,21043,Carter,Carter County,06,H1,G4020,,,,A,1060589533.00000000000,6801237.00000000000,+38.3095549,-083.0488208,21043,1747.9649,1743.1226,1729.0699,1743.0855,1757.4552,1683.5399,1676.1557,1645.4042,1676.1394,1706.3059,1503.0525,1493.7311,1444.5797,1493.9247,1542.5242,1447.9106,1435.9853,1366.9171,1435.5418,1505.1333,1435.4720,1421.7803,1319.0963,1420.4654,1524.1751,1396.1797,1380.8854,1256.8432,1378.7412,1504.0543,1250.7723,1236.3722,1100.9950,1233.9659,1369.8288,1214.6276,1200.1615,1070.0038,1197.7174,1327.1196,1244.8041,1230.0496,1091.8187,1227.3177,1363.7139,1199.7029,1197.7089,1010.0983,1157.6805,1407.4017,989.6697,1000.0123,804.3724,944.3856,1210.4394,925.2095,944.5989,715.9902,865.9573,1179.4568,866.4186,894.8890,634.6001,787.7889,1153.1412,810.3701,835.8767,586.6406,731.9034,1093.4557,748.0754,770.4379,533.2687,664.0366,1029.6054,686.4667,709.3491,475.6556,594.0917,981.1938,623.1428,647.7461,413.0372,521.1391,936.5947,11.00000000000,21,043
21,003,00516848,21003,Allen,Allen County,06,H1,G4020,,,,A,891830109.00000000000,19492854.00000000000,+36.7507703,-086.1924580,21003,1424.4308,1420.4728,1409.0151,1420.4431,1432.1629,1459.4444,1452.9250,1426.2062,1452.9191,1479.1462,1260.7891,1252.9671,1211.7373,1253.1298,1293.8970,1346.7738,1335.5965,1271.3566,1335.1898,1399.9452,1505.1079,1490.2616,1382.5885,1488.8642,1597.7908,1637.8581,1619.7716,1474.1782,1617.2286,1764.3636,1442.7839,1425.6004,1268.9929,1422.6949,1580.0515,1461.9752,1443.9465,1286.7339,1440.8784,1597.3394,1580.0491,1560.5368,1384.3625,1556.9072,1730.8879,1495.6145,1492.2624,1257.6840,1442.1564,1754.3330,1359.4060,1372.7493,1103.3702,1296.1220,1662.5140,1340.3697,1367.5717,1035.7151,1253.4122,1708.5956,1305.9508,1347.9715,955.0032,1186.3129,1738.0484,1279.1139,1318.5145,924.4874,1154.1656,1725.8681,1243.5510,1279.9061,885.0371,1102.8115,1711.4823,1172.7431,1211.0935,811.2863,1014.0023,1676.1958,1121.1281,1164.7239,741.9229,936.7864,1685.0341,11.00000000000,21,003
21,219,00516956,21219,Todd,Todd County,06,H1,G4020,,,,A,969940558.00000000000,6631006.00000000000,+36.8403384,-087.1836416,21219,738.4150,736.3455,730.3968,736.3309,742.4207,718.9131,715.7130,702.5573,715.7093,728.6213,719.1606,714.5994,691.0624,714.7037,737.9896,703.4099,697.3471,663.8052,697.1501,731.0372,743.3516,736.0700,682.8926,735.3819,789.1599,658.4382,651.0577,592.4674,650.0145,709.2630,696.5332,688.1529,612.4813,686.7310,762.7921,699.4762,690.7780,615.4958,689.2953,764.2364,715.9422,707.0419,627.1609,705.3850,784.2821,624.2160,622.8918,525.0470,601.9970,732.2140,493.6601,498.4802,400.6377,470.6470,603.7278,477.3682,487.0494,368.8547,446.3902,608.5099,450.2706,464.7476,329.2506,409.0075,599.2499,424.2307,437.2969,306.6130,382.7887,572.4010,391.6966,403.1540,278.7820,347.3741,539.0871,364.4248,376.3746,252.1614,315.1377,520.8728,329.9589,342.8270,218.4220,275.7514,495.9242,11.00000000000,21,219
21,011,00516852,21011,Bath,Bath County,06,H1,G4020,336,34460,,A,722067811.00000000000,13500089.00000000000,+38.1522485,-083.7376405,21011,844.0436,841.6914,834.8985,841.6740,848.6242,930.6930,926.5451,909.5114,926.5407,943.2597,893.3398,887.7174,858.4884,887.8420,916.7536,910.4481,902.8571,859.4311,902.5846,946.3708,930.0652,920.8553,854.3193,919.9905,987.3141,1079.5699,1067.3921,971.2860,1065.6672,1162.8795,1066.3555,1053.7587,938.0918,1051.6348,1167.8213,1110.9007,1097.0914,977.5335,1094.7376,1213.7525,1285.7498,1269.6602,1126.1067,1266.6628,1408.4677,1235.3628,1232.2344,1038.1873,1190.7624,1448.9745,1147.8524,1158.9301,931.3303,1094.1799,1403.7593,1151.9908,1175.1793,889.8197,1077.0149,1468.4423,1134.7965,1171.1227,829.5222,1030.6030,1510.2480,1130.7038,1165.3510,816.9089,1020.0214,1525.6068,1131.9432,1164.8605,805.2996,1003.6131,1557.8638,1104.0434,1139.9848,763.4733,954.3981,1577.9923,1061.3370,1102.4620,702.0954,886.6476,1595.1602,11.00000000000,21,011
21,049,00516871,21049,Clark,Clark County,06,H1,G4020,336,30460,,A,653877332.00000000000,6973861.00000000000,+37.9701332,-084.1449740,21049,2364.7671,2358.1856,2339.1585,2358.1367,2377.6018,2546.0076,2534.7862,2488.2530,2534.7653,2580.4208,2207.1244,2193.4243,2121.2465,2193.7099,2265.0787,2122.3423,2104.6383,2003.4084,2104.0036,2206.0761,2053.6008,2033.3985,1886.4879,2031.4941,2180.0951,2270.1185,2244.6968,2042.7068,2241.1051,2445.3559,2108.2631,2083.5184,1854.9616,2079.3555,2308.8868,2029.6621,2004.4969,1786.1175,2000.2097,2217.5804,2081.3318,2055.8263,1823.9394,2051.0859,2280.0493,1896.9509,1892.9791,1595.6772,1829.4935,2225.1624,1810.4549,1829.0379,1470.8900,1727.1916,2214.2657,1696.0495,1731.2883,1311.9851,1587.0475,2162.0866,1583.3765,1635.1290,1159.2550,1439.3337,2107.3364,1544.0380,1592.3817,1117.3142,1394.2066,2083.3919,1508.3981,1553.2490,1074.8477,1338.6401,2076.0481,1429.5512,1477.0011,990.1839,1236.9288,2043.2995,1336.5505,1389.1523,885.6039,1117.5604,2008.8486,11.00000000000,21,049
25,013,00606933,25013,Hampden,Hampden County,06,H4,G4020,,44140,,N,1598385896.00000000000,44316925.00000000000,+42.1361975,-072.6356476,25013,30073.0032,29989.7496,29748.0073,29989.1083,30236.2878,27522.6209,27402.2929,26899.7672,27402.0001,27894.9117,27038.6166,26871.3774,25987.2708,26874.8078,27748.9266,32071.3187,31804.6846,30274.9313,31795.0318,33337.2157,34811.7419,34470.2516,31979.9057,34438.0059,36956.6591,33941.2670,33562.5964,30543.3550,33509.1643,36561.7103,31132.3874,30764.2595,27387.0656,30702.1694,34094.6516,32795.7006,32391.4066,28864.8629,32322.6112,35832.2601,33524.5557,33109.3753,29370.3347,33032.1202,36724.8217,31412.0496,31341.8295,26415.1807,30289.5076,36845.8982,31706.0430,32017.3060,25734.4949,30230.1062,38775.5746,31647.6531,32289.8475,24454.2814,29594.3957,40341.8743,30940.8538,31936.2308,22625.8115,28106.1345,41178.1806,30594.5335,31536.6092,22111.8187,27605.5366,41280.2125,30081.3630,30960.3189,21408.1311,26676.2968,41400.5299,29217.1808,30172.1002,20211.0840,25261.7296,41759.9329,28278.1050,29377.1707,18712.4779,23627.8020,42501.4142,11.00000000000,25,013
25,007,00606930,25007,Dukes,Dukes County,06,H1,G4020,,,,A,267403794.00000000000,1004180155.00000000000,+41.3809392,-070.7015362,25007,1155.1023,1151.9014,1142.6144,1151.8769,1161.3736,1082.3658,1077.6888,1057.9545,1077.6734,1097.0224,1032.9647,1026.5955,992.8235,1026.7242,1060.1121,1212.6236,1202.5960,1144.7533,1202.2273,1260.5218,1107.1658,1096.6210,1017.4221,1095.6074,1175.5919,1193.0525,1180.3429,1074.5444,1178.5790,1285.3372,1202.8908,1189.2904,1059.2900,1187.0326,1317.4181,1110.4837,1097.3316,978.3995,1095.1121,1213.3349,1296.3166,1281.0051,1137.1031,1278.1713,1420.1536,1168.3086,1166.3372,983.6127,1127.3494,1370.5651,1052.5849,1063.6309,855.5884,1004.4795,1287.3968,1048.6663,1070.6689,811.5750,981.5404,1336.8427,1035.2707,1069.2916,758.2777,941.3198,1377.8715,1011.5513,1043.3997,732.2956,913.6168,1364.9160,992.6328,1022.3160,707.6202,881.1332,1366.2001,950.0162,981.7014,658.3014,822.1986,1357.8967,895.0178,930.3758,593.2803,748.5353,1345.2289,11.00000000000,25,007
13,147,01687995,13147,Hart,Hart County,06,H1,G4020,,,,A,601897046.00000000000,63595058.00000000000,+34.3487328,-082.9632900,13147,1665.9614,1661.3647,1647.9806,1661.3284,1675.0091,1594.2818,1587.2775,1558.1504,1587.2628,1615.8374,1389.9514,1381.3431,1335.8925,1381.5208,1426.4595,1477.1324,1465.1265,1394.6572,1464.6632,1535.6122,1640.6929,1624.8932,1507.5267,1623.3846,1741.9781,1800.9206,1780.9803,1620.8629,1778.1741,1940.0053,1648.3836,1629.1724,1450.5773,1625.9483,1805.2605,1608.8231,1589.3644,1416.7002,1586.0662,1757.8060,1697.2752,1676.9081,1488.2045,1673.1318,1859.3769,1460.2082,1457.5627,1229.0394,1408.7910,1712.9541,1338.1055,1352.0355,1087.4756,1276.8105,1636.5934,1317.3533,1344.8907,1019.3353,1232.8993,1679.3531,1278.8951,1320.8355,936.5710,1162.7269,1702.1106,1239.7387,1278.6943,897.3546,1119.6136,1672.8092,1188.2465,1223.7235,846.9702,1054.7035,1635.4266,1119.1636,1156.4499,775.4385,968.5379,1599.6631,1046.9151,1088.2423,693.9120,875.5336,1573.5316,11.00000000000,13,147
13,057,01685718,13057,Cherokee,Cherokee County,06,H1,G4020,122,12060,,A,1092129613.00000000000,32974694.00000000000,+34.2443166,-084.4750574,13057,18585.6091,18533.7198,18384.0943,18533.3430,18686.4594,20022.9945,19934.2633,19568.0583,19934.1326,20293.4998,18348.0980,18233.7404,17633.6277,18236.1692,18829.6175,19812.7714,19646.4788,18701.5102,19640.6226,20593.8026,20367.1670,20167.6868,18710.6742,20148.8324,21622.2920,22368.4251,22121.7366,20133.5288,22087.0696,24096.2198,23535.0227,23260.0379,20709.5799,23213.8492,25774.7729,25242.4478,24935.7409,22225.3882,24883.7046,27579.9107,25655.4077,25342.1826,22484.9075,25283.9917,28105.0284,23649.7331,23603.0969,19898.8715,22812.2890,27742.3201,24511.4662,24758.8236,19906.7310,23378.8693,29977.9090,24552.1529,25057.2482,18983.6078,22967.9063,31297.9357,24227.9298,25014.2179,17728.6773,22016.8458,32244.7736,24467.2108,25227.4162,17695.1205,22085.4915,33013.4228,24660.5406,25387.7918,17561.9780,21877.5699,33940.4717,24249.8027,25048.6862,16786.0598,20974.7564,34660.5333,23460.4312,24377.9821,15534.6950,19609.4242,35260.9043,11.00000000000,13,057
13,053,00351012,13053,Chattahoochee,Chattahoochee County,06,H6,G4020,194,17980,,C,644223521.00000000000,6292717.00000000000,+32.3474454,-084.7880206,13053,143.6244,143.2109,142.0481,143.2085,144.4020,92.9705,92.5530,90.8498,92.5528,94.2249,67.5118,67.0869,64.8780,67.0963,69.2812,135.2551,133.9873,127.5423,133.9564,140.5023,170.8180,168.7879,156.5624,168.6163,181.1093,272.2861,268.7403,244.2408,268.2151,293.1602,595.3710,587.0993,521.5513,585.6328,651.8792,932.3997,918.0657,815.2742,915.5288,1018.5653,910.0134,895.6691,791.3672,892.9366,996.5102,836.4308,831.4295,697.7390,802.6690,980.3620,656.3712,660.0607,527.9247,622.3648,802.2753,621.2019,631.1132,475.2887,577.5078,791.5322,580.1741,596.2669,419.8557,523.7947,771.9077,543.1962,557.5389,388.4726,487.0953,732.7039,519.0664,531.9940,365.4860,457.4695,714.2036,482.7629,496.5180,330.3721,414.8694,689.8681,430.9904,446.0247,282.1381,358.0070,647.6636,11.00000000000,13,053
13,209,00352276,13209,Montgomery,Montgomery County,06,H1,G4020,,47080,,A,620362830.00000000000,13388730.00000000000,+32.1721081,-082.5333487,13209,590.0213,588.3730,583.6224,588.3611,593.2228,586.5300,583.9478,573.2293,583.9428,594.4587,484.9557,481.9251,466.0620,481.9902,497.6781,532.8147,528.3350,502.9228,528.1780,553.8136,515.2168,510.0918,473.2333,509.6119,546.9150,416.4240,411.6180,374.4873,410.9320,448.5275,420.4653,415.1311,369.2363,414.2104,460.4311,461.9192,455.8890,405.9192,454.8513,504.6689,473.0205,466.8127,413.7367,465.6503,518.1327,437.9252,436.6525,367.7335,421.9123,513.6089,376.1725,379.5229,304.7236,358.2320,459.9924,354.9236,361.8021,273.6843,331.4892,452.3889,336.7123,347.2389,245.7012,305.4804,448.0925,319.2630,328.8146,230.2613,287.7168,430.7463,305.5024,314.1776,216.9781,270.6021,420.4382,295.1193,304.5393,203.7506,254.8830,421.7963,287.2219,298.1910,189.7172,239.7502,431.6766,11.00000000000,13,209
25,019,00606936,25019,Nantucket,Nantucket County,06,H4,G4020,,,,N,116471398.00000000000,669992419.00000000000,+41.3058778,-070.1419099,25019,871.7512,869.2783,862.2401,869.2624,876.4760,900.9187,896.8304,880.3040,896.8312,913.0625,853.6874,848.2237,820.2744,848.3532,876.0109,943.2597,935.2407,890.2566,934.9689,980.3784,935.1831,926.0135,859.1128,925.1474,992.8069,1013.4554,1002.4169,912.4121,1000.8725,1091.7775,1057.2882,1044.9249,930.3403,1042.8476,1157.9057,1126.5884,1113.0784,992.2726,1110.7926,1230.9214,1251.3366,1236.1718,1096.9119,1233.3569,1370.8300,1180.7501,1178.4123,993.4655,1138.9277,1385.0767,1128.8686,1140.2199,916.7276,1076.6562,1380.6174,1167.3544,1191.3189,902.5039,1091.9660,1488.0827,1187.7965,1226.2854,869.0626,1079.3213,1580.8244,1203.9700,1241.3187,870.6304,1086.6964,1624.5024,1219.5254,1255.4314,868.3815,1081.8265,1678.4365,1209.4397,1249.2266,837.0910,1046.0283,1728.6626,1188.3696,1234.7925,786.7998,993.2325,1786.1098,11.00000000000,25,019
25,017,00606935,25017,Middlesex,Middlesex County,06,H4,G4020,148,14460,15764,N,2118135038.00000000000,75739760.00000000000,+42.4794770,-071.3965070,25017,108443.2175,108142.0442,107269.8301,108139.7720,109031.8901,104698.7109,104236.1565,102322.0193,104235.3743,106113.5664,108013.1428,107338.2244,103805.0955,107352.7205,110846.8337,131031.8970,129932.8364,123683.2500,129894.0591,136197.7080,136245.2070,134905.0439,125158.3394,134778.7007,144637.5171,129824.1436,128371.6367,116820.8970,128166.4829,139846.0522,132145.6211,130577.2954,116237.8398,130312.4355,144718.6904,147572.9072,145757.5112,129892.3081,145448.7271,161236.9263,154080.8560,152177.3682,134996.8071,151823.2681,168790.0425,148472.8403,148153.5537,124877.2412,143182.6006,174159.6455,144147.2251,145574.0142,117018.8394,137451.7100,176289.7900,144987.8955,147942.3721,112054.4561,135596.8540,184820.3730,143536.1230,148166.4604,104984.0415,130401.6934,191028.6982,142325.5122,146721.1265,102886.5869,128437.3687,192036.3770,140792.6968,144919.8945,100221.8750,124872.5518,193771.9502,138544.0767,143085.0957,95861.1978,119804.0352,198021.0791,134479.2305,139717.9141,89010.3208,112378.9648,202120.2832,11.00000000000,25,017
21,083,00516888,21083,Graves,Graves County,06,H1,G4020,424,32460,,A,1429006936.00000000000,13066620.00000000000,+36.7233435,-088.6498974,21083,2258.5502,2252.3130,2234.1656,2252.2642,2270.8154,2309.2466,2298.9816,2256.7310,2298.9688,2340.4349,2260.8753,2246.9319,2173.0139,2247.2141,2320.2918,2356.2215,2336.8868,2224.4871,2336.1603,2449.3871,2305.4753,2283.4582,2118.5396,2281.3453,2447.9212,2344.7441,2319.3970,2111.2657,2315.8603,2526.0070,2174.0980,2149.0307,1913.6886,2144.8398,2381.0383,2030.3677,2006.4278,1789.0719,2002.3917,2218.4232,2178.4257,2152.7016,1910.8839,2147.9409,2386.5314,2128.4985,2125.1394,1792.4261,2054.1639,2497.0386,1811.4841,1830.5085,1472.4808,1728.7134,2215.5945,1760.9933,1798.0810,1363.0970,1648.4462,2244.9359,1673.7482,1728.9851,1226.3282,1522.1496,2227.6603,1582.7246,1632.8092,1146.2235,1429.8129,2135.6397,1491.8797,1536.7974,1064.0540,1324.6885,2053.3580,1379.8317,1426.1828,956.7216,1194.6001,1972.2726,1273.2415,1323.8709,844.5808,1065.2617,1913.7268,11.00000000000,21,083
21,039,00516866,21039,Carlisle,Carlisle County,06,H1,G4020,,,,A,490632430.00000000000,24722825.00000000000,+36.8577260,-088.9757570,21039,287.2310,286.4411,284.1349,286.4348,288.7913,276.4184,275.1976,270.1442,275.1955,280.1539,248.5004,246.9755,238.8524,247.0057,255.0354,260.1157,258.0073,245.5977,257.9253,270.4174,251.1401,248.7407,230.7758,248.5106,266.6564,273.2066,270.2826,246.0475,269.8761,294.3357,246.9980,244.2420,217.5768,243.7867,270.5189,221.3341,218.7714,195.1189,218.3410,241.8371,234.3216,231.5983,205.6272,231.0953,256.7117,223.9576,223.6159,188.6177,216.1507,262.7377,200.0294,202.1137,162.5669,190.8690,244.6497,199.4994,203.6653,154.3601,186.7043,254.3200,195.1364,201.5256,142.8865,177.3985,259.7106,190.1429,196.0998,137.5995,171.6962,256.5627,187.7007,193.2787,133.7454,166.5725,258.3372,180.2110,186.1811,124.8034,155.9143,257.5801,172.1224,178.8780,114.0161,143.8979,258.7005,11.00000000000,21,039
21,091,00516892,21091,Hancock,Hancock County,06,H1,G4020,,36980,,A,486017475.00000000000,29096112.00000000000,+37.8433887,-086.7927726,21091,590.8329,589.1765,584.4164,589.1648,594.0379,584.9933,582.3636,571.6455,582.3624,592.8857,562.7033,559.1703,540.7610,559.2478,577.4561,528.2333,523.8315,498.6360,523.6732,549.0768,575.2245,569.3575,528.2039,568.8162,610.5190,639.3839,632.1612,575.2359,631.1377,688.7217,565.2355,558.4065,496.9769,557.2462,619.0013,634.8313,626.7176,558.1974,625.3270,693.5937,578.4593,570.8623,505.9504,569.4397,633.6266,565.3195,563.7217,474.7900,544.7043,663.0309,466.5316,470.8418,378.1919,444.4761,570.5108,441.4205,450.1127,340.6234,412.4480,562.6552,414.3585,427.4324,302.5653,376.0748,551.4337,392.3617,404.2014,283.1565,353.7212,529.3793,374.4728,385.1870,266.1042,331.7955,515.3630,339.2347,350.1170,234.3039,293.0517,484.8516,309.8196,321.6822,204.6978,258.6504,465.6414,11.00000000000,21,091
13,297,00351264,13297,Walton,Walton County,06,H1,G4020,122,12060,,A,843508113.00000000000,11187622.00000000000,+33.7826485,-083.7342152,13297,6646.0372,6627.5716,6574.1133,6627.4331,6682.1132,6381.8788,6353.9582,6237.4241,6353.8919,6468.1994,5914.4395,5877.8164,5684.4186,5878.5715,6069.7900,6276.4127,6224.6233,5925.2301,6222.7076,6524.4011,6838.8058,6772.4087,6283.1883,6766.1003,7260.6311,7714.0984,7629.7560,6944.4923,7617.9393,8310.1678,7723.5141,7633.4900,6796.6738,7618.3814,8458.5606,7959.4580,7862.7027,7008.0342,7846.2857,8696.5049,8063.9352,7965.9697,7068.3235,7947.7800,8833.9522,7339.8457,7324.7911,6174.6961,7079.2214,8609.8657,7169.2083,7241.5928,5822.4617,6837.9878,8768.0606,7160.0086,7307.3495,5536.1591,6698.0571,9127.2493,7046.2191,7274.9431,5156.1197,6403.2278,9377.7654,7014.9592,7232.9885,5073.4669,6332.1912,9465.2377,6934.6550,7139.2633,4938.6865,6152.2008,9544.2208,6660.4990,6880.0543,4610.7269,5761.1345,9519.9402,6341.2458,6589.3966,4199.2075,5300.5096,9530.8674,11.00000000000,13,297
25,027,00606940,25027,Worcester,Worcester County,06,H4,G4020,148,49340,,N,3912876833.00000000000,177216729.00000000000,+42.3116934,-071.9402820,25027,58478.6854,58315.7576,57845.1447,58314.5590,58796.0555,54479.5150,54238.7834,53242.7504,54238.3810,55215.7161,50089.0629,49775.0115,48136.3845,49781.8556,51402.5309,57932.2565,57444.2274,54681.2354,57427.2275,60214.8339,62346.8091,61729.8416,57269.6169,61671.8843,66184.7542,60601.5151,59923.7778,54532.0845,59828.0679,65279.7964,57317.6543,56637.5928,50418.0608,56522.7568,62771.1951,61138.7632,60385.5276,53811.6497,60257.3711,66799.6372,61598.9150,60835.8674,53965.4851,60693.8799,67479.1470,56956.2278,56831.9084,47901.3264,54924.5500,66809.5950,53604.8838,54134.6326,43515.0193,51113.9297,65557.7937,52963.5374,54041.9036,40931.5146,49531.9031,67514.0845,51807.9275,53478.2935,37891.3872,47066.0491,68949.8188,50887.5237,52458.1677,36784.7141,45920.6682,68661.2163,49650.7170,51105.1384,35341.5442,44035.1384,68333.8335,47919.6445,49489.2727,33154.6777,41436.5557,68491.4888,45904.2244,47691.4656,30381.7646,38359.1470,68993.3052,11.00000000000,25,027
13,231,00346482,13231,Pike,Pike County,06,H1,G4020,122,12060,,A,559659405.00000000000,8596833.00000000000,+33.0907685,-084.3866265,13231,1253.2477,1249.7431,1239.6508,1249.7179,1260.0473,1246.4328,1240.9581,1218.1870,1240.9467,1263.2858,973.4806,967.4320,935.5959,967.5587,999.0387,1069.5322,1060.4592,1009.4523,1060.1497,1111.6324,1084.6524,1073.8846,996.2892,1072.8750,1151.3988,1315.5977,1300.9376,1183.9184,1298.8698,1417.1738,1392.4073,1375.8502,1224.7319,1373.0524,1524.8850,1286.3760,1270.3608,1131.8957,1267.6301,1405.4726,1016.7003,1003.9855,890.4786,1001.6170,1113.7398,821.3639,819.2409,690.1891,791.6569,963.3789,947.5640,956.6628,768.7422,903.1991,1158.8103,880.9329,898.6130,680.3580,823.5327,1122.9185,816.3242,842.3988,596.6255,741.3004,1086.4030,788.5702,812.6776,569.6280,711.3072,1063.9766,753.2851,775.1334,535.8098,667.8111,1036.7220,679.7187,701.7892,469.9411,587.5159,971.5075,596.9620,620.0359,394.8000,498.6354,897.2138,11.00000000000,13,231
13,017,00351606,13017,Ben Hill,Ben Hill County,06,H1,G4020,,22340,,A,647809208.00000000000,9807089.00000000000,+31.7407755,-083.1471898,13017,1042.3829,1039.4585,1031.0595,1039.4381,1048.0372,1001.4997,997.0792,978.7716,997.0715,1015.0347,977.0157,970.8971,938.9361,971.0298,1002.6397,1002.2160,993.9299,946.1236,993.6251,1041.8042,982.4268,972.8734,902.5943,971.9665,1043.0140,952.8384,942.2373,857.4938,940.7429,1026.4111,872.4290,862.1506,767.5403,860.4191,955.4454,848.8666,838.6906,747.6684,836.9689,927.4801,951.6996,940.1693,834.2586,938.0291,1042.5803,764.9789,763.6781,644.0267,738.1476,897.4089,627.7940,634.2413,510.0524,598.9259,767.8201,616.2414,629.0333,476.6750,576.6218,785.5696,580.0787,599.0209,424.6693,527.2857,772.0327,538.3242,555.1683,389.5296,486.0723,726.3674,511.7266,526.9316,364.6250,454.1222,704.3019,481.3770,497.3407,333.4023,416.4968,688.0453,444.9340,462.4300,294.7883,372.0144,668.7394,11.00000000000,13,017
13,013,00356976,13013,Barrow,Barrow County,06,H1,G4020,122,12060,,A,415198674.00000000000,6817600.00000000000,+33.9920094,-083.7123025,13013,5095.5015,5081.3812,5040.4137,5081.2731,5123.1661,5666.3702,5641.3534,5537.7680,5641.3100,5742.9482,5728.7888,5692.8197,5505.3968,5693.6083,5878.9848,6380.6585,6327.5964,6023.2493,6325.6771,6632.5020,6405.2076,6342.3057,5884.0916,6336.3696,6799.8173,6772.1736,6696.8160,6094.5060,6686.1925,7295.0782,6860.0126,6777.9150,6032.9845,6764.0111,7512.6337,7337.0867,7246.3629,6457.1564,7230.9157,8016.4126,7838.1313,7741.3497,6867.4158,7723.3471,8586.3969,7052.3448,7037.3956,5931.9621,6801.3303,8272.5007,6639.2086,6704.9228,5389.7124,6330.8210,8119.6476,6705.7709,6842.4131,5182.5746,6271.4253,8548.0446,6629.7405,6843.6066,4849.0667,6023.0753,8823.3587,6541.6785,6743.7127,4728.9544,5903.3401,8826.5286,6502.2378,6692.8418,4628.5484,5766.9935,8948.9820,6350.5291,6558.6793,4394.0493,5491.5312,9076.8128,6147.5585,6387.0404,4069.0040,5137.2731,9239.6891,11.00000000000,13,013
13,011,00349230,13011,Banks,Banks County,06,H1,G4020,,,,A,601112234.00000000000,4651183.00000000000,+34.3519216,-083.4984409,13011,1221.1385,1217.6805,1207.8246,1217.6580,1227.7577,1282.6558,1276.9349,1253.4572,1276.9290,1299.9736,1089.8984,1083.0453,1047.3862,1083.1965,1118.4674,1095.8385,1086.5243,1034.2637,1086.2084,1138.9626,1119.4440,1108.4087,1028.3256,1107.3697,1188.3827,1090.4372,1078.4285,981.5148,1076.7417,1174.6703,1011.7184,999.8382,890.1533,997.8392,1107.9934,973.9459,961.7339,856.8218,959.6488,1064.1117,934.2831,922.6736,818.4361,920.5125,1023.4653,792.1871,790.4355,666.2047,763.9013,929.2292,824.4039,832.5325,669.1967,786.0716,1008.2280,778.4627,794.3015,601.5954,728.0102,992.3266,728.2158,751.6895,532.5953,661.5573,969.1629,703.5934,725.3098,508.6016,634.9194,949.3404,674.0556,693.8061,479.8045,597.8257,927.6970,629.4446,650.0724,435.5185,544.2992,899.6650,586.2220,609.0591,388.0150,489.8833,881.0831,11.00000000000,13,011
13,223,00349912,13223,Paulding,Paulding County,06,H1,G4020,122,12060,,A,808643215.00000000000,5498097.00000000000,+33.9209028,-084.8669788,13223,12119.3416,12085.5547,11988.0121,12085.3066,12185.1117,12432.2901,12377.7874,12150.7139,12377.6653,12600.4158,10791.3059,10724.4669,10371.5959,10725.8466,11074.7437,11243.8202,11150.1630,10613.8578,11146.7909,11687.5146,11739.6869,11624.1622,10784.3279,11613.2738,12462.7856,13653.9200,13501.9494,12287.5646,13480.5236,14708.1793,13836.9692,13674.0489,12173.5795,13646.6099,15153.6452,14125.1231,13951.6578,12433.3657,13922.1634,15433.0087,13794.2070,13624.4665,12086.9761,13592.9042,15111.1393,12187.6265,12160.0221,10248.2338,11751.6446,14295.8300,12614.9045,12738.7003,10238.9190,12027.6140,15427.6562,12357.9969,12608.7676,9549.0822,11556.2289,15752.9782,11942.9013,12327.1524,8733.4428,10848.7795,15894.4243,11899.2007,12265.7079,8600.1774,10736.8150,16055.2154,11825.3363,12171.0266,8416.0713,10486.9708,16275.0464,11360.6438,11732.1353,7859.0929,9822.8614,16237.7098,10746.1822,11164.0365,7111.4123,8979.2176,16151.3043,11.00000000000,13,223
13,131,00351261,13131,Grady,Grady County,06,H1,G4020,,,,A,1177219063.00000000000,14859042.00000000000,+30.8758626,-084.2447719,13131,1576.5528,1572.1537,1559.4628,1572.1217,1585.1080,1545.2780,1538.5142,1510.2955,1538.4983,1566.1783,1414.7991,1406.0084,1359.7397,1406.1925,1451.9437,1562.5322,1549.8099,1475.2673,1549.3213,1624.3787,1417.0753,1403.4365,1302.0665,1402.1338,1504.5608,1448.5846,1432.8734,1304.2613,1430.6785,1560.5539,1338.3852,1323.1321,1178.3940,1320.5926,1465.7992,1417.8924,1401.3710,1249.7575,1398.5927,1549.2310,1461.4346,1444.1547,1281.9066,1440.9562,1601.0432,1251.6744,1249.9419,1054.4824,1208.2617,1468.4552,1076.2414,1087.5870,874.9073,1027.1192,1316.3390,1043.2693,1065.3014,807.6480,976.6685,1329.9797,1001.9149,1035.1090,734.3076,911.3289,1333.5011,936.4361,966.1819,678.3703,846.1077,1263.5843,890.9656,917.8985,635.6521,791.2538,1226.2948,829.0323,857.0496,575.1170,717.9526,1184.9953,760.4653,790.9071,504.8015,636.4944,1143.0186,11.00000000000,13,131
21,223,00516958,21223,Trimble,Trimble County,06,H1,G4020,350,31140,,A,392766226.00000000000,11833580.00000000000,+38.6181934,-085.3551709,21223,664.2799,662.3836,657.0144,662.3721,667.8785,634.8071,632.0027,620.3970,631.9979,643.3856,527.8802,524.5463,507.2724,524.6213,541.7091,545.9480,541.4518,515.4090,541.2845,567.5245,563.0044,557.5432,517.2682,557.0240,597.7344,607.3223,600.6509,546.6838,599.7147,654.2411,554.2498,547.8780,487.8962,546.8139,607.0079,453.5576,448.1694,399.5790,447.2595,495.5643,441.5191,436.4342,387.5407,435.4960,483.7132,373.6137,373.1564,314.8613,360.7293,438.3354,368.0382,372.0955,299.4996,351.4625,450.1723,340.7165,348.0744,264.0505,319.1702,434.3716,318.5993,329.2848,233.7255,289.9570,424.0520,298.7798,308.4043,216.6722,270.1298,403.1718,275.5777,284.0398,196.8392,244.9038,379.3063,241.1202,249.3824,167.4711,208.9555,344.6583,206.1631,214.5170,137.0325,172.6785,309.8801,11.00000000000,21,223
21,029,00516861,21029,Bullitt,Bullitt County,06,H1,G4020,350,31140,,A,769288200.00000000000,8393803.00000000000,+37.9695717,-085.7030364,21029,5812.7571,5796.4998,5749.6891,5796.3835,5844.2946,6028.1005,6001.3769,5891.1221,6001.3381,6109.5355,5733.3387,5697.3882,5509.8258,5698.1721,5883.6801,6423.9309,6370.0817,6063.6897,6368.1782,6677.2095,6916.5342,6848.3946,6353.5979,6841.9767,7342.5028,7694.4396,7608.5558,6924.0760,7596.4353,8288.4794,7240.6973,7155.7240,6370.7685,7141.4292,7929.7280,7008.2393,6922.3325,6169.1670,6907.7312,7657.1615,7084.9206,6997.9767,6208.5149,6981.8151,7761.3463,6335.1305,6321.0612,5327.5367,6108.8524,7431.0428,7225.0830,7296.9700,5865.9799,6889.9502,8836.2236,7160.3029,7306.5941,5534.5382,6697.0034,9127.4967,6945.4362,7169.8771,5080.6389,6310.3728,9243.5449,6931.0090,7145.4415,5011.0455,6255.1552,9351.8762,6867.4449,7069.1154,4889.1498,6091.3630,9451.6424,6629.2077,6846.8338,4587.4770,5732.9431,9475.1519,6348.7861,6596.4177,4202.7487,5305.8125,9542.1503,11.00000000000,21,029
21,225,00516959,21225,Union,Union County,06,H1,G4020,,,,A,887974290.00000000000,53167872.00000000000,+37.6580293,-087.9516496,21225,866.6772,864.2599,857.2839,864.2422,871.3804,942.1574,937.9811,920.7493,937.9751,954.8854,959.6130,953.5507,922.1489,953.6872,984.7510,986.9488,978.5965,931.5272,978.3095,1025.8110,948.8756,939.3737,871.4904,938.4874,1007.2126,843.5010,834.2000,759.2265,832.8929,908.6556,700.1581,691.7805,615.7514,690.3618,766.7672,749.4525,739.9314,659.0908,738.3015,818.8280,698.1030,689.0375,610.7937,687.3420,764.6931,572.8509,571.2547,481.1565,551.9893,671.8696,559.6042,564.7254,453.5552,533.0874,684.3192,522.6755,532.9241,403.2478,488.3150,666.2213,474.2160,489.1397,346.2071,430.3533,631.0893,437.6368,450.8111,315.7758,394.4973,590.4621,406.8736,418.4899,289.0849,360.4721,559.9522,376.9938,389.0800,260.3703,325.6610,538.8184,348.6098,361.9586,230.3284,291.0354,523.9410,11.00000000000,21,225
21,065,00516879,21065,Estill,Estill County,06,H1,G4020,,,,A,655468626.00000000000,6558017.00000000000,+37.6924599,-083.9639272,21065,1041.2874,1038.3474,1029.9475,1038.3278,1046.9330,901.8585,897.8720,881.3830,897.8655,914.0452,916.0081,910.1726,880.1883,910.3085,939.9765,862.0786,854.8373,813.7207,854.5828,896.0586,824.9332,816.6676,757.6511,815.8969,875.6470,910.9682,900.5470,819.3706,899.0639,981.2248,799.1908,789.5614,702.7262,787.9268,875.2137,789.2544,779.2891,694.2100,777.5852,862.3179,740.7829,731.3713,648.5340,729.6151,811.4694,667.4402,665.9438,561.2593,643.5831,782.8970,623.1456,629.1399,505.5659,593.9834,762.0691,580.6298,592.2980,448.4556,542.8158,740.1263,543.1228,560.4916,396.9867,493.2334,722.8154,509.1619,524.7473,367.8301,459.3002,686.9874,485.5354,499.6393,345.3975,430.4697,668.2285,449.9682,464.6042,311.1422,388.9626,643.1318,415.2844,431.3678,274.7043,346.9212,624.1605,11.00000000000,21,065
13,129,00356672,13129,Gordon,Gordon County,06,H1,G4020,,15660,,A,921538864.00000000000,5787657.00000000000,+34.5096669,-084.8738622,13129,3930.2781,3919.3085,3887.6691,3919.2288,3951.6054,4097.9350,4079.8307,4004.9112,4079.8002,4153.3129,3741.1643,3717.9091,3595.5586,3718.3972,3839.3808,3964.1391,3930.9751,3741.9010,3929.7960,4120.4765,4033.3849,3994.0580,3705.5233,3990.3310,4282.0584,4167.7733,4121.7999,3751.3439,4115.3387,4489.7000,3765.9986,3721.4323,3312.8751,3713.9134,4124.3313,3931.9124,3882.9285,3459.6702,3874.5754,4295.9390,3921.3945,3872.0550,3433.9882,3862.8580,4295.6381,3172.7269,3165.3606,2667.5327,3059.0076,3721.4983,3192.2933,3223.3190,2590.5042,3043.2969,3904.0316,3035.1601,3096.4445,2344.7476,2837.8590,3868.9403,2783.7393,2873.0009,2035.1372,2528.3340,3704.7627,2619.2961,2699.6772,1892.5921,2363.0511,3534.1070,2450.9055,2522.2665,1743.8039,2173.1541,3373.1243,2222.8920,2295.3122,1537.2829,1921.6641,3177.1494,2020.2824,2098.5976,1336.5150,1687.7966,3036.4305,11.00000000000,13,129
21,167,00516930,21167,Mercer,Mercer County,06,H1,G4020,,,,A,644381848.00000000000,11692372.00000000000,+37.8120851,-084.8796945,21167,1504.8176,1500.6412,1488.5394,1500.6096,1512.9867,1427.1014,1420.7865,1394.6906,1420.7765,1446.3838,1269.5567,1261.5506,1220.0092,1261.7295,1302.8220,1321.2151,1309.9759,1246.9674,1309.5956,1373.2024,1298.3168,1285.3492,1192.4671,1284.1378,1378.1596,1527.8355,1510.4996,1374.4320,1508.0392,1645.7080,1339.6971,1323.7696,1178.3740,1321.0782,1467.1601,1217.4680,1202.0964,1070.8579,1199.4683,1330.1724,1239.7549,1224.3019,1085.9394,1221.4244,1358.0903,1160.6148,1157.7220,975.4532,1118.7703,1361.3126,1026.9793,1036.9445,833.3523,979.0264,1255.9470,962.6979,982.1277,743.6965,900.1068,1227.1569,898.8819,927.7014,657.1491,816.4061,1196.2841,851.2299,877.3556,615.0680,767.9583,1148.5293,801.5269,824.8713,570.2937,710.7020,1103.1234,719.7153,743.1729,497.7501,622.1977,1028.6799,641.8281,666.7183,424.6185,536.2124,964.6512,11.00000000000,21,167
21,105,00516899,21105,Hickman,Hickman County,06,H1,G4020,,,,A,627487774.00000000000,27882492.00000000000,+36.6759160,-088.9720197,21105,282.9283,282.1328,279.8521,282.1273,284.4628,279.3760,278.1380,273.0285,278.1362,283.1503,239.9899,238.4366,230.5761,238.4750,246.2558,230.1472,228.2007,217.2245,228.1337,239.2103,232.7365,230.5054,213.8568,230.2918,247.1107,226.3383,223.8081,203.6714,223.4508,243.8114,203.1095,200.6660,178.6003,200.2515,222.4306,192.0789,189.6477,168.9369,189.2318,209.8598,181.7283,179.4882,159.2293,179.0716,199.0774,143.3860,142.9712,120.4072,138.1454,168.1669,150.5941,152.0198,122.1388,143.5179,184.1637,138.1712,140.9201,106.6695,129.1378,176.1228,123.0990,127.0059,89.9263,111.7543,163.8238,113.9163,117.3755,82.2478,102.7253,153.6992,100.6038,103.4998,71.5209,89.1606,138.4560,89.0517,91.9222,61.5311,76.9457,127.2782,78.0691,81.0727,51.6059,65.1930,117.3344,11.00000000000,21,105
21,133,00516913,21133,Letcher,Letcher County,06,H1,G4020,,,,A,875192707.00000000000,2898644.00000000000,+37.1185034,-082.8611749,21133,1408.1105,1404.2119,1392.8925,1404.1819,1415.7560,1351.9550,1346.0335,1321.3431,1346.0198,1370.2394,1271.5321,1263.6917,1222.1198,1263.8502,1304.9491,1200.1635,1190.3335,1133.0808,1189.9622,1247.6300,1045.1747,1034.9577,960.1890,1033.9909,1109.5964,939.8142,929.4984,845.9902,928.0511,1012.4221,792.1440,782.9041,697.0727,781.3530,867.5316,707.9068,699.2604,623.2105,697.7920,773.4567,720.4795,711.6629,631.4037,710.0245,789.2696,633.3057,632.0602,532.8691,610.8843,742.9001,542.7692,548.2267,440.7695,517.6646,663.8121,492.2367,502.3482,380.5688,460.4559,627.4785,439.5746,453.8297,321.6383,399.4448,585.0257,395.0852,407.3550,285.7229,356.6191,533.0849,364.4229,375.1671,259.5185,323.2938,501.5575,332.2936,343.2393,230.0160,287.4142,474.9512,303.9573,315.8442,201.2683,254.0617,456.8462,11.00000000000,21,133
13,157,00349570,13157,Jackson,Jackson County,06,H1,G4020,,,,A,879722928.00000000000,8900197.00000000000,+34.1341570,-083.5651332,13157,4529.9006,4517.2681,4480.8070,4517.1756,4554.4832,4473.6353,4453.7767,4371.9402,4453.7499,4534.0633,4328.3073,4301.3403,4159.7760,4301.9121,4441.9030,4637.9317,4599.1475,4377.9353,4597.7669,4820.8530,4795.1852,4747.7950,4404.7536,4743.3398,5090.4078,5279.0689,5220.6848,4751.3666,5212.4717,5686.7899,5107.8545,5048.0062,4494.3438,5037.9436,5593.9329,5393.1607,5327.7468,4748.7706,5316.6526,5892.5766,5452.2288,5385.3390,4777.8219,5372.9055,5972.7771,5039.1255,5028.6259,4238.9042,4859.9929,5911.0101,4784.1073,4831.8409,3884.4078,4562.3656,5850.9498,4790.3412,4888.3404,3702.9072,4480.5490,6106.4364,4694.4335,4846.2537,3434.2194,4265.3438,6247.7400,4651.8256,4795.8654,3363.4295,4198.3727,6276.6290,4618.3982,4754.1384,3288.1850,4096.6249,6356.2960,4451.9683,4598.2275,3080.9975,3850.2007,6363.2230,4256.9832,4423.1227,2818.1984,3557.7696,6398.2014,11.00000000000,13,157
21,193,00516943,21193,Perry,Perry County,06,H1,G4020,,,,A,879740535.00000000000,7613385.00000000000,+37.2412822,-083.2177723,21193,1758.3831,1753.5233,1739.3927,1753.4854,1767.9316,1537.1651,1530.4576,1502.3977,1530.4403,1557.9617,1449.7427,1440.8586,1393.4710,1441.0329,1487.8743,1410.7881,1399.1400,1331.8439,1398.7098,1466.5254,1420.0572,1406.3322,1304.7480,1405.0246,1507.6890,1336.8054,1322.2166,1203.4797,1320.1741,1440.1084,1036.7178,1024.8883,912.7625,1022.9180,1135.4114,977.4409,965.7852,861.0311,963.8154,1067.9653,993.2517,981.4099,871.0503,979.2159,1088.1236,1019.6828,1017.9622,858.4827,983.9341,1196.2094,828.1638,836.8064,673.0842,790.2544,1012.9037,765.1105,781.1294,592.0678,716.0921,975.3608,708.5067,731.7702,518.9084,644.1855,942.9702,658.6931,679.4101,476.8122,594.8933,888.7922,608.1874,626.3557,433.5273,539.8479,837.0711,559.1162,577.7403,387.3903,483.8616,799.1658,516.9194,537.3154,342.6054,432.2872,776.9382,11.00000000000,21,193
21,177,00516935,21177,Muhlenberg,Muhlenberg County,06,H1,G4020,,16420,,A,1209728681.00000000000,31912449.00000000000,+37.2138159,-087.1340919,21177,1962.3561,1956.8192,1940.9912,1956.7821,1972.9961,1964.1412,1955.3331,1919.3570,1955.3275,1990.6466,1823.3709,1811.8691,1752.2054,1812.1264,1871.1455,1699.2276,1684.9906,1603.9449,1684.4867,1766.2281,1807.0244,1789.1404,1659.8678,1787.4606,1918.2598,1800.7713,1780.2844,1619.8797,1777.3742,1939.6850,1818.8478,1796.5031,1598.5423,1792.6857,1991.8159,1873.1629,1848.8300,1646.3018,1844.6467,2046.5271,1798.0731,1774.3648,1572.5082,1769.9236,1969.5429,1619.7301,1615.0838,1360.2258,1560.5797,1899.6722,1574.5876,1589.0445,1276.2744,1500.0348,1925.5125,1481.0755,1510.1831,1142.7765,1383.7939,1887.8411,1383.9945,1427.6276,1010.5354,1256.0797,1841.8348,1326.2380,1366.2441,957.0858,1195.6103,1789.3755,1260.4624,1296.5294,895.7031,1116.8162,1734.6943,1194.1686,1232.5058,824.8447,1031.6327,1706.7692,1123.8744,1166.9422,742.6084,938.3019,1689.1224,11.00000000000,21,177
21,067,00516880,21067,Fayette,Fayette County,06,H6,G4020,336,30460,,C,734648526.00000000000,4922803.00000000000,+38.0401572,-084.4584429,21067,18248.4371,18197.3726,18050.4026,18197.0083,18347.4414,19703.9779,19616.6053,19256.2072,19616.4805,19970.1573,20778.6512,20649.1872,19969.5862,20651.9325,21323.9803,23378.0316,23184.3936,22069.2637,23177.3085,24301.2541,22395.9635,22178.2558,20576.1346,22157.5851,23777.1962,24706.1622,24432.3964,22235.6871,24393.8581,26614.1525,23065.5774,22792.4231,20289.9810,22746.3267,25260.2319,28792.0043,28440.8472,25348.1935,28381.2239,31458.0809,30889.5186,30511.3655,27070.2250,30441.0902,33838.7761,30078.6211,30017.0708,25304.1073,29010.7625,35283.1862,34725.1376,35072.2925,28195.9250,33116.4968,42468.8571,35306.6621,36029.5628,27292.9189,33024.1411,45006.8662,35090.7596,36226.1334,25671.5893,31883.9811,46701.7294,35791.7960,36900.4113,25879.3062,32303.3156,48293.2934,36750.1727,37830.4651,26165.4932,32598.4492,50579.2323,36996.2853,38211.6396,25603.2558,31995.4481,52878.9905,37141.2249,38590.4542,24587.6132,31040.3738,55822.8552,11.00000000000,21,067
13,313,00353513,13313,Whitfield,Whitfield County,06,H1,G4020,,19140,,A,752297142.00000000000,1530155.00000000000,+34.8017261,-084.9685410,13313,6797.3101,6778.3331,6723.6109,6778.1953,6834.1944,6644.8266,6615.4631,6493.9769,6615.4139,6734.6200,6287.9962,6248.8112,6043.1504,6249.6427,6453.0188,6585.9008,6530.4474,6216.3415,6528.5131,6845.4081,6661.1333,6595.0764,6118.5438,6588.8792,7071.0870,7115.1985,7036.1117,6403.3416,7024.9667,7664.6149,6890.7554,6809.3652,6061.9367,6795.6423,7546.4251,6892.9108,6808.3301,6067.4807,6793.9511,7531.1493,6729.2622,6646.4981,5896.4976,6631.1095,7371.7095,5466.3598,5455.1347,4598.5893,5272.2431,6412.2059,6164.8190,6226.4413,5005.6601,5879.2229,7539.5747,6104.1048,6229.0971,4718.6429,5709.4981,7781.1569,5767.1776,5953.8322,4219.2290,5240.2122,7675.4491,5726.1564,5903.5925,4140.4326,5168.1453,7726.2171,5751.9482,5921.1135,4095.4346,5102.2476,7916.4083,5565.9922,5748.9417,3852.1231,4813.7582,7955.5100,5328.9225,5536.9735,3527.9773,4453.7355,8009.3195,11.00000000000,13,313
13,137,00351383,13137,Habersham,Habersham County,06,H1,G4020,,18460,,A,716752092.00000000000,5919798.00000000000,+34.6351078,-083.5264058,13137,2681.2478,2673.7362,2652.1372,2673.6829,2695.7931,2676.3704,2664.5404,2615.6073,2664.5209,2712.5361,2504.8290,2489.1945,2407.2644,2489.5287,2570.5518,2566.4994,2544.6419,2422.2472,2543.9050,2667.4703,2630.2503,2603.9181,2415.7481,2601.4617,2791.9630,2708.5912,2677.9985,2436.8511,2673.6634,2917.5998,2964.8333,2930.4765,2609.4040,2924.7222,3247.0195,3167.3786,3129.4167,2789.7927,3122.9944,3460.7098,3185.2160,3147.1995,2793.2537,3140.1551,3489.4516,2754.2138,2749.6282,2318.9158,2657.7315,3231.0359,2690.3774,2718.4624,2186.6000,2567.2355,3290.5259,2737.0073,2794.2460,2117.8725,2561.5729,3489.1218,2712.1767,2801.1117,1986.1887,2465.8057,3609.6970,2753.8362,2840.2838,1993.1511,2486.8943,3715.8094,2806.7536,2890.3698,2000.3040,2491.0789,3863.0217,2807.0343,2900.2839,1944.4408,2428.9032,4012.1820,2711.1175,2817.8472,1796.4511,2266.9452,4074.8384,11.00000000000,13,137
21,199,00516946,21199,Pulaski,Pulaski County,06,H1,G4020,,43700,,A,1705268187.00000000000,48553203.00000000000,+37.1083118,-084.5799857,21199,4277.3534,4265.4947,4231.1022,4265.4043,4300.5755,4245.8208,4227.0211,4149.3764,4226.9922,4303.1851,4132.6729,4106.9819,3971.8270,4107.5212,4241.1662,4203.4876,4168.5534,3968.0527,4167.2873,4369.4129,4300.1501,4258.4421,3950.8274,4254.4770,4565.4157,4504.1979,4454.2385,4053.7281,4447.2032,4852.0306,4156.6765,4108.4760,3658.3091,4100.4013,4552.2960,4391.1893,4337.6858,3866.0591,4328.6031,4797.8069,4434.4539,4380.3157,3886.4468,4370.2580,4857.8630,4062.5030,4053.6819,3416.7293,3917.6470,4765.3229,4002.9934,4043.1612,3250.5891,3817.7414,4895.6867,3914.4793,3994.8149,3026.3163,3661.6497,4989.9716,3715.1656,3835.5925,2718.3083,3375.9319,4944.4739,3613.4891,3725.6718,2613.1844,3261.6258,4875.6455,3498.1342,3601.2690,2491.1460,3103.3318,4814.5037,3329.1789,3438.8772,2304.5445,2879.5861,4758.4366,3132.2893,3254.8539,2074.1999,2618.1994,4707.8179,11.00000000000,21,199
21,069,00516881,21069,Fleming,Fleming County,06,H1,G4020,,,,A,902720074.00000000000,7184513.00000000000,+38.3684311,-083.7061517,21069,977.9204,975.1949,967.3245,975.1749,983.2275,929.4332,925.2657,908.2420,925.2630,941.9757,853.2262,847.7974,819.8694,847.9232,875.5555,873.8474,866.4271,824.7529,866.1747,908.2401,909.4910,900.5699,835.5071,899.7275,965.5295,995.8977,984.7558,896.1488,983.1821,1072.7772,923.0284,912.2474,812.2230,910.4367,1010.8704,884.9393,874.2770,779.3388,872.4711,966.8903,978.5508,966.4075,857.2459,964.1474,1071.9606,1006.6021,1004.3281,846.4341,970.6007,1180.7246,839.3693,847.5417,681.1628,800.2111,1026.5134,824.0078,840.6635,636.6004,770.4653,1050.3708,816.1217,842.3156,596.6928,741.2743,1086.1445,800.2275,824.8129,578.2588,721.9771,1079.7160,774.1979,796.7699,550.8899,686.4995,1065.5130,734.6386,758.6049,508.1105,635.1271,1050.0112,689.0125,715.7535,455.8720,575.6581,1035.5693,11.00000000000,21,069
21,077,00516885,21077,Gallatin,Gallatin County,06,H1,G4020,178,17140,,A,262194985.00000000000,9023075.00000000000,+38.7601837,-084.8621143,21077,686.2397,684.3016,678.7655,684.2887,689.9602,588.6698,585.9768,575.1673,585.9789,596.5985,565.9021,562.2754,543.7471,562.3618,580.6974,587.4735,582.4554,554.4398,582.2877,610.5762,603.7695,597.7136,554.5193,597.1493,640.8829,667.6936,660.0415,600.5358,658.9519,719.1840,640.1008,632.2956,562.6736,630.9654,700.9796,559.8407,552.9911,492.8373,551.8273,611.6794,581.4218,574.2848,509.4959,572.9580,636.9323,468.0840,467.0182,393.5885,451.3325,549.0514,469.3520,473.9546,380.9448,447.4970,574.0031,469.3379,478.8587,362.6542,438.8841,598.2737,447.3557,461.7478,327.1343,406.3708,595.3713,434.7673,448.1596,314.2310,392.2980,586.6179,426.5919,439.0664,303.6115,378.3161,587.1129,407.7944,421.1361,282.1173,352.6038,582.8589,383.8940,398.8302,254.0623,320.7823,576.9858,11.00000000000,21,077
39,021,01074023,39021,Champaign,Champaign County,06,H1,G4020,212,46500,,A,1110247425.00000000000,3015688.00000000000,+40.1327594,-083.7675425,39021,2657.9390,2650.4749,2629.0546,2650.4230,2672.3556,2371.1525,2360.6143,2317.2319,2360.6008,2403.1774,2063.8543,2050.8742,1983.3490,2051.1609,2117.9515,2163.8923,2145.5230,2042.3257,2144.8976,2249.0617,2122.6297,2101.3845,1949.5301,2099.4023,2253.1363,2155.5494,2130.8809,1938.7945,2127.3697,2321.7887,1901.8175,1878.5798,1671.6875,1874.6169,2082.6902,1867.0512,1843.1503,1641.5971,1839.0528,2039.8702,1799.2728,1776.1339,1574.6769,1771.8107,1970.9281,1473.6102,1469.5554,1237.8267,1420.0090,1728.3398,1350.8885,1363.2241,1094.8381,1286.8429,1651.9470,1245.3540,1269.7340,960.7311,1163.4359,1587.3690,1125.1332,1160.4901,821.3287,1020.9992,1497.3293,1022.7655,1053.4805,737.8472,921.8542,1379.9148,932.2892,958.8168,662.2374,825.8535,1283.0384,834.5924,861.2364,576.2112,720.8103,1192.8332,742.2520,770.5556,490.1988,619.5205,1115.5559,11.00000000000,39,021
39,131,01074078,39131,Pike,Pike County,06,H1,G4020,,,,A,1140324043.00000000000,9568074.00000000000,+39.0713645,-083.0529207,39131,1790.7478,1785.7384,1771.3167,1785.7025,1800.4635,1859.7255,1851.4994,1817.4942,1851.4862,1884.8542,1666.9218,1656.3375,1601.7797,1656.5806,1710.5582,1674.9265,1660.8022,1580.9198,1660.3117,1740.9107,1640.0885,1623.9209,1506.5917,1622.3987,1741.0901,1647.5908,1629.0294,1482.3696,1626.4015,1774.7412,1473.1913,1455.5658,1295.5953,1452.5810,1613.3427,1442.1364,1423.7560,1268.1455,1420.6076,1575.6290,1437.4911,1419.1431,1258.3197,1415.7178,1574.6483,1302.5393,1299.0925,1094.3748,1255.3302,1527.7307,1097.8447,1108.2082,890.3499,1046.2202,1342.5650,1019.4348,1039.7074,786.9973,952.7744,1299.4432,948.5940,978.7063,692.9768,861.1793,1262.4173,881.7071,908.4678,636.5710,795.0718,1189.6240,815.8291,839.2961,579.9551,723.0105,1122.7836,743.5921,767.5512,513.7736,642.4926,1062.7874,674.4757,700.3823,445.7722,563.1811,1013.7042,11.00000000000,39,131
39,081,01074053,39081,Jefferson,Jefferson County,06,H1,G4020,,44600,,A,1057566189.00000000000,6796784.00000000000,+40.3991880,-080.7614097,39081,4099.0409,4087.5521,4054.5295,4087.4710,4121.2770,4050.5353,4032.6099,3958.5413,4032.5818,4105.2640,3591.2495,3568.7204,3451.2328,3569.2128,3685.4147,3717.9726,3686.2743,3508.9681,3685.2091,3864.2226,4017.7905,3977.9606,3690.5310,3974.2231,4265.0710,3350.8651,3312.4223,3013.7664,3306.9458,3609.2615,3176.5362,3137.5887,2791.9189,3130.9391,3478.6259,3292.2069,3250.7497,2895.9595,3243.6652,3596.9821,3351.2951,3308.6054,2933.7480,3300.6375,3671.0668,3119.4818,3110.9087,2620.3710,3006.0263,3658.7209,3010.7859,3038.7934,2441.0162,2868.6892,3681.8523,2796.3887,2851.6656,2158.2126,2613.1154,3564.4334,2572.7263,2654.1299,1879.0008,2335.3120,3423.8378,2425.1232,2498.5464,1750.5658,2186.6030,3272.0282,2226.2743,2290.2085,1582.4284,1972.8548,3063.8983,2106.2094,2174.0596,1455.2288,1819.8299,3010.3226,1967.8369,2043.4723,1300.6665,1643.1883,2957.5665,11.00000000000,39,081
12,017,00295752,12017,Citrus,Citrus County,06,H1,G4020,,26140,,A,1506586255.00000000000,496236304.00000000000,+28.8436275,-082.5247964,12017,7641.6842,7620.6791,7559.3281,7620.5092,7683.1971,6985.8023,6955.3371,6827.8249,6955.2572,7080.3192,6221.0557,6182.5774,5979.1623,6183.3670,6384.4842,7069.1957,7010.3955,6673.2069,7008.2698,7348.2078,7703.5964,7628.0218,7076.9253,7620.8858,8178.2482,8213.2634,8121.9976,7391.5888,8109.1377,8847.4771,6885.5024,6804.7138,6058.2770,6791.1239,7540.7342,6328.2263,6251.0918,5571.3955,6237.9966,6914.2088,6654.6603,6573.2701,5832.0008,6558.1463,7290.0409,6228.4196,6215.6740,5239.7545,6007.2964,7306.1357,5435.8407,5489.9064,4413.2772,5183.6774,6647.9903,5169.5510,5275.1781,3995.8064,4835.0718,6589.8145,4920.9681,5080.0088,3599.7602,4471.0397,6549.2217,4631.2425,4774.5793,3348.4339,4179.7126,6248.8508,4281.2061,4407.0195,3048.0836,3797.5069,5892.2178,3836.2185,3962.2744,2654.9119,3317.7135,5483.1303,3458.2369,3593.2546,2289.5055,2890.2810,5197.6972,11.00000000000,12,017
39,147,01074086,39147,Seneca,Seneca County,06,H1,G4020,248,45660,,A,1427127830.00000000000,4600437.00000000000,+41.1200082,-083.1274357,39147,3169.7228,3160.8238,3135.2804,3160.7619,3186.9156,3198.1418,3183.8969,3125.3680,3183.8809,3241.3272,3234.3597,3213.9276,3108.0883,3214.3874,3319.0872,3257.4408,3230.0726,3074.7104,3229.1118,3385.8332,3334.1746,3301.2948,3062.7733,3298.1997,3539.4951,2882.4576,2850.4960,2594.1953,2845.9958,3105.0557,2678.1077,2646.2467,2355.5786,2640.8618,2932.9088,3248.2905,3208.1640,2858.7996,3201.3332,3549.0454,3114.2651,3075.6134,2728.1989,3068.4195,3411.5438,2541.6305,2536.0178,2137.4451,2450.8880,2981.3141,2528.4603,2553.4725,2052.5802,2410.9969,3092.2649,2462.3385,2512.4962,1902.9957,2302.8267,3138.8137,2290.6387,2364.5084,1675.3594,2081.0011,3048.5527,2179.0001,2246.2659,1575.1376,1966.3335,2940.0694,2066.1458,2126.6756,1470.7002,1832.4690,2843.6183,1950.0298,2013.9077,1349.1949,1686.2135,2787.1755,1832.0235,1903.3549,1212.5326,1530.9057,2753.5018,11.00000000000,39,147
39,109,01074067,39109,Miami,Miami County,06,H1,G4020,212,19380,,A,1053037884.00000000000,7966574.00000000000,+40.0533257,-084.2284135,39109,6749.4620,6730.5116,6676.1197,6730.3798,6786.0713,6741.1634,6711.2389,6587.9220,6711.1984,6832.2203,6367.1185,6327.0530,6118.7296,6327.9400,6534.0003,7228.5070,7167.2831,6822.5449,7165.1842,7513.1052,7561.7082,7486.1751,6945.2074,7479.1192,8026.7276,8112.9498,8021.5306,7299.3478,8008.5866,8739.0486,7269.6489,7183.3605,6394.5037,7168.7878,7961.3222,7137.2221,7049.3681,6282.0147,7034.4231,7798.0661,7320.6068,7229.3229,6412.2767,7212.3244,8019.3589,6865.7229,6850.7638,5774.2587,6620.8499,8053.4921,6330.1095,6392.3510,5138.0617,6035.5615,7741.5570,6163.4494,6288.6412,4762.7396,5763.7277,7856.6831,5974.4078,6166.7487,4369.0898,5427.2269,7951.1584,5772.5625,5950.4776,4172.3322,5208.8096,7788.7463,5547.0852,5709.3514,3948.0406,4919.4157,7634.3852,5194.3659,5364.3203,3593.5466,4491.3785,7424.2875,4840.5993,5028.9097,3203.4813,4044.7817,7275.3327,11.00000000000,39,109
12,009,00295749,12009,Brevard,Brevard County,06,H1,G4020,,37340,,A,2630557912.00000000000,1402040884.00000000000,+28.2982755,-080.7003842,12009,36576.3294,36475.2150,36181.2698,36474.4280,36774.9458,35012.1490,34858.8195,34219.4129,34858.4646,35485.6752,34846.5397,34630.3725,33490.8400,34634.8673,35761.6101,41479.1437,41135.8978,39157.3326,41123.3032,43117.4033,44655.7957,44221.4264,41026.9174,44180.2014,47409.6826,45270.0054,44777.5557,40757.4785,44708.6874,48768.7576,41271.8843,40796.6418,36329.5250,40717.2261,45200.3965,41600.7434,41100.4530,36638.2776,41015.7534,45453.2931,43904.0138,43372.7267,38487.4044,43274.1240,48096.6152,42714.3340,42633.1053,35945.2174,41205.5161,50106.7813,42591.5546,43027.7950,34601.5491,40631.5913,52091.1862,42406.0226,43284.9689,32799.6099,39677.9911,54058.0066,41699.4296,43059.2284,30524.4846,37902.0107,55498.0388,41158.3337,42443.6936,29777.7559,37160.1845,55535.2161,40326.3917,41522.2285,28729.9402,35783.8764,55502.0156,38736.3260,40018.8060,26825.0845,33512.7760,55366.7384,37130.9510,38588.9410,24597.1478,31043.0338,55807.9808,11.00000000000,12,009
12,037,00306911,12037,Franklin,Franklin County,06,H1,G4020,,,,A,1384930964.00000000000,1273675839.00000000000,+29.8101756,-084.7991735,12037,550.3945,548.8615,544.4323,548.8502,553.3816,509.4674,507.2116,497.8948,507.2081,516.3507,410.8489,408.4179,395.0053,408.4573,421.7038,370.6305,367.9614,350.2643,367.8217,385.5231,371.7272,368.6666,342.0835,368.3445,395.0173,503.0553,497.6672,453.0409,496.9179,541.9591,685.4859,676.7075,601.8210,675.1879,750.6329,629.7796,621.2813,552.9062,619.8099,688.0482,709.2834,699.8025,620.0590,698.0240,776.9072,606.6364,604.4513,508.6435,583.9328,711.3749,468.8247,472.5886,379.0565,445.9495,573.2228,454.9273,463.3146,350.0464,424.3496,579.8026,421.6272,434.3612,306.8983,381.9579,561.0566,380.4044,391.3128,273.5423,342.2157,513.1954,337.5335,346.6221,238.8590,298.3444,464.4802,293.4264,302.2960,201.7034,252.7986,419.3421,257.4421,266.7899,169.1838,214.2982,386.8895,11.00000000000,12,037
12,011,00295753,12011,Broward,Broward County,06,H1,G4020,,33100,22744,A,3133329108.00000000000,292869341.00000000000,+26.1935200,-080.4766578,12011,136810.2217,136429.0637,135328.0698,136426.2534,137552.7090,140599.0854,139976.6328,137405.4963,139975.6738,142498.7163,144707.3413,143800.5425,139066.6399,143820.2590,148502.2319,174043.1934,172575.0195,164274.3799,172524.0830,180899.3481,186368.5986,184521.1685,171188.5098,184347.8091,197838.9854,197104.6914,194891.1396,177349.7603,194578.0933,212317.9819,189579.5952,187324.1450,166748.0801,186942.9214,207616.6177,187751.7900,185434.8057,165243.5410,185040.4492,205135.6157,203227.3818,200710.8765,178044.9521,200242.6250,222627.5747,202526.2437,202083.5962,170327.5610,195301.2261,237562.9253,214472.8384,216587.2676,174094.4131,204500.1533,262295.5415,215712.6309,220099.7827,166699.4551,201729.9526,274974.2515,214110.9170,221009.5488,156588.9448,194507.9585,284954.2246,215188.2124,221825.8076,155544.3921,194179.5361,290347.5093,215211.4912,221512.0571,153181.8982,190866.1040,296193.3301,211529.9878,218455.7139,146348.1597,182908.1304,302339.3359,206339.0513,214370.2559,136561.4150,172421.0239,310124.0977,11.00000000000,12,011
39,033,01074029,39033,Crawford,Crawford County,06,H1,G4020,360,15340,,A,1040620962.00000000000,2359241.00000000000,+40.8485080,-082.9247712,39033,2596.1699,2588.9119,2568.0063,2588.8598,2610.2561,2586.9302,2575.4435,2528.1189,2575.4283,2621.8725,2379.9166,2365.0610,2287.2167,2365.3787,2442.3615,2266.5594,2247.7520,2139.6389,2247.0673,2356.0466,2262.2072,2239.9889,2078.1557,2237.8924,2401.5748,2515.3417,2487.2048,2263.4122,2483.2310,2709.5177,2273.6305,2246.8978,2000.3767,2242.3977,2489.9852,2046.2333,2021.0674,1801.0875,2016.7872,2235.6978,1933.9916,1910.0104,1694.2823,1905.5475,2118.6075,1806.3140,1802.1687,1518.7816,1741.6308,2118.7553,1607.9859,1623.7432,1305.0862,1533.0974,1966.5156,1512.2107,1542.8746,1168.4535,1414.0729,1927.6416,1399.6362,1444.6467,1023.4704,1271.3849,1862.7291,1316.8555,1357.3954,951.7252,1188.1910,1776.7897,1241.4304,1277.7017,883.4898,1100.9034,1708.5620,1135.8375,1172.9617,785.7213,982.0680,1623.4455,1026.0939,1065.9773,679.0025,857.3574,1542.1984,11.00000000000,39,033
39,169,01074096,39169,Wayne,Wayne County,06,H1,G4020,,49300,,A,1437258280.00000000000,4889717.00000000000,+40.8296612,-081.8871942,39169,6445.0421,6427.0713,6375.1967,6426.9397,6480.0180,6532.9411,6503.9734,6384.4822,6503.9321,6621.1943,6074.4432,6036.2067,5837.4564,6037.0543,6233.6468,6691.8159,6634.9564,6315.8221,6633.0260,6955.1679,7196.8820,7124.8719,6610.0021,7118.1519,7639.3857,6877.5903,6799.8813,6187.5500,6788.8683,7408.2919,6703.2746,6622.2716,5893.7505,6608.5084,7340.8949,7313.3670,7221.7794,6434.0935,7206.1453,7990.4295,7326.2513,7233.6907,6414.9133,7216.4296,8025.3955,7101.4396,7083.6804,5968.3871,6845.3328,8329.4330,5251.5866,5301.8974,4260.3166,5005.5615,6422.3363,5111.1308,5213.6103,3947.2299,4777.9720,6515.1077,4967.0292,5125.6211,3630.1380,4510.4595,6610.3523,4707.6227,4851.4363,3400.3989,4246.2453,6351.7405,4407.5072,4535.2079,3134.8124,3907.2238,6065.8993,4100.6087,4233.6311,2834.8406,3544.2107,5860.9044,3769.4724,3915.0859,2492.7834,3148.4919,5665.3850,11.00000000000,39,169
39,141,01074083,39141,Ross,Ross County,06,H1,G4020,198,17060,,A,1784988075.00000000000,9937459.00000000000,+39.3237625,-083.0595848,39141,5134.6394,5120.0693,5078.6118,5119.9761,5162.4681,4874.2600,4852.4817,4763.2439,4852.4621,4940.0588,4530.5753,4502.3262,4354.1420,4502.9271,4649.4668,4514.4505,4476.4769,4261.1642,4475.1481,4692.3598,4541.9562,4497.0896,4172.1641,4492.8705,4821.6022,4907.6359,4852.3276,4415.4651,4844.4962,5286.3694,4969.1811,4908.2670,4367.5319,4897.8677,5441.7536,4770.6480,4709.5103,4194.4463,4699.0270,5212.2277,4851.7713,4789.5788,4246.5309,4777.9631,5314.6673,4455.5465,4443.0368,3742.1917,4293.1712,5225.6758,4065.9628,4103.2135,3295.5057,3873.3489,4972.1219,3894.2609,3970.5973,3004.4100,3638.2252,4963.7648,3644.0181,3758.6153,2660.2191,3306.8616,4849.4730,3473.5056,3577.9389,2506.0747,3130.9433,4686.4631,3295.7030,3389.5954,2341.2552,2919.5928,4535.6337,3050.3238,3147.8179,2106.1764,2634.6083,4359.6543,2803.6505,2910.6858,1851.8145,2340.2210,4213.7100,11.00000000000,39,141
39,043,01074034,39043,Erie,Erie County,06,H1,G4020,,41780,,A,651531963.00000000000,969767280.00000000000,+41.5540061,-082.5258973,39043,4640.5540,4627.6453,4590.3105,4627.5491,4665.7416,4153.1925,4134.8736,4058.9590,4134.8405,4209.3254,3731.8929,3708.6096,3586.5458,3709.1064,3829.8178,4179.0616,4144.0657,3944.7422,4142.8250,4343.8535,4180.7791,4139.7846,3840.7021,4135.9124,4438.3882,4738.7252,4685.9484,4264.4655,4678.5057,5104.6062,4204.7351,4154.9833,3698.8345,4146.5899,4604.8142,3964.8204,3915.8743,3489.4729,3907.5431,4331.9198,3873.8112,3825.7081,3393.5394,3816.7547,4243.5911,3473.0036,3465.1911,2920.4483,3348.8320,4073.7733,3501.9140,3536.1896,2842.1792,3338.7684,4282.7231,3401.9699,3470.8639,2628.4740,3181.0798,4336.5400,3255.7152,3360.2944,2380.5040,2957.2368,4332.9119,3150.2788,3247.1084,2276.5232,2842.2836,4250.5536,3048.9815,3137.8787,2169.5456,2703.6078,4196.2523,2859.6823,2952.9296,1977.8108,2472.2635,4087.3108,2679.6386,2783.5660,1772.8050,2238.7046,4027.4285,11.00000000000,39,043
39,157,01074090,39157,Tuscarawas,Tuscarawas County,06,H1,G4020,,35420,,A,1470169796.00000000000,9880933.00000000000,+40.4474411,-081.4711570,39157,5567.2871,5551.7524,5506.9368,5551.6392,5597.4980,5586.0213,5561.1857,5458.9798,5561.1548,5661.4637,5472.0806,5437.6072,5258.5605,5438.3740,5615.4809,6181.5741,6129.4262,5834.6085,6127.6172,6425.0861,6058.6864,5998.9121,5565.4832,5993.2872,6431.7663,6443.4432,6370.6747,5797.0161,6360.3636,6940.6543,5900.7294,5829.8150,5188.8209,5817.7879,6462.0557,5616.9031,5547.1030,4942.6176,5535.2065,6136.9405,5642.6794,5572.1243,4942.1728,5558.9819,6181.2495,5408.6622,5396.0080,4547.2655,5214.6814,6344.1492,4614.6191,4659.6549,3745.0297,4399.4712,5643.5028,4492.7040,4583.6386,3471.1270,4200.9321,5726.9087,4341.4711,4480.9448,3174.4149,3943.4753,5777.9060,4119.0626,4245.7603,2976.7636,3716.4671,5557.7053,3910.5817,4024.7607,2782.9106,3467.8141,5382.0684,3661.9472,3781.5929,2533.0946,3166.1396,5233.9954,3414.7352,3547.4485,2259.6247,2853.1797,5132.2772,11.00000000000,39,157
39,041,01074033,39041,Delaware,Delaware County,06,H1,G4020,198,18140,,A,1147617685.00000000000,36859321.00000000000,+40.2789411,-083.0074622,39041,15063.7162,15021.4931,14900.1364,15021.1957,15145.4324,16348.0103,16275.1479,15975.9415,16275.0703,16568.7486,15722.9445,15623.7220,15109.2335,15625.9450,16134.8818,17385.5598,17238.3653,16409.2200,17233.3139,18070.0945,17227.3018,17055.9819,15823.5461,17039.9360,18287.2245,19463.2552,19243.9160,17511.3620,19212.8588,20965.2821,21171.6988,20919.1536,18620.7609,20876.4308,23185.9451,24005.8239,23708.4782,21125.8597,23657.8321,26228.4442,24081.7373,23781.1844,21093.2004,23725.2119,26380.3075,22341.2727,22290.1023,18785.1266,21541.3664,26205.7055,22437.7094,22656.4227,18209.0341,21391.2633,27440.4179,22602.8088,23059.9854,17462.6985,21134.5051,28812.0584,22422.9611,23142.9440,16394.6696,20366.9091,29841.8725,22528.7523,23221.2489,16280.2762,20326.2128,30397.2076,22682.1279,23343.8409,16140.4602,20113.2967,31216.9894,22326.2727,23055.0827,15442.6992,19302.6028,31910.7393,21557.3703,22394.4844,14263.8415,18011.3749,32400.2425,11.00000000000,39,041
39,017,01074021,39017,Butler,Butler County,06,H1,G4020,178,17140,,A,1209668470.00000000000,7968185.00000000000,+39.4399154,-084.5653972,39017,23616.7502,23550.7891,23360.6474,23550.3123,23744.8987,22616.3333,22516.2685,22102.7149,22516.1096,22921.9188,21302.8143,21169.1490,20472.2239,21172.0717,21861.3752,22904.7140,22712.1243,21619.7010,22705.3784,23807.4106,21369.8889,21158.2839,19629.5029,21138.4145,22685.2884,21661.2737,21418.0392,19490.3046,21383.6419,23333.1815,20260.5707,20017.7742,17817.4181,19976.6359,22188.0037,24298.2465,23998.1941,21384.9329,23947.1192,26547.9944,24665.0626,24358.9200,21607.3678,24301.9400,27019.5149,21621.5639,21572.9354,18181.5850,20848.5305,25361.7233,20811.9565,21016.3356,16892.3246,19843.2272,25452.4321,20383.7926,20797.5666,15750.9016,19061.5027,25983.6313,19620.9221,20252.3453,14348.3607,17823.5712,26112.8685,19060.2928,19647.4980,13776.0986,17198.5330,25717.4614,18713.8834,19261.0696,13318.8532,16596.0428,25755.6685,18122.0866,18714.7916,12536.7446,15669.2170,25901.8131,17481.5946,18161.4561,11568.8420,14607.2767,26274.5056,11.00000000000,39,017
12,047,00295736,12047,Hamilton,Hamilton County,06,H1,G4020,,,,A,1330711074.00000000000,13638327.00000000000,+30.4911024,-082.9510488,12047,796.1649,793.8777,787.4350,793.8644,800.4759,750.0753,746.7159,732.9795,746.7135,760.1984,657.4457,653.3240,631.8162,653.4138,674.6859,593.8453,588.9045,560.5792,588.7260,617.2828,645.6096,639.4832,593.3011,638.8930,685.5250,552.3254,546.6220,497.7414,545.8398,595.1013,705.1488,696.5219,619.8027,695.0501,772.2109,760.3705,750.2373,667.7974,748.4868,830.7291,769.4770,759.3047,672.8971,757.3987,842.8535,712.3659,710.0039,597.6612,685.9574,835.4086,603.2730,608.3026,488.0878,574.0712,737.6403,577.3153,588.1313,444.5204,538.7284,735.8062,536.8889,553.2768,391.0921,486.5918,714.4499,505.3849,520.0891,363.7796,454.9191,681.8228,462.2343,474.9156,327.5161,408.8650,636.1000,414.0508,426.8151,285.0612,357.0329,591.7463,370.0976,383.7920,243.6745,308.3885,556.2065,11.00000000000,12,047
12,063,00295734,12063,Jackson,Jackson County,06,H1,G4020,,,,A,2376987362.00000000000,95322401.00000000000,+30.7878120,-085.2103738,12063,2732.7786,2725.0113,2702.9401,2724.9621,2747.5878,2672.2046,2660.1864,2611.2231,2660.1811,2708.2549,2355.7867,2340.8253,2263.7206,2341.1694,2417.4545,2658.0589,2635.0455,2508.3013,2634.3078,2762.3916,2789.7865,2761.0914,2561.4959,2758.4569,2960.8030,2725.0983,2693.1853,2449.9469,2688.6082,2935.0508,2792.2716,2755.6732,2449.9716,2749.2927,3057.5458,3037.5486,2995.4713,2664.7154,2988.1519,3318.5259,2967.9258,2926.2884,2590.8149,2918.4401,3250.6522,2674.9335,2664.0197,2240.5371,2573.2425,3136.4630,2286.3964,2303.8217,1846.9789,2173.6707,2795.3805,2122.0212,2160.1350,1631.0354,1978.1209,2704.3831,1955.3343,2013.5308,1421.7994,1770.2878,2601.8752,1803.5893,1854.7671,1295.9953,1621.8388,2433.1348,1652.3150,1696.6063,1168.9276,1460.2206,2273.7364,1488.8756,1533.9995,1023.6737,1282.8748,2127.7926,1345.9312,1395.1816,885.1850,1120.8365,2022.7178,11.00000000000,12,063
12,093,00295760,12093,Okeechobee,Okeechobee County,06,H1,G4020,,36380,,A,1991462636.00000000000,318565354.00000000000,+27.3855924,-080.8873884,12093,2457.5521,2450.4720,2430.5750,2450.4321,2470.8562,2463.6276,2452.4249,2407.2206,2452.4286,2496.8290,2448.0505,2432.2559,2352.0836,2432.6419,2511.9945,2523.1890,2501.3257,2381.0133,2500.6267,2622.2165,2566.9365,2541.0424,2357.3987,2538.6376,2724.6275,2591.5746,2562.3809,2331.6941,2558.2479,2791.5762,2029.3895,2005.0508,1784.6383,2000.9259,2222.4477,2129.1049,2102.0496,1872.3854,2097.4180,2326.1920,2121.0305,2093.2926,1855.3887,2088.1009,2323.3262,1873.3436,1867.8514,1572.9936,1804.7852,2197.0897,1261.5709,1272.8031,1021.9458,1201.3991,1542.6774,1183.2190,1206.0608,912.2335,1104.9829,1508.1308,1081.2135,1114.8405,788.6692,980.7056,1438.8499,944.0642,972.0026,680.3568,850.3924,1273.6940,807.1277,829.6598,572.5708,714.4303,1110.7534,679.4455,700.5985,468.1440,586.1405,971.0533,600.3004,622.6832,395.5452,500.4171,902.1807,11.00000000000,12,093
12,087,00295759,12087,Monroe,Monroe County,06,H1,G4020,,28580,,A,2546689189.00000000000,7133453992.00000000000,+25.6010428,-081.2067767,12087,5756.9131,5740.7590,5694.3708,5740.6460,5788.1400,5705.0647,5679.8378,5575.5248,5679.7966,5782.1542,5842.0847,5805.5688,5614.4712,5806.3542,5995.3433,7070.3522,7010.7598,6673.5513,7008.6870,7348.9101,7557.5097,7482.8088,6942.1540,7475.7868,8022.7917,8200.6928,8107.8018,7377.5433,8094.6259,8833.4223,8179.4672,8081.0276,7192.3859,8064.3243,8957.5502,8251.1199,8147.8586,7259.2344,8130.2344,9015.0025,8939.8435,8826.9638,7827.9133,8805.9148,9792.9813,8965.7225,8944.0357,7536.5409,8643.2902,10516.2691,9332.7281,9422.2916,7571.3885,8895.7052,11413.3228,9343.5296,9531.0921,7216.2209,8734.7700,11910.1315,9246.0177,9541.4950,6757.8715,8396.4513,12305.0514,9249.4458,9532.3905,6681.6981,8343.4269,12479.8105,9201.8234,9468.9468,6545.6415,8158.0039,12664.1920,9012.5728,9305.5392,6231.6534,7790.4407,12881.5016,8737.2268,9075.4027,5779.1769,7298.6714,13131.7871,11.00000000000,12,087
12,031,00293656,12031,Duval,Duval County,06,H6,G4020,,27260,,C,1974068274.00000000000,404712512.00000000000,+30.3352449,-081.6481132,12031,57154.0973,56995.9827,56536.6052,56994.7590,57464.4392,57625.1594,57372.7144,56320.2937,57372.1362,58404.4937,57887.5349,57529.6616,55636.8936,57536.9865,59408.3503,72371.0593,71771.9480,68319.8406,71749.9890,75229.2771,82137.2437,81342.7283,75467.0081,81267.0684,87205.5029,77681.6541,76837.1313,69939.1033,76719.0520,83685.5271,72974.3616,72127.4956,64223.8789,71985.5869,79919.7568,75110.9763,74200.8948,66138.2949,74046.5803,82066.4370,82044.7014,81048.5806,71916.2332,80863.6375,89879.1396,81292.4805,81134.8274,68404.2156,78417.1650,95360.7954,76847.9880,77628.8560,62420.6760,73303.8018,93987.1694,77485.2185,79084.5413,59920.4238,72492.0557,98775.1694,77147.9812,79656.7297,56461.2505,70113.5955,102676.1235,76277.9629,78653.2302,55174.6960,68859.5322,102921.7554,74316.4646,76513.8049,52934.3960,65937.0139,102282.7153,71833.5840,74205.6743,49734.1658,62139.1707,102672.9951,69269.0591,71983.2974,45876.6702,57904.8528,104111.3438,11.00000000000,12,031
39,009,01074018,39009,Athens,Athens County,06,H1,G4020,,11900,,A,1304313482.00000000000,12542538.00000000000,+39.3338481,-082.0460078,39009,3415.3334,3405.8413,3378.3682,3405.7702,3433.8720,3551.4493,3535.6722,3470.6989,3535.6517,3599.4173,3809.1186,3785.1449,3660.5147,3785.6760,3908.9527,4301.3214,4265.0364,4059.8934,4263.7775,4470.7650,4969.2286,4919.0711,4563.5622,4914.4145,5274.4763,349.5633,345.3165,314.0310,344.7002,376.4505,474.9074,468.8549,416.9961,467.8088,520.0449,2619.2760,2587.4755,2306.2588,2582.0811,2861.8236,2498.7329,2468.3856,2190.2443,2462.7511,2737.3355,2415.1372,2410.3467,2032.0446,2329.5818,2833.0701,3396.9271,3431.0116,2758.4361,3239.7207,4154.4635,3181.2898,3246.5986,2459.5168,2975.8411,4055.3427,2903.1536,2997.2995,2124.2455,2638.1158,3863.7794,2770.7244,2856.7831,2003.7871,2500.9762,3738.5149,2592.7799,2669.2635,1846.4829,2300.2088,3568.4622,2915.8890,3011.8843,2018.3041,2522.0029,4167.7105,3488.4029,3624.6333,2309.5389,2915.5356,5243.0385,11.00000000000,39,009
39,097,01074061,39097,Madison,Madison County,06,H1,G4020,198,18140,,A,1206610780.00000000000,1954541.00000000000,+39.8966074,-083.4008847,39097,2945.2437,2936.9523,2913.2063,2936.8958,2961.2156,2854.9318,2842.2199,2789.9745,2842.2054,2893.4839,2628.6141,2612.0819,2526.0788,2612.4470,2697.5146,2985.5189,2960.5783,2818.1789,2959.6877,3103.2848,3336.6249,3303.6302,3064.9321,3300.5295,3542.0364,3725.5465,3683.1219,3351.2450,3677.0934,4012.9280,3428.2252,3385.6495,3012.1671,3378.3503,3754.1883,3674.7994,3626.9928,3229.6075,3618.7716,4014.9039,3766.6723,3717.6202,3295.3230,3708.4435,4125.9481,3327.1455,3317.1798,2793.3294,3205.1213,3902.0823,3270.5826,3299.6151,2649.2101,3114.4804,3999.3282,3204.9448,3266.8904,2471.0664,2993.1235,4085.0313,3080.1574,3176.2160,2247.2071,2794.1599,4099.0139,2957.9199,3046.0686,2132.7365,2665.2094,3990.7633,2810.6748,2889.9913,1995.3662,2488.9552,3868.0642,2616.6176,2699.5315,1805.4415,2259.1097,3739.7325,2455.4430,2548.5509,1620.6929,2048.7925,3690.3369,11.00000000000,39,097
39,089,01074057,39089,Licking,Licking County,06,H1,G4020,198,18140,,A,1767667183.00000000000,12927054.00000000000,+40.0936093,-082.4812506,39089,11618.6104,11586.1729,11492.6367,11585.9375,11681.6563,11295.8844,11245.6312,11038.9380,11245.5717,11448.4326,10312.4915,10247.6050,9910.1960,10249.0411,10582.7840,11863.8756,11763.9360,11198.1062,11760.4546,12331.3244,12215.2101,12094.5837,11220.7247,12083.2385,12967.3200,11959.1112,11823.9960,10759.2472,11804.8478,12881.9250,11644.1994,11504.8424,10240.3914,11481.2401,12751.9595,12097.8271,11947.7843,10646.0906,11922.2213,13217.9141,12369.7145,12215.8030,10835.5334,12187.1490,13550.4443,11722.5762,11696.3435,9857.7586,11303.6234,13750.4131,10636.7790,10741.5498,8634.0462,10142.0657,13008.5304,10427.8775,10639.8723,8058.3531,9751.8239,13292.6648,10185.4488,10513.5415,7448.9372,9252.8161,13555.5215,9892.7448,10197.8228,7150.6482,8926.8344,13348.0008,9558.5487,9838.3288,6803.4237,8477.1833,13155.3266,9200.8195,9502.0156,6365.5498,7955.8067,13150.7074,8747.7620,9088.2070,5789.4640,7309.7569,13147.7362,11.00000000000,39,089
12,081,00295744,12081,Manatee,Manatee County,06,H1,G4020,494,35840,,A,1924182235.00000000000,387844764.00000000000,+27.4813860,-082.3657835,12081,24778.4102,24709.8017,24510.6146,24709.2750,24912.9463,26368.4917,26252.5916,25770.8204,26252.3536,26724.9948,27587.4895,27415.8949,26513.6573,27419.5070,28311.6795,32628.8760,32357.8288,30801.4698,32347.9921,33916.9218,35154.2715,34812.1805,32297.3727,34779.7205,37322.1111,37769.7588,37354.2010,33997.5884,37295.8507,40687.4773,37865.7607,37422.3470,33318.1136,37347.8086,41469.2083,39042.5789,38566.0535,34372.0362,38485.1308,42657.8158,42604.7438,42084.4426,37339.3689,41987.7783,46672.6978,40854.4214,40771.4526,34370.5546,39404.7790,47923.6976,41163.0473,41576.7770,33427.2173,39258.9435,50342.7830,41811.5433,42669.8684,32325.2700,39111.3079,53299.1770,41622.2253,42971.1212,30453.6121,37821.3181,55394.5468,41683.6940,42977.0608,30143.3431,37623.8235,56243.3365,41546.1678,42769.8016,29584.2922,36855.6284,57180.1472,40609.7576,41946.1858,28108.1489,35123.4512,58043.9137,39294.7501,40830.3173,26017.3715,32842.9940,59059.7229,11.00000000000,12,081
39,057,01074041,39057,Greene,Greene County,06,H1,G4020,212,19380,,A,1071554325.00000000000,6542481.00000000000,+39.6874785,-083.8948943,39057,9914.0977,9886.5393,9806.7867,9886.3327,9967.9110,9708.7056,9666.0432,9488.6641,9665.9548,9839.9707,9917.4401,9855.2033,9530.7506,9856.5651,10177.4707,12327.4734,12222.7570,11634.8559,12219.1987,12812.6321,13147.9433,13017.3802,12076.7831,13005.1408,13957.0045,8657.8877,8560.9190,7790.5512,8547.2178,9326.2127,7278.3786,7191.0864,6400.5785,7176.2918,7970.7791,9766.2200,9645.2553,8594.5797,9624.6522,10670.4427,9621.4737,9501.3824,8427.4320,9479.0172,10539.8292,9240.5339,9218.9354,7768.9013,8909.1494,10838.7899,9088.6441,9177.3832,7376.0289,8664.9533,11115.0702,8760.3022,8937.6831,6768.4529,8191.4628,11166.8806,8279.6138,8545.7649,6054.1974,7520.7982,11019.0514,7829.7282,8070.7587,5658.7266,7064.7042,10564.3930,7305.6313,7519.0574,5199.1607,6478.6189,10054.6279,7101.9172,7334.0035,4912.7238,6140.4158,10150.7238,6942.9109,7212.7373,4594.3000,5801.1335,10435.0524,11.00000000000,39,057
39,167,01074095,39167,Washington,Washington County,06,H1,G4020,,37620,,A,1636799113.00000000000,20785159.00000000000,+39.4506837,-081.4906531,39167,3781.7458,3771.1087,3740.6229,3771.0357,3802.2553,3610.9629,3594.9986,3528.9762,3594.9725,3659.7567,3418.4160,3396.8846,3285.0346,3397.3632,3508.0008,3755.1710,3723.2223,3544.1392,3722.1420,3902.9268,3822.8891,3784.6493,3511.1574,3781.0803,4057.9486,3439.4001,3399.9576,3093.4194,3394.3396,3704.6285,3218.0721,3179.0825,2829.2583,3172.4521,3524.1656,3509.8984,3465.9516,3087.9259,3458.4502,3834.8410,3451.4041,3407.7848,3022.0451,3399.6502,3780.7700,3188.1576,3180.6477,2680.3127,3073.7522,3739.5719,3058.9852,3088.5038,2481.9558,2915.9458,3740.9674,2909.0812,2967.6175,2246.9935,2719.7208,3708.2021,2752.3039,2840.3754,2011.8440,2499.5545,3662.9104,2629.5884,2710.1224,1899.7473,2372.1291,3547.9795,2494.7166,2567.2102,1774.7247,2211.8186,3433.4091,2388.8121,2466.5259,1651.8303,2064.9599,3414.2888,2256.2760,2343.6543,1492.4845,1884.8473,3391.1174,11.00000000000,39,167
12,071,00295758,12071,Lee,Lee County,06,H1,G4020,,15980,,A,2031879249.00000000000,1108380339.00000000000,+26.5521343,-081.8922499,12071,45678.8505,45552.1183,45184.7877,45551.1569,45926.8294,49616.4092,49398.6047,48492.2228,49398.1376,50287.3060,52072.8291,51749.5893,50046.6932,51756.3310,53440.1432,62068.8409,61551.7951,58591.2546,61533.1844,64518.1298,67720.0140,67060.9880,62216.5490,66998.4590,71896.0474,70143.4792,69370.7939,63136.6036,69262.2490,75561.7976,69243.0453,68434.8003,60931.6506,68299.0862,75832.7725,72679.5922,71796.7396,63993.1387,71646.9624,79409.7720,78933.1718,77973.3108,69185.9246,77795.0708,86470.3082,77020.7551,76868.9558,64805.3655,74293.5275,90349.2211,79068.1147,79867.4926,64216.9054,75416.4600,96701.7865,80339.8926,81993.8472,62120.4719,75157.3730,102413.6830,80126.8457,82728.1927,58634.0404,72815.4861,106640.3137,80667.8383,83175.1830,58342.0745,72816.5903,108844.5957,80623.7306,83002.4534,57418.0191,71526.6350,110963.0748,79346.4614,81961.4467,54926.5287,68631.6185,113410.9163,77309.8832,80334.3002,51193.3560,64620.5025,116196.3939,11.00000000000,12,071
12,029,00295725,12029,Dixie,Dixie County,06,H1,G4020,,,,A,1826078949.00000000000,410763739.00000000000,+29.5808994,-083.1956656,12029,1022.7269,1019.7664,1011.4790,1019.7505,1028.2615,859.3365,855.3735,839.5773,855.3786,870.9017,952.2411,945.9670,914.7565,946.1323,977.0409,1071.4395,1061.9397,1010.8604,1061.6576,1113.3524,1060.9193,1049.8240,973.9175,1048.8152,1125.8341,1064.3813,1051.2575,955.8912,1049.3445,1146.1939,1130.1422,1115.0233,991.0546,1112.3716,1237.4739,1147.6958,1131.6115,1006.4744,1128.8080,1253.8484,1179.2574,1162.6510,1029.2989,1159.5197,1291.5866,1069.4035,1064.9090,895.5011,1028.5864,1253.8851,883.3970,890.1816,713.7099,839.9082,1080.0622,852.0450,867.4711,655.1162,794.4196,1085.8928,795.6549,819.4746,578.7890,720.5307,1058.7543,739.2322,760.3587,531.4457,664.9300,997.2758,690.1601,708.8325,488.5542,610.1422,949.7372,645.0162,664.7572,443.8200,556.0128,921.8236,595.5672,617.5573,392.0408,496.2059,895.0538,11.00000000000,12,029
39,137,01074081,39137,Putnam,Putnam County,06,H1,G4020,,,,A,1249725444.00000000000,4605035.00000000000,+41.0245334,-084.1298791,39137,2010.3743,2004.7205,1988.5147,2004.6816,2021.2773,1843.5496,1835.3633,1801.6376,1835.3524,1868.4507,1806.0582,1794.6436,1735.5421,1794.9009,1853.3668,1966.5854,1949.9759,1856.1844,1949.4017,2044.0431,1732.7237,1715.7518,1591.7974,1714.1477,1839.5018,2055.7265,2033.0258,1850.2873,2029.8341,2214.5075,1781.3745,1760.8002,1567.9423,1757.3584,1950.9297,1653.3627,1633.4941,1456.1643,1630.1308,1806.4777,1858.9698,1836.2099,1629.1157,1831.9802,2036.4595,1626.1499,1623.1529,1368.6189,1568.8266,1907.6061,1292.3236,1305.5152,1049.8101,1232.7976,1580.5565,1273.5288,1299.8761,984.9451,1191.5394,1623.4529,1236.6956,1276.9727,905.1888,1124.0102,1645.9217,1179.4118,1216.1844,853.1922,1064.7665,1591.3828,1142.1465,1175.9442,813.5803,1013.4002,1571.9533,1065.3684,1100.5598,737.6294,921.6033,1522.7505,983.7807,1022.3304,651.5570,822.3843,1478.6217,11.00000000000,39,137
12,069,00308551,12069,Lake,Lake County,06,H1,G4020,422,36740,,A,2430396019.00000000000,566126522.00000000000,+28.7641128,-081.7122822,12069,21196.7856,21137.9952,20967.5480,21137.5476,21311.8607,22152.0863,22054.9806,21650.3805,22054.7623,22451.6585,22435.1574,22295.7054,21561.9900,22298.6314,23024.1479,26807.3382,26584.0184,25305.3690,26575.9810,27865.1721,29981.5770,29688.2626,27543.4665,29660.5204,31829.4069,33039.8824,32674.0126,29736.4575,32622.5220,35591.5331,32665.7865,32281.4268,28739.3773,32216.7088,35774.1734,33499.4601,33090.7224,29492.2725,33021.3143,36601.4258,35912.5642,35472.1942,31470.8158,35390.3415,39341.3240,34980.6019,34908.4183,29426.8933,33737.9689,41033.2208,35343.5085,35696.8983,28698.1172,33706.2870,43225.1330,35822.3459,36555.8778,27691.6816,33506.5771,45664.2384,35790.9745,36949.0447,26183.9185,32520.2567,47633.6379,36023.4606,37139.3667,26047.0112,32512.5479,48605.8829,35980.7036,37038.6415,25618.1070,31916.2431,49520.2336,35182.3032,36338.4594,24348.5855,30427.1555,50286.2857,34095.5258,35426.4185,22572.2505,28495.5837,51245.2338,11.00000000000,12,069
12,065,00295733,12065,Jefferson,Jefferson County,06,H1,G4020,,45220,,A,1549059034.00000000000,99559135.00000000000,+30.4245579,-083.8908594,12065,924.3055,921.7169,914.2715,921.6985,929.3199,806.0759,802.4934,787.7456,802.4889,816.9628,730.0836,725.4313,701.5327,725.5397,749.1863,677.2519,671.4107,639.1163,671.2212,703.8493,730.8275,723.4959,671.2117,722.8128,775.7502,678.7541,670.7471,610.1305,669.5960,731.0311,656.0702,647.5999,575.8732,646.1299,718.4137,606.0197,597.7863,531.9413,596.3591,662.0868,605.7854,597.4624,529.1489,595.8967,663.5142,511.5290,509.6576,428.8473,492.3491,599.8398,445.3269,448.9851,360.2034,423.7022,544.5059,399.0297,406.4487,307.1449,372.2876,508.5688,355.1180,365.9041,258.5911,321.7826,472.5587,324.3598,333.7590,233.4107,291.9220,437.5956,288.1799,296.0658,204.1544,254.8811,396.5748,257.8262,265.7735,177.5037,222.3204,368.4758,230.6911,239.2399,151.9111,192.2419,346.6983,11.00000000000,12,065
39,173,01074098,39173,Wood,Wood County,06,H1,G4020,534,45780,,A,1598552653.00000000000,8510057.00000000000,+41.3601834,-083.6226821,39173,6960.0353,6940.5991,6884.5646,6940.4584,6997.8017,7152.2110,7120.2608,6989.3213,7120.2318,7248.7624,6855.3365,6811.9599,6587.6165,6812.9427,7034.8802,8049.5064,7980.4999,7596.6447,7978.2195,8365.8995,8339.0510,8255.1257,7658.5366,8247.3207,8851.4605,8409.4109,8313.0755,7563.6394,8299.3588,9057.9298,6288.2625,6210.0913,5524.9668,6196.6852,6886.1553,9219.1568,9102.6615,8108.7847,9082.7401,10072.5943,9446.1730,9326.6411,8270.7706,9304.3464,10347.5985,9133.6048,9110.0746,7675.0747,8803.3581,10712.8365,10242.3208,10340.3392,8308.8360,9762.3607,12525.6514,10181.9293,10386.0287,7863.2229,9518.1767,12978.7982,9987.1668,10306.0202,7299.0454,9069.1127,13291.3819,10077.2051,10385.1902,7279.1772,9089.7465,13596.6395,10124.6158,10418.2785,7201.6262,8975.8025,13934.1832,10071.6530,10398.8465,6963.5896,8705.6554,14395.2115,10204.7632,10599.6443,6749.6968,8524.4644,15337.4437,11.00000000000,39,173
39,059,01074042,39059,Guernsey,Guernsey County,06,H1,G4020,,15740,,A,1352631007.00000000000,15666026.00000000000,+40.0566648,-081.4978750,39059,2540.1216,2533.0214,2512.5676,2532.9703,2553.9039,2394.7186,2384.1712,2340.4070,2384.1512,2427.0891,2157.9911,2144.2119,2073.5668,2144.5356,2214.4395,2404.3418,2383.9371,2269.2723,2383.2418,2498.9790,2507.6625,2482.5241,2303.1235,2480.1807,2661.8160,2623.3744,2593.3870,2359.6308,2589.1204,2825.7035,2294.1502,2266.2121,2016.7124,2261.4529,2512.3465,2070.1101,2043.9196,1820.7217,2039.4399,2261.7428,2017.3229,1991.5419,1765.8186,1986.7282,2209.8003,1881.9895,1876.8580,1580.9482,1813.5919,2207.3234,1595.7992,1610.8243,1294.1218,1520.7103,1951.5121,1485.6816,1515.2085,1146.9064,1388.5114,1893.7519,1391.7770,1435.9562,1016.7330,1263.5202,1852.2183,1289.0758,1328.2155,930.7070,1162.4322,1739.2587,1183.5024,1217.5741,841.3763,1048.8892,1628.7958,1060.8257,1095.0418,733.0237,916.6391,1516.1996,949.6672,986.1828,627.7200,793.0112,1427.3061,11.00000000000,39,059
39,119,01074072,39119,Muskingum,Muskingum County,06,H1,G4020,,49780,,A,1721250930.00000000000,20731394.00000000000,+39.9660457,-081.9435064,39119,5482.2215,5466.9276,5422.7985,5466.8162,5511.9711,5243.0364,5219.8877,5124.0406,5219.8474,5313.8926,4902.7137,4872.1607,4711.8082,4872.8091,5031.3807,5432.9172,5387.6359,5128.4990,5386.0084,5647.2891,5507.3117,5452.8822,5058.8961,5447.7653,5846.3763,5247.8168,5188.6967,4721.5643,5180.3267,5652.8094,5246.9812,5184.0259,4614.1282,5173.3545,5746.1294,4829.6692,4769.5849,4249.7606,4759.3416,5276.8172,5055.9738,4993.1808,4429.1184,4981.4927,5538.5972,4786.4631,4776.0424,4025.5593,4615.7588,5614.5225,4105.3075,4145.7422,3332.3414,3914.3685,5020.6940,3934.3007,4014.2792,3040.3029,3679.2291,5015.1466,3740.5583,3861.0441,2735.5795,3398.0475,4978.2012,3505.6942,3613.7976,2533.9646,3163.3952,4730.1334,3281.1366,3377.1663,2335.3756,2909.9272,4515.7919,3058.5266,3158.6400,2116.0117,2644.6483,4371.5433,2793.0054,2901.6937,1848.4560,2333.8639,4197.8386,11.00000000000,39,119
39,095,01074060,39095,Lucas,Lucas County,06,H1,G4020,534,45780,,A,882810658.00000000000,660502949.00000000000,+41.6823213,-083.4688665,39095,25551.0294,25480.1259,25274.6469,25479.5890,25689.7379,25921.3184,25807.4488,25333.8824,25807.2112,26271.7948,23437.1097,23291.6078,22525.1589,23294.6437,24052.5052,25713.8816,25500.2265,24273.7076,25492.4776,26728.9208,29121.3958,28837.1653,26753.9134,28810.2441,30916.6515,25423.6601,25141.6237,22880.9456,25101.9060,27386.9681,18907.5056,18683.3435,16631.8250,18645.5002,20706.4977,20646.7942,20392.4679,18172.4836,20349.1982,22558.4955,21449.9207,21186.1737,18795.5649,21137.1351,23497.7684,19031.2324,18991.6275,16009.1301,18354.7641,22324.0854,18191.2166,18371.4354,14767.9238,17346.4495,22247.5983,17306.9204,17659.7291,13375.9627,16186.1046,22061.6619,16282.4422,16807.8182,11909.3793,14792.6505,21669.9132,15360.1563,15834.6305,11103.9510,13861.4215,20725.0948,14073.3005,14485.9072,10018.0469,12482.0397,19368.9849,12908.0711,13331.2135,8931.4354,11162.1454,18449.5135,12300.9453,12780.1639,8141.9156,10279.4510,18488.1402,11.00000000000,39,095
39,055,01074040,39055,Geauga,Geauga County,06,H1,G4020,184,17460,,A,1036420180.00000000000,21054534.00000000000,+41.4993217,-081.1735054,39055,6511.3116,6493.1425,6440.7277,6493.0101,6546.6451,5407.5369,5383.4119,5284.4293,5383.3877,5480.5450,5062.9949,5030.9597,4865.2713,5031.6854,5195.5970,5666.7861,5618.5336,5348.2879,5616.9060,5889.7332,5925.8960,5866.4380,5442.4931,5860.8986,6290.1440,7662.4516,7575.5321,6893.1348,7563.1972,8253.6165,7248.3293,7160.6822,6372.8788,7145.7867,7937.7888,6834.3352,6748.7143,6012.5934,6734.0976,7467.0476,5964.1963,5889.0994,5222.7774,5875.1001,6533.3908,5504.8965,5492.3911,4628.8463,5307.9264,6457.1189,5079.7323,5128.5928,4121.2447,4842.0042,6212.2020,4952.8778,5052.3845,3825.3649,4630.2865,6313.4086,4808.6394,4962.3703,3514.7149,4366.8746,6399.5771,4656.1301,4798.5872,3363.5788,4200.0747,6282.2834,4489.0795,4619.3872,3193.2564,3979.8459,6178.1840,4096.1408,4229.2232,2832.1145,3540.6060,5854.5326,3712.0048,3855.5685,2455.0825,3100.7002,5579.0240,11.00000000000,39,055
39,101,01074063,39101,Marion,Marion County,06,H1,G4020,198,32020,,A,1045726869.00000000000,908586.00000000000,+40.5882082,-083.1729272,39101,4229.2923,4217.1480,4182.9267,4217.0774,4252.1935,4174.2300,4155.1740,4078.5438,4155.1855,4230.4632,3940.9353,3915.3304,3786.2325,3915.9726,4043.7740,4109.9263,4073.5883,3877.6487,4072.4993,4270.7651,4206.2089,4162.4397,3861.4982,4158.4486,4463.7205,4206.2351,4156.9028,3781.4198,4149.8240,4530.2789,4103.7827,4051.0509,3602.5898,4041.9132,4493.7759,3909.2249,3856.4144,3431.9376,3847.2689,4270.9116,3896.2416,3843.3203,3404.5042,3833.3766,4267.6113,3724.0638,3710.9471,3123.0334,3585.0570,4367.1128,3178.9806,3205.0218,2571.1958,3024.5206,3886.9615,3014.7721,3070.7906,2320.4984,2812.6857,3842.3645,2836.1017,2922.3046,2065.3076,2569.9499,3774.0309,2664.8334,2742.0440,1917.6079,2398.3224,3595.1401,2490.4607,2558.6136,1764.3141,2202.6948,3427.2134,2286.2351,2356.6981,1573.9732,1971.3826,3267.4028,2097.7488,2175.4869,1381.3790,1748.1192,3152.6392,11.00000000000,39,101
39,025,01074025,39025,Clermont,Clermont County,06,H1,G4020,178,17140,,A,1170933540.00000000000,19855695.00000000000,+39.0520838,-084.1496140,39025,13703.5109,13665.2692,13554.9569,13664.9908,13777.8728,12782.1938,12725.7329,12492.0497,12725.6363,12954.9302,12564.8149,12486.4714,12075.5076,12488.1385,12894.5429,13901.1506,13783.9676,13120.9763,13779.8933,14448.8179,14311.8132,14170.5711,13146.7252,14157.2818,15193.0730,15200.8278,15030.3478,13677.6728,15006.2493,16374.1525,14305.8736,14136.0806,12583.7066,14107.4055,15667.0128,14056.9984,13882.0083,12368.9349,13852.1732,15358.4386,13629.8485,13461.7530,11942.2371,13430.4887,14931.0435,11481.3449,11456.3747,9656.2034,11071.9068,13467.6275,10601.6974,10706.3608,8605.9873,10108.9140,12965.6651,10347.9334,10558.5440,7996.9972,9677.3666,13190.7867,9761.1122,10075.7822,7139.0283,8867.6429,12990.8052,9255.1392,9540.7998,6690.1996,8351.7960,12487.7200,8695.1269,8949.8772,6189.2966,7711.7489,11967.0277,7950.6910,8211.1997,5501.0721,6875.1362,11363.9185,7174.0160,7453.4357,4748.3187,5994.9837,10782.4367,11.00000000000,39,025
39,071,01074048,39071,Highland,Highland County,06,H1,G4020,,,,A,1432479939.00000000000,12195011.00000000000,+39.1844883,-083.6036681,39071,2832.9415,2825.0370,2802.2325,2824.9793,2848.3145,2680.5970,2668.7446,2619.7321,2668.7252,2716.8187,2548.6447,2532.7554,2449.3957,2533.0932,2615.5276,2573.8555,2552.1795,2429.4230,2551.4237,2675.2717,2466.7679,2442.6264,2266.1607,2440.3436,2618.7944,2484.9147,2457.4549,2236.5541,2453.5931,2676.8397,2325.7556,2298.3240,2046.0839,2293.7012,2547.0604,2176.8823,2149.8008,1915.5003,2145.1841,2378.4259,2097.5248,2071.6430,1837.7896,2066.8290,2297.7668,1839.1289,1834.9178,1546.3900,1773.2823,2157.2485,1554.5459,1569.8229,1261.7888,1482.2006,1901.1673,1462.6949,1492.3946,1130.2635,1367.8207,1864.5277,1339.9632,1383.0940,979.9023,1217.2291,1783.3157,1244.9458,1283.3113,899.8221,1123.3573,1679.7679,1148.8964,1182.5026,817.7034,1018.8928,1581.2119,1031.9046,1065.6679,713.8893,892.2509,1474.8973,923.6237,959.5580,611.2546,771.7795,1388.1899,11.00000000000,39,071
39,099,01074062,39099,Mahoning,Mahoning County,06,H1,G4020,566,49660,,A,1066098928.00000000000,35386274.00000000000,+41.0108798,-080.7703956,39099,13987.3160,13948.2009,13835.5621,13947.9208,14063.2063,13244.9703,13186.5078,12944.3867,13186.4056,13423.9730,12352.5082,12275.5810,11871.5788,12277.2090,12676.7168,12914.6688,12807.0758,12191.0754,12803.2037,13424.2850,13605.2479,13470.3234,12497.0140,13457.6656,14442.5681,14428.4407,14266.2452,12982.0949,14243.2989,15542.0363,12913.0565,12758.8257,11356.8338,12732.7234,14141.5640,12430.7587,12276.0000,10937.9609,12249.6136,13581.6359,12217.6925,12064.3008,10699.7421,12035.7152,13383.7444,11092.3957,11065.5107,9324.1139,10693.4154,13010.7195,11700.8345,11813.7542,9493.6726,11153.7100,14309.4657,11171.9337,11396.6935,8629.2042,10444.6701,14240.8448,10507.9741,10844.1241,7680.8183,9542.8846,13984.5550,10152.7807,10463.5963,7334.6672,9158.5785,13698.6561,9783.8772,10068.0467,6959.9417,8674.2210,13465.2667,9207.3289,9506.6815,6366.4137,7958.8570,13159.8670,8654.3669,8989.3211,5724.3436,7229.4360,13007.2495,11.00000000000,39,099
39,127,01074076,39127,Perry,Perry County,06,H1,G4020,,,,A,1056641254.00000000000,11695036.00000000000,+39.7431874,-082.2379525,39127,2485.8894,2478.9636,2458.9582,2478.9126,2499.3807,2297.7238,2287.5051,2245.4628,2287.4926,2328.7550,2234.9653,2220.9761,2147.8653,2221.2788,2293.5854,2427.2146,2406.6900,2290.9310,2405.9830,2522.7994,2485.7763,2461.1370,2283.3066,2458.8248,2638.7688,2634.7814,2605.3433,2370.9430,2601.1873,2838.1878,2269.7323,2242.7389,1996.4009,2238.1771,2485.6808,2025.3603,2000.2938,1782.4178,1996.0251,2212.8830,2056.3873,2030.9035,1801.5364,2026.1612,2252.6887,1873.4259,1868.9186,1574.8361,1806.0823,2197.4250,1627.5960,1643.3362,1320.6357,1551.5318,1990.4642,1565.4535,1596.9947,1209.2389,1463.6057,1995.4866,1464.9456,1511.8699,1070.9080,1330.4760,1949.6307,1376.6529,1418.8674,994.6552,1241.9343,1857.4574,1287.2857,1324.7520,915.8702,1141.3842,1771.6603,1165.7878,1203.7728,806.2307,1007.8157,1666.2449,1058.9981,1100.0667,700.6093,884.7357,1591.6469,11.00000000000,39,127
39,121,01074073,39121,Noble,Noble County,06,H1,G4020,,,,A,1030846973.00000000000,16986236.00000000000,+39.7672316,-081.4526037,39121,952.8431,949.9784,942.2024,949.9684,957.9844,894.3103,889.9859,873.4440,890.0051,906.2889,833.4058,827.7335,800.3828,827.8991,855.0089,890.9902,882.5792,840.1256,882.3795,925.5178,848.6260,839.2628,778.5377,838.4373,900.2294,837.9850,827.4293,752.2253,825.8808,902.3308,715.1601,705.6300,627.2110,703.9604,783.0846,671.2915,661.9608,588.8363,660.3367,733.3850,729.7787,719.4921,636.9589,717.5524,799.2919,683.4813,680.6684,572.4435,657.4679,801.4023,573.1119,577.4556,462.9246,544.8257,700.6908,544.5576,554.3343,418.5525,507.6243,694.0040,510.2641,525.4452,371.0227,461.9670,678.9849,480.7981,494.4279,345.4618,432.3306,648.6202,453.7242,465.8732,320.9632,400.9583,624.3649,422.5945,435.3911,290.5343,364.1103,603.9405,389.5597,403.8029,256.1829,324.3952,585.4448,11.00000000000,39,121
39,065,01074045,39065,Hardin,Hardin County,06,H1,G4020,,,,A,1218342731.00000000000,629922.00000000000,+40.6604152,-083.6640773,39065,1796.0309,1790.9972,1776.5282,1790.9617,1805.7739,1844.5522,1836.3278,1802.5665,1836.3193,1869.4573,1690.0322,1679.3654,1624.0636,1679.6046,1734.3097,1734.7511,1720.0020,1637.2718,1719.5022,1803.0152,1492.3270,1477.5831,1370.8241,1476.1969,1584.2073,983.0881,972.2259,884.8334,970.6984,1059.0184,1004.9033,993.1322,884.2089,991.1532,1100.5332,1442.1643,1424.5468,1269.6133,1421.5545,1575.7039,1453.8094,1435.8720,1273.7878,1432.5357,1592.5988,1307.1106,1304.3600,1099.4906,1260.6115,1533.2643,1101.6850,1112.6583,894.4691,1050.5987,1347.3546,1080.9559,1103.0522,835.5422,1011.0282,1377.9349,1006.2047,1038.7274,736.0589,914.2105,1339.1387,930.7818,959.5837,672.9544,840.0265,1255.8863,868.9303,894.4503,618.6238,770.7371,1195.9062,853.8823,881.9137,590.8947,738.4378,1220.4572,810.9046,842.5311,536.7956,677.6868,1218.7798,11.00000000000,39,065
39,153,01074088,39153,Summit,Summit County,06,H1,G4020,184,10420,,A,1069012672.00000000000,18926101.00000000000,+41.1218513,-081.5349361,39153,35114.2883,35016.5038,34733.9424,35015.7813,35304.8637,32776.5616,32631.7278,32032.4836,32631.4855,33219.4828,31237.4292,31042.1879,30020.3979,31046.3865,32056.9032,35540.4598,35241.9307,33546.8411,35231.4410,36941.3371,39060.2921,38673.4377,35879.1021,38637.1168,41464.5522,38903.7162,38470.1110,35009.6715,38408.9495,41907.4123,33478.8430,33082.0371,29449.5739,33015.0557,36664.2670,32487.9591,32088.6862,28596.3280,32020.7872,35496.0961,32669.8318,32267.0897,28625.0708,32192.1877,35788.7293,30725.6461,30658.9484,25841.5453,29630.0908,36041.2401,31331.2983,31641.3124,25434.5859,29875.8520,38317.6689,30416.3342,31036.0350,23507.1981,28446.0991,38772.5922,29169.5352,30110.4144,21334.7739,26500.2178,38821.0098,28371.5739,29247.6731,20509.4731,25602.9001,38281.0663,27220.7367,28018.5283,19376.5352,24142.5513,37463.6875,25626.5907,26466.4004,17731.2514,22160.0497,36628.0817,24315.5497,25262.6260,16093.9376,20319.3650,36545.8997,11.00000000000,39,153
39,011,01074019,39011,Auglaize,Auglaize County,06,H1,G4020,338,47540,,A,1039585234.00000000000,1345187.00000000000,+40.5613090,-084.2240177,39011,2811.3944,2803.5507,2780.9200,2803.4935,2826.6506,2697.3567,2685.2928,2635.9036,2685.2831,2733.7656,2440.1179,2424.7831,2344.9495,2425.1206,2504.0844,2674.2514,2651.7132,2524.1692,2650.9291,2779.6127,2576.0431,2550.5252,2366.2376,2548.1297,2734.6021,3066.5864,3031.8172,2758.7246,3026.8840,3303.1810,2768.4057,2735.1202,2434.3773,2729.4740,3031.7577,2678.1903,2644.9845,2356.8276,2639.3275,2926.1533,2805.9752,2770.8493,2457.5520,2764.3055,3073.7889,2425.0684,2419.6700,2039.3418,2338.4341,2844.5772,2101.7266,2122.2128,1705.6281,2003.7059,2570.3272,2050.1083,2091.5700,1583.8843,1916.9250,2613.2958,1969.7807,2033.0204,1440.2017,1789.1531,2621.5059,1880.1014,1937.8801,1358.6230,1696.2759,2536.7497,1803.6677,1856.2704,1283.4501,1599.3752,2482.3530,1675.2666,1729.9343,1158.7194,1448.3597,2394.4420,1550.7296,1610.9284,1026.0358,1295.6251,2330.7104,11.00000000000,39,011
39,083,01074054,39083,Knox,Knox County,06,H1,G4020,198,34540,,A,1361024108.00000000000,10719185.00000000000,+40.4036198,-082.4223930,39083,3623.7191,3613.6034,3584.4310,3613.5299,3643.3827,3399.7639,3384.7359,3322.5763,3384.7111,3445.7047,3313.9589,3293.1803,3184.7662,3293.6332,3400.8593,3464.3946,3435.4695,3270.2286,3434.4351,3601.0604,3650.5276,3615.0294,3353.8847,3611.6599,3875.6597,2516.2301,2487.7708,2263.7279,2483.7362,2710.3839,2721.6843,2688.9205,2393.2220,2683.3607,2980.5874,3324.9770,3284.1228,2926.7060,3277.1756,3632.8450,3356.9099,3315.1011,2940.4852,3307.3167,3677.3331,3007.6062,3001.2160,2529.7711,2900.5380,3527.9612,2581.6540,2607.1029,2095.6056,2461.6072,3157.3051,2507.7403,2558.7444,1937.9467,2345.1885,3196.6791,2373.0741,2449.5417,1735.5488,2155.8163,3158.2584,2224.0091,2292.6267,1607.6084,2006.9019,3000.7955,2058.3059,2118.5912,1465.0937,1825.4970,2832.8271,2016.9324,2082.9937,1395.4692,1744.0547,2882.7986,1921.4716,1996.2847,1271.7322,1605.6504,2887.9409,11.00000000000,39,083
39,129,01074077,39129,Pickaway,Pickaway County,06,H1,G4020,198,18140,,A,1298414026.00000000000,13551313.00000000000,+39.6489470,-083.0528267,39129,3827.4162,3816.5684,3785.6723,3816.4980,3848.1616,3770.3817,3753.4066,3684.3122,3753.4005,3821.2423,3522.9297,3500.9151,3385.6793,3501.3880,3615.3516,3580.5346,3550.6008,3379.8222,3549.5344,3721.7568,3530.9060,3496.6824,3244.0965,3493.4273,3748.7341,3989.5664,3945.3666,3590.6452,3939.1450,4297.6721,4242.2038,4190.9732,3729.9501,4182.2703,4645.7289,4337.8479,4282.6702,3814.7021,4273.2224,4739.3905,4346.1411,4290.2418,3803.6160,4279.7975,4760.7733,3973.2757,3962.2275,3337.3281,3828.6088,4660.0718,3907.4144,3943.4789,3167.4670,3722.6450,4778.2820,3811.8656,3886.9159,2941.4184,3561.6615,4858.7806,3629.1253,3743.6229,2649.9782,3293.8091,4829.6864,3522.9831,3629.2912,2542.4406,3176.0339,4753.2528,3402.6686,3500.0175,2417.9593,3014.8705,4682.8754,3195.7961,3298.3215,2207.2972,2760.7334,4567.5964,2973.8918,3087.7545,1964.8443,2482.7251,4469.5923,11.00000000000,39,129
39,171,01074097,39171,Williams,Williams County,06,H1,G4020,,,,A,1090295507.00000000000,5507072.00000000000,+41.5649581,-084.5843225,39171,2149.5887,2143.5507,2126.2264,2143.5088,2161.2478,2091.6907,2082.2840,2043.9580,2082.2798,2119.9096,2016.5384,2003.8766,1937.9034,2004.1543,2069.4071,2070.8916,2053.2931,1954.5319,2052.6959,2152.3888,2033.2326,2013.1188,1867.6637,2011.2290,2158.3986,2253.3227,2228.3762,2028.0378,2224.8656,2427.3473,2056.5703,2032.2901,1809.2260,2028.1970,2252.2584,2085.5149,2059.6673,1835.2875,2055.2643,2278.6049,1999.8691,1975.2684,1752.3720,1970.6942,2190.7975,1840.8924,1836.8815,1548.2404,1775.2351,2159.3666,1646.3367,1662.3566,1336.0144,1569.5201,2013.3991,1615.1509,1647.7863,1247.7905,1510.1868,2058.8471,1534.6146,1583.8493,1121.9724,1393.8487,2042.3570,1474.6107,1519.8896,1065.5359,1330.3830,1989.6330,1425.8853,1467.4285,1014.5555,1264.3294,1962.4149,1319.4947,1362.5060,912.5625,1140.7167,1885.9374,1218.2276,1265.4739,805.9566,1017.7665,1830.9650,11.00000000000,39,171
39,133,01074079,39133,Portage,Portage County,06,H1,G4020,184,10420,,A,1262311075.00000000000,43207960.00000000000,+41.1686399,-081.1969318,39133,9910.6360,9883.0159,9803.2548,9882.8128,9964.4205,8943.6225,8903.8951,8740.2748,8903.8431,9064.4217,8245.6870,8193.6060,7923.7806,8194.7771,8461.6964,8948.5789,8872.0334,8445.2966,8869.4866,9300.4183,9110.5265,9018.5955,8366.8101,9010.0597,9670.1820,8390.8835,8294.3206,7546.2948,8280.5509,9037.8459,6137.3006,6059.0483,5388.8411,6045.5205,6720.6145,9315.4609,9198.9299,8195.7241,9179.0427,10177.8820,9061.7244,8947.8029,7935.5862,8926.5700,9926.5533,7997.3452,7977.8470,6722.2513,7709.5484,9380.3818,9578.4977,9670.7430,7771.3406,9130.3709,11713.9353,9237.8372,9423.5229,7135.0211,8636.2724,11775.4359,8802.6844,9084.1579,6434.1217,7994.0587,11715.0565,8724.0792,8991.0936,6302.4223,7869.7012,11770.9722,8622.9451,8873.3877,6134.0777,7644.9482,11867.5089,8509.6495,8786.3961,5884.1394,7355.8764,12162.6922,8615.7646,8949.4239,5699.1653,7197.4339,12949.2443,11.00000000000,39,133
39,001,01074014,39001,Adams,Adams County,06,H1,G4020,,,,A,1512208946.00000000000,6165954.00000000000,+38.8416807,-083.4741732,39001,1800.7977,1795.7291,1781.2106,1795.6945,1810.5635,1769.1319,1761.2405,1728.8580,1761.2325,1793.0176,1559.8329,1550.0140,1498.9777,1550.2316,1600.7139,1484.2579,1471.7675,1400.9775,1471.3311,1542.7473,1532.9074,1517.7042,1408.0411,1516.2780,1627.2478,1537.8472,1520.5242,1383.6343,1518.0717,1656.5288,1394.1820,1377.6558,1226.3853,1374.8660,1526.8345,1372.4094,1355.1764,1207.3201,1352.2332,1499.4626,1372.1324,1354.8714,1201.5910,1351.6541,1503.0840,1165.9593,1163.2158,980.2378,1124.1231,1367.6209,985.6697,995.2590,799.8749,939.6769,1205.4314,916.6708,935.1894,708.1711,857.0946,1168.4880,845.9484,873.0864,618.4774,768.3490,1125.8386,786.6350,810.7884,568.4116,709.6954,1061.3750,726.0386,747.1916,516.5956,643.7767,999.2312,656.0359,677.4233,453.7193,567.1533,937.6642,585.2405,607.9402,387.1886,488.9413,879.6016,11.00000000000,39,001
39,037,01074031,39037,Darke,Darke County,06,H1,G4020,212,24820,,A,1549072326.00000000000,4291078.00000000000,+40.1321763,-084.6204381,39037,3226.6251,3217.6159,3191.6391,3217.5505,3244.1337,2975.7374,2962.4878,2908.0318,2962.4729,3015.9208,2890.5096,2872.3724,2777.8089,2872.7692,2966.2985,2845.4987,2821.5867,2685.8722,2820.7477,2957.6513,2767.5583,2740.3886,2542.4040,2737.8242,2938.0669,3021.8400,2987.7570,2718.7472,2982.9296,3255.0345,2871.4778,2837.2710,2525.5797,2831.4868,3144.6715,2691.5323,2658.0276,2368.3164,2652.3153,2940.7230,2723.2822,2689.4024,2385.5304,2683.0949,2983.2291,2377.8585,2372.5873,1999.6808,2292.9381,2789.2058,1944.3506,1963.3359,1577.9698,1853.7111,2377.8679,1867.7528,1905.5585,1443.0549,1746.4562,2380.8491,1749.0304,1805.2117,1278.8497,1588.6816,2327.7203,1636.1719,1686.4799,1182.3960,1476.2292,2207.6272,1530.7397,1575.4049,1089.2795,1357.3886,2106.7291,1402.7026,1448.4953,970.2313,1212.7375,2004.8704,1260.3095,1309.2493,833.9068,1052.9992,1894.2168,11.00000000000,39,037
39,019,01074022,39019,Carroll,Carroll County,06,H1,G4020,,15940,,A,1022032078.00000000000,11192671.00000000000,+40.5798841,-081.0907870,39019,1663.8265,1659.1561,1645.7484,1659.1235,1672.8512,1694.0730,1686.5612,1655.5755,1686.5505,1716.9582,1474.2020,1464.8946,1416.6548,1465.1036,1512.8234,1427.1877,1415.0893,1347.0251,1414.6756,1483.3717,1465.1862,1450.6582,1345.8399,1449.2951,1555.3611,1557.7877,1540.2271,1401.5551,1537.7404,1678.0045,1412.9199,1396.1328,1242.7988,1393.2967,1547.3508,1302.1950,1286.0519,1145.9457,1283.3018,1422.7602,1271.5942,1255.5860,1113.5256,1252.6019,1392.9494,1017.8757,1015.7658,856.2552,981.7054,1193.9942,1002.8679,1012.8568,814.2384,956.3637,1226.5018,940.9976,960.2433,727.3773,880.1370,1199.5261,880.9285,909.4217,644.4506,800.4127,1172.4128,847.2662,873.5101,612.6181,764.6875,1143.2027,808.4745,832.2518,575.6405,717.1547,1112.7037,753.9650,778.7545,521.8185,652.0771,1077.6478,697.8650,725.1232,462.0387,583.2673,1048.8853,11.00000000000,39,019
39,079,01074052,39079,Jackson,Jackson County,06,H1,G4020,,,,A,1088582018.00000000000,3184785.00000000000,+39.0134773,-082.6141420,39079,2046.9059,2041.1704,2024.6809,2041.1299,2058.0100,2033.1965,2024.1351,1986.9232,2024.1254,2060.6497,1926.1265,1914.0004,1850.9791,1914.2694,1976.6069,1866.5683,1851.0590,1762.0261,1850.4966,1940.2499,1915.7424,1896.7966,1759.7466,1895.0162,2033.6795,1875.2979,1854.3622,1687.5377,1851.4073,2020.0767,1741.5034,1720.6585,1531.5456,1717.1281,1907.1794,1590.5639,1570.5764,1399.2038,1567.1622,1737.8124,1651.1901,1630.3926,1445.9148,1626.5155,1808.7709,1457.8198,1454.2909,1225.4311,1405.3893,1709.9370,1227.7409,1239.5943,996.1574,1170.3387,1501.4593,1146.9750,1170.0573,885.9362,1072.3189,1462.0480,1049.2021,1082.7742,766.9297,952.8499,1396.3331,959.0284,988.3930,692.8390,865.1228,1293.9711,874.9490,900.3634,622.4143,775.7174,1204.1671,779.5307,804.8740,539.0051,673.8285,1114.1689,687.2082,713.8013,454.5393,574.0550,1032.8528,11.00000000000,39,079
39,005,01074016,39005,Ashland,Ashland County,06,H1,G4020,,11740,,A,1095434931.00000000000,9969455.00000000000,+40.8432741,-082.2701212,39005,3294.2993,3285.1576,3258.6649,3285.0882,3312.1830,3096.8029,3083.0646,3026.4189,3083.0454,3138.6356,2987.7059,2968.8788,2871.1199,2969.2981,3065.9985,3339.3700,3310.9438,3151.6909,3309.9840,3470.7556,3245.6499,3213.4372,2981.2454,3210.4166,3445.3832,2571.4314,2542.2838,2313.2907,2538.1483,2769.8258,2661.4396,2629.3714,2340.1952,2623.9280,2914.6082,2995.5553,2958.6654,2636.5856,2952.3894,3272.9163,3051.8284,3014.1081,2673.8015,3007.0908,3343.1660,2821.1557,2814.5011,2371.7542,2719.9086,3309.0921,2386.7859,2410.2188,1937.2585,2275.6812,2918.9707,2320.6788,2367.7806,1793.2171,2170.1294,2958.2153,2195.5588,2266.2083,1605.5548,1994.4297,2921.9996,2066.5221,2130.1812,1493.5983,1864.6622,2788.2936,1947.6217,2004.5637,1386.1315,1727.2032,2680.4853,1870.2475,1931.4111,1293.8162,1617.0983,2673.1357,1758.6384,1827.0274,1163.8104,1469.4779,2643.1999,11.00000000000,39,005
39,163,01074093,39163,Vinton,Vinton County,06,H1,G4020,,,,A,1068008560.00000000000,6781295.00000000000,+39.2520144,-082.4859610,39163,870.4366,868.0076,861.0006,867.9899,875.1600,884.2358,880.2780,864.0858,880.2750,896.1704,787.7504,782.7756,756.9980,782.8874,808.3872,714.1357,708.1222,674.0624,707.9124,742.2747,777.2330,769.3892,713.7843,768.6609,824.9773,845.8068,836.1947,760.8597,834.8298,911.0564,697.9740,689.6523,613.8836,688.2447,764.3787,657.8975,649.7550,578.9822,648.3684,718.8105,622.4637,614.7400,545.3023,613.3025,681.8825,521.4813,520.0756,438.0949,502.5491,611.6321,504.1097,508.9153,408.9141,480.4634,616.4883,473.2132,482.6791,365.4149,442.3399,603.1975,430.6542,444.3828,314.7050,391.0411,573.1327,408.2225,420.6769,294.8379,368.1931,550.7910,383.6651,394.7707,272.8612,340.1031,528.0241,349.2040,360.5262,241.4021,301.8144,499.1087,318.6994,331.0093,210.7561,266.1954,478.9940,11.00000000000,39,163
39,063,01074044,39063,Hancock,Hancock County,06,H1,G4020,248,22300,,A,1376210257.00000000000,5959835.00000000000,+41.0004711,-083.6660335,39063,4600.2120,4587.2967,4550.2255,4587.2068,4625.1637,4643.9046,4623.2951,4538.3461,4623.2669,4706.6338,4477.1654,4449.0913,4302.6235,4449.7034,4594.5668,5386.7902,5340.7614,5083.8759,5339.2251,5598.6192,5801.6926,5744.3117,5329.2653,5738.9199,6158.8536,5112.0526,5052.6435,4596.5994,5044.1443,5506.0386,4275.8918,4222.4096,3756.2830,4213.2198,4682.4092,4653.6807,4593.8733,4091.2876,4583.6126,5084.4239,4924.6578,4860.8917,4309.1019,4848.9691,5394.4301,4676.9675,4663.9934,3928.4452,4506.7174,5485.4072,4164.1277,4201.7131,3374.0801,3966.1557,5092.0723,3997.8938,4075.7113,3083.3989,3734.3517,5095.7922,3789.7373,3908.4099,2765.7293,3438.4622,5043.3518,3547.2919,3653.3829,2558.3420,3196.7393,4785.9655,3228.5153,3319.8413,2292.3833,2859.2451,4443.1158,3025.0579,3121.1323,2087.6475,2612.0184,4323.5004,2867.6270,2976.5794,1893.1345,2392.9778,4309.8302,11.00000000000,39,063
39,035,01074030,39035,Cuyahoga,Cuyahoga County,06,H1,G4020,184,17460,,A,1184118946.00000000000,2041935958.00000000000,+41.7603920,-081.7242168,39035,75832.6670,75622.8936,75013.3955,75621.2695,76244.4316,69484.2178,69178.8577,67909.3585,69178.2268,70423.6610,67019.4706,66602.1832,64410.2511,66611.0060,68778.5374,76448.0168,75810.6821,72164.3062,75787.7920,79464.3950,81455.2539,80657.1885,74830.0942,80581.7747,86474.7441,84014.9360,83081.5493,75610.1682,82950.0381,90502.4761,71377.7153,70535.9807,62794.8140,70394.1389,78169.6047,67617.2942,66789.2283,59523.1912,66648.5120,73878.3110,66941.3247,66117.9580,58657.0649,65964.8660,73332.2534,62256.6238,62123.0581,52363.2473,60038.7471,73027.5176,69090.6006,69774.3359,56087.5750,65881.2346,84496.6968,66663.0120,68021.3208,51520.5762,62345.0303,84977.3037,63377.1992,65421.6042,46354.7036,57577.6975,84347.1519,61656.0132,63560.0408,44570.6074,55639.3936,83190.9531,59245.5881,60982.0798,42172.9741,52546.0940,81539.2476,55700.2485,57525.7241,38539.6787,48165.7561,79612.3667,53021.0679,55086.2993,35093.6646,44307.3337,79689.8623,11.00000000000,39,035
12,033,00295737,12033,Escambia,Escambia County,06,H1,G4020,,37860,,A,1700226567.00000000000,565247441.00000000000,+30.6116644,-087.3390400,12033,17208.0092,17160.5007,17022.2405,17160.1277,17301.4609,17213.6390,17137.9891,16823.4890,17137.8326,17446.3708,17600.9833,17491.7115,16916.1174,17493.9916,18063.1371,21830.1594,21647.9764,20606.7417,21641.4533,22691.3826,24317.8325,24081.5081,22341.9052,24059.0669,25817.6360,19924.0353,19704.1795,17933.1697,19673.2759,21462.9821,19337.2700,19108.3056,17010.3859,19069.6689,21177.1868,24715.2551,24404.2307,21740.9313,24351.0873,27003.2757,27353.9292,27008.3222,23951.2497,26943.8723,29964.3140,26090.2231,26025.5109,21928.4217,25149.9629,30601.9203,23761.4121,23986.8137,19272.3802,22645.4415,29058.2407,23861.8370,24338.2057,18424.4271,22303.8483,30416.1974,23492.3895,24240.5198,17165.9894,21330.5125,31264.5868,22895.7708,23593.4799,16535.0206,20649.6285,30891.8684,22013.5488,22649.8427,15654.3491,19512.9318,30296.3616,21370.4684,22062.5494,14771.8018,18469.3130,30544.2289,20611.6351,21407.0632,13629.2302,17215.1133,30978.5167,11.00000000000,12,033
28,057,00695752,28057,Itawamba,Itawamba County,06,H1,G4020,,46180,,A,1379911657.00000000000,19847169.00000000000,+34.2810747,-088.3631269,28057,1525.4101,1521.1401,1508.8538,1521.1097,1533.6857,1626.4442,1619.3507,1589.6629,1619.3322,1648.4496,1345.6217,1337.2589,1293.2523,1337.4343,1380.9491,1426.1159,1414.2811,1346.2566,1413.8504,1482.4204,1547.4841,1532.3152,1421.6121,1530.8822,1642.8393,1459.1315,1443.1049,1313.4463,1440.8558,1571.8575,996.7557,985.1534,877.1706,983.2071,1091.6187,1379.7261,1362.4254,1213.8025,1359.4714,1507.4581,1417.8708,1400.2367,1242.0314,1396.9538,1553.2122,1268.0460,1265.5685,1066.9747,1223.1726,1487.4870,1225.0276,1237.1241,994.4276,1168.0897,1498.1848,1135.1494,1158.2586,877.2658,1061.5965,1447.0059,1079.2646,1114.0621,789.3553,980.4820,1436.3651,1027.6188,1059.3411,742.8360,927.3246,1386.5398,959.7779,987.9024,683.1900,851.2377,1320.9344,883.8154,912.7782,611.5180,764.2597,1263.2372,849.7217,882.8182,562.4131,710.0730,1277.1188,11.00000000000,28,057
48,013,01383792,48013,Atascosa,Atascosa County,06,H1,G4020,,41700,,A,3158604888.00000000000,4995763.00000000000,+28.8942963,-098.5281872,48013,2803.0095,2795.1357,2772.5452,2795.0811,2818.2125,3039.8014,3026.3583,2970.7767,3026.3364,3080.8761,3190.9107,3170.6637,3066.2289,3171.1276,3274.4499,4014.0823,3979.5370,3788.1244,3978.4088,4171.7741,4806.8152,4758.1669,4414.2753,4753.6577,5102.0004,5370.3589,5308.9251,4830.3732,5300.1823,5784.5370,5401.9215,5336.9134,4750.0355,5325.8830,5915.7870,5369.6220,5301.9356,4723.2081,5290.3666,5866.7091,5778.8918,5705.7889,5059.8594,5692.1545,6330.3606,5775.5724,5761.5081,4854.7481,5567.7508,6774.3866,6166.0200,6224.9502,5001.8983,5876.9794,7540.6039,6327.6619,6454.4739,4886.6303,5915.1314,8065.8008,6433.1650,6638.5840,4701.6842,5841.8465,8561.5552,6616.4960,6818.7752,4779.4726,5968.2289,8927.2933,6724.3213,6919.4368,4783.1375,5961.4293,9254.4730,6699.1288,6916.8351,4631.9428,5790.6337,9574.9355,6591.6294,6846.7256,4359.9263,5506.2979,9907.0168,11.00000000000,48,013
28,139,00695790,28139,Tippah,Tippah County,06,H1,G4020,,,,A,1185734808.00000000000,5542365.00000000000,+34.7636183,-088.9188185,28139,1404.4084,1400.4723,1389.1582,1400.4445,1412.0269,1348.5819,1342.6017,1317.9352,1342.5932,1366.7997,1346.6491,1338.1783,1294.1184,1338.3655,1381.9464,1339.3416,1328.1105,1264.2303,1327.7139,1392.1458,1394.3264,1380.6340,1280.8871,1379.3419,1480.2279,1268.3697,1254.2101,1141.3775,1252.2117,1366.2919,1268.2152,1253.1813,1115.5777,1250.6434,1388.8822,1328.1309,1311.8484,1169.1140,1309.0808,1451.1080,1389.2382,1371.8794,1216.7952,1368.6463,1521.8367,1129.0067,1126.3978,949.2568,1088.5552,1324.2886,1097.0868,1107.9031,890.5410,1046.0744,1341.7130,1060.8839,1082.4591,819.8332,992.1153,1352.3350,985.9279,1017.6912,721.0479,895.6571,1312.1435,938.7243,967.6747,678.5290,847.0709,1266.5943,890.1276,916.1782,633.5539,789.4224,1225.0726,838.6202,866.0676,580.1863,725.1351,1198.6372,773.6205,803.7214,511.9870,646.4401,1162.7380,11.00000000000,28,139
28,097,00711757,28097,Montgomery,Montgomery County,06,H1,G4020,,,,A,1054074954.00000000000,2352272.00000000000,+33.5007144,-089.6396251,28097,585.7790,584.1610,579.4540,584.1483,588.9601,503.6625,501.4924,492.3125,501.4848,510.4846,470.3368,467.4125,452.0306,467.4740,482.6841,495.0844,490.9341,467.3209,490.7874,514.6041,463.6821,459.1454,425.9749,458.7163,492.2595,502.9280,497.2170,452.4244,496.4063,541.7276,350.9467,346.7339,308.6144,346.0197,384.3323,339.6384,335.3858,298.8058,334.6599,371.0818,349.6601,345.2344,306.1492,344.4089,383.0272,276.0840,275.4833,232.1956,266.2382,323.8467,241.5707,243.9655,196.1137,230.3545,295.4378,220.9951,225.5083,170.8143,206.6935,281.7102,203.2739,209.8448,148.7000,184.6900,270.5334,187.9400,193.7650,135.8967,169.6270,253.5848,173.6210,178.7339,123.6312,154.0184,238.9552,159.0432,164.2798,110.0868,137.5600,227.3221,150.0726,155.9424,99.3735,125.4387,225.5584,11.00000000000,28,097
28,063,00695755,28063,Jefferson,Jefferson County,06,H1,G4020,,,,A,1346620575.00000000000,18988093.00000000000,+31.7336333,-091.0438779,28063,382.3604,381.3075,378.2367,381.2991,384.4373,351.3188,349.7622,343.3370,349.7599,356.0651,364.7840,362.5163,350.5864,362.5639,374.3605,367.2813,364.2228,346.7043,364.1126,381.7752,363.0690,359.5311,333.5584,359.1957,385.4551,346.9483,343.1480,312.3238,342.6152,373.7550,307.9808,304.4502,271.1278,303.8612,337.2982,293.0449,289.4603,257.9739,288.8513,320.1796,282.9090,279.4111,247.8633,278.7604,309.9163,311.3964,310.8621,262.1523,300.4683,365.3029,258.2313,260.8797,209.7942,246.3525,315.8279,245.9855,251.0931,190.2772,230.1723,313.5765,239.2206,247.0322,175.1306,217.4490,318.3812,232.1951,239.4593,168.0136,209.6558,313.3036,225.0126,231.6992,160.3315,199.6842,309.6904,216.6264,223.8120,150.0388,187.4316,309.6301,205.5193,213.6027,136.1688,171.8392,308.8972,11.00000000000,28,063
28,123,00695782,28123,Scott,Scott County,06,H1,G4020,,,,A,1577781371.00000000000,3122208.00000000000,+32.4271272,-089.5332094,28123,1664.6003,1659.9509,1646.5488,1659.9172,1673.6326,1799.6102,1791.5788,1758.6362,1791.5710,1823.9063,1685.9866,1675.5201,1620.3845,1675.7385,1730.2564,1788.7798,1773.9365,1688.6131,1773.3962,1859.4033,1767.2022,1749.9222,1623.5018,1748.2874,1876.1245,1863.6524,1843.0105,1677.3119,1840.1053,2007.5798,1520.6356,1503.0400,1338.3851,1500.0945,1665.3692,1517.1217,1498.3620,1335.1739,1495.1678,1657.5889,1708.0959,1687.2485,1497.0218,1683.3756,1871.1885,1418.2921,1415.6417,1193.6136,1368.2509,1663.7633,1213.9357,1226.2130,985.9322,1157.8772,1484.6669,1171.6415,1195.8007,906.0053,1096.1106,1493.5606,1095.9155,1131.5836,802.1049,996.0276,1458.5549,1009.0301,1040.5159,729.9814,910.9794,1361.4887,924.7900,952.2236,658.8703,820.6308,1272.8077,815.0858,842.1253,564.5457,705.2397,1165.0251,723.2583,751.7414,479.2665,604.7768,1087.0655,11.00000000000,28,123
28,157,00695799,28157,Wilkinson,Wilkinson County,06,H1,G4020,,,,A,1756287189.00000000000,25019030.00000000000,+31.1602492,-091.3255665,28157,452.0871,450.8389,447.2065,450.8291,454.5422,369.7454,368.1203,361.3649,368.1170,374.7444,342.4760,340.3507,329.1511,340.3949,351.4689,350.5282,347.6514,330.9301,347.5434,364.3879,303.5346,300.5746,278.8608,300.2941,322.2484,323.1216,319.4504,290.6708,318.9291,348.0490,299.5324,295.7430,263.0566,295.0895,328.0046,302.4853,298.4807,265.7087,297.7898,330.4764,291.7120,287.8559,255.0986,287.1333,319.5293,243.5892,242.8002,204.4001,234.5820,285.6674,196.2867,197.9392,158.8371,186.8055,240.0083,183.2403,186.6944,141.1279,171.0193,233.5480,166.4353,171.5402,121.2806,150.8742,221.4813,150.5818,154.9870,108.4314,135.5759,203.1544,139.3067,143.1634,98.7668,123.2666,191.7085,126.9027,130.8587,87.4462,109.4822,181.3678,116.7321,121.1017,76.9468,97.3302,175.4356,11.00000000000,28,157
28,111,00695778,28111,Perry,Perry County,06,H1,G4020,,25620,,A,1676373773.00000000000,7640180.00000000000,+31.1693073,-088.9887554,28111,745.5169,743.4263,737.4197,743.4116,749.5610,739.9366,736.7077,723.2006,736.6994,749.9473,721.1695,716.6770,693.0900,716.7721,740.0968,696.3085,690.4801,657.2689,690.2732,723.7675,685.0336,678.3788,629.3742,677.7467,727.2847,780.4660,771.6414,702.1508,770.3904,840.6879,636.7586,629.2159,560.1309,627.9429,697.3450,581.4625,574.3271,511.8312,573.1141,635.3021,644.0968,636.1798,564.3972,634.7078,705.5898,523.9265,522.7459,440.5660,505.1918,614.5562,490.1331,494.9477,397.8259,467.3206,599.4191,465.5593,475.0125,359.7504,435.3621,593.4582,426.4047,440.1301,311.8262,387.3485,567.4889,401.8312,414.2143,290.4355,362.5860,542.1787,377.4054,388.4449,268.6106,334.7001,519.4183,346.5838,357.9234,239.7717,299.6780,495.3709,318.3118,330.6948,210.6570,265.9799,478.4168,11.00000000000,28,111
28,119,00695780,28119,Quitman,Quitman County,06,H1,G4020,,,,A,1048977108.00000000000,3676001.00000000000,+34.2526398,-090.2905254,28119,438.4437,437.2595,433.7503,437.2488,440.8285,447.1271,445.2329,437.1001,445.2240,453.1926,406.4625,403.9966,390.7154,404.0426,417.1674,395.8711,392.7147,373.8262,392.5863,411.5828,383.0174,379.4368,352.0395,379.0887,406.7334,354.7665,351.0186,319.5756,350.5001,382.2175,298.8769,295.4938,263.1903,294.9320,327.3325,265.4106,262.2843,233.8742,261.7573,289.9935,257.2585,254.1939,225.6124,253.6262,281.8312,212.2297,211.8397,178.6213,204.7498,248.9630,208.4819,210.5952,169.3328,198.8604,254.9781,191.2267,195.1603,147.8548,178.8871,243.7669,169.8743,175.3739,124.2817,154.3544,226.0833,154.9866,159.7757,112.0435,139.8661,209.1199,141.0237,145.1470,100.3677,125.0640,194.0890,126.4822,130.6083,87.4807,109.3491,180.7796,113.5805,117.9791,75.1313,94.8828,170.7083,11.00000000000,28,119
28,113,00711758,28113,Pike,Pike County,06,H1,G4020,,32620,,A,1059342907.00000000000,4348109.00000000000,+31.1775167,-090.3977249,28113,2121.0098,2115.1579,2098.1183,2115.1117,2132.5289,2116.9374,2107.7828,2069.1820,2107.7533,2145.6014,2113.4047,2100.5273,2031.4608,2100.7729,2169.0335,2220.4076,2202.1992,2096.2777,2201.5137,2308.2107,2008.2711,1988.9072,1845.2458,1987.0598,2132.2320,2322.9148,2297.5078,2091.1522,2293.9477,2502.4040,1901.2186,1878.8299,1672.6609,1875.0591,2082.1312,2080.7240,2055.2886,1831.7385,2050.9678,2273.3910,2177.4679,2150.9934,1908.5866,2146.0773,2385.3895,1833.5396,1830.6002,1543.9564,1769.4493,2150.9979,1443.4643,1458.3725,1172.8926,1377.1944,1765.4350,1400.7690,1429.9286,1083.6675,1310.8144,1785.6763,1318.8777,1362.0229,965.6692,1198.9443,1755.3150,1206.1250,1243.9582,872.9099,1089.1727,1627.4474,1121.8440,1155.2905,799.5552,995.7029,1544.0306,991.1686,1024.1779,686.7317,857.7535,1416.7141,901.8827,937.4818,597.7771,754.2397,1355.5451,11.00000000000,28,113
51,059,01480119,51059,Fairfax,Fairfax County,06,H1,G4020,548,47900,47894,A,1012604465.00000000000,39567297.00000000000,+38.8337425,-077.2761174,51059,80399.6482,80175.5544,79528.4790,80173.9072,80835.9731,82774.1748,82407.6313,80893.8926,82407.0713,83892.5093,83606.1484,83083.4980,80348.6855,83094.7456,85799.3945,92482.9658,91704.4565,87293.5947,91677.2773,96127.2422,82621.3535,81803.2378,75892.5857,81726.4170,87707.0181,88057.1011,87071.7271,79237.0005,86932.5425,94854.7124,89590.4116,88530.6709,78811.7441,88351.9043,98114.9482,94572.6909,93411.2256,83245.6763,93213.7412,103329.4478,100884.9336,99640.2246,88392.6636,99408.7114,110516.0151,97340.3140,97132.2329,81873.0444,93873.5220,114181.1509,95158.3208,96103.4121,77255.2109,90742.3081,116377.6514,93808.3101,95723.2446,72506.0112,87736.4697,119580.6411,91186.6274,94131.6606,66700.8828,82846.8110,121358.3506,89744.7339,92519.8208,64881.9907,80991.7432,121090.7021,89610.8613,92240.9180,63794.2080,79482.1743,123331.0273,87603.3521,90477.7261,60619.7236,75757.5527,125211.7061,84224.9556,87508.7290,55752.4927,70386.8486,126589.0244,11.00000000000,51,059
28,115,00695803,28115,Pontotoc,Pontotoc County,06,H1,G4020,,46180,,A,1289009028.00000000000,8630228.00000000000,+34.2270808,-089.0372387,28115,1948.5696,1943.1356,1927.4515,1943.0958,1959.1439,1912.5131,1904.1441,1869.2204,1904.1242,1938.3810,1841.4138,1829.9631,1769.7409,1830.2037,1889.7538,2174.0185,2155.8064,2052.1152,2155.1615,2259.7419,2238.6058,2216.4156,2056.2676,2214.3333,2376.3852,2340.0534,2313.5132,2105.1168,2309.7471,2520.5918,2138.7801,2113.4265,1881.3652,2109.1464,2342.2789,2239.0764,2211.6715,1971.0784,2207.0151,2446.4043,2355.3564,2326.1357,2063.3929,2320.6974,2580.1933,2193.9381,2189.4044,1845.6049,2115.9936,2573.5489,2025.7079,2045.6486,1644.2786,1931.4775,2477.3910,1988.2881,2028.7831,1536.6193,1859.4778,2534.5274,1941.3504,2004.0254,1420.0106,1763.7663,2583.7000,1879.2767,1937.3716,1358.6168,1695.9663,2535.6675,1821.5223,1875.0403,1296.8459,1615.7083,2506.9577,1760.4710,1818.2891,1218.3070,1522.4874,2516.2498,1681.0354,1746.6261,1112.8468,1404.9041,2526.5777,11.00000000000,28,115
28,121,00695781,28121,Rankin,Rankin County,06,H1,G4020,298,27140,,A,2008496804.00000000000,79255480.00000000000,+32.2620570,-089.9465517,28121,9453.6289,9427.3130,9351.2456,9427.1178,9504.9378,10309.5025,10264.0092,10075.5556,10263.9286,10448.8361,10550.8798,10485.2912,10140.2361,10486.6678,10827.8688,11808.2125,11710.3234,11147.0767,11706.7500,12274.4780,11212.8207,11105.0143,10302.9110,11094.7107,11905.1373,11394.2313,11269.2711,10256.8829,11251.7450,12274.5545,11902.6364,11764.1900,10474.8069,11740.9723,13035.4426,12415.6130,12265.2140,10932.5209,12239.7131,13565.3310,12925.1631,12768.1619,11329.4013,12739.0107,14159.3766,11899.8152,11877.0897,10013.8299,11479.3541,13959.2587,12285.8631,12411.0506,9979.9458,11719.6821,15026.0003,12269.4729,12523.1099,9488.8424,11479.3175,15640.6984,11946.3506,12335.3046,8743.8267,10857.6725,15899.4209,11798.3117,12166.1724,8534.9627,10651.4565,15919.4876,11691.4492,12037.5188,8328.3004,10373.6839,16091.1237,11436.5458,11814.5195,7918.6810,9893.5047,16346.4763,10982.6049,11413.2442,7274.2723,9181.1752,16506.8657,11.00000000000,28,121
28,085,00695766,28085,Lincoln,Lincoln County,06,H1,G4020,,15020,,A,1518030804.00000000000,5334341.00000000000,+31.5352155,-090.4535663,28085,2094.4873,2088.6766,2071.8338,2088.6326,2105.8578,2258.7976,2248.8463,2207.5647,2248.8275,2289.3301,2210.5858,2196.7811,2124.4741,2197.0768,2268.5843,2401.4676,2381.3243,2266.7859,2380.6136,2496.1429,2257.5014,2235.3504,2073.8542,2233.2591,2396.5930,2529.0274,2501.0660,2276.2358,2497.1329,2724.3555,2056.8415,2033.0869,1810.4069,2029.1131,2252.6162,1877.1512,1854.6349,1653.3401,1850.8251,2050.9934,2058.8453,2033.8701,1804.7210,2029.2336,2255.4468,1739.2146,1735.9201,1463.6173,1677.7955,2040.2185,1569.5347,1585.4762,1274.8610,1497.1401,1919.5822,1502.1757,1533.1939,1161.6762,1405.3912,1914.9173,1396.7983,1442.2552,1022.3157,1269.4814,1858.9997,1299.2504,1339.7559,939.8780,1172.9517,1753.0811,1212.8909,1248.8037,864.0112,1076.1975,1669.3216,1076.4646,1112.0749,745.4050,931.2680,1538.6141,960.7938,998.5098,636.4524,803.2509,1444.0766,11.00000000000,28,085
22,101,01629492,22101,St. Mary,St. Mary Parish,15,H1,G4020,,34020,,A,1438424557.00000000000,1460866962.00000000000,+29.6293488,-091.4638037,22101,3057.1391,3048.6295,3024.0309,3048.5664,3073.7316,2845.0315,2832.4545,2780.4367,2832.4338,2883.4759,2675.5986,2658.6979,2571.1436,2659.0781,2745.6897,2831.0805,2807.3713,2672.3408,2806.5309,2942.7169,2889.3945,2860.7549,2654.0500,2858.0674,3067.2290,2841.3382,2809.7256,2557.0224,2805.2692,3060.7298,2446.0172,2417.2003,2151.9431,2412.3460,2678.7692,2220.6522,2193.4446,1954.8060,2188.8207,2426.2726,2397.0791,2367.8907,2100.9957,2362.4697,2625.9655,2326.7814,2321.8281,1957.0954,2243.9380,2729.3426,2048.8664,2069.3402,1663.6111,1953.9412,2505.7629,2013.5190,2054.7301,1556.4725,1883.3285,2566.7142,1997.5137,2062.1217,1461.2967,1814.9424,2658.4569,1968.6482,2029.6087,1423.4054,1776.7512,2656.2637,1947.8756,2005.1217,1386.8316,1727.8049,2680.8585,1914.7316,1977.6204,1325.0684,1655.9003,2736.7355,1887.7044,1961.3506,1249.6470,1577.6149,2837.1984,11.00000000000,22,101
22,117,00559557,22117,Washington,Washington Parish,15,H1,G4020,406,14220,,A,1734061145.00000000000,16471724.00000000000,+30.8521435,-090.0462534,22117,2569.2893,2562.1588,2541.4965,2562.1049,2583.2371,2494.6339,2483.6446,2438.0533,2483.6237,2528.3544,2567.2592,2551.2995,2467.3399,2551.6345,2634.6564,2741.8919,2718.8936,2588.1186,2718.0821,2849.9883,2619.7007,2593.9061,2406.4975,2591.4758,2781.0494,2768.1022,2736.8605,2490.4275,2732.4346,2981.7098,2592.5723,2561.2978,2279.5760,2555.9870,2839.1859,2540.3817,2508.5846,2234.9880,2503.1574,2775.5680,2575.2144,2542.7022,2254.9191,2536.6397,2820.9700,2270.6635,2265.2511,1908.8523,2189.1031,2663.3752,2075.9778,2095.8622,1684.1175,1978.7182,2538.7804,1980.9056,2020.6150,1529.8015,1851.7738,2525.0397,1847.9468,1906.9259,1350.5252,1678.0533,2459.3310,1727.7678,1780.5273,1247.9587,1558.4070,2331.1815,1620.6166,1667.5577,1152.6294,1436.6476,2230.3973,1493.3203,1541.7525,1032.3461,1290.6832,2134.3671,1365.0520,1417.7768,902.7082,1140.1659,2051.6250,11.00000000000,22,117
22,111,00559528,22111,Union,Union Parish,15,H1,G4020,384,33740,,A,2271389460.00000000000,73594414.00000000000,+32.8293486,-092.3756501,22111,1328.4826,1324.8046,1314.1255,1324.7763,1335.6957,1244.2668,1238.7555,1216.0001,1238.7472,1261.0773,1273.7344,1265.7885,1224.1270,1265.9579,1307.1577,1331.6332,1320.5977,1257.0792,1320.1945,1384.2171,1280.0484,1267.6446,1176.0755,1266.4647,1359.0191,1209.4229,1196.2220,1088.7980,1194.3736,1302.8816,1160.5310,1146.8467,1020.9842,1144.5409,1270.9606,1224.3143,1209.1267,1077.3911,1206.5391,1337.6682,1233.7202,1218.4135,1080.7896,1215.5648,1351.4882,1089.1658,1086.6629,915.7841,1050.1591,1277.5599,1021.1100,1031.0828,828.7026,973.5120,1248.7797,994.9419,1015.0818,768.7093,930.3291,1268.2657,931.2003,961.1099,680.8685,845.8267,1239.3001,876.6335,903.5831,633.5000,790.9330,1182.8093,832.5592,856.8459,592.4407,738.2666,1145.8355,780.4172,805.8873,539.7914,674.7176,1115.4428,728.4156,756.6940,481.9568,608.5887,1094.7919,11.00000000000,22,111
22,057,00558065,22057,Lafourche,Lafourche Parish,15,H1,G4020,,26380,,A,2766662214.00000000000,1051775420.00000000000,+29.4919925,-090.3948490,22057,6410.7643,6392.8940,6341.2977,6392.7625,6445.5548,5647.8152,5622.6968,5519.3563,5622.6662,5724.0896,5913.5984,5876.5047,5683.0426,5877.3148,6068.6597,6987.7907,6928.7290,6595.4651,6926.6915,7262.9904,7662.7117,7587.1117,7038.9331,7579.9974,8134.5631,7105.9394,7026.2205,6393.8713,7014.9504,7654.4270,5781.7545,5712.6459,5084.8697,5700.9463,6331.8063,6137.5349,6061.3692,5400.9468,6048.3914,6705.7808,6734.6337,6650.9924,5899.6523,6635.4237,7377.4955,5881.3380,5868.3792,4946.1041,5671.3953,6898.7737,5655.7415,5711.2718,4590.5457,5392.4720,6916.8100,5614.4811,5728.4401,4338.3866,5250.2586,7156.8909,5384.7914,5558.0698,3937.7654,4891.5112,7166.4489,5143.3236,5301.7676,3717.3926,4640.9240,6939.7259,4819.8018,4960.7198,3430.2806,4274.3334,6633.4282,4526.0225,4674.0408,3131.0544,3913.4004,6469.0219,4325.3203,4493.5228,2862.3612,3614.1405,6500.8741,11.00000000000,22,057
22,045,00558576,22045,Iberia,Iberia Parish,15,H1,G4020,318,35340,,A,1486940445.00000000000,1182115443.00000000000,+29.6060126,-091.8427057,22045,4412.0355,4399.8289,4364.3668,4399.7345,4435.9923,3960.3294,3942.8845,3870.5071,3942.8513,4013.8625,4250.1878,4223.5953,4084.5641,4224.1697,4361.6702,4698.1903,4658.7822,4434.7012,4657.3917,4883.4115,4699.9721,4653.8198,4317.5946,4649.4646,4989.5286,4811.0606,4757.2206,4329.1630,4749.6155,5182.4517,4590.4218,4536.1544,4038.2019,4527.0019,5027.2044,4463.4973,4408.5159,3928.5916,4399.1617,4876.7755,4766.8582,4707.7616,4176.0504,4696.7637,5221.8968,4581.3102,4571.4724,3853.2648,4418.0910,5373.9113,4119.8847,4160.5802,3344.3793,3928.4147,5038.5407,4093.1598,4176.4604,3163.2264,3827.9057,5217.6592,4020.5627,4150.1457,2940.4885,3652.5107,5350.8578,3911.9866,4032.6770,2827.7390,3530.0912,5278.3373,3823.0568,3934.9779,2721.1459,3390.5768,5261.6330,3706.2886,3827.6145,2564.1768,3204.7676,5297.3883,3553.7561,3692.0429,2351.9226,2969.5478,5341.2333,11.00000000000,22,045
22,015,00558453,22015,Bossier,Bossier Parish,15,H1,G4020,508,43340,,A,2175737961.00000000000,70351401.00000000000,+32.6962022,-093.6179774,22015,7028.2100,7008.7385,6952.2344,7008.5893,7066.3685,7677.6937,7643.8833,7503.5736,7643.8183,7781.4782,8462.5409,8409.4502,8132.5983,8410.6106,8684.4336,10736.4792,10646.2121,10134.1437,10643.0494,11159.6191,11022.9934,10914.8729,10126.3150,10904.6626,11702.1797,11349.0704,11221.0816,10210.7745,11202.9547,12224.8789,11443.5452,11304.9733,10061.0483,11281.4121,12532.0302,12004.3329,11852.2845,10557.8304,11826.2715,13115.5789,13076.7961,12911.4017,11449.7816,12880.5546,14324.6931,12736.8845,12705.5546,10705.6220,12278.1861,14939.4964,12676.2338,12797.3872,10283.0132,12082.0217,15502.1327,12850.3438,13107.8381,9923.8003,12012.5202,16380.1867,12801.5535,13210.2181,9355.8466,11624.7389,17036.8932,12707.4839,13095.7640,9178.9742,11462.1676,17145.5267,12593.1492,12958.2797,8957.2608,11164.0711,17331.5354,12390.0143,12792.3698,8566.2451,10709.3903,17708.7878,12090.4714,12558.0924,7996.5447,10099.3937,18171.5902,11.00000000000,22,015
22,031,00558521,22031,De Soto,De Soto Parish,15,H1,G4020,508,43340,,A,2267739158.00000000000,49233952.00000000000,+32.0592476,-093.7407968,22031,1629.1867,1624.6697,1611.5699,1624.6353,1638.0316,1634.8242,1627.6365,1597.7661,1627.6219,1656.9266,1704.5978,1694.0959,1638.3671,1694.3074,1749.4012,1952.7280,1936.6190,1843.4711,1936.0227,2029.8848,1979.7724,1960.3947,1818.7672,1958.5624,2101.7840,2066.0658,2043.3026,1859.6733,2040.1048,2225.6605,1888.3358,1866.4292,1661.9155,1862.7588,2068.0605,1906.6879,1883.5710,1678.8894,1879.6508,2083.2511,2157.1953,2130.6670,1890.2429,2125.7346,2363.1446,2086.8472,2082.6135,1755.6584,2012.8047,2447.9475,2071.7993,2092.7590,1682.6816,1976.1334,2533.8516,2082.7131,2125.6264,1610.4609,1948.4086,2654.9534,2056.7052,2123.5382,1505.1303,1869.1133,2737.2613,2048.8072,2112.5687,1481.9137,1849.5021,2764.4494,2050.1158,2110.6910,1460.1915,1818.9054,2821.5977,2023.2671,2090.0444,1400.7522,1750.1700,2891.8886,1978.9859,2056.5002,1310.6218,1654.2784,2974.4124,11.00000000000,22,031
11,001,01702382,11001,District of Columbia,District of Columbia,00,H6,G4020,548,47900,47894,F,158114680.00000000000,18884970.00000000000,+38.9041485,-077.0170942,11001,38805.1066,38696.6553,38384.1931,38695.8727,39015.6566,44518.5509,44321.5916,43507.5494,44321.2793,45120.0756,55758.4337,55410.0985,53586.2454,55417.5724,57221.2777,79759.1809,79094.8215,75290.4841,79070.8999,82906.5757,86692.0405,85848.4995,79646.8719,85768.4568,92038.0801,69212.5039,68442.8992,62287.5203,68334.4314,74556.8201,65863.6262,65086.1853,57942.4700,64955.1364,72130.7437,79804.1877,78833.7773,70264.3091,78669.1108,87194.0474,90745.5728,89637.8438,79531.5557,89432.0513,99410.1306,97649.9800,97450.4717,82150.1267,94183.5740,114546.6333,99734.1594,100733.6023,80985.7515,95116.9570,121975.3066,101996.3672,104087.0295,78849.7190,95405.3477,130019.2791,102725.7231,106051.4812,75155.2411,93340.6533,136716.1987,103204.0120,106402.8831,74625.6437,93147.9719,139251.7056,103046.5891,106078.2876,73371.9320,91408.5386,141823.1458,103310.6284,106706.9277,71500.4261,89349.0881,147662.6191,102904.3228,106921.9089,68127.1328,86004.0105,154664.2166,11.00000000000,11,001
51,620,01498424,51620,Franklin,Franklin city,25,C7,G4020,,,,F,21252884.00000000000,369830.00000000000,+36.6840142,-076.9413956,51620,455.3344,454.0974,450.4492,454.0866,457.8100,411.4769,409.7113,402.2154,409.7046,417.0524,388.8749,386.4583,373.7408,386.5090,399.0844,443.5875,439.9797,418.8176,439.8407,461.1477,529.6960,524.4663,486.5726,523.9743,562.3110,473.3691,468.2136,426.1740,467.4923,509.9522,388.1863,383.6801,341.6358,382.9249,425.1321,396.3392,391.4025,348.7388,390.5607,433.0333,428.5596,423.1797,375.3158,422.1772,469.4612,363.7705,362.9473,305.8858,350.7584,426.6954,296.8638,299.7403,240.8858,282.9971,363.0497,281.1612,286.8319,217.1939,262.8762,358.3974,264.8253,273.3135,193.6027,240.5235,352.4446,243.0610,250.5194,175.6244,219.2816,327.9520,219.5421,225.9364,156.2064,194.6649,302.1508,193.5316,199.8411,133.8483,167.3114,276.6123,172.8856,179.5935,114.3830,144.4405,259.8429,11.00000000000,51,620
51,141,01497999,51141,Patrick,Patrick County,06,H1,G4020,,,,A,1251212174.00000000000,7165464.00000000000,+36.6673274,-080.2861409,51141,1287.6895,1284.0524,1273.6643,1284.0283,1294.6708,1247.4214,1241.9148,1219.1114,1241.9052,1264.2798,963.1594,957.1335,925.6269,957.2636,988.4233,917.4890,909.7280,865.9712,909.4610,953.6184,930.7742,921.7043,855.1199,920.8444,988.1636,977.3167,966.2938,879.2913,964.7326,1052.7359,869.4830,858.8985,764.3411,857.0956,952.1799,798.7041,788.4610,702.2222,786.7043,872.6332,825.4138,814.8665,722.5102,812.8972,904.1687,665.1910,663.3774,558.7880,641.0160,780.1806,657.8033,663.9529,533.3721,626.7959,804.4243,593.0880,604.8381,457.7830,554.2507,755.9863,531.7424,548.5861,388.3924,482.6962,707.6556,495.3462,510.3570,357.5874,446.6444,668.3330,449.2102,462.1200,319.3135,398.0879,618.2239,397.8885,410.7056,274.9094,343.7872,568.6864,356.2816,369.9708,235.4803,297.4973,535.4742,11.00000000000,51,141
51,181,01480174,51181,Surry,Surry County,06,H1,G4020,,47260,,A,722475771.00000000000,81216951.00000000000,+37.1197611,-076.8801717,51181,433.3789,432.1615,428.6687,432.1531,435.7295,358.2134,356.6055,350.0435,356.6046,363.0469,304.2488,302.3040,292.3435,302.3499,312.2061,321.6171,318.8925,303.5541,318.7991,334.2793,380.2702,376.4058,349.2001,376.0485,403.6121,386.7859,382.3009,347.8014,381.6597,416.5984,305.5055,301.8703,268.7118,301.2559,334.5720,265.6137,262.2576,233.6231,261.6837,290.2022,253.0332,249.7498,221.3921,249.1358,277.1696,212.0856,211.5882,178.3060,204.4776,248.7678,221.0721,223.2002,179.3612,210.7282,270.3580,208.2030,212.3866,160.8072,194.6432,265.3955,198.9280,205.2882,145.4007,180.6534,264.7434,191.3866,197.2428,138.2583,172.6415,258.2284,180.8143,186.0628,128.6201,160.3029,248.8492,168.8869,174.3748,116.7717,145.9829,241.3867,156.1503,162.1910,103.2790,130.4369,234.6890,11.00000000000,51,181
51,117,01500747,51117,Mecklenburg,Mecklenburg County,06,H1,G4020,,,,A,1619998831.00000000000,139194241.00000000000,+36.6872563,-078.3689592,51117,1653.5439,1648.9906,1635.7110,1648.9543,1662.5255,1525.3889,1518.9259,1491.1801,1518.8954,1546.0813,1265.3608,1257.7791,1216.4518,1257.9114,1298.7396,1255.8857,1246.0134,1186.0839,1245.5966,1305.8205,1158.5664,1148.0797,1065.2127,1147.0398,1230.5301,1170.9299,1158.9367,1055.3633,1157.2968,1261.6433,1179.0801,1166.2891,1039.2844,1164.1984,1291.4026,1118.3714,1105.6391,986.3194,1103.5088,1221.9829,1129.1631,1116.1515,991.1021,1113.7504,1237.0715,1033.7890,1032.5353,871.2421,998.1524,1212.8767,1024.0684,1035.1325,832.9648,977.6640,1252.5704,970.8333,991.4866,751.8359,909.0467,1237.6553,925.1809,955.8507,678.0998,841.5552,1231.3733,891.7512,920.0556,645.9617,805.7051,1203.2866,859.3686,885.2576,612.9541,763.0804,1182.7986,815.4023,842.7439,565.2809,705.8791,1165.4978,758.0015,788.0436,502.6293,634.0628,1139.2967,11.00000000000,51,117
51,053,01690739,51053,Dinwiddie,Dinwiddie County,06,H1,G4020,,40060,,A,1304619086.00000000000,9001586.00000000000,+37.0734984,-077.6354922,51053,1913.7558,1908.4511,1893.0638,1908.4106,1924.1459,1773.0941,1765.2844,1732.8804,1765.2696,1797.0618,1569.4825,1559.7331,1508.4062,1559.9371,1610.6897,1734.7402,1720.2064,1637.4670,1719.6919,1803.1415,1893.4798,1874.7467,1739.2894,1872.9868,2010.0415,1955.2957,1933.5343,1759.6303,1930.4663,2106.2702,1549.1274,1530.8735,1362.8764,1527.7984,1696.5351,1616.0599,1596.3419,1422.7479,1592.9937,1765.7030,1532.7119,1514.2146,1343.7113,1510.7827,1679.0839,1377.5936,1375.2790,1159.8299,1329.3094,1616.0837,1431.5169,1446.0722,1162.7828,1365.5080,1750.7855,1370.5359,1398.8493,1059.8989,1282.2498,1747.1093,1306.9687,1349.5084,956.5800,1187.8475,1739.4460,1268.5282,1308.0648,917.6344,1145.2019,1711.6265,1217.8806,1253.9186,867.5262,1080.5963,1676.1871,1137.8722,1175.4752,787.8586,984.3442,1626.3825,1085.7689,1128.3352,719.1395,907.6652,1631.9112,11.00000000000,51,053
51,069,01480124,51069,Frederick,Frederick County,06,H1,G4020,548,49020,,A,1070949703.00000000000,5207928.00000000000,+39.2036370,-078.2639164,51069,6029.3657,6012.5418,5964.0069,6012.4192,6062.0842,5467.6890,5443.4862,5343.5003,5443.4488,5541.5639,5341.0382,5307.3422,5132.5740,5308.0965,5480.9773,6226.7124,6174.0635,5877.0985,6172.2495,6471.9261,6504.5974,6439.7832,5974.4442,6433.7199,6904.7132,7232.6604,7151.5455,6507.9331,7140.0789,7790.9369,6761.1143,6680.8074,5947.0912,6667.2414,7404.3967,6818.1074,6733.3019,5999.4738,6718.8449,7449.3534,6991.1468,6903.1810,6122.1839,6886.7839,7658.3558,6592.7664,6577.0249,5542.2164,6355.9266,7732.9800,6456.2563,6518.8957,5238.9775,6154.7829,7895.6944,6392.7707,6521.7698,4938.4560,5977.1059,8148.9010,6261.4997,6462.2451,4577.6055,5686.9736,8333.1662,6163.5465,6352.6968,4453.5224,5560.5725,8316.2163,6055.2412,6231.5867,4308.3360,5369.0755,8333.6912,5783.3302,5971.8222,3999.7049,4999.7157,8266.0406,5484.4552,5697.1546,3628.4076,4581.9765,8242.9959,11.00000000000,51,069
51,023,01674418,51023,Botetourt,Botetourt County,06,H1,G4020,,40220,,A,1401706839.00000000000,12195597.00000000000,+37.5531930,-079.8053176,51023,2471.9494,2465.0722,2445.1840,2465.0211,2485.3663,2241.2841,2231.4153,2190.4565,2231.3962,2271.5813,1805.4880,1794.3502,1735.3202,1794.5759,1852.9352,2068.4681,2051.0117,1952.3606,2050.4068,2149.9474,2197.4493,2176.0521,2018.8545,2174.0226,2332.9493,2579.7435,2551.2451,2321.9192,2547.2377,2778.9956,2489.3851,2460.3502,2190.6191,2455.4763,2726.2976,2313.6795,2285.8152,2037.6097,2281.0962,2527.9418,2079.8119,2054.8413,1823.5949,2050.2110,2278.4470,1726.7274,1723.6742,1453.5007,1666.0183,2025.6230,1957.7835,1977.8118,1590.4688,1867.6606,2394.4441,1886.8085,1925.9183,1459.3854,1765.4303,2405.2508,1803.7929,1862.6376,1320.4390,1639.5578,2400.6817,1780.4406,1836.0663,1288.1759,1607.5168,2402.3624,1724.0338,1775.1889,1228.3160,1529.8711,2372.8245,1605.4622,1658.6645,1111.8762,1389.0285,2294.7283,1477.7452,1535.8370,979.0408,1235.5386,2221.0616,11.00000000000,51,023
51,027,01497431,51027,Buchanan,Buchanan County,06,H1,G4020,,,,A,1302149008.00000000000,2798065.00000000000,+37.2681198,-082.0381508,51027,1439.1237,1435.1172,1423.5372,1435.0875,1446.9344,1253.2499,1247.7215,1224.8136,1247.7116,1270.1882,1122.3311,1115.2267,1078.4974,1115.3879,1151.7236,1104.3024,1095.0460,1042.3758,1094.7188,1147.8424,1019.9794,1009.8285,936.8594,1008.8782,1082.7295,952.7054,941.7742,856.8609,940.2170,1026.1713,770.0754,760.8209,677.1680,759.2513,843.3313,672.8368,664.4434,592.0047,663.0117,735.1291,780.1154,770.0771,682.7255,768.2015,854.5397,733.2568,731.3799,616.1862,706.7592,860.0424,687.7373,694.1617,557.6349,655.3126,841.0297,632.4244,644.9219,488.0894,590.9710,806.1230,585.0074,603.4931,427.2205,530.9915,778.5378,547.1572,563.6775,394.8848,493.2844,738.2321,515.0502,529.7817,365.9913,456.3456,708.8304,484.4476,499.9826,334.5902,418.4885,692.3970,455.1128,472.5318,300.6812,379.9391,684.0086,11.00000000000,51,027
51,071,01494551,51071,Giles,Giles County,06,H1,G4020,,13980,,A,921469073.00000000000,12017000.00000000000,+37.3119298,-080.7171778,51071,1177.3548,1174.1394,1164.6977,1174.1123,1183.7537,1103.1625,1098.3054,1078.1455,1098.2960,1118.0750,935.9302,930.0907,899.4780,930.2153,960.4889,948.4148,940.4052,895.1729,940.1283,985.7703,989.0881,979.2695,908.5107,978.3489,1049.9541,1043.0037,1031.2459,938.3991,1029.5809,1123.4937,1003.2915,991.1489,882.0950,989.0846,1098.7232,977.1750,965.0692,859.9399,963.0072,1067.6484,878.5330,867.8211,769.9906,865.8314,962.4185,775.7068,774.1449,652.6213,748.1990,909.9351,746.8833,754.3646,606.4757,712.3022,913.4409,705.5806,720.0549,545.4794,660.0006,899.4362,662.0081,683.4639,484.3720,601.5558,881.0592,635.7019,655.4369,459.7224,573.7996,857.7463,606.3932,624.2720,431.8353,537.9560,834.5828,567.1158,585.8020,392.5713,490.5283,810.5856,526.3540,546.9481,348.5481,439.9634,791.1079,11.00000000000,51,071
51,570,01498420,51570,Colonial Heights,Colonial Heights city,25,C7,G4020,,40060,,F,19476234.00000000000,757309.00000000000,+37.2616846,-077.3968043,51570,1042.7230,1039.9112,1031.5677,1039.8856,1048.3952,1029.2622,1024.7718,1005.9838,1024.7602,1043.1875,1025.1053,1018.8196,985.3114,1018.9433,1052.0658,1176.6023,1166.9267,1110.7998,1166.5653,1223.1123,1270.0288,1257.7624,1166.9106,1256.5932,1348.4079,1361.2504,1346.4118,1225.5128,1344.3351,1466.4474,1315.0263,1299.8458,1157.4824,1297.3068,1440.1943,1331.0372,1314.9161,1172.0448,1312.1827,1454.2948,1428.6225,1411.2043,1252.1185,1407.9688,1565.0327,1479.6127,1476.6563,1244.8756,1427.1713,1735.6504,1444.9973,1459.4223,1173.2641,1378.0315,1767.2289,1458.4572,1488.2836,1127.3613,1364.1256,1859.1516,1452.1752,1499.1181,1062.3046,1319.4142,1932.6730,1452.4476,1497.3891,1050.1136,1310.8241,1959.7599,1448.5790,1491.1110,1031.2762,1284.8676,1993.6741,1417.7885,1464.3097,981.0838,1226.0762,2026.4490,1372.9617,1426.4821,908.8128,1147.3742,2063.5433,11.00000000000,51,570
51,650,01498554,51650,Hampton,Hampton city,25,C7,G4020,,47260,,F,133160054.00000000000,219853142.00000000000,+37.0480303,-076.2971486,51650,7197.4432,7177.7262,7119.9764,7177.5631,7236.5522,6473.8936,6445.8256,6327.7420,6445.7402,6561.5316,6770.6663,6729.1035,6507.7778,6729.9260,6948.7100,8400.0940,8330.4752,7929.7935,8327.9321,8731.7959,8955.5398,8867.9580,8227.3045,8859.6723,9507.5100,7333.9534,7251.0676,6598.0938,7239.3200,7899.8634,5757.4720,5686.6980,5060.0293,5674.6046,6304.9887,6664.3885,6580.2547,5861.8667,6565.8701,7281.3300,6827.7699,6741.3054,5978.0537,6725.1772,7479.3196,6308.0640,6291.9034,5300.9024,6080.0932,7398.7722,5921.7875,5977.7847,4802.7268,5643.4450,7241.8275,5641.1196,5753.5063,4355.2712,5272.5093,7190.5922,5215.1491,5380.9256,3810.2126,4734.8469,6940.4966,4775.8476,4921.0456,3448.4705,4306.8934,6443.7301,4311.8521,4436.1236,3065.6266,3821.5914,5934.1996,4011.5527,4141.1298,2772.2896,3466.5409,5733.5795,3826.8722,3974.2821,2529.9917,3195.9189,5751.6287,11.00000000000,51,650
51,147,01492359,51147,Prince Edward,Prince Edward County,06,H1,G4020,,,,A,906392425.00000000000,10040456.00000000000,+37.2248813,-078.4329574,51147,1093.4592,1090.4538,1081.6752,1090.4295,1099.3994,918.0099,914.0237,897.2761,914.0120,930.4354,896.5873,890.9063,861.5635,891.0357,920.0647,1017.4618,1008.9619,960.4324,1008.6585,1057.5962,1171.8506,1160.5782,1076.7504,1159.5011,1244.2009,404.9947,400.4578,364.4214,399.8167,436.2570,336.5883,332.5602,296.0099,331.8780,368.6093,905.2174,893.4877,795.6408,891.4721,988.9984,773.6163,763.5858,676.8926,761.7101,847.4114,777.4516,775.0660,652.6127,748.8679,911.7828,822.9150,830.3434,666.7872,783.7928,1006.2956,756.8620,771.5772,583.7047,706.9483,964.7088,694.1546,715.8714,506.5556,629.7873,923.7737,637.9634,657.0298,460.0821,574.9010,860.7317,556.4346,572.1538,395.0559,492.7645,765.7693,665.4788,686.7420,459.4854,574.7751,951.1305,791.6096,821.9534,523.0775,660.9108,1189.7469,11.00000000000,51,147
51,075,01674271,51075,Goochland,Goochland County,06,H1,G4020,,40060,,A,728861838.00000000000,21988018.00000000000,+37.7241655,-077.9142734,51075,1604.2162,1599.7122,1586.7843,1599.6808,1612.9175,1393.2219,1387.0149,1361.5169,1387.0081,1412.0345,1122.2260,1115.2036,1078.4935,1115.3554,1151.6615,1121.2287,1111.5541,1058.0891,1111.2407,1165.2596,1322.0949,1308.7592,1214.1740,1307.5207,1403.3139,1768.6046,1748.4529,1590.8966,1745.5888,1905.0280,1844.3957,1822.1700,1621.7671,1818.3972,2019.8430,1779.8913,1757.7281,1566.1381,1753.9492,1944.6788,1754.3383,1732.1231,1536.0131,1727.9794,1921.7487,1620.8130,1616.9596,1362.5681,1562.6071,1901.1354,1661.9190,1677.9767,1348.4600,1584.2326,2032.4371,1640.5039,1673.5396,1267.1808,1533.7511,2091.1514,1618.0516,1669.8667,1182.8090,1469.5113,2153.3913,1647.8707,1698.3900,1190.5939,1486.5956,2223.3988,1653.6092,1701.7204,1176.4701,1466.1670,2275.8211,1596.8339,1648.8343,1104.2796,1380.4151,2282.3313,1517.6660,1576.4850,1003.9875,1267.8824,2281.0107,11.00000000000,51,075
51,133,01480152,51133,Northumberland,Northumberland County,06,H1,G4020,,,,A,495452184.00000000000,244302267.00000000000,+37.8569736,-076.3796872,51133,632.6320,630.8846,625.8011,630.8709,636.0675,499.6542,497.4663,488.3415,497.4612,506.4119,530.8110,527.4613,510.0921,527.5364,544.7182,582.4218,577.4731,549.6972,577.3051,605.3427,644.4683,637.9748,591.8684,637.3714,684.0640,628.4399,621.3801,565.4508,620.3816,676.9446,568.1768,561.4516,499.8113,560.3169,622.2384,528.3033,521.8264,465.0496,520.7255,577.2210,528.7948,522.2654,463.3058,521.0508,579.2761,478.7807,477.6823,402.5681,461.6363,561.5964,443.8352,448.2785,360.3937,423.2823,542.8116,429.3599,438.1632,331.9272,401.6178,547.3243,406.9040,420.0853,297.7086,369.7387,541.5434,388.1227,400.1634,280.6654,350.3181,523.6894,367.1569,377.9706,261.4460,325.7051,505.3195,340.2339,351.4319,235.4959,294.2704,486.2997,313.6230,325.8808,207.6559,262.1321,471.3732,11.00000000000,51,133
51,167,01497573,51167,Russell,Russell County,06,H1,G4020,,,,A,1227192858.00000000000,7593794.00000000000,+36.9334198,-082.0959342,51167,1768.4705,1763.5372,1749.3022,1763.5012,1778.0673,1746.4724,1738.7708,1706.8486,1738.7568,1770.0776,1494.9152,1485.5437,1436.6390,1485.7478,1534.1166,1426.8658,1414.8345,1346.7828,1414.4166,1483.0784,1389.0789,1375.5640,1276.1945,1374.2815,1474.7401,1331.5595,1316.9599,1198.6515,1314.9124,1434.4374,1219.8196,1205.7419,1073.6884,1203.3875,1335.9259,1165.0618,1151.0941,1026.1659,1148.7309,1272.9580,1179.1531,1164.9334,1033.7708,1162.2954,1291.7621,990.8528,989.0049,833.8936,955.8973,1162.3458,984.1206,994.1221,799.3664,938.7356,1203.6064,909.2018,927.9885,703.1345,850.6384,1159.0180,833.8247,860.9754,610.3015,757.8412,1109.7391,789.3422,813.9597,571.0258,712.6225,1065.0617,737.3983,759.2372,525.2997,654.2996,1014.8938,677.3678,699.7707,469.0391,585.9963,968.1761,615.7396,639.9010,407.8633,514.7641,925.4583,11.00000000000,51,167
51,520,01498416,51520,Bristol,Bristol city,25,C7,G4020,304,28700,,F,33703512.00000000000,363160.00000000000,+36.6169541,-082.1575641,51520,1037.4465,1034.5516,1026.2003,1034.5305,1043.0762,1045.6789,1041.0645,1021.9498,1041.0563,1059.8113,1057.8029,1051.2614,1016.6737,1051.3955,1085.5923,1175.5671,1165.6783,1109.6107,1165.3323,1221.8945,1186.2709,1174.5058,1089.6408,1173.4021,1259.2781,918.3693,907.8061,825.9388,906.3000,989.1799,762.3811,752.9847,669.9843,751.3777,834.8783,873.8330,862.6922,768.4000,860.7838,954.7199,875.1474,864.1084,766.3186,862.0502,958.6649,718.2281,716.6192,603.9699,692.5573,842.4708,679.2877,685.8710,551.2004,647.5594,830.7354,646.7807,659.8311,499.6406,604.7252,824.4549,593.6125,612.6493,433.9826,539.1522,790.0143,548.4608,565.3075,396.3212,494.8247,740.0167,504.9940,519.7243,359.3469,447.7990,695.0137,480.1191,495.7950,332.0955,415.0999,686.2301,457.0081,474.7603,302.3983,381.8413,686.8732,11.00000000000,51,520
51,149,01480160,51149,Prince George,Prince George County,06,H1,G4020,,40060,,A,686749234.00000000000,43215046.00000000000,+37.1873255,-077.2209931,51149,2217.0907,2210.8079,2192.9112,2210.7672,2229.1080,2024.5468,2015.4192,1978.3118,2015.4168,2051.8533,2300.2901,2285.6146,2210.3135,2285.9583,2360.4677,3082.8119,3056.3287,2909.3216,3055.4590,3203.9494,3472.4775,3437.3259,3188.8961,3434.0682,3685.7163,4183.5056,4134.7498,3761.4655,4127.7682,4505.8886,4538.0436,4480.6241,3985.4046,4470.7214,4969.4087,4785.8175,4722.9782,4204.9337,4712.1531,5228.7134,5063.3409,4995.7493,4426.5676,4983.0715,5546.0959,4891.5156,4875.9486,4105.0599,4710.9857,5736.5562,5056.3738,5100.8929,4095.0815,4814.5790,6182.9667,5162.1740,5261.7825,3979.8315,4820.7857,6579.7009,5155.3566,5316.1631,3761.2732,4676.7113,6860.6516,5181.5091,5336.1860,3736.4556,4669.0906,6990.8066,5191.5404,5338.5717,3686.5238,4597.9678,7144.6653,5102.0058,5264.4337,3521.6780,4405.8706,7291.9617,4971.9823,5161.3598,3283.2187,4149.6003,7472.5489,11.00000000000,51,149
51,139,01500440,51139,Page,Page County,06,H1,G4020,,,,A,805112691.00000000000,8338367.00000000000,+38.6237508,-078.4904708,51139,1631.9600,1627.3477,1614.1807,1627.3171,1640.8075,1524.6280,1517.8298,1489.9240,1517.8228,1545.2133,1367.1915,1358.5890,1313.8565,1358.7793,1403.0258,1380.0366,1368.2459,1302.4346,1367.8522,1434.3058,1421.7457,1407.6399,1305.9292,1406.3169,1509.2414,1428.8691,1412.9782,1285.9009,1410.7384,1539.2000,1229.7986,1215.0383,1081.4610,1212.5362,1346.7894,1242.0684,1226.5948,1092.8904,1223.9562,1357.0622,1162.4436,1147.8742,1018.0670,1145.1596,1273.3898,1030.7503,1028.3703,866.6472,993.8216,1209.0374,964.1190,973.4266,782.2603,919.0415,1179.0641,900.8064,918.9318,695.7878,842.1697,1148.2568,836.4411,863.2023,611.4036,759.6237,1113.1794,792.5488,816.8145,572.5652,714.9426,1069.3481,738.1030,759.5407,525.0628,654.3894,1015.8297,668.5877,690.3218,462.2895,577.9261,955.6000,614.0552,637.8174,406.1537,512.9470,922.9060,11.00000000000,51,139
51,083,01496705,51083,Halifax,Halifax County,06,H1,G4020,,,,A,2118193284.00000000000,30547676.00000000000,+36.7664610,-078.9396142,51083,2106.6201,2100.7728,2083.8308,2100.7286,2118.0561,1884.2438,1875.9276,1841.4836,1875.9130,1909.7090,1665.9252,1655.6374,1601.1683,1655.8469,1709.6986,1756.6042,1742.1025,1658.3105,1741.5668,1826.0050,1688.1256,1671.5969,1550.8330,1670.0344,1792.1596,2039.3268,2016.6530,1835.2878,2013.4574,2196.7962,1818.3847,1796.7238,1599.3437,1793.0611,1991.3867,1667.3105,1647.0479,1468.0206,1643.6100,1821.7040,1642.2596,1621.7212,1438.3749,1617.8954,1799.0060,1445.7596,1442.4731,1215.6773,1394.0264,1695.8428,1348.3397,1361.5180,1094.2894,1285.5002,1648.9709,1270.4026,1296.1285,981.5527,1187.9137,1619.4003,1182.4087,1220.3953,864.5594,1074.0145,1573.6249,1110.9514,1145.1119,802.8430,1002.3533,1498.9664,1049.5707,1080.1931,746.8731,930.7068,1444.5048,948.7076,979.6718,656.1958,820.2169,1355.9788,857.9495,891.2549,567.6599,716.8116,1289.4781,11.00000000000,51,083
51,003,01675170,51003,Albemarle,Albemarle County,06,H1,G4020,,16820,,A,1866599905.00000000000,14035672.00000000000,+38.0241841,-078.5535056,51003,6575.8730,6557.6749,6504.8176,6557.5341,6611.5783,6405.9394,6377.5336,6260.3645,6377.4931,6492.4767,6906.4907,6863.5348,6637.6608,6864.4384,7087.7920,8235.5778,8166.9631,7774.1452,8164.4944,8560.5537,8147.5946,8068.3025,7485.4535,8060.7793,8650.0237,7419.2568,7337.8988,6678.6955,7326.4881,7992.4742,5656.6340,5589.3853,4975.4798,5578.0220,6194.8243,8866.4638,8759.8221,7808.7760,8741.7674,9687.5661,9382.3553,9268.3322,8223.8874,9247.1600,10278.2618,9101.4281,9083.6523,7658.2447,8779.3556,10676.4724,9213.5420,9307.0523,7483.6132,8788.4799,11268.3933,9325.3557,9517.7866,7211.3469,8724.3677,11887.5985,9224.6250,9524.5705,6751.0557,8383.4859,12277.0363,9171.6037,9457.1612,6634.0891,8279.5626,12375.2286,9143.3704,9413.6070,6512.4827,8112.2846,12584.1302,9107.0569,9407.6057,6304.9672,7877.7680,13016.8621,9254.3134,9616.6318,6128.5618,7735.6895,13909.2075,11.00000000000,51,003
51,031,01674917,51031,Campbell,Campbell County,06,H1,G4020,,31340,,A,1305008854.00000000000,8962147.00000000000,+37.2101510,-079.0954285,51031,3637.8967,3627.8401,3598.6043,3627.7618,3657.6511,3517.5793,3502.1230,3437.8569,3502.0909,3565.1384,3143.1438,3123.6871,3020.9100,3124.0879,3225.7061,3549.7344,3520.0395,3350.7309,3518.9836,3689.7301,4211.9405,4170.7524,3869.4426,4166.8558,4471.5436,4109.4712,4063.9931,3698.6382,4057.5941,4426.8515,3542.9777,3501.7157,3117.8734,3494.7930,3880.1668,3176.5257,3137.5958,2796.2260,3130.9793,3470.6540,3209.9064,3170.4487,2812.7127,3163.1128,3516.3611,2758.7101,2752.9501,2320.6011,2660.6278,3236.0274,2948.9914,2978.4078,2394.3914,2812.2977,3606.6069,2797.4681,2854.7242,2162.4735,2616.5886,3566.0458,2619.0642,2703.8177,1916.0687,2379.7363,3485.6718,2503.2667,2580.8548,1810.0800,2259.3496,3377.6220,2297.6862,2365.3353,1636.1009,2038.2491,3162.3122,2076.1260,2144.4739,1437.0396,1795.6759,2967.4284,1885.8082,1959.5469,1248.6887,1576.2346,2834.3587,11.00000000000,51,031
51,153,01480161,51153,Prince William,Prince William County,06,H1,G4020,548,47900,47894,A,871276091.00000000000,31269436.00000000000,+38.7023317,-077.4788873,51153,33008.9056,32916.4822,32650.6044,32915.8251,33187.9828,35277.2698,35120.1238,34474.5110,35119.9502,35753.6230,37314.9365,37080.0342,35859.1210,37085.2429,38292.9041,43455.6931,43087.4880,41015.0295,43074.8813,45166.5239,41527.0374,41112.9824,38142.1323,41074.2620,44081.3052,45745.6216,45231.5789,41160.2678,45158.8647,49276.3538,47103.1819,46539.3025,41424.2219,46443.7949,51584.2808,49683.8057,49065.9338,43718.6023,48960.6101,54283.7227,54153.3008,53476.0378,47430.2114,53349.8796,59321.9902,52362.5493,52239.3342,44021.8892,50483.7012,61419.0508,51772.1196,52273.8608,42009.8931,49353.9292,63314.7490,52588.1987,53648.9707,40624.0183,49168.3547,67034.4238,52230.0981,53904.3066,38183.4307,47437.3264,69510.8105,52350.4888,53956.8726,37825.9797,47228.8643,70634.3174,52941.0669,54482.8711,37667.8691,46941.9241,72861.5898,52317.0950,54022.4463,36182.4712,45228.6458,74776.1763,51064.9927,53045.7656,33784.2339,42662.5811,76749.4004,11.00000000000,51,153
51,175,01480171,51175,Southampton,Southampton County,06,H1,G4020,,,,A,1551777074.00000000000,8248296.00000000000,+36.7201725,-077.1038556,51175,1380.3682,1376.3487,1365.1509,1376.3283,1387.8348,1332.1582,1325.8232,1301.2374,1325.8444,1350.0319,1189.0582,1181.0160,1142.0033,1181.2464,1219.9088,1292.9714,1281.0886,1219.4670,1280.7768,1343.2828,1315.3575,1300.8439,1206.7209,1299.5645,1395.3415,1405.8514,1388.5233,1262.5652,1385.9977,1513.9123,1235.2076,1218.9496,1083.6643,1216.1117,1352.5482,1165.8338,1149.9715,1023.2809,1147.2211,1273.6918,1096.0415,1080.9085,957.2418,1078.0605,1200.4807,955.9112,952.3254,801.2416,919.9596,1120.9191,928.5674,936.1192,750.9400,883.3816,1135.3568,875.4205,891.6223,673.7062,816.6579,1115.7265,815.2212,839.9212,593.5263,738.6189,1084.8167,772.3331,794.6464,555.6583,695.0102,1041.9527,737.4974,757.6477,522.4088,652.2413,1014.8945,678.4550,699.3364,467.0354,584.9842,969.6208,620.9603,643.9413,408.8513,517.4280,933.2194,11.00000000000,51,175
51,127,01480150,51127,New Kent,New Kent County,06,H1,G4020,,40060,,A,543196546.00000000000,35592371.00000000000,+37.4989741,-076.9933392,51127,1547.2365,1542.9247,1530.4726,1542.8930,1555.6334,1528.8539,1522.1068,1494.1596,1522.0948,1549.5163,1445.2723,1436.2213,1388.9423,1436.4176,1483.1772,1684.9319,1670.7996,1590.4365,1670.3009,1751.3591,1983.6063,1963.7580,1821.8495,1961.9058,2105.5688,2300.1524,2274.2797,2069.5544,2270.6187,2477.6750,2282.9015,2255.5848,2007.6870,2250.9587,2500.0838,2352.0218,2322.4528,2069.0267,2317.4014,2569.7624,2495.9009,2464.4313,2185.5490,2458.5640,2734.0926,2411.1652,2405.3619,2026.8654,2324.4888,2828.1631,2506.5395,2530.6066,2033.5092,2389.1816,3065.3378,2517.6090,2568.1620,1944.4321,2353.5973,3209.1801,2506.5187,2586.6380,1832.0333,2276.2305,3335.7989,2523.9606,2601.1905,1823.3174,2276.7554,3405.4545,2524.7690,2598.0846,1796.0141,2238.3982,3474.7653,2457.0695,2536.9584,1698.9486,2123.9064,3511.8449,2372.1679,2463.9977,1569.0796,1981.6162,3565.2972,11.00000000000,51,127
51,111,01492239,51111,Lunenburg,Lunenburg County,06,H1,G4020,,,,A,1118054299.00000000000,1795027.00000000000,+36.9457567,-078.2423130,51111,687.9513,686.0053,680.4540,685.9925,691.6807,631.9483,629.1902,617.6541,629.1831,640.4978,616.1486,612.2698,592.1100,612.3559,632.2969,594.0678,588.9691,560.6401,588.8012,617.4144,630.3389,624.1277,579.0344,623.5428,669.1588,610.3469,603.4481,549.1058,602.4703,657.4429,554.4415,547.4677,486.9961,546.2673,607.1489,550.8541,543.7136,484.1682,542.4865,601.8374,552.9195,545.6275,483.5538,544.2614,605.6474,499.6450,498.1410,419.4674,481.3112,585.9828,434.4413,438.2711,351.8559,413.6724,531.2384,406.0096,413.8065,312.9518,379.1120,517.4948,377.2279,388.9269,275.1043,342.1197,502.0019,355.7340,366.2620,256.3670,320.4380,479.9422,330.7958,340.0481,234.6952,292.8268,455.2362,304.7186,314.2907,210.1049,262.9801,435.5052,283.5636,294.2357,187.0204,236.5035,426.1687,11.00000000000,51,111
51,065,01494061,51065,Fluvanna,Fluvanna County,06,H1,G4020,,16820,,A,740750095.00000000000,10731289.00000000000,+37.8306058,-078.2844452,51065,1736.7142,1731.9501,1718.0120,1731.9111,1746.1501,1438.1666,1431.8799,1405.6213,1431.8645,1457.6205,1356.2465,1347.7895,1303.4298,1347.9694,1391.8370,1361.6270,1350.3648,1285.4146,1349.9510,1415.4093,1265.0202,1252.5511,1162.0537,1251.3770,1342.9247,1645.3162,1627.6549,1481.6769,1625.1969,1772.5454,1749.3950,1729.8742,1541.0136,1726.6493,1915.9849,1688.6791,1669.4207,1489.2249,1666.1973,1845.1249,1640.5415,1621.9877,1440.6257,1618.5717,1797.3623,1316.2507,1315.0042,1109.9209,1271.3095,1544.3553,1321.0630,1336.0353,1075.7619,1262.0773,1615.9476,1345.3443,1374.6703,1043.1009,1260.6107,1715.1815,1329.3993,1374.1666,975.5609,1210.1119,1769.4313,1341.0151,1384.2588,972.5703,1212.4834,1809.5627,1374.7294,1416.7835,981.6604,1221.5089,1892.1708,1324.9027,1369.9653,919.6211,1147.7428,1893.7984,1239.3306,1289.0805,822.9231,1037.4659,1862.7863,11.00000000000,51,065
51,109,01494707,51109,Louisa,Louisa County,06,H1,G4020,,40060,,A,1285411656.00000000000,37739413.00000000000,+37.9716808,-077.9591779,51109,2452.4268,2445.5794,2425.8356,2445.5297,2465.7342,2222.1869,2212.3143,2171.6592,2212.3014,2252.2009,2201.8694,2188.0399,2116.0027,2188.3436,2259.5947,2375.8110,2355.8454,2242.5325,2355.1449,2469.4509,2324.1692,2301.1696,2134.9010,2299.0091,2467.2403,2599.5236,2570.3239,2338.9753,2566.1941,2800.1629,2316.8683,2289.0278,2037.3499,2284.3063,2537.2684,2440.9123,2410.4500,2147.6460,2405.2537,2666.8951,2557.9865,2526.1620,2240.7333,2520.2372,2802.1550,2312.5500,2307.3166,1944.5664,2229.8297,2712.5737,2144.8789,2165.8418,1740.7460,2044.9159,2623.1097,2111.6387,2154.3966,1631.5123,1974.5232,2691.7356,2030.4510,2095.6807,1484.6327,1844.3128,2702.2535,1960.7692,2021.0607,1416.9747,1769.0996,2645.5948,1904.1352,1959.6925,1354.9836,1688.4945,2620.6265,1799.0755,1857.7959,1244.3758,1555.4151,2571.4016,1701.7743,1767.8437,1125.9867,1421.8307,2557.7275,11.00000000000,51,109
51,107,01480141,51107,Loudoun,Loudoun County,06,H1,G4020,548,47900,47894,A,1335297272.00000000000,14445102.00000000000,+39.0811303,-077.6388572,51107,31680.8135,31591.7228,31336.3431,31591.1100,31852.6313,36604.9315,36441.2999,35771.0952,36441.1593,37099.0490,39190.8035,38943.9774,37661.6661,38949.4615,40217.8702,46068.7670,45678.1527,43481.0856,45664.8060,47882.3018,45562.9855,45109.9469,41850.3870,45067.5116,48366.3286,51821.9045,51240.4674,46628.8605,51158.2649,55821.8726,56125.5884,55459.5715,49369.3123,55347.1011,61465.6975,61683.8171,60923.9507,54291.5426,60794.6697,67395.1624,67464.7734,66628.3845,59103.1362,66472.7336,73904.8774,65016.6338,64873.1672,54677.4934,62695.5129,76264.0647,65405.9661,66049.5503,53089.9364,62363.1326,79989.8506,67163.5891,68528.2595,51900.7264,62808.3508,85614.9421,67504.1892,69677.8467,49366.5916,61322.1758,89839.3171,68519.1650,70631.3633,49525.4066,61828.0132,92450.8953,69784.4385,71826.1443,49668.4326,61888.5417,96043.4934,69482.5928,71756.2681,48069.6729,60079.4065,99311.2249,68002.5835,70648.2583,45004.1198,56822.9070,102206.6611,11.00000000000,51,107
51,155,01501465,51155,Pulaski,Pulaski County,06,H1,G4020,,13980,,A,828427584.00000000000,25216023.00000000000,+37.0633853,-080.7134439,51155,2509.2205,2502.1352,2481.8936,2502.0880,2522.8248,2407.3468,2396.5478,2352.4520,2396.5411,2439.8320,1806.4361,1795.0925,1735.9929,1795.3415,1853.7958,1848.6003,1832.7787,1744.6237,1832.2532,1921.2778,1980.2772,1960.2989,1818.6259,1958.4436,2101.9273,2231.3602,2205.3136,2006.1918,2201.5818,2403.2977,2039.0509,2013.7523,1791.6305,2009.4164,2232.9311,1819.0787,1795.4702,1598.8091,1791.4121,1987.4385,1781.7542,1758.7446,1559.1614,1754.4435,1951.7265,1660.2274,1655.4855,1394.2718,1599.6235,1947.1738,1548.2460,1562.5044,1254.9994,1474.9948,1893.3072,1412.2006,1439.9937,1089.7021,1319.4921,1800.0549,1308.8877,1350.2017,955.7793,1187.9759,1741.8861,1239.4298,1276.8784,894.5457,1117.4299,1672.2583,1156.0803,1189.2329,821.6544,1024.4217,1591.0458,1056.1939,1090.1712,729.6651,912.5248,1509.5732,957.3809,994.1348,632.7147,799.3809,1438.8958,11.00000000000,51,155
51,041,01480111,51041,Chesterfield,Chesterfield County,06,H1,G4020,,40060,,A,1096334108.00000000000,35372995.00000000000,+37.3784338,-077.5858474,51041,23641.8000,23576.2744,23386.1900,23575.7733,23770.1551,24142.4056,24036.1376,23594.9606,24035.9301,24468.7686,24332.2084,24181.0208,23385.2761,24184.1877,24971.0344,27001.9085,26776.2559,25488.3581,26768.2082,28066.9658,27138.1128,26872.9359,24931.5580,26847.8369,28810.9047,29840.8408,29510.0782,26856.7746,29463.5126,32145.3385,27557.9969,27235.0905,24247.9517,27180.7980,30180.4958,29214.7877,28857.8362,25719.1995,28797.2060,31919.9756,29752.0812,29389.8929,26077.3276,29322.6277,32592.9872,28352.8187,28294.7795,23852.2120,27346.2043,33258.7596,29513.9941,29810.5256,23967.1896,28148.6060,36095.8663,29386.0525,29989.3213,22718.9287,27488.2938,37459.8118,28695.9546,29626.0773,20996.1301,26075.6426,38191.1326,28590.1552,29477.4233,20675.1141,25805.7733,38576.3876,28455.9061,29294.1736,20263.2497,25243.4685,39163.9838,27667.7835,28578.4934,19150.6640,23930.1532,39545.8392,26807.6742,27855.4337,17749.8699,22406.3569,40291.7491,11.00000000000,51,041
51,099,01480137,51099,King George,King George County,06,H1,G4020,,,,A,465255721.00000000000,21034751.00000000000,+38.2771787,-077.1627015,51099,1821.9083,1816.8409,1802.1833,1816.8031,1831.7972,1821.2948,1813.2295,1779.9225,1813.2173,1845.9016,1868.2852,1856.5299,1795.4023,1856.7900,1917.2533,2066.6898,2049.4689,1950.8927,2048.8495,2148.2399,2186.0207,2164.2783,2007.8910,2162.2420,2320.5151,2420.5990,2393.2701,2177.7688,2389.3980,2607.3879,2599.9972,2568.8965,2286.5737,2563.6302,2847.3473,2562.1929,2530.6401,2255.1553,2525.2722,2799.4286,2756.2565,2722.0792,2414.6310,2715.7188,3019.3645,2486.6950,2481.5464,2091.8626,2398.3375,2916.9584,2414.1621,2438.2207,1960.1043,2302.2305,2952.5089,2449.1557,2499.2259,1893.1246,2290.7259,3122.0312,2432.8479,2511.4882,1779.6863,2210.4269,3237.8316,2430.3676,2505.5772,1757.1620,2193.4023,3279.2496,2436.7895,2508.3599,1734.8463,2161.4248,3353.7466,2393.5056,2472.0822,1656.3324,2069.9072,3421.0469,2302.3790,2392.1790,1524.1156,1924.1420,3460.4482,11.00000000000,51,099
51,159,01480164,51159,Richmond,Richmond County,06,H1,G4020,,,,A,495962821.00000000000,64400119.00000000000,+37.9428935,-076.7305609,51159,438.5407,437.3385,433.8194,437.3286,440.9235,347.9725,346.4435,340.0861,346.4404,352.6772,338.4693,336.4077,325.3466,336.4470,347.3789,360.6221,357.7687,340.5610,357.6503,374.9488,389.6684,385.9931,358.1195,385.6378,413.7748,417.6707,413.2121,376.1686,412.5929,449.9756,426.6926,421.6990,375.4526,420.8598,467.2986,448.6083,443.0177,394.7248,442.0643,490.1415,439.3387,433.8704,384.8454,432.8523,481.2748,391.3316,390.4840,329.1295,377.3806,459.0332,399.0352,402.8768,323.7477,380.3648,487.9962,401.8982,409.9827,310.4245,375.7344,512.2989,388.7272,401.1680,284.1500,353.0319,517.3387,378.7510,390.3566,273.6392,341.6757,511.0313,368.4562,379.1726,262.1339,326.6858,507.0968,349.0446,360.4104,241.3782,301.7378,498.8843,329.8185,342.6026,218.1889,275.5376,495.7084,11.00000000000,51,159
51,057,01480118,51057,Essex,Essex County,06,H1,G4020,,,,A,665944393.00000000000,74793611.00000000000,+37.9394802,-076.9418713,51057,781.8167,779.6499,773.3639,779.6333,786.0614,678.2345,675.2759,662.8956,675.2682,687.4107,636.6358,632.7372,611.9282,632.8135,653.3823,685.7817,680.2146,647.4978,679.9990,712.9362,753.8777,746.5769,692.6478,745.8821,800.3899,750.6358,742.3683,675.6543,741.2070,808.6199,508.5691,502.5214,447.3259,501.4994,556.9558,532.1843,525.7573,468.6502,524.6683,581.4671,514.3201,508.1990,451.0629,507.0651,563.4475,436.4622,435.6090,367.2526,421.0162,511.9938,412.5872,416.8496,335.2513,393.6466,504.6167,384.1270,392.1330,297.1866,359.4713,489.6797,346.0354,357.3718,253.3916,314.5888,460.5453,310.4375,320.1913,224.7011,280.3564,418.8806,272.6079,280.7550,194.3261,241.9805,375.2007,233.2813,241.0708,161.6651,201.9063,333.4391,219.3560,228.0285,145.4165,183.4635,329.6967,11.00000000000,51,057
51,035,01480108,51035,Carroll,Carroll County,06,H1,G4020,,,,A,1229441060.00000000000,7648352.00000000000,+36.7324256,-080.7280430,51035,2098.4096,2092.5184,2075.6081,2092.4773,2109.7915,2068.5426,2059.3879,2021.5620,2059.3736,2096.4914,1633.7863,1623.5393,1570.0905,1623.7630,1676.6266,1694.0770,1679.8701,1599.0707,1679.3686,1760.8661,1683.6035,1666.9599,1546.5169,1665.3955,1787.2539,1823.7333,1803.2475,1640.9413,1800.3500,1964.4947,1680.0562,1659.9361,1477.4874,1656.5278,1839.8852,1522.5274,1503.9984,1340.4939,1500.8537,1663.5125,1536.1684,1517.1712,1345.8652,1513.6369,1682.8149,1294.4443,1291.6915,1088.7841,1248.3600,1518.3993,1282.7943,1295.5592,1041.4920,1223.2944,1568.8482,1193.9454,1218.3468,922.8712,1116.7026,1521.9664,1120.3509,1156.5654,819.5632,1017.9236,1491.0540,1069.4145,1102.5147,773.2004,965.1527,1442.9416,1017.6721,1047.5744,724.5428,902.6879,1400.6203,942.1705,973.1190,652.0241,814.8129,1346.6492,867.2950,901.1424,574.1629,724.8397,1303.5353,11.00000000000,51,035
51,161,01480165,51161,Roanoke,Roanoke County,06,H1,G4020,,40220,,A,648838102.00000000000,1887387.00000000000,+37.3310768,-080.1901101,51161,6203.6319,6186.3287,6136.3944,6186.2023,6237.2967,6044.3644,6017.6389,5907.1228,6017.5950,6126.0392,5336.8944,5303.3167,5128.7017,5304.0597,5476.7768,6095.5040,6043.8715,5753.1684,6042.1020,6335.4909,6389.3814,6326.2466,5869.1586,6320.3106,6782.7600,7442.5605,7358.6156,6696.0643,7346.7260,8016.9002,7013.3786,6928.9733,6167.0192,6914.6515,7680.5359,6806.9587,6722.4376,5989.9397,6708.0343,7437.1806,6934.8826,6848.3196,6074.2426,6832.1984,7596.8063,6604.7964,6588.8609,5552.0310,6367.3194,7747.0508,6939.1546,7006.7891,5631.3719,6615.5205,8486.3065,6795.8450,6933.2812,5250.3645,6354.3537,8662.7388,6639.2806,6852.4342,4854.2979,6030.4626,8835.9649,6612.8021,6816.0371,4778.6498,5966.2566,8922.4052,6528.5039,6718.9223,4645.5731,5789.0774,8985.0549,6283.6481,6488.7227,4346.2094,5432.5891,8981.1579,6032.6506,6266.8664,3991.5394,5040.2795,9066.9353,11.00000000000,51,161
51,720,01498434,51720,Norton,Norton city,25,C7,G4020,,,,F,19375334.00000000000,89169.00000000000,+36.9315489,-082.6259960,51720,238.2340,237.5574,235.6336,237.5531,239.5251,214.6378,213.6892,209.7650,213.6876,217.5382,236.4999,234.9706,227.2247,235.0083,242.6755,273.2540,270.8859,257.8565,270.8102,283.9782,307.9866,304.7666,282.7309,304.4738,326.8322,314.2080,310.6103,282.6094,310.0981,338.4397,260.6647,257.3020,228.8062,256.7185,285.4348,284.0358,280.2724,249.4964,279.6230,310.3195,283.5946,279.8351,247.9796,279.1305,310.6366,263.7383,262.9076,221.3501,254.0152,309.3028,254.9979,257.2014,206.4460,242.7517,311.8063,246.5774,251.2843,190.0120,230.2064,314.2811,237.1070,244.4487,172.8970,215.0250,315.5328,225.9779,232.6659,162.8559,203.5566,304.8805,215.9959,222.0533,153.2744,191.2241,297.2515,198.2993,204.5524,136.7707,171.1675,283.4119,189.1260,196.2747,124.7903,157.7765,284.2400,11.00000000000,51,720
51,043,01690562,51043,Clarke,Clarke County,06,H1,G4020,548,47900,47894,A,456297605.00000000000,5658686.00000000000,+39.1159309,-077.9920039,51043,1094.8071,1091.7822,1082.9847,1091.7586,1100.7523,873.7291,869.9050,853.9498,869.8960,885.5466,806.0648,801.0132,774.6438,801.1231,827.2033,936.9457,929.1033,884.4148,928.8249,973.8944,987.9228,978.1665,907.4919,977.2489,1048.7505,1252.2003,1238.3187,1126.9781,1236.3643,1348.9025,1175.2191,1161.4955,1034.1447,1159.1909,1287.0618,1120.5198,1106.9737,986.7215,1104.6778,1224.2845,1150.3118,1136.1994,1008.0253,1133.5762,1260.1372,1037.5994,1035.3788,872.7214,1000.6420,1217.1137,1065.4516,1076.0701,865.0615,1016.0531,1303.0424,1062.3215,1084.0421,821.1477,993.6060,1354.1815,1049.0414,1082.9548,767.4053,953.1384,1396.1499,1045.0436,1077.3878,755.5770,943.1557,1410.0582,1038.4828,1068.9902,739.3479,921.1392,1429.2616,989.4068,1021.8983,684.6984,855.6532,1414.1638,937.4425,974.0171,620.5832,783.4526,1408.9656,11.00000000000,51,043
51,630,01498425,51630,Fredericksburg,Fredericksburg city,25,C7,G4020,548,47900,47894,F,27039905.00000000000,182486.00000000000,+38.2992718,-077.4866583,51630,1752.7297,1747.9041,1733.8285,1747.8655,1762.2501,2074.6340,2065.5175,2027.6136,2065.4986,2102.6838,2499.5234,2484.1263,2402.4092,2484.4361,2565.2218,3100.1013,3074.6081,2926.7253,3073.6559,3222.6454,3378.6812,3346.1768,3104.4842,3343.0712,3587.2791,2258.3440,2233.1814,2032.3087,2229.6325,2432.7097,2152.7247,2126.8808,1893.0525,2122.4993,2357.5129,3756.4047,3711.9760,3309.7213,3704.4805,4104.3201,4110.1412,4061.5650,3605.2782,4052.5742,4502.7792,4358.9255,4351.4000,3669.5232,4205.8972,5113.4977,4540.2195,4587.4857,3689.8295,4332.2459,5552.9955,4722.2529,4820.8151,3653.6995,4419.3260,6019.8783,4791.9560,4948.8304,3508.8155,4356.3358,6377.6990,4896.4258,5049.8638,3543.4339,4421.4505,6606.8272,4983.0614,5131.2572,3550.8583,4422.2943,6858.3210,5171.6100,5343.0774,3581.7993,4474.5328,7391.9209,5320.5855,5529.5901,3524.7387,4448.3380,7996.8682,11.00000000000,51,630
51,125,01500936,51125,Nelson,Nelson County,06,H1,G4020,,16820,,A,1219510167.00000000000,8934492.00000000000,+37.7900160,-078.8793935,51125,859.5581,857.1913,850.2882,857.1723,864.2269,772.2990,768.8995,754.7865,768.8929,782.7391,778.4144,773.6280,748.1810,773.7236,798.8794,843.3637,836.3393,796.1127,836.0863,876.6441,781.9458,774.4586,718.5230,773.7412,830.2461,789.6407,781.0856,710.9827,779.8909,850.6792,758.4770,749.6891,667.5520,748.2174,830.6673,754.2493,744.9430,663.8308,743.3591,824.0849,774.5063,764.8629,678.4340,763.0674,848.4346,638.0010,636.5293,536.4291,615.1451,748.3553,670.4511,676.8790,543.9078,639.0481,819.9173,653.0332,666.1447,504.3568,610.4893,832.4171,606.8410,626.2483,443.5618,551.0996,807.6149,578.8897,596.6247,418.2293,522.2189,781.0690,553.9089,570.0287,394.0888,491.1265,762.3313,519.4600,536.3974,359.2668,449.0844,742.4581,484.1873,502.9872,320.3680,404.5403,727.7225,11.00000000000,51,125
51,067,01494434,51067,Franklin,Franklin County,06,H1,G4020,,40220,,A,1788195297.00000000000,54706602.00000000000,+36.9923498,-079.8839586,51067,3744.7372,3734.3403,3704.2226,3734.2617,3765.0655,3435.7883,3420.6723,3357.8907,3420.6424,3482.2362,2870.7411,2853.0022,2759.1383,2853.3643,2946.1658,3146.9895,3121.0004,2970.8860,3120.0414,3271.3165,3250.8633,3219.7084,2987.1612,3216.7250,3451.6488,2930.4412,2898.7363,2638.6012,2894.3110,3156.9743,2478.9050,2450.7445,2182.7371,2446.0616,2714.9068,2888.9875,2854.7657,2545.3518,2848.9905,3156.5604,3067.3367,3030.9145,2690.2388,3024.1695,3360.3358,2341.9502,2338.1406,1971.9708,2260.0205,2747.4211,2335.7987,2360.4637,1898.9098,2229.2391,2856.8962,2245.2775,2292.5951,1738.0107,2101.8177,2862.3111,2098.4365,2167.6804,1537.4759,1908.3613,2792.8946,1979.8646,2042.5259,1433.8521,1788.5960,2671.5189,1837.7800,1893.1204,1310.7750,1631.8352,2529.4410,1709.5807,1766.9885,1185.3210,1480.0576,2443.6004,1596.6490,1660.0826,1059.0077,1335.7732,2399.8161,11.00000000000,51,067
51,685,01498431,51685,Manassas Park,Manassas Park city,25,C7,G4020,548,47900,47894,F,6562394.00000000000,2623.00000000000,+38.7689910,-077.4486805,51685,1272.1446,1268.5469,1258.2818,1268.5232,1279.0411,1415.1745,1408.8191,1382.8934,1408.8156,1434.2691,1533.3358,1523.5673,1473.3754,1523.7947,1573.4570,1736.5989,1721.8955,1639.0743,1721.3909,1804.9750,1555.7866,1540.1774,1428.8747,1538.7231,1651.4169,1570.9840,1553.2345,1413.3658,1550.7191,1692.2074,1630.3709,1610.9529,1433.9837,1607.6696,1785.4855,1809.5664,1787.1650,1592.4977,1783.3499,1977.1090,2028.2876,2003.0727,1776.7675,1998.3788,2221.8969,1842.4241,1837.9974,1548.7862,1776.2024,2161.0633,2105.3827,2126.0367,1708.8267,2007.3571,2574.8199,2172.3448,2216.4221,1678.5735,2031.4010,2769.1293,2154.1745,2223.4810,1575.2722,1956.8223,2866.9216,2209.5640,2277.6212,1596.9688,1993.7210,2981.2949,2304.2763,2371.6478,1639.9679,2043.4967,3171.3445,2361.9863,2439.2662,1634.0572,2042.3210,3375.9780,2379.2110,2471.7920,1574.5916,1988.0871,3575.9124,11.00000000000,51,685
51,195,01496656,51195,Wise,Wise County,06,H1,G4020,,,,A,1044253435.00000000000,5284512.00000000000,+36.9745607,-082.6215601,51195,2361.5365,2354.9388,2335.9246,2354.8910,2374.3502,2259.0512,2249.0844,2207.7909,2249.0667,2289.5828,1927.1726,1915.1733,1852.1435,1915.4270,1977.7553,1867.2427,1851.6296,1762.5690,1851.0737,1940.8881,1970.0604,1950.9034,1809.9727,1949.0849,2091.5562,1614.8623,1596.9706,1453.3890,1594.4522,1739.5745,1395.4562,1378.3178,1226.4422,1375.3902,1528.1613,1553.6108,1534.0152,1366.5595,1530.6655,1697.4341,1560.8356,1540.9196,1366.3022,1537.2015,1709.7623,1349.8731,1346.4289,1134.3743,1301.1066,1583.2789,1176.1710,1187.0780,953.5291,1120.6178,1438.3192,1075.2600,1096.4222,829.7079,1004.6715,1370.5752,975.2089,1005.9243,712.0060,885.0383,1297.8159,891.8610,918.6707,643.4543,803.8983,1203.3007,798.9839,821.6800,567.4789,707.7184,1099.5775,724.6151,747.6924,500.1830,625.7566,1035.6454,669.2736,694.7426,441.9101,558.5455,1005.8709,11.00000000000,51,195
48,211,01383891,48211,Hemphill,Hemphill County,06,H1,G4020,,,,A,2347270276.00000000000,15205614.00000000000,+35.8162369,-100.2848066,48211,230.2590,229.6083,227.7506,229.6040,231.5073,289.0331,287.7695,282.4921,287.7664,292.9428,295.0293,293.2409,283.6011,293.2742,302.8003,351.5684,348.6394,331.8704,348.5340,365.4414,369.4379,365.8833,339.4557,365.5437,392.2465,423.6913,419.1286,381.5292,418.4928,456.4503,461.4850,456.2268,406.3210,455.3515,505.4184,560.8335,554.2427,494.2236,553.1323,612.7800,703.4629,695.0604,616.8847,693.5033,770.6533,691.4261,690.0105,581.6717,666.8781,811.0648,683.5639,690.5766,555.3498,652.1221,836.0280,732.2578,747.4249,566.3581,685.1376,933.4605,756.3566,780.9954,553.6182,687.4457,1006.6377,792.3473,817.0480,573.1815,715.3221,1069.1156,830.5956,855.1614,591.6324,736.9522,1143.1601,850.3849,878.4584,588.7520,735.6099,1215.4694,857.3515,890.9279,567.7890,716.6732,1288.5975,11.00000000000,48,211
48,205,01383888,48205,Hartley,Hartley County,06,H1,G4020,,,,A,3786647934.00000000000,3024145.00000000000,+35.8402444,-102.6100473,48205,292.7505,291.9080,289.5382,291.9032,294.3354,296.9498,295.6076,290.1632,295.6075,300.9540,229.1004,227.6528,220.1558,227.6854,235.1018,231.2360,229.2170,218.1917,229.1540,240.3015,217.8725,215.7051,200.1185,215.5021,231.2767,359.8670,355.6365,323.5065,355.0290,387.5879,414.6598,409.5178,364.3495,408.6367,454.0874,385.4622,380.4368,338.7440,379.5722,421.1363,402.1565,396.8754,351.7478,395.8865,440.5100,379.3419,378.2175,318.5007,365.4441,444.8957,365.5408,368.8843,296.2652,348.2175,447.0060,371.0330,378.3167,286.2694,346.6521,472.9332,369.9046,381.5649,270.0862,335.7143,492.2728,376.6013,387.9675,271.7864,339.5156,508.1153,383.6237,394.6138,272.6315,339.9213,527.9580,381.3755,393.6393,263.4622,329.4926,545.0835,369.5328,383.7176,244.2143,308.5455,555.3893,11.00000000000,48,205
48,503,01384037,48503,Young,Young County,06,H1,G4020,,,,A,2368460066.00000000000,42451698.00000000000,+33.1587871,-098.6782671,48503,961.0813,958.3673,950.6143,958.3492,966.2920,981.5851,977.2444,959.2967,977.2373,994.8487,907.4383,901.7337,872.0446,901.8595,931.2253,1135.4377,1125.8460,1071.6941,1125.5145,1180.1578,1059.7746,1049.5582,973.7474,1048.5833,1125.1907,1091.1626,1079.0861,982.0750,1077.3868,1175.4344,1079.6639,1066.9027,949.7867,1064.7507,1182.3952,1059.8763,1047.2048,933.5870,1045.0622,1158.0333,1104.2600,1090.6448,967.5402,1088.1126,1209.6804,998.1839,996.2576,839.9471,962.8899,1170.9299,881.4432,890.4363,716.0265,840.8373,1078.0349,878.8985,897.0798,679.7358,822.3132,1120.3908,872.2483,900.6538,638.4310,792.7679,1160.8775,844.9487,871.3063,611.2627,762.8318,1140.0922,815.8055,839.9742,581.1679,723.8807,1122.8075,784.2144,810.1568,543.0345,678.4373,1120.8945,747.3141,776.6413,495.0230,624.7652,1123.2153,11.00000000000,48,503
48,051,01383811,48051,Burleson,Burleson County,06,H1,G4020,,17780,,A,1706870641.00000000000,46064657.00000000000,+30.4934867,-096.6220912,48051,1170.9105,1167.6356,1158.2061,1167.6121,1177.2633,1042.1085,1037.4684,1018.3977,1037.4631,1056.1808,1000.7069,994.4829,961.7552,994.6139,1026.9763,1132.4844,1123.0247,1069.0089,1122.6868,1177.1566,1187.5783,1175.9526,1090.9965,1174.8534,1260.7664,1319.4846,1304.9170,1187.6264,1302.8689,1421.4004,1230.1204,1215.6696,1082.3021,1213.2377,1347.1779,1198.1198,1183.2029,1054.2374,1180.6595,1309.0454,1258.4370,1242.5340,1101.8883,1239.5683,1378.5293,1173.8801,1171.1694,986.9894,1131.8232,1376.9241,1108.0571,1118.8033,899.1336,1056.3111,1355.1005,1102.5354,1124.7840,851.7168,1030.8482,1405.4081,1072.8048,1107.2014,784.3009,974.3719,1427.7509,1050.8168,1083.0728,759.2902,948.0265,1417.8240,1024.3710,1054.2167,728.8685,908.3084,1409.8196,967.2007,998.7416,668.9394,836.1716,1382.4090,908.7470,944.0102,601.2448,759.2354,1365.8247,11.00000000000,48,051
48,199,01383885,48199,Hardin,Hardin County,06,H1,G4020,,13140,,A,2306558884.00000000000,18091499.00000000000,+30.3296124,-094.3931493,48199,3416.1472,3406.5589,3379.0308,3406.4920,3434.6769,3360.0967,3345.2483,3283.8162,3345.2235,3405.5025,3486.6233,3464.7854,3350.7274,3465.2593,3578.0646,3898.6391,3865.6773,3679.7427,3864.5412,4052.1726,4043.5507,4003.1498,3713.8724,3999.3763,4292.2085,4097.9816,4051.6554,3686.7876,4045.0889,4414.1908,3847.2576,3800.7409,3382.5953,3792.8358,4213.2084,3601.9044,3557.1039,3169.4346,3549.4669,3935.3821,3695.9942,3649.8365,3237.2655,3641.2398,4048.7682,3463.0614,3454.8974,2911.4145,3338.7829,4062.0207,3086.6162,3117.0227,2505.4630,2943.0632,3774.8594,3014.3148,3075.5975,2329.3778,2818.8963,3842.4193,2872.7634,2965.3044,2100.9483,2609.7231,3823.2787,2744.2791,2828.9124,1983.6193,2476.3373,3702.7785,2615.8789,2692.4495,1861.8926,2319.9471,3600.2059,2446.2996,2526.3853,1692.4699,2115.2827,3496.4899,2279.9330,2368.6676,1508.9180,1905.1502,3426.7004,11.00000000000,48,199
48,177,01383874,48177,Gonzales,Gonzales County,06,H1,G4020,,,,A,2762708316.00000000000,8200952.00000000000,+29.4687041,-097.4777382,48177,1190.9521,1187.6371,1178.0544,1187.6125,1197.4160,1270.4419,1264.8335,1241.6092,1264.8238,1287.6114,1302.3530,1294.2273,1251.6295,1294.4007,1336.5266,1404.1609,1392.3909,1325.4189,1391.9748,1459.5236,1487.6839,1473.1853,1366.7615,1471.8108,1579.4098,1592.6106,1575.1699,1433.6789,1572.7250,1715.6638,1587.5406,1568.9016,1396.7916,1565.7655,1738.6112,1738.7578,1717.5135,1530.7133,1713.9050,1899.7608,1831.5151,1808.5870,1604.0910,1804.3156,2006.3223,1721.5889,1717.5155,1447.3225,1659.7881,2019.3454,1676.0589,1692.4872,1360.3431,1598.0050,2049.7674,1699.5901,1734.0609,1313.2505,1589.3011,2166.4982,1683.8888,1738.0516,1231.3462,1529.6047,2241.0323,1694.5658,1746.7483,1224.7315,1529.0155,2286.4229,1690.6038,1740.0160,1203.1835,1499.2531,2326.7538,1647.2584,1701.1163,1139.5316,1424.2757,2354.4175,1597.2522,1659.3544,1056.9909,1334.6139,2400.6390,11.00000000000,48,177
48,311,01383947,48311,McMullen,McMullen County,06,H1,G4020,,,,A,2951100162.00000000000,44960041.00000000000,+28.3849219,-098.5788529,48311,64.8831,64.7008,64.1778,64.6995,65.2350,71.7239,71.3848,70.0621,71.3858,72.6868,90.2462,89.6481,86.6896,89.6642,92.5946,103.0511,102.1446,97.2315,102.1170,107.0869,117.4075,116.1797,107.7795,116.0681,124.5914,116.9614,115.5691,105.1169,115.3683,125.9660,129.0843,127.4457,113.3550,127.1628,141.3538,135.2403,133.4614,118.8195,133.1549,147.7557,149.3584,147.3946,130.6323,147.0268,163.6023,161.5829,161.0887,135.6397,155.6442,189.5022,163.6168,165.0854,132.5599,155.8278,200.0762,167.5341,170.7956,129.2126,156.4909,213.5423,168.4162,173.6989,122.9244,152.8167,224.1277,170.3075,175.4211,122.8622,153.5029,229.7788,171.7863,176.6810,122.0375,152.1827,236.4169,171.9514,177.4560,118.7437,148.5277,245.7610,169.1731,175.6451,111.7631,141.2262,254.2573,11.00000000000,48,311
48,143,01383857,48143,Erath,Erath County,06,H1,G4020,,44500,,A,2805141510.00000000000,17445041.00000000000,+32.2381358,-098.2223769,48143,2138.8930,2132.8947,2115.6616,2132.8526,2150.4954,2200.9993,2191.2412,2150.9843,2191.2272,2230.7329,2246.0292,2231.8902,2158.4021,2232.2037,2304.8943,2694.1683,2671.3090,2542.8220,2670.5296,2800.2165,2912.8578,2884.5143,2676.1392,2881.8248,3092.4846,3202.5236,3166.7707,2881.8775,3161.7246,3449.7683,3647.6786,3604.3723,3208.5415,3597.0578,3994.7373,4781.6437,4722.9705,4209.0407,4712.9960,5224.3926,5050.3132,4987.9746,4424.8947,4976.3793,5532.4429,4897.4267,4886.8799,4119.0912,4722.9079,5744.7110,5790.9140,5848.6890,4701.8670,5522.5020,7082.2709,5999.8445,6122.5524,4637.7851,5611.7897,7648.2339,6110.7796,6308.3347,4470.2290,5552.1420,8132.7242,6390.3959,6588.1496,4620.2695,5767.3182,8622.4413,6625.8403,6820.4258,4717.1607,5877.0741,9119.1239,6767.1198,6989.2387,4682.8521,5852.1659,9672.2681,6807.5289,7072.9862,4506.3060,5689.1111,10231.6313,11.00000000000,48,143
48,167,01383869,48167,Galveston,Galveston County,06,H1,G4020,288,26420,,A,979943275.00000000000,1283210753.00000000000,+29.2287059,-094.8948647,48167,21713.6989,21653.3558,21478.6909,21652.9030,21831.5635,23764.5473,23659.6754,23225.2660,23659.4896,24085.7254,25481.5903,25322.4254,24488.9307,25325.8386,26150.1232,30192.2535,29939.6013,28499.5488,29930.6248,31382.9326,32236.3732,31920.5002,29614.3945,31890.6525,34222.8429,34958.9885,34572.5010,31464.6677,34518.1404,37659.0343,34741.8302,34334.5096,30568.4962,34266.0111,38047.9359,36680.1772,36232.8181,32292.8692,36156.8604,40076.6815,40002.7539,39512.5961,35055.8273,39421.4987,43822.0695,39174.1698,39094.0480,32955.9517,37783.4493,45952.5660,41619.7438,42035.5590,33793.7000,39691.3759,50900.9200,42646.1327,43518.9823,32965.9393,39888.7151,54362.7544,42834.6656,44220.2002,31336.1729,38919.7117,57007.9363,43576.5378,44925.9100,31507.4385,39328.8431,58797.0857,44178.0448,45476.4169,31453.5414,39186.8434,60802.1860,43874.5961,45315.7428,30363.0938,37943.7997,62710.1874,43186.1107,44871.1687,28589.2748,36092.2715,64908.2505,11.00000000000,48,167
48,223,01383897,48223,Hopkins,Hopkins County,06,H1,G4020,,44860,,A,1986971988.00000000000,66297428.00000000000,+33.1489586,-095.5651936,48223,2196.3366,2190.2754,2172.6299,2190.2277,2208.2646,2242.9864,2233.2511,2192.3336,2233.2223,2273.3470,2049.6389,2037.0517,1970.0502,2037.3013,2103.5340,2308.6607,2289.7675,2179.6344,2289.0521,2399.9785,2443.1234,2419.8521,2245.0880,2417.6154,2594.1137,2664.6334,2635.9326,2399.4634,2631.9331,2870.6561,2383.7252,2356.3812,2098.4571,2351.8180,2610.6348,2502.9095,2473.1904,2205.0628,2468.1724,2734.7204,2638.4211,2606.6892,2313.2835,2600.8040,2890.4002,2451.6305,2447.2198,2063.5632,2365.3413,2875.9881,2267.7549,2291.3311,1842.9442,2163.8354,2773.6122,2248.1751,2295.1288,1739.5098,2103.9953,2865.9536,2210.3993,2282.8300,1618.6392,2009.5458,2941.8656,2173.1318,2241.3423,1572.8396,1962.4703,2932.2522,2113.4980,2176.5093,1506.3216,1875.8542,2908.8765,1999.0297,2065.5405,1384.9160,1729.8728,2857.2830,1901.6098,1976.5775,1260.2414,1590.1924,2858.1462,11.00000000000,48,223
48,309,01383946,48309,McLennan,McLennan County,06,H1,G4020,,47380,,A,2686079968.00000000000,59905775.00000000000,+31.5494930,-097.2014721,48309,12855.6298,12820.1044,12716.7973,12819.8276,12925.4400,13375.3399,13316.6580,13072.3369,13316.5299,13556.2060,13740.9484,13655.6916,13206.3404,13657.4661,14101.7764,15748.1680,15616.8172,14865.6721,15612.1062,16369.4977,14848.3287,14704.3954,13642.2094,14690.7067,15764.3403,17133.3310,16941.0346,15416.3126,16913.8445,18455.7805,13745.0439,13579.6834,12086.4279,13551.6285,15052.5668,18206.3062,17982.2689,16024.8927,17944.1599,19892.0538,19216.2289,18977.5850,16833.7657,18933.1655,21050.5369,18996.1766,18954.2827,15975.3898,18318.0343,22282.3903,18798.8915,18984.1528,15259.5320,17924.6798,22990.6165,18946.3031,19331.5564,14641.2831,17718.0925,24151.3146,18826.4557,19432.9642,13768.5005,17102.6985,25055.5960,18823.8575,19404.4146,13606.3100,16986.0009,25398.5035,18917.6304,19471.3884,13464.9370,16777.5114,26036.1315,18675.1006,19286.4655,12920.3309,16148.0978,26692.2737,18666.1966,19392.6447,12353.7020,15597.7423,28054.9724,11.00000000000,48,309
48,313,01383939,48313,Madison,Madison County,06,H1,G4020,,,,A,1207102873.00000000000,16493751.00000000000,+30.9668782,-095.9303719,48313,735.6484,733.5901,727.6654,733.5754,739.6396,645.5558,642.7724,631.0055,642.7629,654.2992,559.3687,556.1499,537.9063,556.1930,574.1988,536.9455,533.0009,507.3660,532.8038,558.4712,522.9596,518.5967,481.1976,518.1414,555.6872,631.9797,626.0418,570.4339,625.2585,681.0956,890.5294,880.1548,783.6731,878.4140,975.2817,947.8082,935.8526,833.6924,933.8089,1035.5501,1087.2786,1073.6567,952.2480,1071.1188,1191.0516,987.2334,984.8422,829.8576,951.7257,1157.9664,930.4797,939.4090,754.8724,886.9079,1137.9164,948.4060,967.4477,732.4814,886.6186,1208.9269,941.9025,972.0029,688.4318,855.3559,1253.5298,943.6769,972.5432,681.6998,851.2386,1273.2556,948.4330,975.9807,674.6866,840.8657,1305.3010,921.3290,951.3102,637.1005,796.4342,1316.8406,897.0279,931.8076,593.4399,749.4090,1348.2094,11.00000000000,48,313
48,307,01383945,48307,McCulloch,McCulloch County,06,H1,G4020,,,,A,2759886938.00000000000,20285000.00000000000,+31.2054766,-099.3598557,48307,491.1095,489.7622,485.8207,489.7512,493.7778,470.1824,468.0810,459.4725,468.0791,476.5293,462.2769,459.3644,444.2386,459.4292,474.3911,555.4624,550.6648,524.1782,550.5098,577.2725,545.0524,539.6347,500.6419,539.1271,578.5889,655.2188,647.7335,589.3526,646.6687,705.7542,684.5306,676.3067,601.9485,674.9121,749.6492,611.9986,604.0875,537.9523,602.7287,668.6423,654.1983,645.5826,572.1497,643.9688,716.5859,541.9229,540.1335,454.6761,521.8422,635.5279,540.8785,545.8265,438.3748,515.2466,661.4200,532.0986,542.5330,410.5195,497.1199,678.2325,500.2594,515.9982,365.2125,453.9821,665.7477,486.1070,500.7335,350.7375,438.1809,655.8579,465.2797,478.5486,330.5564,412.1983,640.3313,430.2436,444.0054,297.0913,371.6205,614.9235,382.8551,397.4689,252.8718,319.5680,575.4069,11.00000000000,48,307
48,129,01383850,48129,Donley,Donley County,06,H1,G4020,,,,A,2400623352.00000000000,15954077.00000000000,+34.9550364,-100.8158457,48129,140.7854,140.3939,139.2613,140.3910,141.5496,123.8873,123.3303,121.0604,123.3300,125.5587,126.0619,125.2710,121.1469,125.2883,129.3673,155.2341,153.8981,146.4957,153.8545,161.3324,120.5606,119.3286,110.7032,119.2151,127.9564,86.7967,85.8711,78.1735,85.7426,93.5103,31.6856,31.3150,27.8811,31.2528,34.7010,102.2353,100.9510,89.9362,100.7316,111.6998,115.3021,113.8588,100.9850,113.5899,126.3070,103.7127,103.4071,87.0818,99.9152,121.6357,95.5211,96.3970,77.4223,90.9971,116.8095,97.4420,99.3612,75.1922,91.0470,124.2041,92.1313,95.0411,67.2794,83.6227,122.6098,85.3591,87.9349,61.6013,76.9528,115.1675,84.5006,86.9218,60.0531,74.8748,116.2931,80.6608,83.2596,55.7311,69.6939,115.2854,83.3802,86.5916,55.1230,69.6325,125.3170,11.00000000000,48,129
48,263,01383917,48263,Kent,Kent County,06,H1,G4020,,,,A,2337481857.00000000000,1065244.00000000000,+33.1847797,-100.7697199,48263,45.6860,45.5560,45.1869,45.5552,45.9336,51.6888,51.4574,50.5108,51.4572,52.3864,36.6738,36.4336,35.2318,36.4398,37.6297,72.9387,72.3602,68.8799,72.3364,75.8355,49.9627,49.4900,45.9161,49.4444,53.0526,54.7271,54.1491,49.2987,54.0691,58.9618,56.8787,56.2636,50.1384,56.1632,62.2974,40.7359,40.2673,35.9169,40.1888,44.5096,29.0011,28.6933,25.5056,28.6371,31.7758,38.9365,38.9271,32.8823,37.6410,45.6908,38.0716,38.5159,31.0247,36.3877,46.5719,36.4213,37.2288,28.2627,34.1444,46.4352,39.6984,41.0473,29.1528,36.1514,52.8397,39.2024,40.4717,28.4404,35.4515,52.9001,38.9446,40.1400,27.8164,34.6091,53.6035,38.8963,40.2180,26.9959,33.6937,55.5977,36.5539,38.0186,24.2673,30.5967,54.9425,11.00000000000,48,263
48,385,01383978,48385,Real,Real County,06,H1,G4020,,,,A,1810906179.00000000000,2346315.00000000000,+29.8230304,-099.8053030,48385,189.5414,189.0054,187.4760,189.0019,190.5689,198.1096,197.2238,193.5965,197.2231,200.7837,165.3501,164.3086,158.8984,164.3318,169.6834,184.5892,183.0605,174.2556,183.0046,191.8790,199.7776,197.8445,183.5533,197.6605,212.1044,277.1610,274.1267,249.5035,273.7013,298.5761,195.0531,192.7996,171.6819,192.4226,213.6186,165.4945,163.4104,145.5755,163.0542,180.8150,182.7617,180.4159,159.9569,179.9777,200.1982,158.1319,157.6483,132.7429,152.3200,185.4550,175.2350,176.8948,142.1251,167.0019,214.2975,166.8122,170.1368,128.7909,155.9137,212.6314,153.6680,158.5528,112.2707,139.5156,204.5065,145.0881,149.4993,104.7632,130.8416,195.7576,135.0730,138.9645,96.0312,119.7132,185.8946,113.5706,117.2268,78.4644,98.1255,162.3218,99.2079,103.0124,65.5572,82.8302,149.1043,11.00000000000,48,385
48,435,01384003,48435,Sutton,Sutton County,06,H1,G4020,,,,A,3765651337.00000000000,1277067.00000000000,+30.5178648,-100.5053952,48435,249.5587,248.8624,246.8536,248.8574,250.9130,227.9971,227.0181,222.8644,227.0145,231.0862,192.2000,191.0248,184.7429,191.0476,197.2568,196.9180,195.2429,185.8519,195.1862,204.6663,202.7441,200.7243,186.2200,200.5353,215.2157,267.3021,264.2526,240.4378,263.8190,287.9196,213.9843,211.3567,188.0680,210.9079,234.3338,191.5571,189.2220,168.6473,188.8256,209.2949,178.3171,176.0891,156.1832,175.6741,195.3369,136.3196,135.9927,114.5948,131.4207,159.8956,150.7678,152.2122,122.3096,143.7048,184.3788,135.9786,138.7053,105.0141,127.1154,173.3306,120.2009,124.0433,87.8562,109.1577,159.9693,112.7983,116.2491,81.4847,101.7496,152.1931,104.5184,107.5535,74.3501,92.6635,143.8456,91.0027,93.9609,62.9230,78.6625,130.0685,81.0391,84.1759,53.6030,67.6965,121.7993,11.00000000000,48,435
48,329,01383950,48329,Midland,Midland County,06,H1,G4020,372,33260,,A,2331764835.00000000000,4533910.00000000000,+31.8708957,-102.0243264,48329,9041.8409,9016.4579,8943.5943,9016.2808,9090.8847,10888.9296,10839.9926,10640.4914,10839.9690,11035.8408,13275.1248,13190.0424,12755.3991,13192.0704,13622.1953,19349.9494,19182.9451,18260.2583,19177.5400,20109.8000,23945.0838,23702.0996,21988.9990,23679.6130,25415.1208,27395.0663,27079.7841,24637.5734,27034.8239,29507.3038,26807.1609,26478.9692,23562.2047,26422.9643,29356.5872,28454.6812,28093.2856,25024.0773,28031.4243,31088.6857,32840.7823,32422.1876,28748.5617,32344.0526,35974.3312,34904.9658,34816.1181,29332.9850,33644.2244,40940.4166,35504.4086,35840.6758,28795.9517,33836.2584,43418.8699,37407.7549,38154.6102,28883.7374,34965.4026,47682.9086,38868.1088,40106.6428,28402.3859,35292.2336,51727.2590,40283.3065,41512.4194,29094.7422,36333.3651,54351.9481,41404.9553,42604.1506,29448.2309,36704.6262,56984.1660,41822.7325,43179.9214,28913.8099,36148.5388,59776.2852,41997.8905,43621.6241,27775.9906,35080.8615,63121.4438,11.00000000000,48,329
48,229,01383900,48229,Hudspeth,Hudspeth County,06,H1,G4020,,,,A,11838791961.00000000000,2191046.00000000000,+31.4508678,-105.3775489,48229,177.8319,177.3503,175.9263,177.3460,178.7990,161.3321,160.6250,157.6784,160.6234,163.5139,163.9219,162.9156,157.5571,162.9355,168.2324,219.5526,217.6288,207.1609,217.5694,228.1557,183.9560,182.1649,169.0054,181.9951,195.2993,273.8709,270.7998,246.4291,270.3657,295.0107,228.9307,226.2329,201.4061,225.7785,250.7147,185.8302,183.5706,163.6159,183.1871,203.0380,148.8471,146.9761,130.3499,146.6274,163.0527,127.6035,127.3116,107.2930,123.0352,149.6755,152.2134,153.6744,123.4870,145.0860,186.1472,143.7971,146.6837,111.0578,134.4283,183.2972,130.8575,135.0375,95.6400,118.8314,174.1513,123.5204,127.2972,89.2268,111.4189,166.6597,114.9778,118.3128,81.7837,101.9317,158.2403,99.4845,102.7131,68.7782,85.9874,142.1909,85.6972,89.0080,56.6729,71.5799,128.7999,11.00000000000,48,229
48,507,01384039,48507,Zavala,Zavala County,06,H1,G4020,,,,A,3360266896.00000000000,11209840.00000000000,+28.8646523,-099.7598304,48507,626.6313,624.9030,619.8692,624.8894,630.0345,737.8198,734.5194,721.0094,734.5167,747.7787,691.8927,687.5426,664.9055,687.6386,710.0292,783.5687,777.0030,739.6303,776.7707,814.4645,816.3391,808.2441,749.8438,807.4847,866.5803,946.1016,935.8181,851.8067,934.3804,1019.2247,991.6345,979.6676,871.9079,977.6352,1085.9613,1058.9180,1045.4131,931.1453,1043.0996,1156.9371,1213.9585,1198.3481,1062.4276,1195.4316,1329.7734,1153.8299,1150.8591,969.5800,1112.1127,1353.3315,1103.9694,1114.1141,894.8324,1051.7102,1350.0100,1120.0647,1142.0964,864.2592,1046.5194,1427.6839,1127.5468,1163.1389,823.3634,1023.3892,1500.5553,1123.7550,1157.7011,811.0456,1013.1317,1516.1875,1123.0154,1155.2028,798.1247,995.1008,1545.5390,1077.2369,1111.8648,744.1558,930.6723,1539.6473,1038.9915,1078.8567,686.6110,867.4964,1561.5511,11.00000000000,48,507
48,203,01383887,48203,Harrison,Harrison County,06,H1,G4020,346,32220,,A,2330861809.00000000000,40928811.00000000000,+32.5479928,-094.3744253,48203,3772.3796,3761.8906,3731.5427,3761.8121,3792.8557,3993.4315,3975.6705,3902.6006,3975.6489,4047.3633,3980.0151,3955.3958,3825.2572,3955.9010,4084.5697,4431.3769,4394.6997,4183.3222,4393.3546,4606.3941,4296.4949,4255.2180,3947.8711,4251.2711,4561.7958,4020.5469,3976.6072,3619.4619,3970.4521,4331.2208,3923.4735,3878.5786,3454.1378,3871.0932,4296.9665,4313.6508,4262.5893,3800.6246,4253.9734,4713.1755,4632.2023,4576.9844,4062.3105,4566.7542,5074.6550,4281.3591,4274.5227,3605.2241,4131.7403,5022.6382,3904.3419,3945.6044,3174.1322,3726.2682,4775.3741,3971.7990,4055.3689,3074.2335,3717.8577,5063.2887,3923.8051,4052.9745,2874.3543,3568.0032,5222.3249,3854.2983,3975.8524,2790.6042,3481.3974,5200.7364,3800.6983,3914.5320,2709.7261,3374.0047,5231.0673,3745.9389,3870.9708,2595.8703,3242.0715,5354.2292,3626.9357,3770.2446,2404.2317,3033.3669,5451.3552,11.00000000000,48,203
48,093,01383832,48093,Comanche,Comanche County,06,H1,G4020,,,,A,2428770746.00000000000,25718019.00000000000,+31.9516447,-098.5496169,48093,814.1188,811.8258,805.2614,811.8103,818.5336,709.1678,706.0852,693.1460,706.0764,718.7657,628.1596,624.2003,603.6465,624.2885,644.6199,644.0875,638.6658,607.9468,638.4765,669.4677,663.9314,657.4477,609.9521,656.8338,704.8586,638.6331,631.5771,574.8053,630.5848,687.9590,576.0256,569.3921,507.0448,568.2836,630.8552,488.4162,482.6168,430.2946,481.6376,533.6516,518.5052,512.2864,454.6417,511.1334,568.0264,365.4822,364.8122,307.6079,352.6031,428.7412,327.6462,330.9721,266.1286,312.5312,400.7196,303.9789,310.2570,235.0779,284.3953,387.5010,272.5187,281.3927,199.4653,247.6855,362.6958,240.5886,248.1003,174.0611,217.2154,324.6276,207.8973,214.0555,148.1015,184.4704,286.1327,178.8776,184.7487,123.7830,154.6920,255.6703,149.3781,155.1452,98.7791,124.7656,224.5098,11.00000000000,48,093
48,335,01383953,48335,Mitchell,Mitchell County,06,H1,G4020,,,,A,2359711652.00000000000,12489897.00000000000,+32.3037809,-100.9245797,48335,411.8010,410.6321,407.3070,410.6246,414.0328,356.6427,355.0605,348.5369,355.0583,361.4603,272.1365,270.5155,261.6292,270.5428,279.3205,316.9190,314.5300,299.4023,314.4178,329.5852,264.1337,261.8625,242.9721,261.6299,280.6190,312.7489,309.7457,282.1915,309.3457,337.0362,324.2136,320.6454,285.6828,320.0590,355.0933,368.7813,364.3770,324.8481,363.6324,402.9351,445.0759,439.6948,390.1744,438.6963,487.5789,413.8950,413.0898,348.2708,399.2524,485.5222,371.3302,375.0938,301.6005,354.1927,454.1454,378.5818,386.3951,292.7613,354.1849,482.6014,379.5773,391.9258,277.8049,344.9737,505.1793,365.4372,376.8270,264.3521,329.9096,493.0848,358.9878,369.6150,255.7237,318.5270,494.0805,340.8570,352.1265,236.0176,294.8734,487.1938,325.3559,338.1200,215.5095,271.9972,489.0106,11.00000000000,48,335
48,349,01383960,48349,Navarro,Navarro County,06,H1,G4020,,18620,,A,2614922711.00000000000,197639165.00000000000,+32.0484498,-096.4769075,48349,2869.1539,2861.0902,2837.9646,2861.0346,2884.7150,2909.4481,2896.6302,2843.4573,2896.6060,2948.7754,2665.4535,2648.7793,2561.5883,2649.1392,2735.3701,2863.7569,2839.9932,2703.3943,2839.1281,2976.8218,2854.7059,2827.1506,2622.9390,2824.5233,3030.8934,2961.3053,2929.1007,2666.1350,2924.5974,3190.1761,2700.1563,2669.2305,2377.1053,2664.0724,2957.1929,2733.8130,2701.2934,2408.3775,2695.8004,2987.0060,2845.7069,2811.6352,2495.3183,2805.3195,3117.5012,2776.6299,2771.7180,2337.2689,2679.0050,3257.2625,2381.1294,2405.8770,1935.0681,2272.0055,2912.2755,2361.8474,2411.1442,1827.4089,2210.3386,3010.8582,2348.8192,2425.7260,1719.8996,2135.3129,3126.0862,2310.5506,2382.9894,1672.1520,2086.4597,3117.6665,2276.4720,2344.2135,1622.2503,2020.3400,3133.1725,2192.5860,2265.3689,1518.7139,1897.1576,3133.9279,2093.3464,2175.7007,1387.0026,1750.3177,3146.3183,11.00000000000,48,349
48,103,01383837,48103,Crane,Crane County,06,H1,G4020,,,,A,2033318846.00000000000,1696040.00000000000,+31.4227965,-102.4877739,48103,290.0486,289.2227,286.8794,289.2176,291.6202,280.0461,278.7851,273.6530,278.7847,283.8237,337.3433,335.1665,324.1186,335.2197,346.1547,506.6162,502.2903,478.1307,502.1456,526.5402,572.0257,566.1294,525.2036,565.5888,607.0831,690.2089,682.1986,620.6314,681.0532,743.4065,672.8157,664.4512,591.1456,663.0167,736.7874,711.8696,702.6700,625.7445,701.0900,777.7570,838.8500,828.0664,734.1477,826.0517,918.8790,879.5045,877.1523,738.9023,847.5971,1031.5529,886.7486,894.8754,718.7240,844.7448,1084.3738,941.8285,960.3614,726.7419,879.9955,1200.4970,984.9472,1016.0683,719.2855,894.0004,1310.7845,1013.0346,1043.6869,731.2233,913.3754,1366.8064,1049.2142,1079.3585,745.8006,929.7973,1443.9766,1062.3168,1096.5651,734.0262,917.9077,1518.3297,1069.6568,1110.8118,707.0777,893.2390,1607.6465,11.00000000000,48,103
48,303,01383937,48303,Lubbock,Lubbock County,06,H1,G4020,352,31180,,A,2319591231.00000000000,13211521.00000000000,+33.6114688,-101.8199438,48303,14569.0270,14528.5985,14411.4360,14528.2921,14648.1176,15755.2289,15685.9375,15398.0576,15685.7986,15968.2283,17920.2928,17808.1559,17221.9496,17810.5793,18390.3344,22389.2790,22200.6760,21132.8522,22194.1045,23271.4390,21545.7384,21333.6953,19792.3553,21313.7121,22872.8202,24239.4058,23972.3557,21817.9941,23934.8391,26111.7978,21587.8812,21334.2815,18993.7643,21291.6040,23642.1720,28161.4270,27817.5704,24792.2991,27759.1729,30769.0904,30936.4982,30557.3517,27110.5970,30486.8845,33890.1898,29481.5044,29421.0727,24801.5880,28434.7174,34582.7231,33333.1951,33666.4199,27065.6779,31789.0188,40766.5076,34660.4420,35369.9660,26793.1202,32419.5157,44183.0847,35087.9382,36222.9686,25669.0938,31881.1004,46697.9514,36137.3757,37256.3947,26128.6576,32614.8306,48759.5507,37373.0590,38471.3309,26608.3996,33150.5477,51436.4835,37695.5865,38933.5956,26086.6455,32599.8246,53878.4836,38022.5507,39505.8611,25170.5053,31776.5544,57147.4587,11.00000000000,48,303
34,013,00882276,34013,Essex,Essex County,06,H1,G4020,408,35620,35084,A,326888224.00000000000,8854094.00000000000,+40.7872165,-074.2461362,34013,54918.1063,54765.5438,54323.8123,54764.3960,55216.2161,54517.6047,54276.9949,53280.4143,54276.5698,55254.4033,53831.3474,53496.5830,51736.0623,53503.6226,55244.4934,57179.9619,56704.2834,53976.8979,56687.0925,59436.7393,58022.6355,57455.6787,53304.9153,57402.0156,61599.1514,56927.7852,56296.8054,51235.0713,56207.9739,61324.1140,53949.4504,53314.6694,47464.7786,53207.7864,59083.1326,54508.3369,53840.1580,47982.2083,53726.5894,59555.4934,57603.7869,56892.3315,50469.4624,56759.9866,63102.9011,54219.2388,54102.3232,45602.0374,52286.9587,63599.4575,52959.4475,53482.2639,42990.0999,50497.7905,64768.3486,51703.6277,52755.7805,39956.8413,48352.9189,65907.9736,49684.1021,51285.4089,36337.0603,45135.8821,66123.2241,48320.3630,49811.2017,34928.0234,43603.3479,65197.3618,46924.7803,48298.8035,33400.2593,41616.8176,64582.1069,45102.4800,46579.3059,31204.6072,38999.8706,64464.8833,43016.8552,44691.1714,28469.8481,35945.7373,64653.6060,11.00000000000,34,013
34,035,00882234,34035,Somerset,Somerset County,06,H1,G4020,408,35620,20764,A,781692692.00000000000,7883404.00000000000,+40.5655218,-074.6199300,34035,25749.7866,25678.1780,25471.0217,25677.6431,25889.5522,23910.8700,23805.0846,23367.8625,23804.9159,24233.9495,22997.3710,22853.4415,22101.1497,22856.5541,23600.5701,24281.1320,24075.8628,22917.8427,24068.7866,25237.3677,23576.1278,23341.6709,21655.0421,23319.7118,25026.6664,28420.5085,28101.5720,25572.4106,28056.4785,30614.1799,28728.4940,28388.0260,25271.0028,28330.5552,31461.9384,28295.3330,27946.5854,24904.0297,27887.2441,30915.2062,28232.6792,27883.2325,24734.5833,27818.2139,30927.8040,25682.0894,25626.3628,21599.7458,24766.3953,30125.1447,26971.1898,27238.0264,21895.0100,25718.2400,32985.3203,26633.9921,27176.6741,20584.0986,24908.8146,33951.1334,25857.1604,26691.3112,18912.2784,23491.1030,34412.6620,25783.9889,26580.3490,18639.2209,23268.0354,34789.7168,25786.9409,26542.9030,18356.2531,22871.1367,35490.3806,24994.5602,25813.9099,17294.3921,21613.8317,35724.7389,23882.1915,24812.6943,15807.6517,19957.6025,35894.5879,11.00000000000,34,035
34,025,00882910,34025,Monmouth,Monmouth County,06,H1,G4020,408,35620,20764,A,1214167244.00000000000,509002211.00000000000,+40.2870560,-074.1524457,34025,45645.2275,45518.7551,45151.7792,45517.7869,45893.0479,39411.4054,39237.6560,38517.3149,39237.3368,39944.1005,35465.5109,35243.8429,34083.7487,35248.6089,36395.9016,38724.8108,38399.8098,36552.8320,38388.3619,40251.3801,38674.1600,38292.1045,35525.4063,38256.1790,41055.2953,42856.1895,42378.8364,38566.9948,42311.5179,46165.1393,39757.1105,39288.7903,34977.4001,39209.9049,43540.2272,37775.2159,37312.9966,33254.0854,37234.4628,41273.0304,35624.2134,35188.5565,31220.3848,35107.6061,39025.5842,30934.5095,30872.2941,26026.0919,29837.6070,36287.4340,31076.2613,31387.8287,25234.6901,29637.7715,38006.4255,29648.1793,30256.3638,22920.7677,27732.9050,37793.9005,28086.9247,28996.9660,20549.9348,25521.7974,37380.5519,26964.8696,27801.5291,19499.4874,24338.5577,36383.3932,25859.2727,26621.0173,18414.1527,22939.9356,35590.2248,23949.0858,24737.4908,16576.8880,20713.9371,34230.6754,21962.5275,22821.1426,14542.2063,18356.9677,33009.5408,11.00000000000,34,025
16,061,00395622,16061,Lewis,Lewis County,06,H1,G4020,,,,A,1240073685.00000000000,2444478.00000000000,+46.2363277,-116.4237600,16061,184.6560,184.1392,182.6520,184.1355,185.6578,155.2884,154.5733,151.7193,154.5741,157.3786,178.9183,177.7477,171.8851,177.7778,183.5826,232.3221,230.3001,219.2227,230.2363,241.4343,210.8822,208.7282,193.6409,208.5297,223.8194,197.1653,194.9967,177.4750,194.6923,212.3965,189.8044,187.6145,167.0674,187.2483,207.8706,204.5729,202.1469,180.2345,201.7374,223.5199,247.2099,244.1590,216.5971,243.5916,270.8100,222.6446,222.1398,187.2148,214.6794,261.1573,207.0798,209.0769,168.0153,197.3951,253.2468,218.5954,222.9964,168.8489,204.3695,278.6436,220.4071,227.4644,161.1179,200.1723,293.3298,220.0050,226.7463,158.9486,198.4689,296.8426,223.7132,230.2187,159.1562,198.3503,307.8906,221.0812,228.2776,152.8818,191.1142,315.9879,214.9558,223.2836,142.1951,179.5737,323.0725,11.00000000000,16,061
16,049,00395699,16049,Idaho,Idaho County,06,H1,G4020,,,,A,21956239945.00000000000,67335736.00000000000,+45.8492367,-115.4673755,16049,832.3172,830.0162,823.3272,829.9983,836.8368,756.9632,753.6170,739.7769,753.6115,767.1920,683.6924,679.3721,656.9991,679.4694,701.6018,838.9268,831.8096,791.8005,831.5669,871.9493,756.3355,749.1023,694.9989,748.4088,803.0596,863.5267,854.0529,777.3258,852.7240,930.2421,847.1479,836.8722,744.7727,835.1240,927.7247,790.0448,779.9891,694.7533,778.2671,863.1767,885.6851,874.5258,775.5701,872.4454,970.2097,817.4364,815.3288,686.8983,787.8780,958.7736,736.9105,743.9599,597.7961,702.3751,901.1901,734.1655,748.8796,566.9714,686.3027,935.8328,716.1372,738.9970,523.3768,650.3026,953.0680,695.8889,717.1454,502.6488,627.6844,938.9251,680.6724,700.3984,484.1319,603.4170,936.7862,647.8619,668.8852,447.8932,559.9643,925.9744,618.9910,642.9141,409.3646,517.0331,930.3226,11.00000000000,16,049
30,039,01719605,30039,Granite,Granite County,06,H1,G4020,,,,A,4473983997.00000000000,14583588.00000000000,+46.3953581,-113.4256827,30039,154.9585,154.5318,153.2873,154.5284,155.8002,165.5096,164.7539,161.7155,164.7544,167.7393,183.1834,182.0293,176.0355,182.0550,187.9838,214.9762,213.1618,202.9090,213.0989,223.4442,165.1905,163.5985,151.7817,163.4466,175.3874,198.0506,195.9145,178.3372,195.6167,213.3625,217.5121,215.0923,191.6160,214.6930,238.2260,211.2830,208.8590,186.3005,208.4527,230.8562,221.7787,219.1396,194.5024,218.6508,242.9629,200.5611,200.2836,168.9644,193.6050,235.2969,247.5156,250.0657,201.1088,236.1443,302.7240,254.8900,260.1845,197.1688,238.5070,324.9280,253.6375,261.9185,185.6829,230.5522,337.5686,259.5069,267.6172,187.7616,234.3058,350.1550,269.4444,277.4340,191.9608,239.0925,370.8416,270.7009,279.6581,187.4524,234.1907,386.9188,265.0319,275.4320,175.5566,221.5696,398.3437,11.00000000000,30,039
16,025,00399408,16025,Camas,Camas County,06,H1,G4020,,,,A,2782925142.00000000000,11535370.00000000000,+43.4633958,-114.8044265,16025,53.2616,53.1139,52.6857,53.1128,53.5507,60.5572,60.2891,59.1818,60.2887,61.3754,72.3829,71.9390,69.5730,71.9477,74.2865,67.2285,66.6847,63.4773,66.6634,69.8917,32.4255,32.0759,29.7558,32.0447,34.4026,33.9987,33.6073,30.5763,33.5515,36.6201,34.0459,33.6542,29.9694,33.5887,37.2867,36.5045,36.0671,32.1530,35.9931,39.8851,32.3488,31.9483,28.3404,31.8737,35.4369,25.0088,24.9592,21.0419,24.1229,29.3365,37.3700,37.7349,30.3283,35.6280,45.7021,35.6259,36.3447,27.5210,33.3093,45.4125,32.1117,33.1357,23.4664,29.1583,42.7357,31.5643,32.5232,22.7901,28.4639,42.5876,34.3149,35.3047,24.3986,30.4144,47.2260,35.0952,36.2296,24.2549,30.3282,50.1605,33.6846,34.9816,22.2685,28.1303,50.6265,11.00000000000,16,025
30,067,01720027,30067,Park,Park County,06,H1,G4020,,,,A,7259898824.00000000000,27012589.00000000000,+45.4219048,-110.5327983,30067,1008.8613,1005.9718,997.8125,1005.9547,1014.3253,1029.5812,1024.9959,1006.1541,1024.9908,1043.4841,1002.8061,996.4801,963.6666,996.6216,1029.0807,1098.4961,1089.0425,1036.6603,1088.7337,1141.6501,1016.5252,1006.2635,933.5391,1005.3109,1078.9670,1184.3686,1171.0450,1065.6293,1169.1596,1275.7761,1195.2770,1181.0168,1051.2559,1178.6042,1308.9937,1077.9773,1064.2803,948.0011,1061.9355,1177.7636,1214.6032,1198.9047,1062.8390,1195.9700,1330.4700,1121.3311,1118.5820,942.5191,1080.9595,1315.2470,1242.0363,1253.6857,1007.1572,1183.5371,1518.8861,1218.7407,1242.9277,940.7745,1138.9860,1553.4865,1189.0936,1226.8162,868.6278,1079.4861,1582.4793,1195.6072,1231.9129,863.2300,1078.1513,1613.1485,1208.5660,1243.3958,859.2585,1071.1484,1663.2925,1177.4463,1215.4829,813.7122,1017.4826,1682.8854,1137.0832,1180.8798,751.7333,949.6030,1708.9883,11.00000000000,30,067
16,077,00394951,16077,Power,Power County,06,H1,G4020,,38540,,A,3636974257.00000000000,99512615.00000000000,+42.6941260,-112.8444070,16077,382.7904,381.7164,378.6320,381.7088,384.8667,346.0791,344.5479,338.2196,344.5454,350.7552,349.1300,346.9731,335.5578,347.0171,358.3032,332.6421,329.9184,314.0500,329.8155,345.7987,346.0829,342.8641,318.1090,342.5502,367.5228,298.5270,295.5142,269.1329,295.1047,321.6673,253.2509,250.5400,223.2895,250.0992,277.3805,289.8348,286.7327,255.9861,286.2211,316.6981,347.4857,343.7164,305.4485,343.0261,380.7217,333.0298,332.8441,281.0589,321.8194,390.7749,216.3546,218.9714,176.4695,206.9008,264.6756,248.1761,253.7053,192.6302,232.6956,316.4146,270.9063,280.1014,198.9247,246.6886,360.5828,274.6175,283.5364,199.2754,248.3769,370.5739,278.4116,286.9888,198.9126,247.4578,383.2092,281.3140,290.9178,195.3246,243.7428,402.1091,291.8341,303.5439,193.7705,244.2933,438.6434,11.00000000000,16,077
30,089,01719578,30089,Sanders,Sanders County,06,H1,G4020,,,,A,7149723773.00000000000,76301017.00000000000,+47.7564686,-115.1802247,30089,588.9190,587.2610,582.5127,587.2497,592.1127,599.7703,597.0670,586.0743,597.0662,607.8600,570.3197,566.6662,547.9936,566.7531,585.2313,586.1356,581.0947,553.1445,580.9297,609.1639,563.0223,557.5410,517.2644,557.0210,597.7403,655.9451,648.4199,589.9569,647.3479,706.5272,544.3849,537.7678,478.5731,536.6413,596.1627,485.5581,479.5667,427.3494,478.5470,530.5157,486.3615,480.2139,425.8558,479.0674,532.7746,445.6140,444.6171,374.7265,429.6885,522.6989,422.8461,426.9395,343.1056,403.0899,517.1192,410.0702,418.3425,316.7776,383.4039,522.7185,394.5788,407.2327,288.4717,358.3787,525.1286,388.5613,400.5014,280.7853,350.5687,524.2710,380.7139,391.8274,270.9257,337.6054,523.9699,366.5937,378.5755,253.5929,316.9642,523.9701,359.1878,373.1576,237.7025,300.1315,539.8525,11.00000000000,30,089
30,041,01720048,30041,Hill,Hill County,06,H1,G4020,,25660,,A,7508258549.00000000000,44208947.00000000000,+48.6283314,-110.1063715,30041,776.5843,774.4041,768.1459,774.3889,780.7966,838.1172,834.3641,819.0156,834.3614,849.4288,888.3640,882.7287,853.6538,882.8576,911.6225,1127.3240,1117.6275,1063.8705,1117.3103,1171.6139,1247.5114,1234.8748,1145.6245,1233.7041,1324.1135,1096.9270,1084.6432,987.0411,1082.9077,1181.6022,968.5534,956.9942,851.8437,955.0384,1060.6996,1046.9876,1033.9767,921.3008,1031.7592,1143.9223,1158.2636,1143.7155,1014.3467,1141.0043,1268.8071,1296.9931,1294.0056,1090.5155,1250.5348,1521.3336,955.6442,964.8327,775.3187,910.9162,1168.6938,973.6227,993.1876,751.9866,910.2138,1241.0725,1007.3699,1039.5961,736.3392,914.8501,1340.6599,979.4442,1009.4360,707.5917,883.5422,1321.5174,946.7726,974.2869,673.5314,839.4124,1303.0170,915.6834,945.4755,633.1870,791.5472,1308.7710,891.5375,926.0714,589.7488,744.7816,1339.9555,11.00000000000,30,041
30,035,01719607,30035,Glacier,Glacier County,06,H1,G4020,,,,A,7759441299.00000000000,106156930.00000000000,+48.7056706,-112.9905023,30035,636.5353,634.7832,629.6715,634.7691,639.9929,626.6922,623.9104,612.4462,623.9066,635.1573,696.0169,691.5693,668.7835,691.6741,714.2213,893.4347,885.8178,843.2109,885.5618,928.5790,969.0370,959.4150,890.0906,958.5130,1028.6675,989.0188,977.9212,889.9083,976.3522,1065.3578,829.2982,819.2083,729.0255,817.4901,908.1737,800.9290,790.7762,704.4030,789.0389,875.0709,852.7079,842.0629,746.8818,840.0803,934.0974,946.0764,943.6318,794.9860,911.8598,1109.6545,783.8601,791.2714,635.7296,747.0150,958.5921,792.3028,808.1018,611.7285,740.5488,1009.9300,798.2485,823.6636,583.2738,724.7829,1062.3397,778.0671,801.7789,561.9125,701.7385,1049.7986,751.3461,773.0732,534.3168,666.0097,1034.0482,715.9936,739.1908,494.9300,618.8059,1023.3509,697.8762,724.8216,461.4876,582.8922,1048.8826,11.00000000000,30,035
16,007,00395090,16007,Bear Lake,Bear Lake County,06,H1,G4020,,,,A,2524680722.00000000000,193273897.00000000000,+42.2858329,-111.3274448,16007,271.4546,270.6945,268.5079,270.6891,272.9273,292.1938,290.8979,285.5534,290.8961,296.1409,306.6360,304.7246,294.6954,304.7653,314.6831,307.7973,305.1446,290.4673,305.0583,319.8866,339.0332,335.7690,311.5164,335.4573,359.9633,369.6417,365.4949,332.6009,364.9086,398.1733,361.8112,357.5347,318.2873,356.8134,396.2379,338.1349,333.9173,297.5136,333.1979,369.4400,343.9501,339.7516,301.4462,338.9717,376.7911,316.0205,315.3879,265.8824,304.8184,370.7056,275.8352,278.5809,223.9503,263.0422,337.3446,278.1319,283.8150,214.9826,260.1365,354.5448,269.8722,278.5937,197.4147,245.1970,359.1677,264.9053,273.1021,191.5256,239.0754,357.4317,256.3242,263.8532,182.4882,227.3595,352.7784,245.0935,253.1412,169.6101,211.9591,350.3132,229.3904,238.3396,151.8546,191.7087,344.7711,11.00000000000,16,007
30,015,01719619,30015,Chouteau,Chouteau County,06,H1,G4020,,,,A,10288696814.00000000000,62773734.00000000000,+47.8868370,-110.4361888,30015,294.1894,293.3581,290.9845,293.3526,295.7843,278.4656,277.1998,272.0905,277.2002,282.2185,327.3008,325.2150,314.5011,325.2636,335.8646,384.2522,380.9358,362.6131,380.8285,399.3414,449.6719,445.0166,412.8443,444.5908,477.2174,523.1344,517.0912,470.4425,516.2284,563.4629,459.0618,453.4006,403.4200,452.4322,502.7150,510.2636,503.7163,448.6185,502.5934,557.4940,514.5412,507.9811,450.4220,506.7565,563.6367,440.7222,439.6041,370.3752,424.8082,516.9288,478.0962,482.5690,387.6644,455.5639,584.6620,494.6976,504.5200,381.8769,462.3304,630.5745,482.2493,497.5782,352.3327,437.8347,641.7936,485.0294,499.7946,350.2555,437.4272,654.4193,485.5498,499.5862,345.2888,430.3962,668.2428,470.7563,486.0106,325.4143,406.8598,672.8398,459.3313,477.0723,303.7545,383.6578,690.3587,11.00000000000,30,015
30,059,01719600,30059,Meagher,Meagher County,06,H1,G4020,,,,A,6195025766.00000000000,7377415.00000000000,+46.5857058,-110.9217812,30059,79.7448,79.5174,78.8729,79.5160,80.1768,73.2600,72.9289,71.5858,72.9289,74.2479,78.3127,77.8145,75.2512,77.8260,80.3622,90.4129,89.6343,85.3229,89.6089,93.9644,77.3146,76.5077,70.9761,76.4343,82.0464,91.6077,90.5868,82.4385,90.4428,98.6807,66.4230,65.5911,58.3493,65.4481,72.7379,57.8538,57.1332,50.9055,57.0103,63.2101,67.4809,66.6394,59.1078,66.4827,73.9220,72.7423,72.5756,61.1634,70.1377,85.3248,63.7699,64.4097,51.7835,60.8186,77.9910,62.2745,63.5529,48.1456,58.2528,79.3843,60.2340,62.1874,44.0736,54.7352,80.1649,58.3525,60.1663,42.2029,52.6733,78.7347,58.4461,60.1706,41.6239,51.8515,80.4398,55.2172,57.0391,38.2271,47.7634,78.9228,54.4326,56.5639,36.0478,45.5005,81.8120,11.00000000000,30,059
16,057,00395613,16057,Latah,Latah County,06,H1,G4020,,34140,,A,2786815890.00000000000,2372731.00000000000,+46.8189202,-116.7309737,16057,1806.1384,1801.0841,1786.5376,1801.0480,1815.9373,1862.7772,1854.5362,1820.4745,1854.5230,1887.9467,2018.1674,2005.4662,1939.4342,2005.7476,2071.0624,2520.2635,2499.3013,2379.0889,2498.5434,2619.7356,2401.6021,2378.2369,2206.4352,2376.0196,2549.7038,1483.8255,1468.1862,1336.6942,1466.0243,1598.6509,666.5162,659.5971,588.0469,658.4859,730.0462,2540.2765,2509.8221,2237.4318,2504.6696,2775.5313,2878.3424,2843.4660,2523.1432,2836.9921,3153.2035,2774.2273,2769.0644,2334.7870,2676.3714,3254.3822,3540.5300,3575.9930,2874.9382,3376.5996,4330.0806,3615.5907,3689.6849,2795.0550,3381.9306,4608.9512,3625.0559,3742.4049,2652.1082,3293.8531,4824.5339,3707.1059,3821.9856,2680.5242,3345.8605,5001.9432,3812.9044,3925.0396,2714.8148,3382.2215,5247.7013,3966.3082,4096.6355,2744.9364,3430.2160,5669.0679,4185.7585,4349.0870,2770.9903,3498.2050,6291.1494,11.00000000000,16,057
16,087,00399757,16087,Washington,Washington County,06,H1,G4020,,,,A,3763204795.00000000000,53213072.00000000000,+44.4482128,-116.7978299,16087,539.2999,537.7814,533.4332,537.7711,542.2244,557.0535,554.6126,544.4387,554.6070,564.5870,489.2154,486.1795,470.1813,486.2427,502.0615,494.3800,490.1829,466.6057,490.0401,513.8383,418.1213,413.9943,384.0825,413.6060,443.8670,518.2471,512.2794,466.0769,511.4282,558.2045,495.9872,489.9557,436.0214,488.9287,543.1615,456.0228,450.3022,401.1777,449.3254,498.2402,441.6049,435.9422,386.5126,434.8845,483.7371,429.8880,428.5502,360.8253,414.0597,504.1612,415.3060,419.0835,336.5620,395.5977,507.8585,377.7978,385.1795,291.4278,352.9286,481.5517,341.2178,351.9303,249.0660,309.6245,454.0923,321.5539,331.2054,231.9675,289.8211,433.8399,303.8402,312.4854,215.8278,269.1516,418.1520,278.5775,287.4735,192.3373,240.6015,398.1544,250.7102,260.2744,165.5816,209.2602,376.8011,11.00000000000,16,087
16,027,00399406,16027,Canyon,Canyon County,06,H1,G4020,,14260,,A,1521281478.00000000000,41900334.00000000000,+43.6230509,-116.7085267,16027,12254.7829,12220.4490,12121.7291,12220.2059,12321.2631,14068.6805,14006.4760,13749.2430,14006.3746,14258.7846,15083.4559,14989.2137,14495.8334,14991.2373,15479.1691,16615.8797,16476.4940,15683.9974,16471.5776,17270.9352,17516.5282,17345.2004,16092.1184,17328.9936,18596.1357,18601.2637,18394.6768,16740.5179,18365.5721,20037.6527,19232.1333,19005.2599,16919.4076,18967.0246,21062.1434,21169.0902,20909.2951,18634.0105,20865.1279,23129.2075,22990.5874,22706.6408,20143.1773,22653.8207,25185.3717,21260.8114,21215.4659,17882.6785,20503.7319,24939.1666,22185.4003,22404.7564,18009.7092,21154.6082,27132.3577,22923.3680,23390.2008,17715.9142,21438.2340,29221.0626,23011.8816,23753.9181,16830.6453,20905.7727,30625.9206,23481.4940,24206.3591,16974.0932,21189.7303,31682.9816,23904.5261,24604.8865,17015.5381,21201.0416,32899.5938,23922.9409,24706.6784,16552.0552,20686.5520,34193.0392,23661.8757,24583.2664,15660.8818,19772.8427,35563.4241,11.00000000000,16,027
30,055,01716270,30055,McCone,McCone County,06,H1,G4020,,,,A,6845784269.00000000000,102696937.00000000000,+47.6296277,-105.7572220,30055,92.7398,92.4828,91.7371,92.4808,93.2433,82.0334,81.6761,80.1790,81.6751,83.1434,80.9647,80.4596,77.8113,80.4703,83.0892,97.2280,96.4011,91.7643,96.3731,101.0539,110.6801,109.5518,101.6333,109.4476,117.4716,155.3222,153.5373,139.6921,153.2829,167.2987,116.6813,115.2174,102.4942,114.9656,127.7739,102.6255,101.2744,90.1624,101.0415,112.1226,119.8050,118.3405,104.9959,118.0683,131.2440,92.8771,92.6765,78.1154,89.5668,108.9453,90.9254,91.8199,73.8037,86.6951,111.1995,94.0164,95.9264,72.6507,87.9195,119.8448,91.0750,94.0074,66.6038,82.7341,121.2089,89.9724,92.7459,65.0317,81.1862,121.3971,90.0788,92.7144,64.1129,79.8868,123.9744,83.9516,86.6992,58.0805,72.5909,119.9918,81.1309,84.2879,53.6934,67.7936,121.9384,11.00000000000,30,055
30,111,01719558,30111,Yellowstone,Yellowstone County,06,H1,G4020,,13740,,A,6820199333.00000000000,40760707.00000000000,+45.9369867,-108.2766564,30111,9198.5691,9172.9172,9098.8791,9172.7297,9248.4878,9732.4905,9689.1544,9511.0480,9689.1051,9863.9146,10749.6995,10682.1117,10330.4066,10683.6026,11031.4792,13082.2887,12971.7889,12347.8614,12967.9701,13597.5541,13144.9254,13015.0797,12074.7094,13002.8693,13954.2542,13011.6911,12865.4641,11707.4296,12844.7789,14015.9537,12532.2543,12382.2088,11021.2775,12356.7936,13724.4914,13574.8370,13408.1505,11949.0273,13379.8096,14831.7716,15294.5384,15104.9109,13398.8943,15069.6217,16754.5341,14554.6722,14522.4636,12239.9783,14034.9502,17072.5086,14877.5802,15023.2589,12074.8610,14184.5468,18194.7902,15315.6005,15626.0705,11833.8822,14321.5492,19523.0538,15335.9845,15829.0995,11214.1678,13930.6301,20410.1429,15407.0632,15881.3203,11134.9837,13901.6322,20788.2365,15520.8771,15974.3180,11045.6883,13763.9014,21361.1455,15511.4464,16018.4125,10730.0921,13411.4883,22170.4127,15411.6861,16010.7314,10198.4683,12877.3126,23163.4520,11.00000000000,30,111
30,071,01720023,30071,Phillips,Phillips County,06,H1,G4020,,,,A,13312629334.00000000000,186077847.00000000000,+48.2501547,-107.9288331,30071,212.3730,211.7807,210.0713,211.7764,213.5255,159.4219,158.6986,155.7743,158.6988,161.5708,212.5925,211.2297,204.2692,211.2622,218.1505,222.0841,220.1811,209.5906,220.1182,230.8139,232.1584,229.7603,213.1503,229.5407,246.3832,351.7634,347.6076,316.1898,347.0099,378.8540,260.8555,257.5460,229.0729,256.9748,285.6501,264.4185,260.9628,232.3550,260.3680,288.8896,259.2375,255.8400,226.7561,255.2039,283.9617,290.7325,289.8003,243.9762,279.9940,340.9567,210.2070,212.0760,170.2754,200.1778,257.0454,213.9185,218.0641,164.9539,199.7939,272.6624,211.3182,217.9287,154.2073,191.7224,281.2200,199.5233,205.4957,143.9072,179.8125,269.1950,195.3452,200.8970,138.7490,173.0351,268.8381,178.7330,184.4463,123.4121,154.3751,255.4529,168.4265,174.8656,111.2620,140.5976,253.1350,11.00000000000,30,071
30,011,01688746,30011,Carter,Carter County,06,H1,G4020,,,,A,8652506323.00000000000,19496295.00000000000,+45.5168247,-104.5153243,30011,53.7602,53.6165,53.1870,53.6151,54.0528,34.9562,34.8088,34.1734,34.8081,35.4306,36.9076,36.6769,35.4696,36.6819,37.8758,60.9703,60.4636,57.5554,60.4453,63.3770,71.3878,70.7533,65.6474,70.6896,75.8297,63.9459,63.2917,57.6359,63.2023,68.9001,46.9669,46.4999,41.4741,46.4263,51.4460,39.1580,38.6872,34.4872,38.6075,42.7844,51.8100,51.2739,45.5917,51.1763,56.7686,82.1756,82.1461,69.3810,79.4295,96.4283,59.5836,60.2951,48.5832,56.9685,72.8896,64.9459,66.4038,50.4291,60.9085,82.8047,73.3652,75.8886,53.9285,66.8484,97.6537,73.0244,75.4340,53.0555,66.0949,98.5438,71.2442,73.4783,50.9695,63.3731,98.0646,73.0640,75.6031,50.8098,63.3620,104.4405,74.1371,77.1620,49.3146,62.1215,111.4355,11.00000000000,30,011
30,077,01720021,30077,Powell,Powell County,06,H1,G4020,,,,A,6025327864.00000000000,16197534.00000000000,+46.8442254,-112.9310998,30077,421.1089,419.8376,416.3983,419.8334,423.3804,417.4711,415.4503,407.7273,415.4594,423.0622,397.0612,394.3449,381.3115,394.4254,407.3458,462.0499,457.7444,435.7262,457.6370,479.9911,420.0244,415.3239,385.2672,414.9129,445.5217,471.0132,465.1924,422.9834,464.3434,507.2132,576.2245,568.1823,504.7136,566.7546,630.9113,484.7548,477.7527,424.7124,476.5259,529.5786,544.4734,536.4592,474.5727,534.9417,596.2946,470.8641,468.6653,393.8982,452.6204,552.0391,458.1428,461.4160,369.7107,435.2813,560.0964,439.8963,447.6031,337.7746,409.8212,560.5968,414.2723,426.4133,300.9100,374.8299,551.2368,394.1504,405.1559,282.9138,354.2039,531.7132,381.9432,392.0253,269.9318,337.3412,525.5762,354.3645,364.9599,243.3870,305.1535,506.4218,332.1181,344.1506,218.2109,276.4265,499.1126,11.00000000000,30,077
16,045,00395442,16045,Gem,Gem County,06,H1,G4020,,14260,,A,1452724628.00000000000,12445495.00000000000,+44.0614727,-116.3987839,16045,1029.7766,1026.8995,1018.6081,1026.8787,1035.3642,871.2328,867.3552,851.4124,867.3507,882.9981,868.6441,863.2935,834.8949,863.4011,891.4760,951.0903,943.1539,897.7896,942.8696,988.6124,952.8031,943.4738,875.3128,942.5918,1011.5212,1075.0900,1063.1299,967.5142,1061.4440,1158.1026,977.9671,966.6782,860.8049,964.7901,1071.0529,936.3609,924.8840,824.2556,922.9334,1023.0625,953.2036,941.3593,835.0111,939.1545,1044.1919,806.1982,804.7063,678.5108,777.7714,945.7346,780.6037,788.5462,634.0730,744.6160,954.7012,762.9386,778.7047,590.0242,713.7984,972.5670,718.8349,742.2426,526.1390,653.3315,956.6991,686.8890,708.3174,496.9197,620.1350,926.8218,653.6123,672.9805,465.6318,579.9692,899.5785,598.8976,618.7243,414.7366,518.1350,856.0183,539.6677,560.8698,357.5195,451.1988,811.1236,11.00000000000,16,045
16,029,00395406,16029,Caribou,Caribou County,06,H1,G4020,,,,A,4569116224.00000000000,89170677.00000000000,+42.7862726,-111.5441715,16029,329.7639,328.8493,326.1976,328.8424,331.5542,328.2784,326.8076,320.7955,326.8066,332.7087,402.0652,399.4805,386.3150,399.5429,412.5726,386.8264,383.5924,365.1421,383.4771,402.0834,341.6855,338.2954,313.8514,337.9774,362.7131,361.6524,357.5834,325.3940,357.0076,389.5639,333.5592,329.6130,293.4274,328.9473,365.2973,333.1036,329.0138,293.2098,328.3185,363.9466,335.2997,331.1923,293.8370,330.4289,367.3130,290.5925,289.8752,244.2447,280.1242,340.8446,237.8680,240.1972,193.0571,226.7875,290.9048,232.8988,237.6225,179.9580,217.7858,296.8803,214.9559,221.8735,157.1929,195.2653,286.0781,199.8950,206.0584,144.4858,180.3763,269.7125,191.6570,197.2688,136.4179,169.9773,263.7756,177.2801,183.0890,122.6603,153.2983,253.3864,159.9757,166.2099,105.8902,133.6881,240.4413,11.00000000000,16,029
30,093,01719575,30093,Silver Bow,Silver Bow County,06,H6,G4020,,15580,,C,1860847940.00000000000,1488572.00000000000,+45.8959590,-112.6602218,30093,1999.4937,1993.9036,1977.8026,1993.8634,2010.3423,1864.8792,1856.5983,1822.4826,1856.5873,1890.0685,1989.1323,1976.6000,1911.5152,1976.8789,2041.2585,2281.2043,2261.7510,2152.9631,2261.0978,2370.9349,2339.9523,2316.7813,2149.3834,2314.6056,2483.9849,2697.3683,2667.8709,2428.2536,2663.7379,2905.7926,2154.7883,2130.2415,1897.2226,2126.1553,2359.9249,2309.7703,2281.9455,2034.1527,2277.2331,2523.6701,2479.5817,2449.7639,2174.0253,2444.2338,2716.3915,2379.5005,2375.0805,2002.6003,2295.5781,2791.3392,2471.9900,2497.2180,2008.0946,2358.1205,3023.3285,2536.0744,2588.5157,1961.3502,2372.7698,3232.9016,2540.8159,2623.5289,1859.6651,2309.2550,3381.5756,2593.5791,2674.4022,1876.1361,2341.4163,3499.5182,2635.3175,2713.2595,1877.1329,2338.2047,3627.0234,2584.0276,2669.3671,1789.0752,2235.3082,3693.3964,2564.1658,2664.6277,1698.2166,2143.4764,3853.9385,11.00000000000,30,093
30,063,01719596,30063,Missoula,Missoula County,06,H1,G4020,,33540,,A,6716936093.00000000000,64479320.00000000000,+47.0272626,-113.8926807,30063,6191.8585,6174.4881,6124.5974,6174.3664,6225.4453,6386.1781,6357.6108,6240.6755,6357.5879,6472.3774,7537.1355,7489.5345,7242.8959,7490.6042,7734.5860,9023.7917,8947.0781,8516.7327,8944.4773,9378.8917,7984.2728,7905.4974,7334.3148,7898.0844,8475.9234,8157.4669,8065.8054,7339.8015,8052.8396,8787.0766,6586.4964,6507.5795,5792.2780,6494.2089,7213.0861,8209.1678,8107.3247,7224.0146,8089.9729,8969.2186,9091.0616,8977.3902,7962.4615,8956.2165,9958.7657,8445.3524,8426.3341,7101.6578,8143.3763,9906.2473,10408.0881,10510.4026,8448.0572,9923.7559,12728.8135,10482.7542,10695.6519,8100.3879,9802.8751,13362.5913,10231.6780,10561.0503,7482.3876,9294.5496,13617.0281,10318.1870,10636.1714,7457.7968,9310.4658,13922.0187,10489.0956,10795.8943,7465.3699,9302.1795,14436.0112,10513.3109,10857.2579,7273.2122,9090.4289,15026.6329,10612.9611,11025.7888,7023.5256,8868.0903,15951.0854,11.00000000000,30,063
16,033,00399755,16033,Clark,Clark County,06,H1,G4020,,,,A,4569218695.00000000000,2476848.00000000000,+44.2862512,-112.3611202,16033,48.5321,48.4028,48.0152,48.4015,48.7964,57.3979,57.1355,56.0816,57.1357,58.1710,48.1235,47.8221,46.2479,47.8287,49.3856,62.9418,62.3942,59.3931,62.3770,65.4107,50.7856,50.2620,46.6285,50.2140,53.8980,37.7144,37.3051,33.9564,37.2479,40.6295,34.5059,34.1428,30.4348,34.0842,37.7943,39.4669,39.0601,34.8871,38.9936,43.1258,28.1441,27.8648,24.7891,27.8143,30.8391,10.9312,10.9144,9.2060,10.5499,12.8240,25.7364,26.0636,21.0197,24.6317,31.4870,24.6359,25.2093,19.1648,23.1300,31.4128,19.4334,20.1110,14.3007,17.7188,25.8679,18.2136,18.8210,13.2440,16.4934,24.5792,18.1403,18.7160,12.9899,16.1448,24.9699,16.8543,17.4456,11.7307,14.6233,24.0925,14.0218,14.5987,9.3357,11.7552,21.0764,11.00000000000,16,033
30,079,01715847,30079,Prairie,Prairie County,06,H1,G4020,,,,A,4498127620.00000000000,15097116.00000000000,+46.8524335,-105.3758080,30079,55.5922,55.4329,54.9833,55.4320,55.8933,90.6141,90.2229,88.5709,90.2216,91.8412,94.1261,93.5525,90.4764,93.5634,96.6036,69.3993,68.8557,65.5440,68.8326,72.1599,77.6373,76.9634,71.4108,76.8948,82.4787,64.3459,63.7164,58.0410,63.6319,69.3395,58.9397,58.2854,51.9251,58.1775,64.5527,54.8698,54.2734,48.4444,54.1746,59.9549,60.9108,60.2177,53.4801,60.0900,66.7328,79.4646,79.4706,67.1544,76.8519,93.2554,58.7750,59.4668,47.9063,56.1828,71.8988,57.1483,58.4164,44.3486,53.5771,72.8611,57.0736,59.0178,41.9208,51.9803,75.9670,55.9730,57.8017,40.6355,50.6384,75.5320,53.1169,54.7605,37.9623,47.2205,73.1114,50.2782,52.0013,34.9214,43.5716,71.8680,50.0389,52.0585,33.2457,41.9019,75.2121,11.00000000000,30,079
30,105,01678923,30105,Valley,Valley County,06,H1,G4020,,,,A,12757810954.00000000000,352165096.00000000000,+48.3657129,-106.6878830,30105,379.4260,378.3705,375.3179,378.3627,381.4854,365.2957,363.6663,356.9799,363.6646,370.2277,402.8279,400.2041,387.0069,400.2705,413.3360,533.4382,528.8854,503.4466,528.7329,554.4184,532.6181,527.1978,489.0925,526.6970,565.3064,727.2836,719.1688,654.4729,718.0237,783.4335,638.7530,631.1703,561.8561,629.8896,699.5273,635.3873,627.4128,558.9630,626.0509,694.2096,654.6982,646.4851,573.3698,644.9547,717.1831,687.4600,685.7835,577.8509,662.7202,806.3472,627.9188,633.9193,509.3689,598.4834,767.8999,644.9371,657.8654,498.0677,602.8945,822.0946,662.1646,683.3217,483.9663,601.3170,881.2406,661.2033,681.4301,477.6466,596.4363,892.1282,668.0072,687.4019,475.1864,592.2347,919.3584,643.3035,664.2132,444.8028,556.0674,919.4615,621.7854,645.8483,411.2694,519.4063,934.5245,11.00000000000,30,105
30,009,01720111,30009,Carbon,Carbon County,06,H1,G4020,,13740,,A,5306336324.00000000000,34640087.00000000000,+45.2244745,-109.0285509,30009,589.5080,587.8360,583.0767,587.8253,592.7031,589.5369,586.8968,576.1005,586.8949,597.4934,641.5411,637.4894,616.4961,637.5804,658.3475,694.1234,688.1681,655.0678,687.9718,721.4035,683.7496,676.8690,627.9525,676.2291,725.7645,847.5706,838.0360,762.5974,836.6868,912.9846,810.7820,800.9023,712.7211,799.2190,887.8947,737.1237,727.9450,648.5999,726.3800,805.3688,751.2167,742.0454,658.3818,740.3416,822.9441,710.9951,709.3567,597.8053,685.5263,833.9755,850.9999,859.4566,690.9009,811.5135,1040.7649,859.7653,877.3185,664.5314,804.1193,1095.9724,841.1834,868.3528,615.3092,764.2522,1119.5134,861.7759,888.4218,623.0275,777.7227,1162.7760,884.6581,910.6182,629.7828,784.6599,1217.5506,872.9296,901.5666,604.0407,754.8852,1247.6802,866.0285,899.7864,573.2531,723.7321,1301.6293,11.00000000000,30,009
30,013,01719622,30013,Cascade,Cascade County,06,H1,G4020,,24500,,A,6988196577.00000000000,34515098.00000000000,+47.3164427,-111.3505710,30013,4160.3656,4148.8163,4115.3568,4148.7290,4182.9504,3846.0306,3828.9690,3758.6187,3828.9452,3897.9843,4003.9234,3978.7649,3847.7689,3979.3183,4108.8864,4941.0480,4899.2920,4663.6421,4897.8510,5135.6450,5126.9008,5077.0504,4710.2914,5072.3182,5443.0854,4961.7407,4906.4727,4465.1499,4898.6785,5344.8389,4425.1073,4371.7573,3890.9270,4362.6995,4846.0407,4609.7182,4551.5504,4054.6697,4541.6063,5036.4546,4964.9460,4902.0403,4346.9984,4890.3059,5438.7293,4754.4070,4743.0435,3996.7764,4583.5943,5576.6753,4323.7879,4365.4549,3508.0744,4121.5348,5287.7409,4346.1103,4433.5330,3356.9130,4063.1729,5539.9779,4312.5670,4450.5640,3152.3420,3916.5332,5739.3904,4245.1332,4375.1539,3066.9141,3829.5097,5727.7585,4134.2059,4254.3559,2941.0722,3665.4106,5689.7938,4044.2706,4175.8625,2796.5956,3496.0147,5780.4093,3981.9717,4136.2209,2634.0721,3326.5082,5984.7903,11.00000000000,30,013
30,101,01719566,30101,Toole,Toole County,06,H1,G4020,,,,A,4961503682.00000000000,78006626.00000000000,+48.6450515,-111.7334927,30101,289.2655,288.4042,286.0479,288.4008,290.8274,281.3780,280.0673,274.8884,280.0699,285.1611,268.4897,266.7159,257.9150,266.7631,275.4795,291.7810,289.1684,275.2593,289.0933,303.1787,269.7297,266.7679,247.4671,266.5061,286.1409,302.1150,298.4307,271.3842,297.8955,325.3486,311.3354,307.1767,273.0304,306.4476,340.9042,270.5310,266.7736,237.3068,266.1196,295.5549,293.5425,289.3929,256.1841,288.6101,321.5018,290.5277,289.2621,243.2030,279.3838,340.6355,269.1892,271.2823,217.5271,255.9695,329.1213,256.7628,261.4398,197.4682,239.4332,327.2360,241.3011,248.5580,175.5879,218.5593,321.0952,232.8928,239.5948,167.5100,209.5428,314.1927,231.9265,238.2655,164.2898,205.1182,319.1619,226.4167,233.4278,155.9361,195.2765,323.5887,218.8571,227.0260,144.2229,182.4522,328.9169,11.00000000000,30,101
30,065,01719593,30065,Musselshell,Musselshell County,06,H1,G4020,,,,A,4838499504.00000000000,7127210.00000000000,+46.5056647,-108.4369821,30065,280.7391,279.9553,277.6953,279.9497,282.2625,294.9865,293.6656,288.2635,293.6646,298.9678,250.2853,248.7203,240.5333,248.7540,256.8508,289.1474,286.7561,272.9636,286.6682,300.5685,282.4944,279.7898,259.5819,279.5306,299.9441,314.3919,311.0445,283.1655,310.5800,338.7112,301.7386,298.2871,265.6460,297.7117,330.4626,302.1176,298.5692,266.2391,297.9715,330.1009,288.2495,284.7609,252.6862,284.1134,315.7758,271.0778,270.5908,228.1703,261.5376,317.9994,303.8252,306.9579,246.8652,289.8699,371.5938,302.1551,308.4373,233.7407,282.7416,385.1812,301.2124,311.0519,220.5205,273.8036,400.8870,305.3931,314.9428,220.9712,275.7428,412.0700,306.9912,316.1029,218.7258,272.4210,422.5187,300.3624,310.3109,208.0097,259.8641,429.3154,294.1003,305.6491,194.8259,245.8810,442.0341,11.00000000000,30,065
30,047,01796943,30047,Lake,Lake County,06,H1,G4020,,,,A,3859469950.00000000000,423637498.00000000000,+47.6429007,-114.0836866,30047,1577.9481,1573.6279,1560.9683,1573.5920,1586.5225,1579.2488,1572.3541,1543.5241,1572.3365,1600.6136,1710.5618,1700.0129,1644.0871,1700.2263,1755.5162,1921.3964,1905.3058,1813.6633,1904.7354,1997.1619,1830.1605,1812.5599,1681.6402,1810.8779,1943.1577,1738.2399,1719.1215,1564.6469,1716.4372,1872.5210,1658.4545,1639.1587,1459.4983,1635.9225,1816.2936,1782.5080,1760.9642,1569.6734,1757.3131,1947.5758,2144.6965,2118.6050,1879.8324,2113.7597,2349.4870,1887.7657,1883.6409,1587.6409,1820.4221,2214.3461,1795.9824,1814.1112,1458.5965,1713.0016,2196.5154,1861.9788,1900.2665,1439.6422,1741.8109,2373.5614,1846.3704,1906.2587,1351.0158,1677.8253,2457.3178,1838.0597,1895.1359,1329.2604,1659.0948,2480.0771,1823.8874,1877.6450,1298.8276,1618.0219,2510.2263,1826.8325,1886.9746,1264.4874,1580.0593,2611.1107,1818.9179,1890.0039,1204.3308,1520.2793,2733.8206,11.00000000000,30,047
16,059,00399754,16059,Lemhi,Lemhi County,06,H1,G4020,,,,A,11819118494.00000000000,13894478.00000000000,+44.9287886,-113.8878408,16059,370.1209,369.0996,366.1260,369.0915,372.1310,312.1414,310.7796,305.0818,310.7760,316.3644,329.1071,327.0343,316.2660,327.0804,337.7320,389.5688,386.3341,367.7521,386.2166,404.9482,382.1713,378.5151,351.1770,378.1646,405.7798,389.3681,385.0655,350.4520,384.4604,419.4414,331.2248,327.3230,291.4038,326.6657,362.7427,309.8882,306.1431,272.8876,305.5085,338.5851,337.2883,333.1899,295.6435,332.4290,369.4956,283.5975,283.0353,238.6135,273.5516,332.6734,297.5992,300.5845,241.6607,283.8256,363.9655,300.2349,306.3890,232.1009,280.8338,382.7227,293.8835,303.3927,214.9992,267.0275,391.1248,289.4894,298.4508,209.3066,261.2673,390.6029,282.5434,290.8389,201.1485,250.6113,388.8634,275.7407,284.7839,190.7994,238.4495,394.1167,271.7917,282.3795,179.8961,227.1256,408.4989,11.00000000000,16,059
16,043,00395408,16043,Fremont,Fremont County,06,H1,G4020,,39940,,A,4826508353.00000000000,83291796.00000000000,+44.2180909,-111.4844290,16043,728.1116,726.0654,720.1967,726.0512,732.0607,685.3618,682.3453,669.8212,682.3394,694.6267,828.6668,823.3558,796.2243,823.4824,850.3318,857.1481,850.0321,809.1469,849.7734,890.9873,683.0808,676.3648,627.4987,675.7315,725.1587,775.3908,766.6149,697.5715,765.3705,835.2186,640.5125,633.0078,563.5800,631.7460,701.4656,684.1988,675.7522,602.1690,674.3144,747.5482,639.1194,631.0966,559.7165,629.6016,700.1168,456.3159,455.2653,383.6725,439.9712,535.2448,426.0183,430.1566,345.7046,406.1318,521.0009,402.2647,410.3828,310.7536,376.1101,512.7692,361.5876,373.1649,264.3204,328.3908,481.2203,321.2631,331.0954,232.0852,289.8002,433.4645,294.9973,303.5605,209.8432,261.5334,405.9958,260.0973,268.5450,179.8291,224.8184,371.7517,225.1347,233.8378,148.8945,188.0538,338.3700,11.00000000000,16,043
30,075,01719584,30075,Powder River,Powder River County,06,H1,G4020,,,,A,8539962788.00000000000,1566748.00000000000,+45.4088904,-105.5552589,30075,115.9697,115.6473,114.7143,115.6448,116.5992,88.0995,87.7129,86.1035,87.7120,89.2908,112.2014,111.4994,107.8291,111.5145,115.1445,129.5886,128.5274,122.3455,128.4873,134.7140,135.5362,134.1783,124.4819,134.0517,143.8685,183.8763,181.7902,165.4145,181.4941,198.0624,160.8700,159.0663,141.6925,158.7678,176.1882,119.6681,118.2323,105.3994,117.9893,130.7505,136.6513,135.0638,119.9185,134.7705,149.7088,119.4011,119.2954,100.6975,115.3334,140.0950,153.7793,155.4230,125.0511,146.7888,188.0895,159.4576,162.8292,123.4515,149.2832,203.2801,158.9327,164.1800,116.4513,144.5403,211.5303,162.0473,167.1686,117.3447,146.3830,218.6569,167.8699,172.9025,119.6920,149.0297,231.0471,166.1878,171.7388,115.1724,143.8389,237.5395,160.5121,166.8582,106.4076,134.2482,241.2531,11.00000000000,30,075
30,033,01716058,30033,Garfield,Garfield County,06,H1,G4020,,,,A,12109116880.00000000000,445782449.00000000000,+47.2811742,-106.9822116,30033,55.9436,55.7914,55.3430,55.7901,56.2477,55.7356,55.5002,54.4868,55.4991,56.4919,92.9782,92.3908,89.3482,92.4040,95.4139,93.6863,92.9090,88.4402,92.8807,97.3852,106.3780,105.3621,97.7525,105.2646,112.9507,103.8436,102.6648,93.4163,102.4975,111.8550,117.6654,116.2647,103.4933,116.0280,128.8602,109.2953,108.0119,96.3163,107.7957,119.4187,134.0580,132.4166,117.4820,132.1115,146.8576,127.6572,127.3202,107.2573,123.0315,149.7276,110.8504,111.9432,89.9808,105.6960,135.5675,115.8476,118.2049,89.5273,108.3397,147.6740,113.3850,117.0406,82.9276,103.0070,150.9011,112.4400,115.9116,81.2808,101.4668,151.7124,109.9739,113.1968,78.2823,97.5375,151.3562,108.7252,112.2880,75.2275,94.0175,155.4008,104.5037,108.5740,69.1686,87.3288,157.0674,11.00000000000,30,033
30,001,01719627,30001,Beaverhead,Beaverhead County,06,H1,G4020,,,,A,14352738393.00000000000,78393828.00000000000,+45.1338633,-112.8928694,30001,447.3937,446.1366,442.5307,446.1279,449.8202,475.1474,473.0170,464.3141,473.0156,481.5594,455.0859,452.1955,437.3005,452.2620,466.9986,526.9799,522.4894,497.3582,522.3383,547.7107,421.8099,417.5305,387.3530,417.1344,447.7062,551.4533,545.0528,495.8623,544.1375,593.9562,287.9994,284.5410,253.2580,283.9547,315.3966,506.5605,500.1675,445.5646,499.0745,553.4544,459.2765,453.5928,402.3728,452.5353,503.1197,413.3889,412.5153,347.7200,398.6785,484.9117,453.4890,457.8920,367.9926,432.3174,554.5960,441.1108,450.0141,340.7647,412.4321,562.2866,425.7082,439.3579,311.2256,386.6489,566.5572,411.0097,423.6234,296.9791,370.8015,554.5583,411.3016,423.2811,292.6455,364.6955,566.0652,395.3803,408.2681,273.4444,341.8099,565.1122,397.7858,413.2166,263.1741,332.3340,597.8621,11.00000000000,30,001
30,031,01720053,30031,Gallatin,Gallatin County,06,H1,G4020,,14580,,A,6740934490.00000000000,76086709.00000000000,+45.5355586,-111.1734431,30031,5440.5502,5425.1942,5381.3090,5425.0913,5470.0484,6470.2174,6441.3208,6322.8709,6441.2943,6557.5641,7696.0891,7647.4729,7395.6310,7648.5666,7897.6974,9392.1601,9313.0875,8865.1406,9310.3281,9762.2500,9576.9207,9482.9376,8797.8274,9474.0649,10166.9756,10728.3162,10609.4580,9655.5784,10592.7273,11556.8406,10062.8821,9944.9597,8854.1880,9925.1321,11020.4932,12654.9593,12500.1346,11140.3905,12473.8295,13826.7528,13997.2430,13825.6666,12266.1509,13793.7775,15333.6400,13640.6785,13612.0944,11474.2251,13155.5746,16000.7901,15786.9427,15943.9922,12817.2345,15054.6406,19307.3109,16420.4074,16755.7677,12691.8978,15357.7883,20931.6720,16638.4707,17175.9275,12170.8027,15116.8472,22143.7963,17196.8236,17728.5798,12432.6348,15519.5765,23203.3155,17758.4846,18279.6258,12642.1962,15751.1642,24440.9168,17965.6757,18555.0292,12431.6628,15536.1881,25678.3792,18089.7839,18794.8845,11974.1538,15117.4148,27188.7014,11.00000000000,30,031
30,007,01719625,30007,Broadwater,Broadwater County,06,H1,G4020,,,,A,3088667752.00000000000,119697770.00000000000,+46.3344755,-111.4961030,30007,382.9845,381.9292,378.8532,381.9208,385.0647,403.5853,401.8050,394.4280,401.8018,409.0400,355.3947,353.1685,341.5425,353.2169,364.7153,398.3743,394.9864,375.9880,394.8717,414.0501,354.2886,350.8477,325.5033,350.5208,376.1407,419.6222,415.0111,377.7223,414.3639,452.0397,388.4728,383.9742,341.9075,383.2210,425.4471,359.7612,355.5012,316.9719,354.7824,393.0817,381.8173,377.1511,334.6234,376.2841,418.2733,292.5856,292.1216,246.3846,282.3647,343.2450,317.7495,320.9913,258.1186,303.1115,388.6184,302.7817,309.0503,234.1788,283.2944,385.9767,285.7403,295.0582,209.1654,259.7190,380.2936,276.8766,285.5236,200.3187,249.9809,373.5914,267.8546,275.7992,190.8319,237.6845,368.6537,245.8360,253.9812,170.2534,212.6930,351.3796,223.9006,232.7030,148.3404,187.2034,336.5242,11.00000000000,30,007
30,085,01669428,30085,Roosevelt,Roosevelt County,06,H1,G4020,,,,A,6098886500.00000000000,37876242.00000000000,+48.2827471,-104.9951698,30085,520.1864,518.7143,514.5164,518.7047,523.0063,641.8166,638.9382,627.1822,638.9363,650.4776,719.2035,714.5575,691.0029,714.6716,737.9862,935.1414,927.2359,882.6370,926.9634,971.9690,1173.3187,1161.5378,1077.5972,1160.4407,1245.4338,1245.2054,1231.0067,1120.0718,1228.9882,1341.2526,1105.0539,1091.8513,971.8706,1089.6166,1210.1848,1238.7253,1223.4916,1090.3235,1220.9007,1353.4213,1493.4955,1474.8220,1308.0883,1471.3437,1636.0436,1583.8513,1579.8190,1331.0151,1526.6428,1857.7163,1354.9573,1368.1019,1099.4878,1291.6861,1657.0481,1438.9720,1468.0197,1111.6339,1345.4221,1834.2671,1512.0058,1560.5046,1105.4249,1373.3006,2012.2669,1531.6390,1578.6710,1106.7473,1381.8360,2066.5792,1538.0229,1582.8456,1094.3660,1363.7773,2116.7486,1536.2013,1586.3065,1062.4899,1328.0995,2195.6756,1530.0719,1589.4529,1012.3393,1278.3462,2299.6616,11.00000000000,30,085
30,083,01715338,30083,Richland,Richland County,06,H1,G4020,,,,A,5397905671.00000000000,49581823.00000000000,+47.7855132,-104.5633871,30083,766.3747,764.2364,758.0673,764.2208,770.5335,996.7709,992.3074,974.0534,992.3041,1010.2238,1163.0112,1155.6418,1117.5798,1155.8097,1193.4649,1510.0953,1497.2241,1425.2091,1496.7912,1569.4985,1778.6401,1760.8347,1633.5895,1759.1736,1887.9949,2170.8995,2146.1925,1952.8134,2142.6824,2338.3627,2138.6244,2112.8441,1880.4647,2108.4673,2342.0591,2284.2429,2255.8879,2010.0875,2251.0562,2495.7299,2720.0576,2686.1923,2382.6568,2679.8870,2979.6935,2895.9028,2889.6256,2435.5908,2792.6575,3396.9017,2941.5102,2970.3419,2387.4233,2804.5238,3597.3747,3098.9093,3161.7604,2394.4848,2897.8158,3950.2357,3230.8847,3334.8061,2362.5876,2934.8580,4299.8783,3373.1095,3476.9778,2437.8774,3043.5698,4551.2274,3500.6628,3602.9739,2491.3738,3104.4351,4817.9118,3561.0900,3677.5168,2463.4634,3079.0335,5089.8460,3598.3728,3738.2762,2381.2374,3006.6831,5408.2838,11.00000000000,30,083
30,095,01719572,30095,Stillwater,Stillwater County,06,H1,G4020,,,,A,4649935552.00000000000,23914264.00000000000,+45.6634955,-109.3917515,30095,605.0281,603.3438,598.4755,603.3313,608.3118,604.5843,601.8754,590.8027,601.8735,612.7436,619.7673,615.9237,595.6567,616.0035,636.0430,665.8900,660.3791,628.6160,660.1770,692.1896,596.0742,590.1798,547.5373,589.6259,632.7701,707.2698,699.3398,636.4032,698.2190,761.8634,701.7436,693.5920,617.5823,692.2256,768.5317,793.7431,784.0241,698.7311,782.3725,867.2397,797.9852,788.2293,699.3445,786.4166,874.1766,668.2391,667.1297,562.6309,644.8340,783.9285,714.7726,722.1968,580.8648,682.0097,874.2125,731.3699,746.6247,565.8571,684.4404,932.3415,719.4851,743.0413,526.8328,654.0821,957.5757,725.1213,747.8518,524.7671,654.7908,978.4187,749.2447,771.5288,533.9039,664.9308,1031.2057,751.0403,775.9548,520.1857,649.8249,1073.4829,737.4195,766.4126,488.5655,616.5597,1108.3470,11.00000000000,30,095
16,017,00395158,16017,Bonner,Bonner County,06,H1,G4020,,,,A,4492523343.00000000000,478955717.00000000000,+48.3125124,-116.5969397,16017,2387.2798,2380.6594,2361.4634,2380.6090,2400.2402,2370.5061,2360.1967,2316.9424,2360.1678,2402.5869,2415.1940,2400.2979,2321.3342,2400.5995,2478.6654,2546.3745,2525.1156,2403.6614,2524.3553,2646.8265,2427.0979,2403.9285,2230.3099,2401.7045,2577.0644,2557.0031,2529.0460,2301.9008,2525.1292,2754.5831,2373.1891,2346.1103,2089.4391,2341.5999,2599.1124,2160.6982,2135.1951,1903.8633,2130.8943,2360.8236,2016.1910,1992.6855,1769.1532,1988.3418,2208.8350,1861.2978,1859.2654,1569.0432,1797.4135,2183.7930,2026.7827,2048.6505,1648.5084,1934.9043,2479.0171,1938.0278,1979.3491,1501.0151,1814.8021,2470.6829,1832.8498,1893.7832,1343.6627,1667.3999,2439.4545,1797.1872,1854.4499,1302.2155,1624.0538,2425.0584,1739.6627,1792.3535,1241.3280,1545.1001,2394.4208,1653.5939,1709.3753,1146.9519,1431.9054,2363.5930,1553.8017,1615.7533,1030.9812,1300.1971,2335.4288,11.00000000000,16,017
30,051,01720036,30051,Liberty,Liberty County,06,H1,G4020,,,,A,3703800609.00000000000,44369051.00000000000,+48.5596541,-111.0369242,30051,141.5095,141.1131,139.9733,141.1103,142.2772,125.6650,125.1053,122.8056,125.1047,127.3619,169.2829,168.2117,162.6718,168.2359,173.7164,213.5352,211.7276,201.5438,211.6656,221.9431,202.2401,200.2451,185.7771,200.0573,214.6937,203.3942,201.1868,183.1277,200.8783,219.1152,178.4904,176.4069,157.0656,176.0570,195.4770,179.7940,177.5587,158.2086,177.1777,196.4400,220.8317,218.2148,193.6928,217.7303,241.9267,222.1912,221.8283,187.0870,214.4164,260.6597,209.6169,211.7713,170.3066,199.9801,256.3711,219.9054,224.4662,170.0942,205.7621,280.3296,222.1121,229.3553,162.5891,201.8854,295.6104,219.7403,226.6027,158.9805,198.3946,296.4971,220.4416,226.9764,157.0466,195.6075,303.3979,216.0815,223.2318,149.6309,186.9386,308.8501,213.3958,221.7694,141.3526,178.4010,320.7345,11.00000000000,30,051
30,099,01720018,30099,Teton,Teton County,06,H1,G4020,,,,A,5885423184.00000000000,52172846.00000000000,+47.8190352,-112.2817249,30099,297.7990,296.9557,294.5521,296.9502,299.4132,280.5472,279.2851,274.1444,279.2846,284.3320,263.1037,261.4127,252.7974,261.4534,269.9797,334.6233,331.7032,315.7484,331.6119,347.7431,301.7576,298.7897,277.2026,298.5099,320.3452,428.6646,423.6934,385.4581,422.9827,461.7048,361.0561,356.5924,317.2736,355.8283,395.3884,320.4740,316.4071,281.8429,315.7111,350.1400,324.8474,320.7084,284.3719,319.9359,355.8434,423.6842,422.7742,356.3534,408.5892,496.9847,313.5502,316.5456,254.3508,298.8505,383.4493,305.4450,311.5598,235.8729,285.5233,389.3466,317.0991,327.2271,231.7566,287.9555,422.0105,311.5505,321.0777,225.0550,281.0288,420.3591,303.3905,312.1978,215.8144,268.9751,417.5471,286.9526,296.2861,198.4206,248.0481,410.1365,274.2678,284.8952,181.4335,229.1250,412.2169,11.00000000000,30,099
30,049,00793926,30049,Lewis and Clark,Lewis and Clark County,06,H1,G4020,,25740,,A,8958322731.00000000000,100717209.00000000000,+47.1221333,-112.3829537,30049,4138.4668,4126.8943,4093.5678,4126.8112,4160.9206,4103.0574,4084.8470,4009.7911,4084.8222,4158.4805,4528.1239,4499.5054,4351.3269,4500.1506,4646.7353,5670.2665,5621.9678,5351.5567,5620.3399,5893.3401,5573.4163,5517.9887,5119.2681,5512.7973,5916.3238,5045.0019,4987.5938,4538.2007,4979.4383,5434.1760,4936.2251,4876.0628,4339.1860,4865.8114,5405.7033,5344.4675,5277.3693,4701.5940,5265.9099,5839.2420,5646.3277,5575.3104,4944.5714,5562.0735,6185.1957,5295.9121,5282.8803,4451.3179,5105.1823,6211.7423,5330.9552,5382.1251,4324.8771,5081.3358,6519.4150,5352.3568,5459.8139,4133.7714,5003.6519,6822.6132,5226.5752,5393.5999,3820.0756,4746.3305,6955.7811,5111.1845,5267.5096,3692.2145,4610.4881,6896.2607,5003.0329,5148.2233,3558.7879,4435.4513,6885.5196,4925.1930,5085.2568,3405.4109,4257.2762,7039.4840,4812.8949,4999.1533,3183.4096,4020.4362,7233.6333,11.00000000000,30,049
16,083,00399334,16083,Twin Falls,Twin Falls County,06,H1,G4020,,46300,,A,4975917336.00000000000,18417854.00000000000,+42.3523090,-114.6656386,16083,4170.4623,4158.7648,4125.1624,4158.6828,4193.0846,4811.0925,4789.8183,4701.8508,4789.7837,4876.1022,5464.9562,5430.7152,5251.9376,5431.4593,5608.2752,6754.1921,6697.6524,6375.5049,6695.6455,7020.5417,6837.6621,6771.3670,6282.2298,6765.0627,7259.4768,6631.5201,6558.4765,5969.0864,6548.2159,7143.7823,6279.9112,6206.2219,5525.4308,6193.8258,6877.5136,6965.3577,6880.4178,6132.2536,6865.9961,7610.3354,8243.6514,8142.4953,7223.9241,8123.6920,9030.7068,7806.9415,7790.3161,6566.5411,7528.9744,9157.6351,7732.1542,7809.0465,6277.5971,7373.4513,9456.3616,8084.3175,8249.3936,6248.5891,7561.1126,10305.3602,8172.0496,8435.9930,5977.6851,7424.6604,10876.0085,8244.1458,8499.0621,5960.1843,7440.0655,11123.6537,8322.6189,8566.8670,5924.8616,7381.8923,11454.3816,8356.7886,8630.9455,5782.6564,7226.7266,11944.3769,8357.6221,8683.4043,5532.1893,6984.3894,12561.3945,11.00000000000,16,083
30,103,01719563,30103,Treasure,Treasure County,06,H1,G4020,,,,A,2531448178.00000000000,17161233.00000000000,+46.2096360,-107.2804935,30103,32.0552,31.9638,31.7049,31.9633,32.2288,21.9761,21.8733,21.4686,21.8736,22.2714,19.1776,19.0591,18.4321,19.0615,19.6815,37.5596,37.2334,35.4425,37.2230,39.0332,45.8435,45.3960,42.1165,45.3536,48.6696,40.9270,40.4122,36.7396,40.3367,44.0699,22.3117,22.0488,19.6293,22.0046,24.4348,17.8400,17.6235,15.7082,17.5868,19.4921,29.6689,29.3401,26.0664,29.2798,32.5058,32.0739,31.9769,26.9262,30.8964,37.6161,26.2085,26.4713,21.2820,24.9954,32.0531,29.2775,29.8763,22.6311,27.3840,37.3212,28.5563,29.4822,20.8944,25.9491,38.0053,28.8911,29.7882,20.8936,26.0780,38.9825,29.0734,29.9349,20.7117,25.7976,40.0143,30.6819,31.6971,21.2463,26.5437,43.8543,31.0378,32.2570,20.5616,25.9495,46.6499,11.00000000000,30,103
30,025,01688745,30025,Fallon,Fallon County,06,H1,G4020,,,,A,4197780621.00000000000,5915343.00000000000,+46.3181841,-104.4057182,30025,149.8854,149.4678,148.2617,149.4648,150.6988,212.5750,211.6260,207.7345,211.6251,215.4449,240.2128,238.6628,230.7960,238.7007,246.4872,289.1731,286.7554,272.9629,286.6693,300.5784,306.3923,303.2838,281.3636,302.9961,325.2027,360.9073,356.8774,324.7712,356.3087,388.7702,352.3270,348.1569,309.9339,347.4533,385.8506,404.5579,399.7561,356.4189,398.9453,442.0268,475.6468,469.8956,416.9732,468.8283,521.0691,517.6247,516.4683,435.2849,499.1278,607.1668,446.6934,451.2295,362.8268,426.0885,546.3177,472.8394,482.5885,365.6350,442.3563,602.7562,492.5096,508.5078,360.4163,447.5803,655.4787,505.7926,521.5195,365.8185,456.5720,682.4632,523.8735,539.3306,373.0897,464.7637,721.0113,528.0331,545.4329,365.5197,456.7253,754.7244,528.1954,548.8536,349.7532,441.4928,793.8750,11.00000000000,30,025
30,023,01719617,30023,Deer Lodge,Deer Lodge County,06,H6,G4020,,,,C,1907605107.00000000000,12098953.00000000000,+46.0990592,-113.1391079,30023,634.2591,632.4561,627.3335,632.4448,637.6962,660.3505,657.3690,645.2634,657.3686,669.2559,630.8831,626.8649,606.2139,626.9583,647.3913,620.6333,615.3747,585.7758,615.1946,645.0673,654.2932,647.9335,601.1279,647.3297,694.6460,660.0617,653.0842,594.5803,652.1186,711.1344,472.2016,466.7254,415.5857,465.8080,517.1442,572.6339,565.6519,504.1450,564.4665,625.6587,500.8198,494.5154,438.5650,493.3402,548.6158,402.7331,401.7644,338.5453,388.2565,472.3838,490.1533,494.9357,397.7856,467.2993,599.4386,468.1401,477.6069,361.6767,437.7266,596.7433,436.6573,450.6755,319.2600,396.6153,581.1305,426.9563,440.0751,308.5288,385.2081,576.0757,401.1394,412.8312,285.4295,355.6953,552.0798,361.9942,373.7967,250.3598,312.9510,517.3941,345.2759,358.6663,228.4274,288.4598,518.9408,11.00000000000,30,023
16,019,00395407,16019,Bonneville,Bonneville County,06,H1,G4020,292,26820,,A,4833116989.00000000000,89506629.00000000000,+43.3951708,-111.6218783,16019,5306.7264,5291.9041,5249.1785,5291.7970,5335.5212,6108.1990,6081.1829,5969.4954,6081.1395,6190.7342,7147.1306,7102.1514,6868.3060,7103.1477,7334.4534,8247.0431,8177.3686,7784.0468,8174.9620,8571.8555,7654.8294,7580.2049,7032.6047,7573.1320,8126.7873,8080.3554,7990.6925,7272.1717,7978.0643,8704.3427,8218.4191,8121.5212,7230.2196,8105.1941,9000.4386,9219.3005,9106.7351,8116.3460,9087.6182,10072.9802,10275.0237,10148.3454,9002.8789,10124.7855,11255.9504,9231.9444,9213.5088,7767.3370,8904.7528,10829.4768,7939.9308,8019.0886,6446.6362,7571.8386,9710.5029,8339.9676,8510.4604,6446.5322,7800.4651,10631.2699,8432.3703,8704.9150,6168.4353,7661.4153,11222.4810,8338.2425,8596.2743,6028.5683,7525.2467,11250.6347,8325.6579,8570.2035,5927.3893,7384.8517,11458.5810,8214.8458,8484.5535,5684.8035,7104.2389,11741.5125,7999.3624,8311.3841,5295.4103,6685.2463,12022.9474,11.00000000000,16,019
30,091,01677577,30091,Sheridan,Sheridan County,06,H1,G4020,,,,A,4343616730.00000000000,75142943.00000000000,+48.7055228,-104.5339129,30091,181.7620,181.2632,179.8043,181.2591,182.7495,203.0242,202.1242,198.4109,202.1229,205.7669,251.3344,249.7324,241.5051,249.7698,257.9104,389.8164,386.3732,367.7887,386.2697,405.0737,425.4335,421.1260,390.6894,420.7268,451.5580,507.1671,501.3212,456.1033,500.4871,546.2685,519.0891,512.7645,456.3086,511.6869,568.4592,529.0714,522.4356,465.4430,521.3025,578.0516,613.0127,605.4296,537.0674,604.0188,671.5322,655.1071,653.5901,550.8015,631.6312,768.4188,658.6466,665.1396,534.6437,628.0200,805.5101,694.2546,708.3727,536.5067,649.2504,884.9834,720.0805,743.2791,526.6233,654.1505,958.3347,749.9643,773.0941,542.0908,676.7417,1011.9058,774.5876,797.2606,551.3242,686.9589,1066.0566,785.2853,810.9918,543.2958,679.0235,1122.4061,786.5047,817.1126,520.5241,657.2132,1182.1030,11.00000000000,30,091
30,087,01716795,30087,Rosebud,Rosebud County,06,H1,G4020,,,,A,12976880880.00000000000,43007467.00000000000,+46.1617341,-106.7019526,30087,506.2755,504.8540,500.7740,504.8441,509.0215,565.4466,562.9159,552.5615,562.9139,573.0785,500.7986,497.6497,481.2647,497.7192,513.9259,587.0975,582.0191,554.0243,581.8558,610.1449,615.8630,609.7092,565.6501,609.1345,653.7351,738.1349,729.6994,663.9290,728.4994,795.0645,680.6363,672.3363,598.3050,670.9218,745.3703,675.6379,667.1161,594.2926,665.6594,738.1840,705.1288,696.2091,617.3943,694.5455,772.4179,705.6705,703.6414,592.6031,679.8943,827.6321,539.0944,544.2066,437.2452,513.7734,659.2675,544.3219,555.1911,420.2915,508.7852,693.8363,547.0803,564.5170,399.7789,496.7538,728.0771,536.6207,552.9939,387.5759,484.0028,724.0315,518.1218,533.1225,368.4915,459.2972,713.0722,491.0129,506.9439,339.4529,424.3924,701.7934,465.6132,483.6136,307.9387,388.9255,699.8012,11.00000000000,30,087
30,003,01716521,30003,Big Horn,Big Horn County,06,H1,G4020,,,,A,12938187715.00000000000,49592964.00000000000,+45.4078690,-107.5181625,30003,692.3108,690.4050,684.8454,690.3897,696.0713,640.1058,637.2652,625.5562,637.2613,648.7523,700.9222,696.5363,673.6079,696.6311,719.3072,799.9547,793.3504,755.1917,793.1065,831.5596,990.1147,980.4517,909.6221,979.5364,1051.1531,852.6262,843.3593,767.6486,842.0638,918.5249,709.7668,701.6567,624.8832,700.3051,777.3340,891.3318,880.7069,785.1849,878.9114,973.8815,1066.3864,1053.2848,934.4450,1050.8491,1168.1968,992.7253,990.7390,835.2269,957.5371,1164.5095,760.4304,768.3889,618.0742,725.6500,930.0646,832.1091,849.4969,643.8543,778.7556,1060.7663,870.7034,899.2136,637.5657,791.5583,1158.8350,869.4994,896.7640,629.2672,785.1761,1173.2313,859.8485,885.4508,612.7690,763.1244,1183.4351,863.8604,892.5441,598.3744,747.4740,1234.7417,870.7400,904.9899,576.9214,728.0479,1308.7297,11.00000000000,30,003
30,005,01722470,30005,Blaine,Blaine County,06,H1,G4020,,,,A,10949294445.00000000000,29085813.00000000000,+48.4282823,-108.9676475,30005,286.2358,285.4403,283.1378,285.4344,287.7895,277.3699,276.1786,271.1251,276.1741,281.1279,362.3969,360.0585,348.1902,360.1157,371.8628,451.3267,447.6066,426.0776,447.4686,469.1617,460.5785,456.0849,423.1366,455.6592,488.9731,448.8085,443.8451,403.9454,443.1469,483.4716,444.0629,438.8002,390.6197,437.9119,486.3144,470.1791,464.4708,413.9903,463.5024,513.7182,536.3360,529.7555,469.9934,528.5323,587.5423,524.4682,523.5778,441.5460,506.0744,615.2623,455.3441,460.0298,369.9616,434.4176,556.9077,478.1845,488.1073,369.8795,447.4368,609.5775,504.8426,521.3019,369.5451,458.8641,671.8979,498.9907,514.5705,361.0101,450.5139,673.2912,496.5241,511.2414,353.7298,440.5855,683.3754,497.8448,514.3131,344.7344,430.6930,711.5803,497.0838,516.5821,329.2536,415.5580,747.1179,11.00000000000,30,005
30,053,01720038,30053,Lincoln,Lincoln County,06,H1,G4020,,,,A,9357408916.00000000000,161123155.00000000000,+48.5422316,-115.4043432,30053,1059.6712,1056.6935,1048.1526,1056.6729,1065.4185,998.8071,994.4567,976.2282,994.4449,1012.3223,967.7195,961.6314,929.9692,961.7660,993.0841,931.4881,923.7280,879.2981,923.4487,968.2450,752.8733,745.3674,691.5068,744.6655,799.1820,773.6803,764.9511,696.0750,763.7146,833.3841,628.5187,620.9238,552.6156,619.6333,688.3039,594.2715,586.9344,523.0221,585.6855,649.2945,587.3491,580.0757,514.5683,578.7223,643.4177,534.6096,533.5736,449.8529,515.7014,627.1282,524.1644,529.4893,425.7566,499.9887,641.0670,493.4061,503.6087,381.5903,461.6342,628.9773,469.1055,484.3921,343.3725,426.3723,624.3346,464.4422,478.9422,336.0130,419.3204,626.6747,477.3804,491.5275,340.0866,423.5949,657.0274,478.7964,494.6358,331.5465,414.2155,684.3540,488.4140,507.5726,323.5118,408.3106,734.0871,11.00000000000,30,053
30,029,01719611,30029,Flathead,Flathead County,06,H1,G4020,,28060,,A,13176979222.00000000000,437135591.00000000000,+48.3146961,-114.0543188,30029,5765.9847,5749.8657,5703.4352,5749.7499,5797.2696,6026.4163,5999.5494,5889.2482,5999.5213,6107.7855,6626.0699,6584.3887,6367.5952,6585.3098,6799.7461,7838.1496,7772.2885,7398.4519,7769.9769,8147.0869,7738.6299,7662.6104,7109.0060,7655.4381,8215.3734,8327.5027,8235.1223,7494.6392,8222.1129,8970.5828,7840.1830,7747.3602,6896.7784,7731.6975,8586.1676,7949.8040,7851.4034,6996.2011,7834.6456,8685.8545,8426.8215,8321.8781,7381.4913,8302.3390,9231.1782,8123.8955,8105.4008,6830.9861,7833.1665,9529.1357,8091.7037,8171.1516,6567.7220,7715.0425,9895.9218,8170.0701,8335.9020,6313.1272,7640.0629,10414.5521,8035.4237,8293.9998,5876.1114,7299.3323,10694.0919,7953.4899,8198.5073,5748.4778,7176.5987,10731.3963,7896.3520,8127.2273,5619.8914,7002.7121,10867.6432,7665.3315,7916.0255,5302.8097,6627.7968,10956.0221,7422.4014,7711.0504,4911.9264,6202.0016,11155.7283,11.00000000000,30,029
30,057,01720033,30057,Madison,Madison County,06,H1,G4020,,,,A,9291541248.00000000000,39648957.00000000000,+45.3192879,-111.9173279,30057,402.6546,401.5284,398.2858,401.5203,404.8392,433.6391,431.6790,423.7283,431.6788,439.4864,395.1508,392.6491,379.7174,392.7059,405.4992,456.5356,452.6484,430.8765,452.5172,474.4971,382.5555,378.7784,351.4110,378.4231,406.1105,394.0671,389.8074,354.8282,389.2131,424.5310,395.8171,391.1022,348.1375,390.3049,433.4753,385.4033,380.6909,339.2828,379.8904,421.0901,357.7121,353.2709,313.3645,352.4442,391.8580,316.5748,316.0444,266.5349,305.4809,371.3808,353.5665,357.1989,287.2581,337.3100,432.4278,341.6642,348.7613,264.2926,319.7040,435.5458,330.4753,341.2695,241.9419,300.4021,439.8332,324.4574,334.6079,234.7733,292.9620,437.7941,326.1700,335.8559,232.3990,289.4464,448.9153,316.3689,326.8548,219.1074,273.7214,452.1943,307.6106,319.6981,203.7902,257.1861,462.3406,11.00000000000,30,057
30,045,01719602,30045,Judith Basin,Judith Basin County,06,H1,G4020,,,,A,4842813779.00000000000,2066741.00000000000,+47.0325580,-110.3053200,30045,96.2863,96.0091,95.2296,96.0075,96.8076,83.2928,82.9184,81.3923,82.9182,84.4166,79.9464,79.4399,76.8235,79.4514,82.0399,85.4347,84.6982,80.6243,84.6743,88.7902,70.8967,70.1575,65.0850,70.0901,75.2361,82.5161,81.5612,74.2021,81.4247,88.8768,59.6866,58.9064,52.3734,58.7705,65.3573,52.0649,51.4141,45.8074,51.3030,56.8851,52.8603,52.1457,46.1954,52.0115,57.8991,52.8195,52.6195,44.2697,50.8306,61.9367,46.0718,46.4764,37.3109,43.8673,56.3368,40.9236,41.7182,31.5592,38.2235,52.1618,34.3913,35.4707,25.1029,31.2066,45.7678,30.8652,31.7980,22.2771,27.8274,41.6438,28.9457,29.7794,20.5788,25.6538,39.8365,25.2722,26.0926,17.4724,21.8439,36.1210,23.9887,24.9188,15.8700,20.0410,36.0544,11.00000000000,30,045
30,107,01719560,30107,Wheatland,Wheatland County,06,H1,G4020,,,,A,3686057039.00000000000,13071168.00000000000,+46.4970466,-109.8571467,30107,111.2258,110.8897,109.9811,110.8886,111.8257,108.3926,107.8961,105.9054,107.8965,109.8523,101.4323,100.7682,97.4444,100.7853,104.0763,93.4812,92.6591,88.2022,92.6340,97.1423,91.4134,90.4651,83.9248,90.3785,97.0118,81.8911,80.9138,73.5943,80.7728,88.1950,68.0290,67.1500,59.7121,66.9975,74.4934,50.6056,49.9250,44.4327,49.8072,55.2878,77.0988,76.0359,67.3383,75.8359,84.4456,72.4905,72.2048,60.7365,69.7471,85.0004,53.0584,53.4985,42.9238,50.4873,64.8758,48.7164,49.6275,37.5078,45.4582,62.0903,43.1664,44.4826,31.4418,39.1207,57.4424,40.8865,42.0799,29.4369,36.8085,55.1609,37.7727,38.8166,26.7771,33.4211,51.9812,36.0613,37.1869,24.8517,31.1128,51.5385,33.9675,35.2417,22.3953,28.3251,51.0497,11.00000000000,30,107
30,081,01719582,30081,Ravalli,Ravalli County,06,H1,G4020,,,,A,6192198176.00000000000,24296474.00000000000,+46.0792979,-114.1190647,30081,2611.4058,2604.1731,2583.1796,2604.1175,2625.5842,2432.1683,2421.5425,2377.1383,2421.5160,2465.0697,2515.2566,2499.6641,2417.4138,2499.9873,2581.3132,2654.4262,2632.3261,2505.7154,2631.5293,2759.1796,2513.6283,2489.2129,2309.3980,2486.8937,2668.6647,2740.6062,2710.0980,2466.3450,2705.7966,2952.2150,2589.3625,2559.0825,2278.4568,2553.9949,2835.7807,2559.4391,2528.3692,2253.5804,2523.0989,2796.4461,2447.6151,2417.6109,2144.9062,2412.0342,2681.3028,2051.1783,2047.3469,1726.2443,1978.8092,2406.1865,2195.9706,2218.1685,1783.5000,2094.5485,2685.7127,2117.3252,2160.9433,1637.2103,1980.7783,2699.0743,1977.4386,2041.7029,1447.1338,1797.0855,2631.7664,1900.5414,1959.7031,1374.6972,1715.6778,2564.3961,1831.1329,1885.2616,1304.2630,1624.6495,2520.2109,1721.1804,1778.0204,1191.6691,1488.8996,2460.1134,1601.2393,1664.0020,1060.5306,1338.5659,2406.6627,11.00000000000,30,081
30,037,01723078,30037,Golden Valley,Golden Valley County,06,H1,G4020,,,,A,3044122460.00000000000,2588281.00000000000,+46.3806243,-109.1745855,30037,45.7209,45.6003,45.2358,45.5990,45.9700,29.0419,28.9151,28.3848,28.9147,29.4348,28.0257,27.8532,26.9370,27.8567,28.7624,54.1113,53.7004,51.1176,53.6814,56.2720,45.5864,45.1459,41.8849,45.1040,48.3996,45.7643,45.2665,41.2026,45.1969,49.3012,30.9526,30.6114,27.2732,30.5553,33.9006,26.5358,26.2301,23.3958,26.1788,28.9940,25.1029,24.8115,22.0295,24.7576,27.5016,33.6489,33.6218,28.3827,32.5059,39.4814,35.5816,35.9779,28.9624,33.9841,43.5229,35.9151,36.6927,27.8373,33.6465,45.7876,37.1414,38.3869,27.2468,33.8021,49.4348,35.0482,36.1691,25.4026,31.6771,47.2931,35.2057,36.2716,25.1202,31.2678,48.4560,34.4921,35.6528,23.9190,29.8644,49.3017,34.5054,35.8763,22.8864,28.8676,51.8627,11.00000000000,30,037
30,021,01715632,30021,Dawson,Dawson County,06,H1,G4020,,,,A,6143100615.00000000000,29283737.00000000000,+47.2724248,-104.9010267,30021,492.7944,491.3705,487.3786,491.3627,495.4616,567.6231,564.9457,554.4811,564.9532,575.2453,674.5693,670.1169,648.0058,670.2349,692.1331,855.3409,847.7048,806.9300,847.4832,888.7670,1001.3609,990.9666,919.3226,990.0174,1062.6829,1079.2457,1066.5973,970.2600,1064.7827,1162.3923,1026.3612,1013.2949,901.2295,1011.0371,1123.9131,1183.0711,1167.3667,1039.1525,1164.6559,1292.5467,1367.0437,1348.8467,1195.2216,1345.4346,1497.3883,1395.9178,1391.5930,1171.6945,1344.5445,1637.1001,1322.5354,1334.2285,1071.1871,1259.3531,1617.2128,1372.5774,1399.1342,1058.3285,1281.8956,1749.4943,1397.3068,1440.9888,1019.6209,1267.6966,1859.5182,1419.8706,1462.3652,1024.0761,1279.5931,1915.6756,1430.8005,1471.4353,1016.2116,1267.3534,1969.0953,1422.3150,1467.7150,981.9688,1228.3987,2032.8299,1414.9980,1469.0239,934.6175,1181.1125,2126.6532,11.00000000000,30,021
30,019,01637566,30019,Daniels,Daniels County,06,H1,G4020,,,,A,3693594413.00000000000,1021700.00000000000,+48.7944290,-105.5417385,30019,81.4818,81.2495,80.5911,81.2481,81.9233,90.4365,90.0265,88.3678,90.0266,91.6557,113.2896,112.5520,108.8406,112.5707,116.2450,133.9756,132.8017,126.4140,132.7655,139.2254,137.2655,135.8181,125.9969,135.6871,145.6566,174.7643,172.7415,157.1553,172.4525,188.2357,154.3764,152.4587,135.6401,152.1299,169.0548,155.5668,153.5477,136.7293,153.2007,169.9648,171.1394,168.9186,149.7387,168.5033,187.4641,178.0183,177.5886,149.6429,171.6174,208.8053,154.5065,155.9738,125.3199,147.2521,188.9490,158.3395,161.5064,122.2688,148.0085,201.8329,162.2582,167.4327,118.5752,147.3356,215.9402,163.8885,168.8936,118.3768,147.8244,221.1258,167.1339,171.9810,118.8811,148.1689,230.0209,164.0951,169.4250,113.4545,141.8380,234.5377,161.5818,167.8337,106.8733,134.9752,242.8524,11.00000000000,30,019
16,067,00394807,16067,Minidoka,Minidoka County,06,H1,G4020,,15420,,A,1962152486.00000000000,13820933.00000000000,+42.8569373,-113.6400095,16067,1040.2821,1037.3686,1028.9890,1037.3480,1045.9257,1100.8165,1095.9231,1075.7822,1095.9170,1115.6839,1265.2036,1257.1310,1215.7137,1257.3201,1298.3020,1332.8621,1321.5242,1257.9602,1321.1405,1385.3079,1344.7955,1331.2840,1235.0756,1330.0262,1427.4442,1603.8129,1586.0140,1443.3987,1583.5072,1727.6631,1355.3058,1339.3872,1192.4496,1336.7085,1484.2762,1306.0531,1290.1724,1149.9275,1287.4776,1426.9936,1591.1841,1571.9504,1394.9146,1568.3813,1743.1364,1423.0631,1420.7261,1198.2090,1373.2520,1669.4381,1305.3717,1318.9118,1060.7868,1245.5146,1596.5498,1357.5700,1385.8552,1050.2912,1270.4207,1730.6099,1373.8880,1418.8180,1005.9220,1248.9336,1828.5277,1381.1667,1424.4141,999.4610,1247.1443,1863.6277,1403.6023,1445.3137,1000.1317,1245.6083,1931.8129,1352.7045,1397.5710,936.8979,1170.3957,1933.4579,1323.6113,1375.6473,876.9295,1106.6718,1989.3974,11.00000000000,16,067
30,017,01720109,30017,Custer,Custer County,06,H1,G4020,,,,A,9798863306.00000000000,25524624.00000000000,+46.2614807,-105.5505080,30017,736.5376,734.4577,728.5160,734.4438,740.5309,800.3439,796.7985,782.1615,796.7932,811.1568,794.5666,789.4778,763.4635,789.5988,815.3422,1081.5619,1072.2811,1020.7053,1071.9753,1124.0681,1134.8393,1123.5603,1042.3743,1122.5035,1204.6654,1141.0092,1128.2781,1026.7791,1126.4817,1229.1007,932.3285,921.2915,820.1440,919.4292,1021.0386,1061.9192,1048.6622,934.3254,1046.4006,1160.2328,1142.2617,1127.6334,999.7953,1124.9015,1251.2438,1166.0773,1162.9280,979.6070,1123.7356,1367.6609,1103.3459,1113.7948,894.8701,1051.5047,1349.2980,1109.0186,1131.1413,856.2757,1036.5867,1413.6412,1117.5012,1153.0805,816.5487,1014.6532,1487.2133,1112.6499,1146.5559,803.5408,1003.4956,1501.2307,1101.0885,1132.9256,783.0283,976.0244,1515.3846,1074.7131,1109.5293,742.8893,928.8298,1536.0590,1059.2503,1100.1455,700.4494,884.7214,1592.0147,11.00000000000,30,017
30,109,01696629,30109,Wibaux,Wibaux County,06,H1,G4020,,,,A,2303184548.00000000000,1713204.00000000000,+46.9628656,-104.2744656,30109,73.7990,73.5955,73.0027,73.5939,74.1998,72.5042,72.1732,70.8422,72.1734,73.4809,77.2077,76.7115,74.1834,76.7235,79.2255,105.9168,105.0177,99.9665,104.9871,110.0857,97.7988,96.8355,89.8391,96.7447,103.8220,124.6348,123.2543,112.1728,123.0599,134.2602,135.2333,133.6871,119.0585,133.4293,148.1069,125.3834,123.9616,110.5893,123.7239,136.9999,143.9123,142.2068,126.2262,141.8911,157.6595,153.6930,153.4256,129.3814,148.2948,180.2982,154.8199,156.4170,125.7962,147.7097,189.3528,163.8475,167.2509,126.7433,153.3163,208.8691,170.4329,175.9940,124.7646,154.9163,226.8306,176.1318,181.6322,127.4299,159.0221,237.6558,183.0656,188.4899,130.4147,162.4389,251.9565,184.6232,190.7281,127.8390,159.7175,263.8858,182.2365,189.3834,120.7057,152.3466,273.9017,11.00000000000,30,109
30,061,01720030,30061,Mineral,Mineral County,06,H1,G4020,,,,A,3158326912.00000000000,9898609.00000000000,+47.1552126,-115.0645501,30061,240.0718,239.4045,237.4733,239.3995,241.3749,187.1800,186.3615,182.9437,186.3595,189.7119,181.4884,180.3735,174.4407,180.3956,186.2604,226.4161,224.4530,213.6569,224.3904,235.3015,236.1294,233.7979,216.9056,233.5786,250.6685,227.3481,224.7763,204.5332,224.4117,244.8903,188.7084,186.4693,165.9926,186.0913,206.6632,200.8730,198.3514,176.7110,197.9208,219.4692,211.5184,208.9514,185.4084,208.4748,231.7164,213.7265,213.3747,179.9546,206.2444,250.7288,189.6460,191.6140,154.1139,180.9509,231.9488,191.3048,195.2943,148.0104,179.0286,243.8730,193.2284,199.5513,141.4829,175.6591,257.1708,196.1784,202.3228,141.9645,177.1442,264.7064,198.2299,204.1218,141.2498,175.9178,272.8288,198.8599,205.4528,137.7273,172.0552,284.2358,200.2879,208.1566,132.6868,167.4542,301.0339,11.00000000000,30,061
16,021,00395159,16021,Boundary,Boundary County,06,H1,G4020,,,,A,3285556291.00000000000,24081041.00000000000,+48.7730651,-116.5246194,16021,650.8019,648.9832,643.7431,648.9701,654.3331,660.7870,657.8392,645.7438,657.8362,669.7084,699.8944,695.4950,672.5963,695.5920,718.2412,760.8321,754.5530,718.2603,754.3208,790.8927,674.0685,667.5051,619.2847,666.8826,715.6334,805.3387,796.3091,724.6458,795.0328,867.5021,819.1673,809.4867,720.6292,807.8543,897.1122,714.6902,706.1233,629.4892,704.6740,780.8776,654.1620,646.2345,573.4337,644.7630,716.6297,608.9119,607.7794,512.4609,587.4345,714.3007,577.9375,583.8253,469.4632,551.3025,706.8357,568.8618,580.6235,439.9442,532.2296,725.1656,543.6815,561.3886,397.9436,494.1427,723.5872,510.8596,526.8028,369.5847,461.2207,689.3053,494.2955,508.9456,352.1400,438.6064,680.3081,461.6870,476.9705,319.7168,399.4265,659.8999,416.1165,432.4639,275.6680,347.9008,625.4255,11.00000000000,16,021
30,043,01720045,30043,Jefferson,Jefferson County,06,H1,G4020,,25740,,A,4289687010.00000000000,6690786.00000000000,+46.1265574,-112.0567713,30043,788.1023,785.9039,779.5601,785.8878,792.3790,738.1729,734.8579,721.3348,734.8561,748.1329,713.3777,708.8566,685.5096,708.9597,732.0572,838.2417,831.0891,791.1145,830.8493,871.2109,866.6998,858.0121,796.0075,857.2022,919.9789,1030.4818,1018.8134,927.0529,1017.1585,1109.9904,975.0993,963.1747,857.0889,961.1405,1067.8352,883.5669,872.4276,777.1970,870.5236,965.3621,941.6572,929.6934,824.3934,927.4610,1031.5115,782.8833,781.1084,658.3016,754.8755,918.3052,896.9656,905.5561,727.6532,854.9416,1096.9280,890.8080,908.6708,687.9576,832.7449,1135.5043,867.0439,894.7299,633.6802,787.3480,1153.9024,860.8099,887.1194,621.7997,776.4609,1161.4453,851.3856,876.0775,605.5853,754.7781,1171.7343,811.0107,837.3474,560.7186,701.0022,1159.1606,779.6291,809.7799,515.6357,651.2351,1171.7573,11.00000000000,30,043
30,027,01719614,30027,Fergus,Fergus County,06,H1,G4020,,,,A,11240038932.00000000000,27482986.00000000000,+47.2229967,-109.2232798,30027,556.0328,554.4837,550.0089,554.4722,559.0504,552.1607,549.6911,539.5809,549.6891,559.6137,602.1911,598.4073,578.7055,598.4905,617.9776,679.9360,674.1656,641.7390,673.9690,706.6989,646.6491,640.2230,593.9621,639.6209,686.4377,781.2867,772.4570,702.8956,771.2055,841.5732,721.3775,712.6122,634.1742,711.1201,789.9899,688.8662,680.1585,605.8921,678.6693,752.6359,793.8233,784.0365,695.5405,782.2163,869.6073,758.8713,756.9128,637.6821,731.4282,890.0819,702.2211,709.0607,569.8691,669.4643,858.7873,718.7798,733.3137,555.3141,672.0814,916.2363,703.4813,726.0643,514.3453,638.9698,936.2362,700.8112,722.3475,506.4278,632.2889,945.5779,703.5100,724.0283,500.6038,623.8281,968.2272,684.4921,706.8309,473.4416,591.7837,978.3380,669.6811,695.6817,443.0992,559.5191,1006.5153,11.00000000000,30,027
30,097,01719569,30097,Sweet Grass,Sweet Grass County,06,H1,G4020,,,,A,4804957748.00000000000,17686401.00000000000,+45.8130601,-109.9413124,30097,212.6120,212.0131,210.2986,212.0090,213.7650,174.9919,174.2406,171.0525,174.2378,177.3629,195.0412,193.8109,187.4289,193.8384,200.1515,191.8074,190.1953,181.0471,190.1387,199.3671,199.4134,197.4986,183.2337,197.3154,211.7275,275.7815,272.7178,248.1929,272.2862,297.0771,273.5328,270.2173,240.4814,269.6534,299.5503,262.9140,259.7217,231.4939,259.1802,287.2601,277.9146,274.6670,243.8481,274.0667,304.4680,216.8596,216.5967,182.7620,209.3841,254.4271,243.7839,246.4908,198.4187,232.8286,298.1916,252.2350,257.6708,195.4588,236.2699,321.5672,252.3932,260.8263,185.1018,229.6628,335.9296,264.1341,272.5736,191.4284,238.7185,356.4150,272.8896,281.1596,194.7273,242.3758,375.5976,270.9048,280.0360,187.8896,234.5768,387.2220,271.3602,282.1566,180.0123,227.0417,407.8643,11.00000000000,30,097
16,015,00395157,16015,Boise,Boise County,06,H1,G4020,,14260,,A,4919000288.00000000000,19293275.00000000000,+43.9872749,-115.7151105,16015,479.8621,478.5051,474.6330,478.4962,482.4635,439.6228,437.6876,429.6540,437.6839,445.5657,364.4503,362.2196,350.3073,362.2631,374.0377,366.6178,363.6291,346.1393,363.5147,381.1266,382.2672,378.6714,351.3273,378.3231,405.9220,437.5152,432.9889,394.2644,432.3677,471.3969,382.4963,378.4320,337.2978,377.7730,418.9438,322.1995,318.6759,284.4289,318.0917,352.0581,235.9842,233.4002,207.3895,232.9263,258.5525,152.1892,152.2363,128.6769,147.2293,178.6098,274.0712,277.3179,223.4264,262.0099,335.2716,244.8472,250.3773,190.1777,229.6688,312.1795,226.9777,234.7754,166.8284,206.8043,302.1211,236.6009,244.3246,171.7570,214.0431,319.2771,240.9321,248.3321,172.0957,214.1167,331.6201,230.7233,238.5224,160.0608,199.8116,329.7894,217.5236,226.1458,144.2412,181.9581,326.9439,11.00000000000,16,015
16,037,00399758,16037,Custer,Custer County,06,H1,G4020,,,,A,12745176171.00000000000,42386557.00000000000,+44.2733408,-114.2522508,16037,180.6281,180.1325,178.6829,180.1285,181.6095,171.7152,170.9502,167.8077,170.9494,174.0339,143.1058,142.2400,137.5645,142.2559,146.8761,119.0356,118.0668,112.3881,118.0296,123.7474,102.4367,101.4848,94.1575,101.3919,108.7832,123.6183,122.4049,111.4993,122.2418,133.2105,111.5647,110.4079,98.4324,110.2222,122.1989,88.1881,87.2293,77.8607,87.0706,96.3609,96.5469,95.5580,84.9788,95.3782,105.7884,80.9410,80.9463,68.4005,78.2787,94.9878,90.7838,91.9003,74.0801,86.8401,111.0625,88.6819,90.7143,68.9325,83.2214,113.0727,83.1790,86.0814,61.2132,75.8424,110.7203,84.6747,87.5055,61.5833,76.6864,114.2689,88.7642,91.5689,63.5407,78.9843,122.1817,86.7114,89.7343,60.3171,75.2091,123.9493,84.8075,88.2682,56.4131,71.0630,127.4741,11.00000000000,16,037
08,095,00198163,08095,Phillips,Phillips County,06,H1,G4020,,,,A,1781724987.00000000000,301808.00000000000,+40.5947117,-102.3451047,08095,226.8968,226.2480,224.4134,226.2441,228.1258,193.8045,192.9491,189.4062,192.9476,196.4237,191.9134,190.7172,184.4403,190.7426,196.9498,197.2706,195.6158,186.2069,195.5574,205.0477,160.3351,158.8180,147.3489,158.6716,170.2508,234.2298,231.7167,210.9357,231.3670,252.3427,201.4486,199.1270,177.3215,198.7390,220.6235,194.7421,192.4052,171.5213,192.0098,212.7770,183.0152,180.7671,160.3720,180.3492,200.4881,162.0277,161.7119,136.3366,156.2948,190.0675,129.1408,130.4148,104.8292,123.1370,157.9365,127.0831,129.6706,98.2129,118.8491,161.9963,119.6796,123.5418,87.5376,108.7300,159.2787,111.8035,115.2603,80.8290,100.8986,150.8542,105.1194,108.2057,74.8366,93.2391,144.6754,92.7779,95.8275,64.2101,80.2392,132.6080,81.9461,85.1498,54.2597,68.4932,123.1645,11.00000000000,08,095
08,091,00198161,08091,Ouray,Ouray County,06,H1,G4020,,,,A,1402718909.00000000000,1599543.00000000000,+38.1505999,-107.7671334,08091,297.4306,296.6103,294.2210,296.6038,299.0459,326.1051,324.6453,318.6735,324.6442,330.5065,237.0536,235.5358,227.7747,235.5718,243.2521,295.1512,292.6938,278.6157,292.6052,306.7989,244.8470,242.4252,224.9091,242.1977,259.9201,314.2489,310.7235,282.7589,310.2251,338.5049,316.3412,312.6541,278.3797,312.0353,346.4474,322.8893,319.0460,284.4478,318.3968,352.7936,324.2762,320.4059,284.3719,319.6887,355.2495,281.6610,281.1567,237.0815,271.7505,330.4148,304.0996,307.3013,247.2041,290.2147,371.9402,300.4853,306.8021,232.5704,281.2664,383.0609,300.3860,310.2667,220.0321,273.1378,399.7931,298.8362,308.2506,216.3472,269.9112,403.2290,305.1100,314.2315,217.5002,270.8348,419.9349,300.8748,310.9017,208.4733,260.3844,430.0520,291.0952,302.5832,192.9372,243.4388,437.5209,11.00000000000,08,091
08,077,00198154,08077,Mesa,Mesa County,06,H1,G4020,,24300,,A,8622002815.00000000000,31466745.00000000000,+39.0194924,-108.4618366,08077,7875.6969,7853.7724,7790.4008,7853.6100,7918.4417,8098.8679,8063.0042,7914.8955,8062.9495,8208.2886,8760.2809,8705.6402,8419.1089,8706.8041,8990.1588,10013.5197,9929.6539,9452.0518,9926.6819,10408.3735,10079.2476,9981.2165,9260.1850,9971.9121,10700.8333,9924.2841,9814.7583,8932.5996,9799.3621,10690.8388,8642.4005,8541.0751,7604.2391,8524.0355,9464.8293,9817.8943,9697.2366,8641.8448,9676.7181,10726.9565,10327.8442,10201.3053,9050.6724,10177.7874,11313.9096,8957.2923,8938.2624,7534.2000,8638.4222,10507.0211,8043.0165,8122.9730,6529.9330,7669.8583,9836.5388,8113.2235,8278.8968,6270.9437,7588.1569,10342.2088,7811.0171,8063.3507,5713.6840,7096.7101,10395.5222,7474.0881,7705.2867,5403.6246,6745.2327,10084.6391,7115.9505,7324.9201,5066.0708,6311.7868,9793.6601,6700.4425,6920.4281,4636.8092,5794.5732,9576.9699,6329.4075,6576.3119,4189.9713,5289.6527,9513.0264,11.00000000000,08,077
08,109,00198170,08109,Saguache,Saguache County,06,H1,G4020,,,,A,8206440775.00000000000,4454555.00000000000,+38.0339518,-106.2466749,08109,375.8256,374.7738,371.7469,374.7663,377.8646,394.9651,393.2003,385.9692,393.1987,400.2968,374.3094,371.9801,359.7382,372.0292,384.1347,390.7759,387.4608,368.8243,387.3477,406.1580,312.4258,309.3958,287.0462,309.1077,331.6988,280.6041,277.6029,252.7127,277.1858,302.3059,250.6288,247.7837,220.6886,247.3107,274.4899,271.9516,268.8333,239.7989,268.3108,297.1453,288.7557,285.3751,253.3482,284.7501,316.3441,277.0998,276.5922,233.2215,267.3356,325.0614,226.6282,228.9703,184.1501,216.2254,277.1788,217.1434,221.6669,167.9929,203.2030,276.8110,199.6230,206.1589,146.1713,181.4769,265.6819,184.3832,190.1691,133.4476,166.5073,248.7920,175.6305,180.8653,125.1720,155.8806,241.7259,163.6557,169.0994,113.3774,141.6188,233.9187,150.8327,156.7793,99.9609,126.1319,226.7037,11.00000000000,08,109
08,035,00198133,08035,Douglas,Douglas County,06,H1,G4020,216,19740,,A,2176232357.00000000000,6789381.00000000000,+39.3264348,-104.9261993,08035,27206.7087,27130.6930,26911.6335,27130.1442,27354.3317,29071.5224,28942.2045,28410.2582,28942.0482,29464.1314,27762.1981,27587.8770,26679.6068,27591.7002,28490.0530,30541.2775,30283.2873,28826.6984,30274.3723,31744.1777,30161.4354,29861.1870,27703.4416,29833.0825,32016.9397,36482.7075,36071.7636,32824.3000,36013.5853,39298.2233,40104.1594,39625.4088,35271.4252,39544.3973,43919.5697,43288.3943,42749.6443,38090.2644,42657.7921,47296.1750,43672.7601,43127.1454,38251.9212,43025.5225,47841.2003,39798.1403,39705.7287,33461.0526,38371.6526,46681.8307,40530.0094,40925.0523,32891.5594,38639.7432,49566.5676,40845.3593,41671.4935,31556.6609,38191.9671,52066.0403,40399.4348,41696.5927,29538.2071,36695.0036,53766.0784,40667.8017,41917.8344,29388.3101,36691.8485,54871.5483,41055.3821,42253.0849,29214.7193,36405.6906,56503.7556,40254.0029,41568.0102,27842.9527,34802.3272,57534.6780,38708.7744,40211.8762,25612.3303,32341.4814,58178.4146,11.00000000000,08,035
08,033,00198132,08033,Dolores,Dolores County,06,H1,G4020,,,,A,2763650142.00000000000,2716145.00000000000,+37.7476020,-108.5303829,08033,115.1250,114.8038,113.8771,114.8015,115.7497,88.6917,88.2883,86.6609,88.2884,89.8869,83.6206,83.0807,80.3421,83.0939,85.8046,91.2469,90.4530,86.1023,90.4280,94.8260,77.0339,76.2541,70.7429,76.1818,81.7644,77.5374,76.6300,69.7095,76.4999,83.5113,76.9352,75.9774,67.5940,75.8131,84.2501,81.9607,80.8482,71.9438,80.6553,89.5435,84.9711,83.8019,74.2184,83.5820,93.0682,75.9295,75.6377,63.6313,73.0651,89.0346,65.0393,65.5567,52.5776,61.8599,79.5215,61.8153,62.9501,47.5556,57.6543,78.7827,57.2889,59.0166,41.6957,51.8956,76.2338,53.4552,54.9923,38.4460,48.0942,72.1156,51.0204,52.4096,36.1320,45.1162,70.2105,47.8564,49.3295,32.9438,41.2635,68.3945,43.9715,45.6017,28.9568,36.6437,66.0834,11.00000000000,08,033
08,105,00198168,08105,Rio Grande,Rio Grande County,06,H1,G4020,,,,A,2361959921.00000000000,983955.00000000000,+37.4857631,-106.4532135,08105,537.8818,536.4077,532.0916,536.3956,540.8044,473.3713,471.2843,462.6322,471.2805,479.7695,423.7959,421.1922,407.3384,421.2440,434.9390,491.3199,487.2008,463.7671,487.0553,510.6910,573.6533,568.0296,526.9919,567.4984,609.0012,604.8233,598.1108,544.3282,597.1654,651.5291,575.2481,568.3716,505.9114,567.2074,629.9747,530.8772,524.1802,466.9587,523.0354,580.0224,472.0706,466.2151,413.5560,465.1253,517.1335,331.6942,331.0179,279.0473,319.9213,389.0885,373.4467,377.0893,303.0701,356.0330,456.7107,366.9973,374.4207,283.5389,343.1572,467.8157,340.1389,351.0577,248.6896,308.9467,452.6777,322.9034,332.8230,233.3340,291.3269,435.6810,291.0815,299.5636,207.1147,258.1031,400.6092,258.4868,266.9121,178.7684,223.4638,369.4520,226.6791,235.4673,149.9613,189.3750,340.6927,11.00000000000,08,105
08,101,00198166,08101,Pueblo,Pueblo County,06,H1,G4020,,39380,,A,6179980907.00000000000,30279808.00000000000,+38.1706581,-104.4898925,08101,9432.4840,9406.2320,9330.3376,9406.0374,9483.6794,9754.8837,9711.7756,9533.4283,9711.7037,9886.7038,9984.4867,9922.2264,9595.6570,9923.5513,10246.4980,11268.4704,11174.1782,10636.7165,11170.8281,11712.8630,11959.4941,11842.2868,10986.7358,11831.2131,12696.4484,12636.4364,12495.9389,11372.1301,12476.1375,13612.1761,11469.6536,11334.5721,10090.7849,11311.8194,12561.0598,12129.3637,11980.1095,10676.0733,11954.7215,13252.4393,12499.5209,12344.9133,10950.9985,12316.1486,13692.7528,11145.1143,11120.9245,9373.5100,10747.7272,13073.2406,11827.9795,11944.8729,9601.6452,11278.3519,14465.4038,11844.1824,12085.3565,9153.5077,11076.7939,15098.1087,11502.9029,11873.8150,8413.0865,10450.1159,15308.9169,11390.9384,11742.5839,8234.1997,10279.2124,15369.5041,11215.1882,11543.8045,7983.1652,9946.8457,15435.3694,10802.4305,11156.3790,7474.1886,9341.0989,15439.9086,10387.4360,10791.9803,6875.1478,8680.2438,15612.1554,11.00000000000,08,101
08,063,00198147,08063,Kit Carson,Kit Carson County,06,H1,G4020,,,,A,5596502129.00000000000,2251930.00000000000,+39.3053399,-102.6030226,08063,377.4936,376.4244,373.3774,376.4174,379.5398,375.0979,373.4231,366.5563,373.4215,380.1618,366.3761,364.0773,352.0913,364.1276,375.9825,434.8248,431.0973,410.3619,430.9741,451.9161,369.6353,366.0874,339.6459,365.7480,392.4618,443.1917,438.2400,398.8120,437.5409,477.4064,484.3166,478.3283,425.5859,477.3031,530.3695,463.3849,457.3676,407.2680,456.3332,506.2720,578.8731,571.5262,506.8013,570.1555,634.1109,526.5513,524.9222,441.9764,507.1756,617.5278,393.7144,397.2510,318.9862,374.9749,481.4479,401.5127,409.3337,309.6790,375.0521,511.7765,389.0001,401.1997,283.9217,352.9663,517.6798,372.9425,384.1405,269.0461,336.1436,503.1737,359.7259,369.9817,255.5609,318.6829,495.0649,337.9068,348.7270,233.3521,291.8801,482.9524,315.6124,327.6900,208.5131,263.4782,474.3473,11.00000000000,08,063
08,009,00198120,08009,Baca,Baca County,06,H1,G4020,,,,A,6617333541.00000000000,6142194.00000000000,+37.3031437,-102.5354566,08009,163.8454,163.3885,162.0697,163.3852,164.7346,139.5568,138.9383,136.3858,138.9374,141.4422,142.7790,141.8861,137.2156,141.9053,146.5244,172.7306,171.3049,163.0655,171.2522,179.5551,133.3736,132.1053,122.5647,131.9833,141.6178,180.9793,179.0406,162.9858,178.7710,194.9752,159.8134,158.0288,140.7747,157.7339,175.0318,133.5648,132.0122,117.7336,131.7513,145.9371,144.8427,143.1679,127.1220,142.8587,158.6839,122.4254,122.1406,102.9307,118.0367,143.6006,97.0546,98.0487,78.8476,92.5884,118.7017,99.7182,101.7842,77.1271,93.3021,127.1178,92.5122,95.5297,67.7213,84.0884,123.1251,85.0215,87.6744,61.5084,76.7595,114.7199,80.7175,83.1066,57.4981,71.6195,111.0928,71.3214,73.6737,49.3745,61.6925,101.9407,61.4225,63.8228,40.6683,51.3376,92.3176,11.00000000000,08,009
08,049,00198140,08049,Grand,Grand County,06,H1,G4020,,,,A,4781971576.00000000000,60250184.00000000000,+40.1232891,-106.0958757,08049,897.3175,894.7605,887.5100,894.7447,902.1792,857.1077,853.2012,837.4698,853.2031,868.6560,784.7490,779.7301,754.0386,779.8488,805.2719,733.7403,727.3568,692.3713,727.1553,762.5211,717.9997,710.7715,659.4046,710.0994,762.1172,760.4071,751.7618,684.0313,750.5340,819.0675,754.6920,745.8435,664.0347,744.3555,826.5100,752.4632,743.2943,662.4770,741.7378,822.1401,696.4403,688.0136,610.5197,686.4497,762.9468,422.1655,421.2392,355.0410,407.1005,495.1985,561.6529,567.2943,456.0941,535.6675,686.9061,547.1446,558.3772,423.0085,511.8101,697.4715,494.2141,510.2398,361.6159,449.0944,657.7448,480.6069,495.5304,347.5677,433.8115,648.4785,461.8681,475.4834,328.9094,409.7389,635.6717,436.4296,450.8045,302.0978,377.4843,623.7938,396.7379,412.2555,262.7081,331.6150,596.2950,11.00000000000,08,049
08,075,00198153,08075,Logan,Logan County,06,H1,G4020,,44540,,A,4761813494.00000000000,16363561.00000000000,+40.7280911,-103.0904639,08075,1100.0576,1096.8882,1087.9818,1096.8703,1106.0128,1020.1051,1015.5123,996.8182,1015.5106,1033.8658,989.5728,983.3279,950.9469,983.4678,1015.4993,1113.5760,1104.1725,1051.0631,1103.8473,1157.4373,1216.7087,1204.6417,1117.5992,1203.5097,1291.5892,1302.0721,1287.3290,1171.3848,1285.2381,1402.5359,1256.3292,1240.8746,1104.1216,1238.2333,1375.8007,1513.0878,1493.0075,1329.0323,1489.5414,1653.1017,1444.5120,1425.1221,1262.6438,1421.4833,1582.2235,1384.2277,1379.6047,1161.2804,1332.8713,1623.3091,1217.6142,1227.8899,985.3482,1158.8306,1488.8343,1192.7317,1215.2627,918.7020,1113.2443,1520.1959,1143.3242,1178.4690,833.2660,1036.5235,1521.4686,1088.2299,1120.1729,783.8004,979.9207,1468.1733,1027.9430,1056.4959,728.9644,909.7033,1414.6236,952.0438,981.7915,656.1576,821.4395,1360.6544,877.3966,910.2732,578.4162,731.6064,1318.6334,11.00000000000,08,075
08,019,00198125,08019,Clear Creek,Clear Creek County,06,H1,G4020,216,19740,,A,1023632674.00000000000,3280082.00000000000,+39.6894025,-105.6707908,08019,737.7593,735.7291,729.8049,735.7128,741.7668,691.5738,688.5093,675.8611,688.5048,700.9168,635.4745,631.5035,610.7170,631.5888,652.1458,647.1083,641.7805,610.9120,641.5822,672.6838,638.1583,631.9827,586.3317,631.3948,677.5339,765.6772,757.1592,689.0618,755.9585,824.7986,643.1821,635.7618,566.1352,634.5211,704.4024,671.9016,663.7184,591.5573,662.3294,734.1188,729.5358,720.5211,639.1734,718.8442,799.1799,598.4798,597.0706,503.1483,577.0043,701.9912,681.7051,688.4068,553.3282,649.9828,833.7072,668.1682,681.7386,516.3174,624.8333,851.7283,636.2510,656.7333,465.2887,577.9768,846.7671,625.4972,644.7742,452.0989,564.4090,843.9646,615.9433,633.9598,438.3844,546.2457,847.7151,587.4595,606.6792,406.4115,507.9530,839.6535,559.2918,581.0481,370.1337,467.3399,840.6053,11.00000000000,08,019
08,081,00198156,08081,Moffat,Moffat County,06,H1,G4020,,,,A,12285064917.00000000000,19741780.00000000000,+40.5739839,-108.2045214,08081,721.4226,719.4028,713.5921,719.3885,725.3364,650.1609,647.2968,635.4147,647.2914,658.9493,615.4977,611.5830,591.4367,611.6736,631.6065,642.9940,637.5396,606.8747,637.3535,668.3044,560.3487,554.7450,514.6574,554.2219,594.8040,517.5653,511.7028,465.6145,510.8712,557.4984,451.4831,445.9369,396.7984,444.9894,494.4181,430.8532,425.3418,378.8336,424.3971,470.7344,417.3865,411.8079,364.8823,410.7614,457.1806,351.8459,350.8240,295.4523,338.9813,412.6533,252.0036,254.2404,204.1255,239.9754,308.1546,226.4909,230.8614,174.6158,211.5127,288.6851,205.8485,212.2609,150.1696,186.7260,273.9386,183.1471,188.5961,132.0383,165.0118,247.0974,165.3302,169.9922,117.3656,146.4014,227.5279,148.1060,152.8026,102.1980,127.8747,211.6769,134.0758,139.1650,88.5047,111.8775,201.5057,11.00000000000,08,081
08,119,00198175,08119,Teller,Teller County,06,H1,G4020,,17820,,A,1442767059.00000000000,4944570.00000000000,+38.8719937,-105.1825519,08119,1576.8563,1572.4285,1559.7209,1572.3977,1585.4091,1354.6304,1348.5639,1323.7562,1348.5595,1372.9129,1173.9396,1166.4994,1128.0795,1166.6691,1204.6786,1367.4547,1355.7938,1290.5815,1355.4022,1421.2433,1313.3261,1300.2567,1206.3015,1299.0331,1394.1237,1499.2187,1482.5000,1349.1411,1480.1412,1614.9685,1397.5521,1380.9423,1229.2721,1378.1359,1530.5202,1189.1593,1174.3023,1046.2552,1171.7674,1299.2522,1140.9662,1126.9987,999.8935,1124.4030,1249.9030,994.1788,992.0917,836.2735,958.8181,1166.1908,953.6740,963.2347,774.4055,909.5284,1166.3479,923.8747,942.8267,714.2404,864.1926,1177.7057,881.0759,909.6256,644.6469,800.6114,1172.6135,841.4420,867.5561,608.4944,759.4954,1135.3487,803.2730,826.9454,572.0212,712.6018,1105.5488,732.3943,756.5219,506.9732,633.4807,1046.8199,664.2116,690.1999,439.8370,555.1949,998.3073,11.00000000000,08,119
08,013,00198122,08013,Boulder,Boulder County,06,H1,G4020,216,14500,,A,1881080439.00000000000,36469028.00000000000,+40.0948262,-105.3983824,08013,20743.3118,20685.4499,20518.4810,20685.0271,20855.8778,21648.6495,21552.6852,21156.7331,21552.5459,21941.1083,21716.4680,21581.1802,20870.9110,21584.0475,22286.4207,24204.7417,24001.3426,22846.9107,23994.2056,25158.7510,27382.5420,27109.9996,25151.0571,27084.4856,29067.1195,31546.2855,31191.2381,28383.3441,31140.9882,33980.9236,27884.7751,27551.9851,24524.6913,27495.6769,30537.6754,35002.4395,34569.2792,30803.9635,34495.5146,38243.2229,36289.1845,35838.5957,31790.1443,35754.7285,39753.2210,33713.8468,33638.2572,28350.4164,32508.7700,39545.8203,39355.0751,39741.7994,31943.5447,37523.5320,48130.1824,39845.6442,40654.7314,30789.8474,37261.1890,50792.0781,39477.4729,40748.1573,28869.4680,35861.5054,52539.3494,40300.9132,41542.7521,29128.5045,36364.7520,54376.7965,40955.0027,42152.7632,29148.5185,36320.4678,56365.8435,40605.9870,41934.2964,28091.3893,35110.1666,58037.9644,40223.2903,41787.7990,26619.0675,33610.0607,60454.8585,11.00000000000,08,013
08,061,00198146,08061,Kiowa,Kiowa County,06,H1,G4020,,,,A,4578495505.00000000000,47033007.00000000000,+38.3884664,-102.7562096,08061,64.9966,64.8140,64.2901,64.8127,65.3491,85.0880,84.7269,83.1789,84.7252,86.2421,74.2171,73.7538,71.3263,73.7637,76.1644,83.3476,82.6253,78.6510,82.6022,86.6187,77.3015,76.5610,71.0313,76.4900,82.0761,107.9820,106.8385,97.2665,106.6802,116.3366,90.1517,89.1115,79.3522,88.9376,98.7327,81.8417,80.8672,72.0975,80.7026,89.4214,88.8799,87.8955,78.0887,87.7147,97.3786,79.9119,79.7161,67.1690,77.0350,93.7314,72.9199,73.6809,59.2652,69.5820,89.1863,72.7222,74.2422,56.2704,68.0599,92.7057,71.0011,73.3269,51.9915,64.5484,94.4968,71.6107,73.8564,51.8260,64.6663,96.6256,71.4811,73.6087,50.9395,63.4392,98.3814,65.7864,67.9687,45.5649,56.9205,94.0303,62.2993,64.7481,41.2743,52.0880,93.6362,11.00000000000,08,061
08,015,00198123,08015,Chaffee,Chaffee County,06,H1,G4020,,,,A,2624702242.00000000000,4013482.00000000000,+38.7382457,-106.3169723,08015,1096.3146,1093.2019,1084.3492,1093.1820,1102.2561,1104.0898,1099.0791,1078.8256,1099.0801,1118.9720,1167.7681,1160.3701,1122.1527,1160.5385,1198.3473,1273.4338,1262.6982,1201.9640,1262.3250,1323.6030,1248.9330,1236.6825,1147.3369,1235.5257,1325.8864,1517.5004,1500.3149,1365.1859,1497.8775,1634.5851,1611.6122,1591.7804,1416.3491,1588.3906,1764.8689,1667.3768,1645.7221,1465.4482,1641.9994,1821.6955,1718.5491,1695.9781,1503.1301,1691.7516,1882.4461,1597.7619,1592.9804,1341.4205,1539.1687,1873.8591,1660.9242,1675.9268,1345.8215,1581.9741,2031.0504,1654.5055,1686.7714,1276.1547,1545.5176,2108.8720,1605.1957,1655.5538,1171.6216,1456.5246,2136.1897,1583.3972,1630.9160,1142.2436,1427.1295,2136.3160,1559.2083,1603.5843,1107.5772,1381.2124,2145.8201,1497.5056,1545.3521,1033.9627,1293.3962,2140.2985,1427.0781,1481.5622,942.5910,1191.1921,2144.8088,11.00000000000,08,015
08,053,00198142,08053,Hinsdale,Hinsdale County,06,H1,G4020,,,,A,2893667726.00000000000,15324669.00000000000,+37.8116248,-107.3834054,08053,30.1165,30.0323,29.7897,30.0317,30.2799,29.8822,29.7574,29.2148,29.7567,30.2881,23.8562,23.7059,22.9253,23.7092,24.4814,19.4625,19.3009,18.3726,19.2951,20.2309,15.3129,15.1639,14.0685,15.1498,16.2572,9.0877,8.9959,8.1928,8.9835,9.7921,26.1615,25.8733,23.0519,25.8259,28.6532,16.9206,16.7407,14.9468,16.7111,18.4890,18.0170,17.7920,15.7808,17.7501,19.7367,12.8052,12.7880,10.7889,12.3618,15.0231,13.2260,13.3699,10.7597,12.6280,16.1773,12.3496,12.6155,9.5694,11.5677,15.7441,11.0835,11.4554,8.1312,10.0873,14.7520,10.2999,10.6322,7.4703,9.3129,13.8986,9.7503,10.0497,6.9645,8.6650,13.4203,9.5299,9.8552,6.6168,8.2571,13.6221,7.8299,8.1480,5.2059,6.5592,11.7690,11.00000000000,08,053
08,057,00198144,08057,Jackson,Jackson County,06,H1,G4020,,,,A,4179523206.00000000000,18749970.00000000000,+40.6634319,-106.3292476,08057,73.7932,73.5934,73.0024,73.5916,74.1945,76.4830,76.1507,74.7554,76.1498,77.5182,82.2918,81.7731,79.0804,81.7847,84.4482,70.8493,70.3143,66.9324,70.2893,73.6803,105.7902,104.8080,97.2409,104.7122,112.3451,98.6510,97.6245,88.8897,97.4833,106.2890,89.6364,88.6562,78.9949,88.4955,98.1745,88.8949,87.9069,78.4441,87.7425,97.1320,77.4569,76.3937,67.6600,76.1938,84.8383,63.5809,63.4529,53.4922,61.3262,74.5829,78.0220,78.7182,63.2051,74.3026,95.4073,76.1898,77.6667,58.7512,71.1597,97.1123,74.9227,77.2668,54.6748,67.9755,99.7063,71.4777,73.6253,51.5675,64.4267,96.4378,63.2181,65.0298,44.9285,56.0171,87.0033,52.5415,54.2386,36.3102,45.4031,75.0958,45.0735,46.8173,29.8121,37.6513,67.7440,11.00000000000,08,057
29,045,00758477,29045,Clark,Clark County,06,H1,G4020,,22800,,A,1307146971.00000000000,18473547.00000000000,+40.4072748,-091.7294720,29045,425.9823,424.7875,421.3552,424.7791,428.2930,402.1955,400.3809,393.0085,400.3805,407.6198,388.3936,385.9121,373.1971,385.9705,398.5523,357.0411,354.0040,336.9768,353.9013,371.0901,343.2959,339.8408,315.2808,339.5195,364.3903,362.2069,358.1444,325.9125,357.5701,390.1649,334.6880,330.6964,294.3632,330.0211,366.5299,311.7272,307.8799,274.3557,307.2250,340.5898,331.4720,327.2896,290.2494,326.5097,363.1051,261.8662,261.2505,220.1553,252.4707,307.1580,227.0480,229.2761,184.2840,216.4777,277.6730,218.8286,223.2701,169.0915,204.6325,278.9452,203.7455,210.3027,148.9955,185.0822,271.1585,194.3214,200.3097,140.4514,175.3427,262.1920,187.2631,192.7411,133.2814,166.0739,257.7279,174.8043,180.5249,120.9346,151.1484,249.8472,161.7333,168.0271,107.0377,135.1460,243.0824,11.00000000000,29,045
29,025,00758467,29025,Caldwell,Caldwell County,06,H1,G4020,312,28140,,A,1104352197.00000000000,8402507.00000000000,+39.6589977,-093.9791785,29025,547.0235,545.4880,541.0799,545.4773,549.9906,466.6568,464.5706,456.0264,464.5688,472.9560,470.7136,467.7005,452.2895,467.7720,483.0223,494.4032,490.2747,466.6932,490.1271,513.9063,416.5482,412.3653,382.5650,411.9758,442.1500,484.8029,479.2761,436.0858,478.4904,522.1979,452.0764,446.5773,397.4167,445.6409,495.0741,439.0941,433.4346,385.9989,432.4631,479.7356,442.7074,437.0073,387.4330,435.9422,484.9420,358.2292,357.2780,300.9731,345.2416,420.1614,332.1370,335.2443,269.3134,316.4836,406.1690,322.1780,328.5705,248.6942,301.0928,410.6690,303.0280,312.6438,221.3651,275.0989,403.2785,286.6476,295.3594,206.9728,258.4970,386.7541,276.5131,284.4901,196.6078,245.0831,380.5526,259.9847,268.3955,179.6924,224.6794,371.5885,243.3572,252.7455,160.9119,203.2514,365.7565,11.00000000000,29,025
29,149,00758529,29149,Oregon,Oregon County,06,H1,G4020,,,,A,2045561195.00000000000,4528601.00000000000,+36.6848672,-091.4029021,29149,584.4719,582.8431,578.1393,582.8311,587.6438,547.1106,544.6791,534.6693,544.6760,554.4999,474.4347,471.4474,455.9242,471.5137,486.8685,543.6699,539.0799,513.1508,538.9210,565.0845,611.8104,605.8493,562.0826,605.2842,649.5337,638.2404,631.2360,574.5250,630.2533,687.5497,484.2828,478.8385,426.5248,477.9365,530.3950,517.5135,511.6406,456.4435,510.6587,565.4597,584.4065,577.4506,512.5280,576.1621,640.2284,618.1578,617.1778,520.5477,596.5640,725.1880,458.9632,463.8439,373.1786,438.0682,561.3598,456.6128,466.2612,353.4970,427.4703,582.0995,466.1595,481.5436,341.5474,423.9373,620.4309,456.7260,471.1655,330.7421,412.5834,616.2792,440.7365,453.9743,314.2908,391.3038,606.6079,417.6687,431.6529,289.5137,361.5422,596.9946,399.8202,415.6588,265.1063,334.4373,600.9401,11.00000000000,29,149
29,115,00758512,29115,Linn,Linn County,06,H1,G4020,,,,A,1594303225.00000000000,15054103.00000000000,+39.8644404,-093.1080190,29115,646.0979,644.2887,639.0846,644.2759,649.6031,610.5997,607.9024,596.7394,607.8978,618.8512,580.1643,576.4749,557.4852,576.5602,595.3486,638.4016,633.0307,602.5828,632.8429,663.5597,575.6354,569.9368,528.7564,569.4016,611.0688,693.8778,686.0826,624.3292,684.9800,747.4332,628.2710,620.7722,552.5637,619.5033,688.0433,598.3274,590.9155,526.5450,589.6530,653.7245,612.4923,604.6843,536.1689,603.2269,670.9340,541.4437,540.0876,455.0513,521.9145,635.0706,455.4710,459.8089,369.4531,434.1011,557.0062,436.3544,445.0800,336.9473,407.8820,556.2138,418.2272,431.5595,305.6237,379.7571,556.5942,393.0571,405.0496,283.8861,354.5158,530.3293,375.3646,386.2326,266.9624,332.7483,516.6006,343.7394,354.8876,237.6300,297.0953,491.2985,314.1178,326.2542,207.7325,262.3729,472.1082,11.00000000000,29,115
29,165,00758537,29165,Platte,Platte County,06,H1,G4020,312,28140,,A,1088286859.00000000000,17131989.00000000000,+39.3786957,-094.7614717,29165,6546.3704,6527.9811,6475.2211,6527.8536,6581.8768,6956.9056,6925.9871,6798.7047,6925.9480,7050.8659,7252.8089,7206.9533,6969.6090,7207.9885,7442.7824,8706.9607,8633.0133,8217.7747,8630.4992,9049.6399,8904.6703,8816.0113,8178.9720,8807.7133,9452.4674,9818.4508,9706.8928,8832.3887,9691.0531,10575.8999,9675.3198,9558.5702,8507.1743,9538.7428,10595.6625,9976.7285,9851.7890,8777.2478,9830.4621,10900.3617,10656.5297,10522.7862,9332.6335,10497.8633,11673.5909,10430.1591,10405.4670,8768.5061,10055.7255,12234.0985,10939.5321,11045.1896,8876.1257,10428.1120,13378.4500,11036.1850,11258.4253,8524.7215,10318.0241,14067.8321,10966.0463,11317.1900,8016.2284,9959.3120,14594.2118,11028.2397,11366.2902,7967.8738,9948.8609,14879.9090,11079.7896,11402.1183,7882.7235,9823.8151,15248.8347,10933.2691,11289.3289,7560.8652,9451.5103,15626.7635,10696.3937,11111.0089,7076.1403,8936.0159,16076.3928,11.00000000000,29,165
20,121,00485025,20121,Miami,Miami County,06,H1,G4020,312,28140,,A,1490955548.00000000000,37799723.00000000000,+38.5667718,-094.8329626,20121,2200.6247,2194.4691,2176.7468,2194.4251,2212.5642,1962.9860,1954.2468,1918.3246,1954.2367,1989.4939,1924.4632,1912.2906,1849.3126,1912.5659,1974.8679,2007.7575,1990.7874,1895.0330,1990.2022,2086.8288,1745.3311,1727.9414,1603.0804,1726.3144,1852.6921,1973.8174,1951.3029,1775.4517,1948.1018,2126.0629,1925.2874,1902.0061,1692.7505,1898.0493,2108.4203,1864.7717,1841.2465,1640.2479,1837.2248,2037.3998,1782.7828,1760.3988,1561.2837,1756.2274,1952.9308,1575.0877,1571.0736,1323.6432,1518.1908,1847.4364,1505.7950,1520.1705,1221.4789,1435.1890,1841.4776,1438.4496,1467.2591,1110.8319,1344.6471,1833.5735,1340.1370,1382.9136,979.4135,1216.9357,1783.5152,1270.2726,1309.0954,917.5699,1145.7995,1713.9115,1227.7516,1263.3696,873.3108,1088.4511,1689.7157,1151.6693,1189.0964,796.2934,995.4875,1646.0587,1062.0926,1103.2026,702.5164,887.2245,1596.2930,11.00000000000,20,121
20,123,00485026,20123,Mitchell,Mitchell County,06,H1,G4020,,,,A,1817632788.00000000000,44979984.00000000000,+39.3930256,-098.2073621,20123,268.5654,267.7928,265.6190,267.7884,270.0195,275.9662,274.7232,269.6656,274.7228,279.6887,278.9707,277.2112,268.0829,277.2505,286.2802,379.5393,376.2327,358.1361,376.1288,394.4236,283.7357,281.0108,260.7140,280.7502,301.2565,353.3258,349.4118,317.9971,348.8609,380.6126,299.5253,296.2370,263.9431,295.6970,328.0545,387.5303,382.7310,341.0401,381.9136,423.4105,411.7774,406.6540,360.7062,405.7002,451.0830,450.0194,448.8936,378.2171,433.7894,527.8374,348.9356,352.3548,283.2057,332.6845,426.7371,357.5352,364.7875,276.2641,334.3353,455.7568,362.4366,374.0951,265.0333,329.2296,482.3551,357.5241,368.5352,258.3997,322.5977,482.3958,356.6929,367.1210,253.8592,316.3243,490.9116,347.6199,358.9904,240.4833,300.5701,496.8515,332.3972,345.3277,219.9777,277.7489,499.5869,11.00000000000,20,123
29,007,00758458,29007,Audrain,Audrain County,06,H1,G4020,,33020,,A,1792879633.00000000000,11881468.00000000000,+39.2144798,-091.8434148,29007,1446.8082,1442.8207,1431.1997,1442.7890,1454.6664,1575.0916,1568.2489,1539.5123,1568.2291,1596.4098,1621.9104,1611.9745,1558.9600,1612.1692,1664.5723,1839.5701,1824.6618,1736.8997,1824.0818,1912.4265,1900.8434,1883.0833,1747.1157,1881.3562,2018.5477,2317.0016,2292.5742,2087.2453,2289.1973,2496.3002,2005.3041,1984.0605,1768.4582,1980.6205,2196.3938,2189.2242,2165.0912,1932.2261,2161.0830,2392.0910,2203.3918,2178.9587,1935.8174,2174.4712,2414.0751,2000.5716,1999.2199,1687.9477,1932.9365,2347.3998,1966.8197,1989.5944,1602.4589,1879.6071,2405.9273,2062.6720,2108.0330,1599.9726,1933.2610,2629.7520,2103.1348,2174.2533,1543.8621,1914.7909,2799.2997,2146.1949,2215.6553,1556.9618,1940.8102,2896.0929,2179.2824,2246.2192,1556.6459,1936.7340,2999.5753,2131.3119,2204.0140,1479.7284,1846.5883,3046.4841,2067.5866,2150.6827,1373.0645,1730.9338,3107.7098,11.00000000000,29,007
29,207,00758556,29207,Stoddard,Stoddard County,06,H1,G4020,,,,A,2132134868.00000000000,15019714.00000000000,+36.8554282,-089.9417354,29207,1814.8564,1809.7584,1795.1319,1809.7231,1824.6998,1843.5359,1835.3610,1801.6415,1835.3494,1868.4400,1773.0437,1761.8911,1703.8804,1762.1376,1819.5175,1911.4703,1895.2746,1804.1141,1894.7201,1986.7243,1985.0334,1965.3523,1823.3446,1963.5057,2107.2032,1926.0081,1904.4827,1733.1343,1901.4435,2074.6951,1618.3220,1599.0305,1423.3558,1595.7677,1772.2884,1718.1483,1696.7588,1511.8193,1693.1120,1877.2198,1679.6855,1659.0395,1471.8440,1655.2010,1840.0478,1612.5187,1608.5988,1355.4400,1554.5040,1891.3858,1434.2628,1448.2466,1163.9631,1367.3759,1754.0463,1384.4307,1412.4316,1069.5945,1294.4947,1764.7495,1311.6847,1353.7976,959.0382,1191.4058,1745.6711,1251.8527,1290.3258,904.6326,1129.4558,1689.0776,1184.8662,1219.4233,843.1269,1050.6640,1630.7085,1104.0957,1140.1267,763.6651,954.5535,1578.0733,1040.0038,1080.3793,688.1206,868.9203,1563.1016,11.00000000000,29,207
29,087,00758498,29087,Holt,Holt County,06,H1,G4020,,,,A,1198369596.00000000000,19839057.00000000000,+40.0957240,-095.2190716,29087,251.1421,250.4394,248.4167,250.4343,252.5046,236.6297,235.5774,231.2478,235.5761,239.8254,226.3655,224.9104,217.4981,224.9455,232.2813,189.4841,187.8303,178.7958,187.7786,196.9132,170.1601,168.4675,156.2942,168.3089,180.6290,166.3968,164.5195,149.7063,164.2536,179.2375,124.7384,123.2464,109.7017,122.9938,136.6054,142.7127,140.9493,125.5998,140.6491,155.9262,133.1767,131.5108,116.6423,131.2005,145.8878,115.7723,115.4856,97.3056,111.6005,135.7925,91.7305,92.6122,74.4209,87.4368,112.1806,83.4047,85.0798,64.4168,77.9717,106.3155,74.9957,77.3913,54.8122,68.1034,99.8078,70.8454,73.0100,51.1735,63.9025,95.5879,65.7947,67.7009,46.7959,58.3264,90.5510,59.2697,61.1915,40.9729,51.2265,84.7127,55.2117,57.3441,36.5113,46.1157,82.9812,11.00000000000,29,087
29,085,00758497,29085,Hickory,Hickory County,06,H1,G4020,,,,A,1033641536.00000000000,32677678.00000000000,+37.9367003,-093.3228345,29085,555.6315,554.0674,549.5877,554.0567,558.6447,469.2401,467.2132,458.6581,467.2065,475.5944,431.5566,428.9119,414.8056,428.9638,442.9074,429.4512,425.8847,405.4003,425.7552,446.4047,440.0801,435.8306,404.3495,435.4255,467.2401,444.1700,439.2841,399.8111,438.5981,478.4825,388.5126,384.0997,342.0961,383.3659,425.5006,355.0882,350.9556,312.9908,350.2608,387.9801,388.4088,383.8316,340.7245,382.9847,425.5147,308.4062,307.8970,259.6708,297.6077,361.7999,299.8612,303.0053,243.7359,286.1535,366.7541,291.4677,297.5784,225.5620,272.8047,371.5632,274.3558,283.3680,200.9440,249.4534,365.1477,268.6346,277.0828,194.4568,242.6141,362.4758,259.4154,267.1608,184.9089,230.2607,357.0428,247.8708,256.1213,171.7295,214.5008,354.2907,235.3502,244.6267,155.9690,196.8059,353.7346,11.00000000000,29,085
29,219,00758562,29219,Warren,Warren County,06,H1,G4020,476,41180,,A,1110071693.00000000000,23747239.00000000000,+38.7619020,-091.1593065,29219,2092.0529,2086.2007,2069.3526,2086.1589,2103.4033,1999.5461,1990.6345,1954.0383,1990.6250,2026.5449,2156.1523,2142.7470,2072.2320,2143.0286,2212.7561,2407.1266,2387.1334,2272.3163,2386.4076,2502.1513,2302.7438,2280.2231,2115.4916,2278.0927,2444.6719,2357.6569,2331.4064,2121.7103,2327.7050,2539.6957,2172.4022,2146.4919,1910.6590,2142.1089,2379.0819,2319.1499,2290.7136,2041.4707,2285.8801,2533.8893,2501.2518,2470.4140,2191.5722,2464.6786,2740.0390,2249.9842,2244.9640,1892.0852,2169.5903,2639.2025,1906.2262,1925.1552,1547.5828,1817.7599,2331.2946,1918.5255,1957.6814,1482.8473,1794.3375,2445.6088,1833.7047,1892.9235,1341.3054,1665.9914,2440.4383,1732.3887,1785.9618,1252.4575,1563.4305,2337.4763,1659.3665,1708.0799,1181.3273,1471.8233,2283.7796,1563.6127,1614.9333,1082.0171,1352.2004,2234.8770,1470.4853,1527.8346,973.4159,1228.9075,2210.1216,11.00000000000,29,219
29,013,00758461,29013,Bates,Bates County,06,H1,G4020,312,28140,,A,2167014473.00000000000,38051024.00000000000,+38.2572171,-094.3392459,29013,919.9797,917.4053,909.9958,917.3869,924.9709,850.7217,846.9387,831.3729,846.9340,862.2110,856.4940,851.2027,823.1983,851.3106,878.9978,924.2517,916.6728,872.5826,916.3874,960.8002,885.4759,876.9801,813.6384,876.1671,940.1598,905.8852,895.8218,815.2626,894.4039,975.8368,819.5865,809.9309,721.0513,808.3043,897.5747,798.8151,788.9135,702.9682,787.2267,872.7743,800.7177,791.0454,701.9630,789.2506,877.1842,675.9894,674.4754,568.4513,651.8287,792.9255,584.9121,590.7755,474.9616,557.8360,715.3503,577.9383,589.7892,446.7915,540.5978,736.7241,539.3399,556.8097,394.6016,490.0764,717.8005,503.9293,519.5598,364.4045,454.8411,679.9456,474.1650,488.1273,337.6392,420.6282,652.5948,442.8342,457.4056,306.5055,383.0057,632.9470,410.3239,426.3576,271.6770,342.9521,616.7138,11.00000000000,29,013
29,089,00758499,29089,Howard,Howard County,06,H1,G4020,,17860,,A,1201362829.00000000000,19893539.00000000000,+39.1433650,-092.6959255,29089,525.1392,523.6572,519.4214,523.6473,527.9865,556.3148,553.8288,543.6436,553.8266,563.8245,514.8924,511.6407,494.7919,511.7138,528.3812,671.8745,666.3886,634.3367,666.1796,698.4581,604.0514,598.2591,555.0489,597.7046,641.3577,240.6130,238.2521,217.0256,237.9348,259.2837,246.5308,243.8888,217.3592,243.4591,270.0198,544.7813,538.6387,480.5688,537.6132,595.2561,579.0342,572.3168,508.1505,571.0762,634.3641,536.3263,535.6386,451.9305,517.7921,629.2273,460.6602,465.8442,375.0581,440.0454,563.4817,464.0108,474.0960,359.7152,434.7491,591.5646,464.0691,479.6594,340.4869,422.3814,617.6729,437.5748,451.6928,317.3638,395.6443,590.4631,422.3055,435.2660,301.6312,375.2905,581.2626,442.9123,457.9684,307.4130,383.6778,633.0924,451.8051,469.8874,299.9046,378.1475,679.0861,11.00000000000,29,089
29,197,00758551,29197,Schuyler,Schuyler County,06,H1,G4020,,28860,,A,795911533.00000000000,2216869.00000000000,+40.4693611,-092.5190156,29197,254.1364,253.4355,251.3940,253.4299,255.5166,253.6147,252.4574,247.8018,252.4580,257.0314,278.1048,276.4128,267.3248,276.4449,285.4265,284.8566,282.4165,268.8325,282.3356,296.0543,340.2780,336.7811,312.4359,336.4599,361.1394,389.3996,384.8920,350.1635,384.2479,419.4158,366.1636,361.6700,321.8210,360.9025,400.9854,330.6823,326.4091,290.6755,325.6752,361.2887,403.5675,398.3034,353.0499,397.3184,442.0599,394.2690,393.0225,330.8934,379.7280,462.3835,302.7273,305.3904,245.1703,288.2481,370.1765,309.5075,315.4661,238.5942,289.0218,394.4963,293.4602,302.5917,214.0663,266.1863,390.5294,281.4656,289.8425,202.9248,253.5982,379.7465,270.8623,278.5075,192.2944,239.8604,372.7621,251.0784,259.0485,173.2667,216.7913,358.8482,230.3949,239.1492,152.1021,192.2608,346.2664,11.00000000000,29,197
29,133,00758521,29133,Mississippi,Mississippi County,06,H1,G4020,,,,A,1065995440.00000000000,44494570.00000000000,+36.8262640,-089.2959286,29133,867.6232,865.1527,858.1431,865.1374,872.3243,813.6152,809.8889,794.9464,809.8919,824.5723,754.5741,749.8131,725.1220,749.9197,774.3442,780.6111,774.0280,736.7983,773.7995,811.3633,743.7710,736.5202,683.3133,735.8329,789.6281,854.2353,844.4424,768.3100,843.0476,920.1104,928.1413,916.1951,814.7523,914.1240,1016.3427,953.5431,940.7513,837.2925,938.5390,1041.7714,1007.2704,993.6919,880.3416,991.1426,1103.2907,890.6294,887.7306,747.3184,857.6795,1044.4756,789.9982,796.7140,639.3876,751.9201,965.9760,773.3333,787.9836,595.7335,721.8486,985.6569,736.9879,759.6783,537.1858,668.1892,980.7433,701.1047,721.7113,505.0190,631.3596,945.8901,664.3992,682.8748,471.1942,588.0027,914.3275,620.1589,639.5602,427.4614,535.1133,886.3284,583.1079,604.9968,384.4793,486.2658,876.3515,11.00000000000,29,133
29,187,00758548,29187,St. Francois,St. Francois County,06,H1,G4020,476,22100,,A,1170380864.00000000000,7217225.00000000000,+37.8107068,-090.4738684,29187,3961.7527,3950.5144,3918.5288,3950.4422,3983.2249,4317.3691,4297.8877,4218.7467,4297.8837,4375.5959,4368.1008,4340.1733,4197.1695,4340.8326,4482.3405,4645.4641,4605.5815,4384.0567,4604.2692,4828.0211,4690.2559,4643.1527,4307.6060,4638.7666,4978.5241,4955.2118,4898.2654,4456.5641,4890.1488,5337.2961,5123.1385,5058.3620,4499.3294,5047.1932,5610.1252,5340.3572,5270.5643,4692.7854,5258.5521,5834.5910,5620.7014,5545.8422,4914.1641,5531.8044,6156.6179,5021.5334,5005.7748,4214.5735,4836.4798,5889.0893,4829.8533,4871.9921,3910.9502,4598.4072,5905.9133,4702.0202,4792.1298,3623.9860,4390.2829,5993.1143,4486.8761,4626.0135,3272.1594,4069.2696,5970.9781,4317.3635,4445.2642,3111.6171,3889.1573,5824.8279,4132.7313,4248.6548,2932.6989,3658.7950,5687.4284,3886.7785,4009.3214,2680.7450,3354.9527,5555.0331,3654.4158,3792.4274,2411.0653,3048.5136,5492.2638,11.00000000000,29,187
29,179,00758544,29179,Reynolds,Reynolds County,06,H1,G4020,,,,A,2093947170.00000000000,15372837.00000000000,+37.3608568,-090.9695158,29179,376.6443,375.5765,372.5360,375.5696,378.6857,431.3429,429.4331,421.5451,429.4302,437.1707,325.6161,323.5891,312.9396,323.6319,334.1628,414.6841,411.1933,391.4154,411.0714,431.0246,352.6584,349.1342,323.9049,348.8051,374.3447,369.4197,365.1910,332.2706,364.5891,397.9096,277.7672,274.3362,244.0898,273.7490,304.1800,272.0687,268.5637,239.1733,267.9620,297.2508,250.3503,247.1474,219.1319,246.5493,274.2364,201.4184,200.8743,169.2090,194.1046,236.2382,193.0050,194.8242,156.5218,183.9257,236.0272,174.6637,178.1381,134.8410,163.2438,222.6388,159.2771,164.3374,116.3640,144.6047,211.9711,144.1185,148.5000,104.0626,129.9669,194.4494,133.2605,137.1045,94.7508,118.1128,183.4005,120.5927,124.4916,83.3452,104.2134,172.3594,112.4840,116.8200,74.3702,93.9422,169.0589,11.00000000000,29,179
29,067,00758488,29067,Douglas,Douglas County,06,H1,G4020,,,,A,2107296301.00000000000,2498266.00000000000,+36.9465168,-092.5158918,29067,711.5521,709.5622,703.8320,709.5479,715.4127,645.0381,642.1498,630.3371,642.1476,653.7438,591.8418,588.0648,568.6903,588.1533,607.3243,668.2082,662.3855,630.5251,662.2026,694.4125,647.0509,640.4990,594.2073,639.8919,686.7840,603.6491,596.6749,542.8461,595.6791,650.1843,506.2337,500.0567,444.9918,499.0037,554.3802,492.3617,486.0600,432.9093,484.9797,537.9360,514.9901,508.3832,450.7364,507.1491,564.1234,453.6732,452.5664,381.3384,437.3462,532.1299,382.7271,386.3984,310.4932,364.8031,468.0502,363.0051,370.3082,280.3853,339.3744,462.7220,345.1729,356.2324,252.3345,313.4929,459.3755,325.9530,335.9674,235.5398,294.0798,439.7958,308.8652,317.8868,219.8058,273.8991,425.0863,291.5681,301.1078,201.7114,252.1082,416.7372,275.6314,286.3635,182.4281,230.3279,414.2695,11.00000000000,29,067
29,119,00758518,29119,McDonald,McDonald County,06,H1,G4020,,22220,,A,1397247203.00000000000,520250.00000000000,+36.6302180,-094.3439556,29119,1550.4672,1546.1537,1533.6793,1546.1216,1558.8826,1476.0206,1469.4207,1442.3952,1469.4152,1495.9444,1416.4019,1407.6018,1361.2809,1407.7861,1453.5890,1407.7606,1395.8653,1328.7259,1395.4547,1463.2045,1413.8996,1399.8256,1298.6754,1398.5082,1500.8821,1430.5451,1414.3077,1286.9018,1412.0030,1540.9100,1340.1944,1324.2382,1178.7707,1321.5406,1467.7021,1254.7242,1239.2479,1104.3190,1236.6141,1370.8989,1243.7421,1228.4619,1089.8576,1225.6211,1362.4851,1123.2390,1120.6730,944.4608,1083.0308,1317.5304,1020.5437,1030.6162,828.4275,973.1040,1248.1042,996.3618,1016.6405,769.9992,931.7954,1270.0889,948.2541,978.8199,693.5233,861.4530,1262.0059,921.8478,950.2896,666.3508,831.8572,1243.8244,893.8394,920.0143,636.2233,792.7342,1230.1824,854.8230,882.8166,591.4241,739.1652,1221.7969,809.0482,840.5415,535.4583,676.0607,1215.9859,11.00000000000,29,119
29,101,00758505,29101,Johnson,Johnson County,06,H1,G4020,312,47660,,A,2147829735.00000000000,10126753.00000000000,+38.7458799,-093.8059991,29101,2282.2345,2275.9023,2257.5493,2275.8543,2294.6242,2138.7288,2129.2124,2090.0769,2129.2012,2167.6114,2191.3670,2177.5231,2105.8139,2177.8346,2248.7719,2906.0550,2881.1618,2742.5804,2880.3372,3020.2926,3177.8788,3145.5997,2918.2446,3142.6142,3372.9545,2570.8155,2540.0892,2310.2822,2535.6534,2768.7010,2235.4966,2205.6681,1960.5104,2200.4403,2447.8149,3573.4476,3526.1919,3139.0826,3518.0404,3904.1271,3690.3506,3640.7003,3225.5062,3631.3803,4042.1533,3337.3051,3325.9074,2799.3363,3213.1758,3913.6576,3263.5764,3291.2911,2641.3357,3106.2350,3990.5566,3250.2297,3311.8351,2503.8539,3033.8855,4142.6046,3163.9616,3261.4773,2306.3687,2868.7322,4210.4367,3068.7234,3159.0811,2210.7411,2763.6573,4140.1591,2966.3517,3049.0612,2104.1337,2625.5436,4082.2275,2940.0289,3032.4372,2027.2584,2537.3885,4201.9067,2938.7495,3049.6742,1938.7861,2451.4320,4416.6768,11.00000000000,29,101
29,125,00758516,29125,Maries,Maries County,06,H1,G4020,,,,A,1364869338.00000000000,7636526.00000000000,+38.1626154,-091.9236010,29125,571.4722,569.9070,565.3218,569.8940,574.5775,530.2299,527.8556,518.1455,527.8538,537.3861,530.0372,526.6644,509.3150,526.7426,543.9083,548.5848,543.9918,517.8266,543.8289,570.2176,514.0211,508.9895,472.2178,508.5137,545.6995,516.5997,510.8535,464.9089,510.0436,556.4889,465.6563,460.2329,409.7840,459.3230,509.9732,425.1054,420.1085,374.6138,419.2667,464.4802,428.6501,423.5386,375.9107,422.5916,469.5931,354.8496,354.3513,298.9329,342.5333,416.3052,350.5488,354.3185,285.1013,334.6421,428.7644,342.0744,349.3413,264.8923,320.2909,436.0883,329.3862,340.2956,241.4028,299.6013,438.3971,319.0070,329.1275,231.0720,288.2194,430.4524,311.1468,320.5184,221.9255,276.2819,428.2492,300.0002,310.0598,207.9766,259.7050,428.8063,286.9935,298.3706,190.3095,240.0712,431.3592,11.00000000000,29,125
29,075,00758492,29075,Gentry,Gentry County,06,H1,G4020,,,,A,1272776760.00000000000,762384.00000000000,+40.2093789,-094.4041102,29075,379.2996,378.2430,375.1906,378.2352,381.3581,326.0663,324.6452,318.6940,324.6415,330.4782,345.7923,343.6369,332.3270,343.6827,354.8670,487.7404,483.6236,460.3619,483.4810,506.9527,466.6265,462.0909,428.7103,461.6603,495.4052,501.4643,496.0386,451.5234,495.2813,540.2291,425.7520,420.9525,374.9513,420.1566,466.2895,406.8958,402.1845,358.7021,401.3932,444.5881,461.4477,456.2612,405.2776,455.3071,505.5618,439.9140,439.1836,370.3901,424.5060,516.0744,360.7992,364.6864,293.4507,344.4364,441.3031,378.4594,386.5048,293.0774,354.3657,482.4737,381.5602,394.2008,279.6459,347.0614,507.8384,375.1679,387.0682,271.7489,338.9578,506.2330,371.5873,382.7755,265.0280,329.9449,511.4366,358.1749,370.1788,248.2952,310.0578,511.9580,346.0125,359.7204,229.4300,289.4299,520.0658,11.00000000000,29,075
29,033,00758471,29033,Carroll,Carroll County,06,H1,G4020,,,,A,1799061284.00000000000,17533455.00000000000,+39.4273754,-093.5002266,29033,536.6291,535.1248,530.8015,535.1142,539.5402,517.7096,515.4128,505.9429,515.4096,524.7030,461.8335,458.9512,443.8452,459.0128,473.9515,455.7629,451.9357,430.1982,451.8011,473.7281,427.7000,423.4867,392.8898,423.0898,454.0410,488.2831,482.8162,439.3705,482.0439,525.9755,430.5135,425.3972,378.6758,424.5328,471.4741,382.6955,377.9624,336.7972,377.1565,418.1285,362.4787,357.9525,317.4909,357.1095,397.0765,339.3125,338.5981,285.4158,327.2413,398.0196,290.9177,293.8696,236.2940,277.4955,355.7995,267.6535,273.1765,206.9777,250.4040,341.1942,249.1889,257.2924,182.3709,226.4680,331.6451,233.1527,240.4137,168.6492,210.4782,314.5927,220.1553,226.6643,156.8122,195.3314,303.0026,198.5757,205.1330,137.4843,171.7765,283.8277,178.5261,185.5221,118.2384,149.2381,268.3246,11.00000000000,29,033
20,115,00485022,20115,Marion,Marion County,06,H1,G4020,,,,A,2445700985.00000000000,24448971.00000000000,+38.3596474,-097.1027707,20115,631.6853,629.9190,624.8323,629.9064,635.1126,552.5898,550.1269,540.0132,550.1242,560.0511,572.6348,568.9697,550.2219,569.0566,587.6088,631.8223,626.3963,596.2672,626.2180,656.6506,600.6024,594.5966,551.6291,594.0359,637.5331,453.1045,447.9005,407.5130,447.1589,488.0433,486.3810,480.5957,427.8072,479.6179,532.6565,545.0766,538.4423,479.9057,537.3163,595.5503,542.1349,535.6268,475.3496,534.4200,593.9123,507.7389,506.8282,427.3741,489.8716,595.6251,467.3981,472.2152,379.7684,445.9269,571.6515,469.0756,478.8188,362.8503,438.9255,597.9669,464.3090,479.4554,339.8892,422.0329,617.9524,458.4008,472.7104,331.6391,413.8637,618.5227,456.2159,469.7268,324.9933,404.8036,627.8976,464.0108,479.3433,321.2766,401.4019,663.2194,458.2461,476.2012,303.4934,383.0657,688.7435,11.00000000000,20,115
29,039,00758474,29039,Cedar,Cedar County,06,H1,G4020,,,,A,1228906021.00000000000,62602899.00000000000,+37.7336549,-093.8500144,29039,823.8757,821.5691,814.9331,821.5527,828.3454,759.2527,755.8618,741.9621,755.8587,769.5025,739.0697,734.4166,710.2348,734.5199,758.4393,867.6841,860.2618,818.8839,860.0149,901.7995,835.7959,827.3832,767.5890,826.6009,887.1523,919.5589,909.0862,827.1698,907.5979,990.4915,892.4222,881.5301,784.4559,879.6733,977.2977,866.1636,855.0659,761.5525,853.1630,946.3374,826.9983,816.5101,724.0488,814.5534,905.9140,853.7627,851.5870,717.4697,822.9224,1001.3870,644.9292,651.0536,523.1000,614.6479,788.6961,626.1146,638.6154,483.4437,585.2359,798.0957,607.5333,626.8796,443.9255,551.6240,808.5289,571.4685,588.8830,412.7069,515.4057,771.0477,546.0965,561.8857,388.3498,484.0686,751.5711,505.2926,521.6593,349.2759,436.7000,722.2012,461.4105,479.2175,305.1040,385.3769,693.4828,11.00000000000,29,039
29,155,00758532,29155,Pemiscot,Pemiscot County,06,H1,G4020,,,,A,1275682068.00000000000,54104401.00000000000,+36.2099162,-089.7859419,29155,976.6875,974.0079,966.1692,973.9860,981.9940,890.9876,887.1066,870.8458,887.0962,903.0439,891.8734,886.5028,857.3686,886.5991,915.3850,898.1238,890.9560,848.1033,890.6653,933.7649,919.3394,910.7772,845.0171,909.9429,976.2849,936.2538,926.2152,843.1538,924.8186,1008.6558,790.1395,781.2239,695.8450,779.7449,865.3709,736.4577,727.7729,648.9322,726.3087,804.6694,718.8503,710.1808,630.2192,708.5724,787.5003,683.9633,682.8268,575.8684,660.0063,802.3747,553.2484,558.9589,449.5380,527.8442,676.6522,526.5235,537.4808,407.3251,492.7071,671.2027,496.1562,512.3752,363.2601,451.0227,660.3410,455.6288,469.8962,329.7103,411.4174,614.7864,415.6340,427.9945,296.1740,368.8602,572.0482,378.6048,391.1666,262.2333,327.5842,541.1506,345.3026,358.8813,228.7791,288.7121,518.9925,11.00000000000,29,155
20,053,00484996,20053,Ellsworth,Ellsworth County,06,H1,G4020,,,,A,1854034693.00000000000,19270084.00000000000,+38.7008451,-098.2053552,20053,326.2859,325.3333,322.6852,325.3286,328.0505,324.4321,322.9472,316.9893,322.9483,328.8016,322.8412,320.7256,310.1464,320.7803,331.2556,376.3141,373.0566,355.1128,372.9521,391.0853,293.0911,290.1474,269.1793,289.8734,311.1046,336.8457,333.1124,303.1619,332.5868,362.8591,394.7790,389.8335,346.7917,388.9833,432.3105,406.2251,400.8740,356.8865,399.9516,443.8176,470.6460,464.4214,411.5681,463.2550,515.5259,419.1920,417.6857,351.4845,403.5081,491.5683,406.0977,409.5911,328.7486,386.5752,496.5656,409.6333,417.4519,315.6612,382.4354,522.1077,395.6717,407.9288,288.5313,358.8296,526.5450,387.9456,399.4521,279.6244,349.4857,523.4032,388.5817,399.5239,275.8225,344.0735,534.7661,374.3383,386.2062,258.3006,323.2001,535.0137,359.2656,372.9088,237.1660,299.7918,539.9491,11.00000000000,20,053
20,191,00481812,20191,Sumner,Sumner County,06,H1,G4020,556,48620,,A,3061212453.00000000000,7806166.00000000000,+37.2366630,-097.4933494,20191,1235.4448,1232.0060,1222.0654,1231.9805,1242.1502,1163.0239,1157.8208,1136.5247,1157.8166,1178.7220,1196.5554,1189.0058,1149.8522,1189.1748,1227.9056,1259.7698,1249.0972,1189.0170,1248.7316,1309.3674,1255.1144,1242.7587,1152.9702,1241.5944,1332.4193,1433.7380,1417.6261,1290.0245,1415.3470,1544.3963,1312.9580,1297.5897,1155.2847,1295.0067,1437.9047,1283.0445,1267.4730,1129.7250,1264.8317,1401.8560,1254.6046,1239.0722,1099.1491,1236.1822,1374.3702,1054.4452,1052.3959,887.2636,1017.1440,1236.9243,1056.1374,1066.6805,857.5296,1007.1926,1291.6540,1051.6543,1073.1733,812.9309,983.6494,1340.5857,1010.4103,1043.0902,739.1717,918.0582,1344.7378,989.7455,1020.3883,715.6134,893.2618,1335.4464,965.5574,993.9298,687.4416,856.4633,1328.8950,917.3033,947.4263,634.7995,793.2962,1311.1059,863.6336,897.3156,571.6990,721.7522,1298.0308,11.00000000000,20,191
20,151,00485039,20151,Pratt,Pratt County,06,H1,G4020,,,,A,1903757176.00000000000,1753615.00000000000,+37.6475943,-098.7401199,20151,452.7229,451.4344,447.7771,451.4264,455.1760,491.4666,489.2951,480.3099,489.2914,498.1080,544.2284,540.7806,522.9698,540.8591,558.4796,708.0934,702.0345,668.2673,701.8331,735.9330,714.5451,707.4209,656.3023,706.7547,758.4960,598.5612,592.0135,538.8399,591.0960,644.8111,542.9179,536.3853,477.4021,535.2769,594.5639,666.7600,658.2760,586.3432,656.8232,728.4800,750.1515,740.8485,657.1713,739.1172,821.7597,801.4965,799.5224,673.6702,772.6287,940.1000,682.2156,688.9183,553.7356,650.4646,834.3309,705.0673,719.3792,544.8169,659.3294,898.7635,709.7078,732.5451,518.9910,644.6935,944.5276,701.0883,722.6935,506.7322,632.6157,945.9573,700.2020,720.6876,498.3615,620.9757,963.6796,697.7884,720.6235,482.7488,603.3574,997.3466,700.2437,727.4877,463.4225,585.1239,1052.4537,11.00000000000,20,151
29,055,00758482,29055,Crawford,Crawford County,06,H1,G4020,,,,A,1923109129.00000000000,3203495.00000000000,+37.9665605,-091.3139328,29055,1494.4165,1490.2241,1478.1829,1490.1948,1502.5227,1356.8737,1350.8610,1326.0450,1350.8522,1375.2048,1398.0433,1389.3263,1343.5997,1389.5117,1434.7310,1540.0450,1527.1969,1453.7411,1526.7364,1600.8041,1466.4181,1452.0493,1347.1457,1450.6917,1556.7818,1429.7233,1414.0756,1287.0608,1411.8825,1540.1937,1348.5781,1332.7156,1186.4896,1330.0450,1476.9057,1309.7847,1293.8147,1153.1299,1291.1032,1431.0681,1404.9456,1388.3743,1232.4347,1385.3078,1539.1628,1234.7481,1232.3929,1039.0597,1191.1238,1448.4407,1103.5827,1114.9496,896.6661,1052.8780,1349.7364,1102.0219,1124.9288,852.4907,1031.2098,1404.8345,1049.1819,1083.4562,768.1181,953.7131,1396.3683,1000.9063,1032.2147,724.2356,903.7418,1350.5341,966.8164,995.5232,688.8586,857.9574,1330.6516,915.3862,945.7159,633.9501,791.9764,1308.3846,860.6385,894.4478,570.1516,719.5488,1293.5443,11.00000000000,29,055
29,015,00758462,29015,Benton,Benton County,06,H1,G4020,,,,A,1823507941.00000000000,125579882.00000000000,+38.3010358,-093.2879421,29015,1128.8631,1125.7120,1116.6244,1125.6892,1134.9887,1014.9210,1010.4274,991.8674,1010.4205,1028.6334,910.6380,904.9238,875.1321,905.0488,934.5148,1060.9581,1052.0573,1001.4549,1051.7435,1102.7843,1092.4785,1081.5213,1003.3642,1080.5002,1159.6329,1064.2650,1052.3858,957.7112,1050.7093,1146.4302,970.2205,958.6077,853.2499,956.6409,1062.5214,910.8125,899.4459,801.3823,897.5070,995.1367,905.8534,894.6444,793.6219,892.5589,992.3277,807.2460,805.4953,678.9304,778.4648,946.9015,761.2604,768.8490,618.0855,725.9676,931.0183,726.6799,741.5415,561.7115,679.6796,926.3269,689.2442,711.5316,504.2123,626.2407,917.3028,649.3172,669.4211,469.4758,586.0207,876.1125,611.9988,629.9863,435.7282,542.8571,842.2933,563.1960,581.6992,389.7627,487.0703,804.9792,517.5047,537.7028,342.5993,432.5054,777.8042,11.00000000000,29,015
29,109,00758509,29109,Lawrence,Lawrence County,06,H1,G4020,,,,A,1584390538.00000000000,4249575.00000000000,+37.1061352,-093.8332618,29109,2253.9945,2247.7039,2229.5591,2247.6582,2266.2256,2251.7130,2241.7053,2200.5081,2241.6926,2282.1246,2118.4493,2105.2130,2035.9184,2105.4972,2174.0266,2262.7703,2243.8281,2135.9033,2243.1560,2352.0018,2035.3637,2015.2124,1869.6045,2013.3200,2160.6501,2217.4808,2192.4567,1995.0451,2188.9118,2388.5992,2142.4338,2116.8116,1884.1779,2112.4733,2346.2543,2033.1478,2007.8620,1789.0387,2003.5517,2221.3843,2055.7703,2030.3505,1801.1037,2025.6213,2252.0197,1796.8992,1792.7581,1510.8340,1732.5315,2107.7079,1584.3800,1599.8092,1285.7576,1510.4697,1937.6307,1530.0402,1560.9664,1182.0564,1430.6205,1950.3571,1425.9693,1471.7266,1042.5550,1295.1796,1897.7660,1332.7547,1373.6835,963.0422,1202.4087,1798.2329,1283.6533,1321.0596,913.3658,1138.2215,1766.6647,1196.8074,1235.8301,827.7308,1034.6657,1710.5827,1095.2997,1137.7863,724.6437,915.0762,1646.2079,11.00000000000,29,109
29,129,00758519,29129,Mercer,Mercer County,06,H1,G4020,,,,A,1175427598.00000000000,3302258.00000000000,+40.4214135,-093.5676313,29129,190.1727,189.6465,188.1179,189.6424,191.2053,209.9514,209.0008,205.1505,209.0008,212.7820,183.3335,182.2174,176.2262,182.2386,188.1598,206.3884,204.6954,194.8499,204.6317,214.5494,174.4653,172.7767,160.2962,172.6159,185.2299,222.1785,219.6880,199.9177,219.3360,239.3284,232.2246,229.4927,204.3122,229.0327,254.3226,199.3839,196.8939,175.4255,196.4691,217.8430,218.2585,215.5324,191.1685,215.0246,239.0908,184.9445,184.5549,155.5674,178.3648,216.9431,150.4970,152.0295,122.2487,143.5603,184.0624,148.7844,151.8596,115.0644,139.2020,189.6652,140.7182,145.3003,102.9961,127.8952,187.2821,130.9374,135.0228,94.7258,118.2133,176.6744,126.3649,130.1092,90.0216,112.1270,173.9184,117.8435,121.7432,81.6040,101.9502,168.4363,105.4550,109.5963,69.8589,88.1654,158.4993,11.00000000000,29,129
29,111,00758510,29111,Lewis,Lewis County,06,H1,G4020,,39500,,A,1308052730.00000000000,14901513.00000000000,+40.0845592,-091.7288031,29111,591.1879,589.5331,584.7715,589.5213,594.3953,543.2549,540.8398,530.9002,540.8368,550.5919,513.0405,509.8902,493.1193,509.9526,526.5311,597.4184,592.5350,564.0353,592.3495,621.0526,617.3306,611.5455,567.3875,610.9840,655.5457,308.5419,305.2730,277.9217,304.8202,332.4134,503.7374,497.7325,443.0499,496.7168,551.6627,574.4348,567.3638,505.6037,566.1609,627.6225,660.3756,652.0529,578.2684,650.5012,723.3977,546.3609,545.1019,459.3809,526.7896,640.8647,466.4971,471.0548,378.5980,444.7538,570.5089,458.9888,468.2877,354.6366,429.1915,585.0801,434.0705,448.0213,317.3955,394.2853,577.6892,400.6192,412.9427,289.5210,361.4640,540.5414,360.5252,371.0529,256.5650,319.7072,496.1849,360.8238,372.6121,249.5929,311.9693,515.7229,337.5995,350.7172,223.3935,282.0773,507.4050,11.00000000000,29,111
29,105,00758507,29105,Laclede,Laclede County,06,H1,G4020,,30060,,A,1980608825.00000000000,8534395.00000000000,+37.6596901,-092.5948322,29105,2146.1869,2140.1709,2122.8805,2140.1285,2157.8293,2082.9716,2073.7788,2035.7022,2073.7626,2111.1228,2112.3351,2099.1569,2030.0662,2099.4381,2167.7632,2386.5495,2366.7547,2252.9178,2366.0332,2480.7795,2145.3162,2124.4480,1970.9801,2122.4675,2277.6156,2221.8359,2196.9355,1999.2309,2193.4165,2393.3407,2039.2243,2015.0793,1793.8423,2011.0050,2233.2539,2060.8282,2035.5249,1814.0136,2031.2228,2251.6464,2151.2476,2124.6998,1884.8540,2119.7619,2356.6179,1929.7585,1925.8849,1623.5748,1861.3408,2263.6868,1619.6275,1635.7939,1315.0516,1544.5665,1980.8009,1570.3244,1602.4691,1213.8863,1468.7959,2001.7567,1493.0006,1541.3061,1092.2429,1356.5610,1987.0104,1384.3073,1427.1938,1000.9407,1249.3958,1867.8243,1309.4070,1347.9149,932.3055,1161.5031,1802.1371,1221.0288,1261.1633,845.0527,1056.0094,1745.2247,1120.8744,1164.6384,742.0727,936.7931,1684.6637,11.00000000000,29,105
29,017,00758463,29017,Bollinger,Bollinger County,06,H1,G4020,164,16020,,A,1600368466.00000000000,8528361.00000000000,+37.3183491,-090.0246011,29017,820.9524,818.6613,812.0526,818.6446,825.4072,821.9043,818.2769,803.2525,818.2705,833.0122,771.5905,766.6856,741.4306,766.7988,791.7859,799.2167,792.4201,754.3056,792.1900,830.6657,850.4282,842.0295,781.1910,841.2396,902.7899,893.8166,883.7727,804.2239,882.3519,962.8030,777.3600,768.1256,683.7655,766.5655,851.3214,717.0582,708.1578,630.9978,706.6411,783.4472,744.3381,735.1389,652.1390,733.4275,815.3952,662.5361,661.1923,557.3902,639.0293,777.1790,598.4662,604.4427,485.9279,570.7341,731.9233,571.9199,583.6308,442.1096,534.9472,729.0501,546.2477,563.9260,399.6295,496.3341,726.9927,523.3822,539.6025,378.4479,472.3818,706.1920,492.3802,506.8689,350.5924,436.7742,677.6637,453.8191,468.7464,314.0989,392.4996,648.6474,419.3455,435.7293,277.6458,350.4894,630.2730,11.00000000000,29,017
29,049,00758479,29049,Clinton,Clinton County,06,H1,G4020,312,28140,,A,1085089929.00000000000,11723669.00000000000,+39.6087233,-094.3958028,29049,1264.1869,1260.6029,1250.3975,1260.5798,1271.0390,1194.2258,1188.8750,1167.0033,1188.8712,1210.3427,1184.5809,1176.9992,1138.2166,1177.1790,1215.5570,1266.7756,1256.1387,1195.7202,1255.7646,1316.7097,1259.6806,1246.9309,1156.8102,1245.7492,1337.0368,1460.9499,1444.3921,1314.2917,1442.0430,1573.6677,1302.8068,1287.1605,1145.6453,1284.5075,1426.7419,1223.6808,1208.5580,1076.9413,1205.9834,1336.9794,1251.8840,1236.3472,1096.6928,1233.4556,1371.3854,1081.5016,1078.9836,909.2812,1042.7289,1268.5620,1008.9550,1018.7660,818.7627,961.8697,1233.9075,988.5836,1008.5531,763.7238,924.3312,1260.1557,944.6423,974.9455,690.6315,857.9884,1257.1862,893.5081,920.9412,645.6336,806.1131,1205.5744,858.9405,883.9651,611.1580,761.6199,1182.1411,787.0595,812.7168,544.3333,680.4232,1124.9345,719.7546,747.6700,476.1785,601.3196,1081.7728,11.00000000000,29,049
20,045,00484992,20045,Douglas,Douglas County,06,H1,G4020,,29940,,A,1180699859.00000000000,48602935.00000000000,+38.8965726,-095.2905294,20045,5652.4258,5636.6343,5591.1235,5636.5202,5683.0959,6020.9990,5994.4310,5884.3699,5994.3837,6102.3736,7256.6772,7210.9947,6973.5622,7212.0078,7446.8631,8443.7650,8372.8299,7970.1081,8370.3389,8776.5816,7499.7966,7426.1092,6889.5899,7419.1575,7961.8173,5145.8335,5090.7894,4634.3389,5083.1384,5543.8073,4064.5788,4016.8487,3576.1888,4008.8175,4451.3639,9315.7453,9202.3607,8201.9307,9183.1174,10178.3762,10018.8620,9895.6126,8778.9507,9872.6961,10975.3663,9641.7960,9622.6924,8112.4384,9300.2650,11310.2878,12689.6002,12816.1461,10303.0795,12101.3605,15519.3353,12924.4065,13188.7112,9990.3213,12088.4586,16475.2380,12855.0438,13270.6554,9403.9085,11679.8830,17108.5438,13240.6870,13650.4739,9573.1266,11949.7514,17865.4156,13762.8260,14167.0493,9798.2958,12207.5833,18941.7393,14308.7379,14778.4072,9901.6756,12374.1263,20451.5300,14918.7563,15500.4649,9875.5294,12467.6808,22422.7023,11.00000000000,20,045
29,135,00758522,29135,Moniteau,Moniteau County,06,H1,G4020,,27620,,A,1074910753.00000000000,9960727.00000000000,+38.6330371,-092.5836417,29135,895.2119,892.6571,885.4216,892.6415,900.0617,961.2781,956.9152,939.2813,956.9161,974.2353,903.9372,898.1379,868.5409,898.2767,927.5669,1041.7014,1032.6262,982.9573,1032.3410,1082.5538,989.1293,979.1415,908.3771,978.2145,1049.8866,1149.6463,1136.0989,1033.4369,1134.1519,1238.1951,1220.6015,1205.1501,1071.9448,1202.4849,1336.6253,1221.7990,1205.5966,1073.1995,1202.8002,1334.8592,1305.6592,1288.3167,1141.6239,1285.0655,1430.1555,1265.8419,1261.7487,1062.2039,1219.0438,1484.5085,1062.4735,1071.6253,860.1261,1011.4121,1299.1665,1050.3813,1070.4119,809.3867,980.6180,1338.7861,1026.6017,1058.3698,748.5592,930.9693,1366.1598,994.5461,1023.9709,716.7245,895.8558,1341.8015,968.1855,995.3393,687.0440,857.1503,1332.4081,929.7261,959.0701,641.2959,802.5516,1328.7785,876.9437,910.1059,578.6572,731.6002,1317.9715,11.00000000000,29,135
53,015,01529156,53015,Cowlitz,Cowlitz County,06,H1,G4020,,31020,,A,2952910628.00000000000,67563094.00000000000,+46.1859234,-122.6586822,53015,6468.3685,6450.2932,6398.2108,6450.1627,6503.4652,6376.0200,6347.7119,6231.0718,6347.6738,6462.1430,6294.0770,6254.4311,6048.4897,6255.3124,6459.0216,6561.3973,6506.0254,6193.0936,6504.1064,6819.8591,6969.7032,6900.5488,6401.9409,6894.0632,7398.6228,7354.2327,7271.6893,6617.2231,7260.0180,7921.8742,6485.1805,6407.6368,5703.4622,6394.5076,7102.1499,6263.8471,6186.4692,5512.7714,6173.2968,6843.8083,6356.2201,6277.0778,5567.7720,6262.3425,6962.9353,5741.5142,5727.9450,4826.8618,5535.4275,6734.5384,5294.3671,5345.5736,4295.8730,5046.9467,6474.7332,5183.2941,5287.7595,4003.9038,4846.1098,6607.1588,4943.7021,5102.0988,3614.0301,4489.9658,6579.3560,4757.0352,4902.9589,3437.1274,4291.5791,6418.4637,4567.0030,4699.9921,3249.4208,4049.4622,6285.4613,4275.5369,4414.9226,2956.9909,3696.2667,6110.9733,3999.2520,4154.4155,2645.9396,3341.2446,6010.7775,11.00000000000,53,015
53,049,01513274,53049,Pacific,Pacific County,06,H1,G4020,,,,A,2415572451.00000000000,752977439.00000000000,+46.5565866,-123.7824193,53049,1162.8081,1159.5641,1150.2040,1159.5404,1169.1182,1117.9881,1113.0553,1092.6193,1113.0466,1133.0980,1151.3986,1144.0962,1106.4129,1144.2632,1181.5445,1387.1079,1375.4636,1309.3057,1375.0537,1441.7872,1362.1108,1348.9237,1251.4844,1347.6686,1446.1520,1367.1307,1351.9732,1230.4123,1349.8391,1472.7080,1045.6977,1033.7065,920.5632,1031.7057,1145.2394,1107.1355,1093.4622,974.3889,1091.1347,1209.6439,1160.7943,1146.3905,1016.8998,1143.7097,1271.6007,1043.9156,1041.8592,878.3537,1006.9528,1224.5658,1012.8080,1023.0133,822.5144,965.9900,1238.6776,998.1583,1018.6777,771.7448,933.7324,1272.4037,978.5112,1010.2503,715.9915,889.1888,1302.2918,939.1840,968.3500,679.2090,847.7419,1267.2325,894.7119,921.0833,637.1436,793.7248,1231.3969,848.2126,876.1403,587.1171,733.6380,1212.3593,811.2875,842.9996,537.1750,678.0935,1219.3597,11.00000000000,53,049
53,067,01529226,53067,Thurston,Thurston County,06,H1,G4020,500,36500,,A,1869871525.00000000000,133491584.00000000000,+46.9325978,-122.8294407,53067,16825.0029,16778.1980,16642.8336,16777.8492,16916.3235,17456.8185,17379.8077,17060.7148,17379.6690,17692.7541,19404.4669,19283.0074,18648.2440,19285.6361,19913.4179,23382.2452,23185.8069,22070.6011,23178.9091,24303.8685,24883.8124,24637.7735,22857.6158,24614.6505,26415.7446,25305.7256,25021.2446,22768.9964,24980.9978,27258.8334,23237.9346,22960.5598,20437.7139,22913.6255,25448.7388,23692.2319,23398.9731,20850.2720,23349.0303,25885.8299,25648.3983,25329.4205,22467.5954,25270.0383,28096.6407,25079.8500,25024.1896,21091.0011,24184.0942,29418.4144,26358.1183,26617.4020,21394.7177,25131.7848,32235.3029,26694.6660,27236.9934,20628.2051,24963.5552,34028.2833,26473.2633,27325.6473,19360.0924,24048.7693,35232.4730,26546.6569,27364.9369,19187.7286,23954.2034,35818.6193,26554.5525,27331.4188,18899.8728,23549.9236,36546.7107,26245.7876,27104.5831,18157.3689,22693.8500,37513.0088,25887.8673,26895.0073,17132.5205,21631.8315,38908.9971,11.00000000000,53,067
53,041,01531927,53041,Lewis,Lewis County,06,H1,G4020,,16500,,A,6223229463.00000000000,86636927.00000000000,+46.5800714,-122.3774443,53041,4349.5669,4337.4034,4302.3766,4337.3162,4373.1660,4332.1981,4313.0409,4233.8294,4313.0097,4390.7366,4542.6388,4514.2047,4365.6046,4514.8200,4661.7856,4875.2933,4834.4121,4601.8837,4832.9685,5067.5045,4966.3459,4917.0312,4561.7415,4912.4083,5271.9527,4951.3632,4895.9706,4455.4393,4888.1471,5333.5902,4224.0925,4175.1026,3717.6287,4166.8950,4626.1275,4013.3364,3963.7742,3532.1397,3955.3376,4384.9267,4189.5164,4137.3724,3669.8727,4127.6643,4589.4175,3840.4246,3831.7873,3229.4155,3703.1185,4504.7524,3474.4889,3508.7917,2820.4384,3312.9912,4249.2309,3399.0926,3468.2704,2626.8500,3178.8201,4332.9138,3242.1981,3346.7057,2371.2413,2945.4137,4314.9545,3100.2269,3195.8960,2241.0061,2797.6057,4183.0541,2985.1830,3072.6134,2124.8376,2647.5352,4108.4791,2817.3827,2909.6568,1949.2743,2436.2036,4026.8808,2626.7140,2728.9771,1738.4834,2194.9654,3947.9082,11.00000000000,53,041
53,017,01531818,53017,Douglas,Douglas County,06,H1,G4020,,48300,,A,4711872269.00000000000,76122749.00000000000,+47.7358661,-119.6958798,53017,2364.6836,2358.0162,2338.9456,2357.9713,2377.5057,2593.8443,2582.2862,2534.8141,2582.2736,2628.8683,2635.0098,2618.4638,2532.2566,2618.8267,2704.0928,2990.8606,2965.2689,2822.6421,2964.4182,3108.4498,2966.6755,2936.9297,2724.6908,2934.1573,3149.0422,3261.6762,3224.7823,2934.3638,3219.5518,3513.3480,3095.7996,3058.5439,2722.2086,3052.2225,3390.2920,3041.6851,3004.1887,2677.1146,2997.8081,3323.3152,3480.9888,3437.0064,3047.9703,3428.8044,3813.1792,3315.8274,3307.4425,2786.6119,3196.1306,3889.1838,3341.7677,3373.6986,2710.8416,3185.1086,4086.7431,3372.6783,3440.2475,2604.5616,3152.7693,4299.1131,3330.3648,3436.6604,2433.9194,3024.1880,4432.2000,3358.9768,3461.6056,2426.2742,3029.7945,4532.0870,3407.6669,3506.4845,2423.8321,3020.9811,4689.8607,3359.0569,3468.1544,2322.4211,2903.4415,4801.0307,3298.5524,3426.1477,2181.6690,2755.3637,4957.6194,11.00000000000,53,017
53,073,01529224,53073,Whatcom,Whatcom County,06,H1,G4020,,13380,,A,5456733620.00000000000,1027224451.00000000000,+48.8426531,-121.8364325,53073,12401.5034,12366.8401,12266.9803,12366.5902,12468.7918,12468.8125,12413.3551,12185.2067,12413.2880,12637.2049,13395.9674,13311.5293,12873.2036,13313.4119,13746.9944,15980.8807,15845.9721,15083.8003,15841.3017,16610.3594,15665.3720,15510.5562,14389.8758,15496.0021,16629.8358,18447.9791,18241.7107,16600.4252,18212.5833,19872.1281,15635.8934,15449.1655,13751.5688,15417.5644,17123.4456,17589.7770,17372.3027,15480.2986,17335.2756,19218.3800,18765.2996,18532.7650,16439.7183,18489.4933,20556.6246,18194.5003,18154.6985,15301.7785,17545.3766,21342.1082,20315.7672,20516.7584,16492.1862,19371.9952,24845.8490,20591.1803,21010.6653,15913.7813,19257.3265,26248.1750,20479.6569,21140.1958,14978.8701,18605.4998,27255.8626,20754.9408,21395.7976,15003.4217,18729.4881,28004.1271,21061.8096,21679.0392,14992.3314,18680.0209,28987.1984,20824.5218,21506.9117,14408.5698,18007.4982,29764.4820,20736.6465,21544.2653,13725.0286,17328.5677,31166.8600,11.00000000000,53,073
53,031,01531936,53031,Jefferson,Jefferson County,06,H1,G4020,,,,A,4671561779.00000000000,982751274.00000000000,+47.8026411,-123.5218104,53031,1531.7374,1527.4584,1515.1258,1527.4275,1540.0487,1408.7445,1402.5198,1376.7642,1402.5093,1427.7815,1426.9487,1418.0753,1371.4078,1418.2618,1464.4083,1629.7154,1616.0460,1538.3165,1615.5637,1693.9656,1750.4627,1733.3095,1608.0859,1731.6887,1858.3290,1693.9281,1675.2925,1524.7533,1672.6758,1824.7847,1540.4907,1522.3359,1355.2733,1519.2773,1687.0762,1342.1517,1325.5674,1181.2106,1322.7441,1466.4194,1347.1149,1330.2384,1179.8163,1327.0941,1475.6875,1227.9812,1225.2218,1032.6145,1184.0803,1440.4015,1299.6377,1312.2092,1054.5346,1238.9040,1589.3890,1248.9903,1274.1502,964.7771,1167.7251,1592.0898,1179.8867,1217.6435,862.4608,1071.5371,1570.2552,1127.8791,1162.4031,814.8048,1017.4265,1521.7923,1055.9592,1086.6115,751.1451,936.1732,1453.2846,972.0319,1003.6147,672.0761,840.2032,1389.3060,894.7643,929.3699,591.7883,747.4118,1344.8020,11.00000000000,53,031
53,005,01513302,53005,Benton,Benton County,06,H1,G4020,,28420,,A,4403961281.00000000000,154412831.00000000000,+46.2280720,-119.5168636,53005,11151.3821,11120.2882,11030.5338,11120.0605,11211.8984,11485.8607,11434.8015,11224.6521,11434.7379,11640.9854,12592.3568,12512.9702,12100.9364,12514.7414,12922.3182,15554.3569,15422.4869,14680.6828,15417.9794,16166.6761,15756.4742,15600.5259,14473.3242,15585.8784,16726.3935,16905.6806,16716.3071,15212.0450,16689.5478,18210.6660,16714.1494,16514.6159,14700.0082,16480.8512,18304.2918,17243.0245,17029.6576,15174.7901,16993.3232,18839.5127,19767.0966,19521.1180,17315.3931,19475.3232,21653.9279,19317.7551,19274.7966,16245.1907,18627.6935,22659.5142,18915.6374,19100.9716,15352.4107,18034.6468,23133.2191,19634.6122,20032.7577,15171.2612,18360.3921,25028.5856,19981.9997,20624.6345,14611.7092,18151.0600,26593.3788,20303.1798,20928.2835,14673.7353,18319.5187,27394.4163,20673.1840,21277.2845,14712.6501,18333.1346,28452.1975,20710.0328,21387.0335,14326.4566,17906.4436,29600.7277,20593.6913,21394.2744,13627.7933,17207.3052,30951.9087,11.00000000000,53,005
53,075,01533501,53075,Whitman,Whitman County,06,H1,G4020,,39420,,A,5592015929.00000000000,47940249.00000000000,+46.9033216,-117.5229619,53075,1860.5572,1855.3623,1840.3834,1855.3246,1870.6531,1834.4510,1826.2522,1792.6658,1826.2450,1859.2140,2306.4381,2291.8962,2216.4272,2292.2208,2366.8737,2846.5621,2822.3474,2686.5955,2821.5282,2958.5690,3479.5297,3443.6522,3194.7075,3440.3631,3692.7702,2034.7301,2010.9130,1829.3019,2007.4976,2191.4971,1058.0271,1044.1059,928.2298,1041.6761,1158.5367,4681.3591,4623.0148,4119.0605,4613.0651,5114.7699,5140.7816,5076.5889,4502.7489,5064.6334,5631.4583,5121.0484,5109.7457,4306.6793,4938.2216,6006.9540,6435.7983,6499.2100,5224.0768,6136.4963,7870.8331,6702.8126,6839.0880,5179.7512,6268.2724,8544.2363,6825.5658,7045.4326,4991.7538,6200.5842,9083.9498,7160.5162,7381.3249,5175.7260,6461.3614,9661.4812,7496.5500,7715.9490,5335.7232,6648.4269,10317.4179,7874.5371,8132.2754,5447.8943,6808.9393,11255.0522,8376.7480,8702.6961,5543.8159,6999.6613,12590.1046,11.00000000000,53,075
53,065,01531930,53065,Stevens,Stevens County,06,H1,G4020,,,,A,6417380728.00000000000,163131299.00000000000,+48.3906475,-117.8548968,53065,2619.4428,2612.1857,2591.1265,2612.1301,2633.6646,2466.0969,2455.0828,2409.9359,2455.0727,2499.3887,2408.8413,2393.9340,2315.1685,2394.2406,2472.1176,2563.5131,2541.9501,2419.6856,2541.1955,2664.5382,2670.5877,2644.0394,2452.9865,2641.5524,2834.9042,3165.0605,3129.3094,2847.5209,3124.2433,3409.2919,2793.7319,2760.8672,2457.9403,2755.3338,3059.5766,2321.6796,2293.0996,2043.4842,2288.2377,2536.6467,2168.4381,2141.9942,1900.5204,2137.0821,2375.4878,2234.0437,2229.4439,1879.3731,2154.6952,2620.5980,1747.7684,1765.3972,1419.4165,1666.9987,2137.5469,1680.2502,1714.8384,1299.1990,1571.8577,2141.9070,1583.8866,1635.3410,1159.0897,1439.4027,2107.9876,1489.5210,1535.8550,1077.3412,1344.5947,2009.8043,1392.4099,1433.5238,991.6928,1235.3397,1916.3873,1234.4395,1275.1700,854.6088,1067.8022,1764.4035,1075.7155,1117.8476,712.4094,899.2118,1616.7985,11.00000000000,53,065
09,005,00212796,09005,Litchfield,Litchfield County,06,H4,G4020,408,45860,,N,2384238980.00000000000,62165569.00000000000,+41.7918967,-073.2354279,09005,13627.6903,13589.7830,13480.1439,13589.5004,13701.6574,10459.0542,10412.9052,10221.7200,10412.8234,10600.4108,9176.8860,9119.3984,8819.1929,9120.6467,9417.5564,10167.7480,10081.7153,9596.7965,10078.7569,10568.1235,10433.6872,10329.6822,9583.2551,10319.9542,11075.4653,11808.2368,11674.8526,10623.5509,11655.9504,12719.4162,10715.3969,10587.3201,9423.8577,10565.6384,11734.8152,9537.3907,9418.5009,8391.7664,9398.2252,10420.3826,8726.6020,8616.7641,7641.8633,8596.2897,9559.4322,7349.6212,7332.6644,6179.5321,7086.3231,8620.8762,7074.6757,7143.4407,5741.0183,6744.4823,8652.0123,6745.7170,6881.9204,5211.2531,6307.2068,8598.8135,6379.6035,6584.1788,4664.0219,5794.2951,8490.3496,6107.3442,6294.7806,4412.9318,5509.8824,8240.3858,5815.0038,5984.3313,4137.3680,5156.0337,8003.0560,5366.8915,5541.7570,3711.6041,4639.6352,7670.8263,4910.5655,5100.9312,3248.5957,4102.4269,7380.4497,11.00000000000,09,005
09,015,00212801,09015,Windham,Windham County,06,H4,G4020,278,48740,,N,1328430430.00000000000,22092290.00000000000,+41.8249987,-071.9907017,09015,7912.0855,7890.0035,7826.3108,7889.8430,7955.0198,7146.1508,7114.5460,6983.8811,7114.4951,7242.7115,6489.6361,6449.1137,6236.8424,6449.9816,6659.9056,7096.5717,7037.5585,6699.0633,7035.4231,7376.6737,7786.9923,7710.3600,7153.2936,7703.1375,8266.6244,6421.2741,6349.1239,5777.6405,6338.9183,6916.8817,5561.6777,5495.3495,4891.5862,5484.1293,6090.8097,6240.7630,6163.8063,5492.7128,6150.7104,6818.5949,6040.2498,5965.5522,5291.9722,5951.6548,6616.8673,5185.8947,5174.5220,4361.3452,5000.8435,6083.0361,4942.2118,4990.9710,4011.8120,4712.4502,6044.2215,4789.3079,4886.7402,3701.1528,4478.8955,6105.0533,4528.7031,4674.6429,3312.0879,4114.1087,6027.1262,4322.7404,4456.1324,3124.6987,3900.7837,5832.5590,4090.0686,4209.9048,2911.3693,3627.5076,5629.1264,3906.4669,4034.4500,2702.8536,3377.9892,5583.5100,3720.8679,3865.7697,2462.7196,3109.3256,5592.4063,11.00000000000,09,015
09,013,00212668,09013,Tolland,Tolland County,06,H4,G4020,278,25540,,N,1062448385.00000000000,17698315.00000000000,+41.8580762,-072.3409774,09013,9176.9713,9151.6346,9077.9008,9151.4358,9226.8087,7233.9196,7202.3205,7070.2529,7202.2416,7331.7787,6251.6790,6213.1189,6008.7230,6213.8997,6415.9726,7087.1443,7028.5448,6690.4839,7026.3896,7367.0883,6985.8715,6917.8301,6418.0856,6911.3775,7416.6255,5697.2758,5633.0780,5125.9290,5623.9882,6136.9506,6010.0084,5938.0758,5285.4418,5925.8931,6581.7642,8397.7737,8294.0944,7390.9387,8276.4468,9175.3160,7992.5435,7893.6995,7002.4064,7875.3100,8755.5314,6986.7037,6971.2787,5875.6425,6737.2657,8195.3538,7316.3036,7388.5768,5939.1282,6976.2863,8947.7009,7286.3635,7434.6863,5631.0241,6814.2227,9288.1250,6946.3224,7170.2408,5080.3440,6310.4868,9244.6757,6798.6562,7008.4551,4914.4256,6135.0230,9173.2471,6746.8305,6944.4304,4802.3548,5983.7081,9285.5989,6745.9636,6966.8928,4667.3354,5833.2493,9641.9947,6588.8291,6845.3234,4360.7601,5505.8078,9902.9010,11.00000000000,09,013
09,003,00212338,09003,Hartford,Hartford County,06,H4,G4020,278,25540,,N,1903891914.00000000000,40213499.00000000000,+41.8060534,-072.7329157,09003,59036.0573,58872.2135,58397.4391,58870.9711,59356.5459,53794.3135,53557.5798,52574.5730,53557.1140,54521.5325,53400.0481,53067.4773,51320.9668,53074.5166,54801.5977,62792.1816,62267.1353,59272.1772,62248.4390,65268.7500,63623.8145,62998.2119,58446.6970,62939.2217,67543.0061,62955.0598,62251.1882,56650.2024,62151.7944,67815.0820,60561.3640,59839.5898,53265.5588,59717.5227,66323.1597,61588.2585,60823.5461,54196.0444,60693.2327,67290.4038,62025.6450,61255.3433,54335.5718,61111.9648,67946.3735,57355.1172,57224.9116,48227.7703,55303.0090,67276.2759,56521.0952,57072.6680,45870.0647,53885.8604,69123.1304,55912.0874,57043.4233,43197.8547,52280.5142,71271.8286,54150.9790,55889.9336,39593.1448,49185.9219,72067.5103,52744.3213,54365.5366,38115.2886,47587.6611,71165.9448,51325.5020,52822.5300,36522.3689,45512.3167,70638.3076,49327.5769,50937.3464,34118.2222,42646.5156,70503.4263,47050.4856,48877.0127,31130.8923,39310.4446,70715.7876,11.00000000000,09,003
06,055,00277292,06055,Napa,Napa County,06,H1,G4020,488,34900,,A,1938247338.00000000000,104169342.00000000000,+38.5073511,-122.3259947,06055,9480.5194,9453.9403,9377.5602,9453.7533,9531.9476,9575.4757,9532.6744,9357.3576,9532.6374,9704.7327,9897.7524,9835.2110,9511.3196,9836.6196,10157.0262,11323.6630,11227.7928,10687.7487,11224.5025,11769.5192,11060.8766,10951.6662,10160.3869,10941.3937,11741.9237,11388.8238,11262.9271,10250.4730,11245.2192,12268.4394,10948.1870,10819.4019,9632.2851,10797.7189,11989.9902,11270.1379,11133.1059,9922.9153,11109.8536,12313.7522,11615.3713,11473.8324,10180.4626,11447.5431,12724.4591,10487.1021,10465.9123,8822.9236,10115.1202,12301.7723,11315.5691,11430.1499,9190.5044,10793.2014,13839.1822,11321.1519,11554.4520,8754.1561,10591.1457,14431.7234,11017.6231,11375.6191,8062.8357,10012.6774,14663.3116,10911.5573,11251.0591,7892.2528,9849.9952,14722.9245,10834.0456,11154.0446,7716.3258,9612.0425,14911.0108,10522.8241,10869.9808,7284.9234,9102.2883,15040.4325,10148.0784,10545.4260,6720.5136,8482.8340,15252.5360,11.00000000000,06,055
06,079,00277304,06079,San Luis Obispo,San Luis Obispo County,06,H1,G4020,,42020,,A,8543248461.00000000000,820974646.00000000000,+35.3852268,-120.4475404,06079,14852.7578,14811.2427,14691.6455,14810.9444,14933.3461,14269.5400,14206.7305,13945.9704,14206.6082,14462.4392,15896.9578,15797.4632,15277.4405,15799.6157,16313.9177,19174.3783,19014.7365,18100.1578,19008.9808,19931.0693,17385.6955,17216.7840,15973.0802,17200.7417,18457.9894,19283.1921,19071.1092,17357.4475,19041.3328,20772.8438,15120.3099,14945.3364,13308.0934,14916.0455,16559.4548,20680.7027,20429.5730,18209.1622,20386.9717,22595.7547,22179.3118,21908.2267,19437.8165,21857.8583,24296.9929,21407.6629,21364.0391,18009.8586,20647.8688,25111.9184,23295.5823,23529.0561,18916.4380,22217.1451,28490.6004,23603.7380,24087.6235,18247.3232,22078.5496,30088.7361,23376.3240,24133.2803,17102.6171,21240.8338,31111.2294,23407.7347,24133.4259,16926.1327,21127.1180,31583.7376,23650.4185,24346.3293,16839.9059,20979.4735,32550.1060,23361.8393,24130.0009,16168.8002,20204.8770,33391.2551,23217.2343,24123.8230,15371.0712,19404.3668,34895.2900,11.00000000000,06,079
06,081,00277305,06081,San Mateo,San Mateo County,06,H1,G4020,488,41860,41884,A,1161371825.00000000000,757704380.00000000000,+37.4146639,-122.3715417,06081,54625.7256,54473.4780,54033.8444,54472.3596,54922.1758,57127.7193,56873.7891,55828.5695,56873.4692,57899.2784,59965.2827,59588.1929,57626.2564,59596.5171,61537.1049,71926.8784,71317.6633,67887.3656,71296.7812,74758.7528,75980.7964,75222.6716,69786.9891,75151.8067,80653.9086,78881.6580,77997.7224,70978.6877,77872.8065,84970.6075,75445.5057,74550.0603,66363.2403,74398.8340,82623.8024,77509.0972,76553.5502,68218.9126,76390.9512,84685.6692,82177.1145,81160.2866,71995.7648,80971.0981,90021.8782,77745.6625,77575.8251,65385.4044,74972.2359,91195.5466,78142.5498,78913.7513,63432.2215,74510.0558,95566.7430,78152.8799,79743.1843,60396.8183,73087.9947,99623.5227,76501.7424,78967.4677,55950.6163,69498.6738,101814.1004,75552.8057,77884.1633,54613.3335,68177.7671,101941.3914,74473.7311,76654.9524,53010.0560,66050.1987,102497.4973,71904.2833,74259.4347,49749.0060,62176.1635,102772.6956,68826.5750,71506.3531,45553.0833,57513.9448,103445.2337,11.00000000000,06,081
06,057,01682927,06057,Nevada,Nevada County,06,H1,G4020,472,46020,,A,2480616988.00000000000,41514942.00000000000,+39.2951907,-120.7734456,06057,5516.7187,5501.3068,5456.8891,5501.1954,5546.6523,5059.9421,5037.3279,4944.6873,5037.3083,5128.2460,5736.4872,5700.4027,5512.7147,5701.2003,5886.8470,6573.5158,6518.2548,6204.7355,6516.3181,6832.5915,6189.0291,6128.5414,5685.7968,6122.8169,6570.5124,6378.7526,6308.6166,5741.7591,6298.7703,6871.5250,5201.1069,5139.9270,4575.9697,5129.6264,5696.0322,4456.3702,4402.5577,3924.3626,4393.4395,4869.0515,4534.7737,4479.7134,3974.9482,4469.4908,4967.7983,4187.9288,4179.5072,3523.4267,4039.4309,4912.6105,3969.9675,4010.3894,3224.7964,3786.9777,4855.3910,3825.1147,3904.2090,2958.2657,3578.8032,4876.1261,3514.7148,3629.2470,2572.6749,3194.5405,4677.7494,3205.0178,3305.1408,2318.8615,2893.7201,4324.5549,2917.0799,3003.7045,2078.4434,2588.6436,4014.8449,2555.5130,2640.3321,1770.0785,2211.1699,3652.6694,2286.8559,2376.9020,1515.3582,1912.2145,3437.1698,11.00000000000,06,057
06,077,00277303,06077,San Joaquin,San Joaquin County,06,H1,G4020,,44700,,A,3603505998.00000000000,91108644.00000000000,+37.9350336,-121.2722369,06077,45119.7181,44993.4800,44630.1012,44992.5773,45364.5117,46816.5656,46609.4197,45753.3457,46609.0922,47449.1364,48901.3773,48594.9406,46995.1996,48601.6051,50183.7954,56845.3195,56365.6423,53654.5253,56349.0159,59084.5566,60493.7825,59896.0525,55568.4065,59839.8540,64218.2522,63395.3799,62687.2031,57047.3821,62587.2329,68289.5747,58005.5522,57320.3760,51028.5795,57204.8501,63524.8945,59949.9880,59213.1472,52768.6470,59087.8406,65500.8945,64855.8196,64054.8705,56823.4644,63905.8809,71047.2512,60064.3160,59934.6951,50517.9584,57923.6017,70455.7390,55420.4602,55970.7875,44993.4735,52848.4427,67778.6411,56116.1720,57261.5415,43372.8739,52483.8123,71533.1741,55371.6174,57159.8098,40502.8153,50307.2319,73692.8994,54511.6354,56197.2791,39409.8746,49195.0461,73551.4192,53492.1124,55062.4065,38081.7231,47446.3126,73620.9803,51448.6494,53137.2686,35602.3407,44492.3782,73535.7269,49250.0339,51170.7899,32601.9863,41159.0093,74022.2024,11.00000000000,06,077
06,071,00277300,06071,San Bernardino,San Bernardino County,06,H1,G4020,348,40140,,A,51947229509.00000000000,124028343.00000000000,+34.8572198,-116.1811967,06071,128001.5005,127644.4707,126614.1523,127641.8589,128696.1177,129973.0317,129399.3701,127023.4546,129398.3574,131729.5894,131561.8403,130738.4951,126434.8428,130756.2979,135012.6021,153663.9688,152367.5684,145038.8823,152322.6055,159717.2329,169517.3760,167838.6450,155711.5322,167681.0205,179951.7148,180988.8823,178958.8462,162853.0762,178671.8711,194959.0283,165102.8071,163134.2192,145211.3594,162801.2393,180810.5522,158738.3042,156768.6997,139688.1172,156433.1064,173435.1670,168438.1221,166341.8979,147546.4243,165951.6284,184516.0405,156829.8325,156477.6147,131879.2024,151223.3345,183958.8276,157576.0181,159118.4070,127890.0015,150235.0369,192710.1851,158277.5562,161485.5813,122295.2029,148004.0007,201759.0068,155803.1665,160812.4595,113927.6047,141525.2012,207353.1265,154878.9575,159646.1475,111933.5858,139745.3376,208972.9871,152441.7295,156895.1318,108487.3776,135184.9922,209803.2097,146486.7844,151274.2827,101332.3807,126655.0034,209372.6260,140585.0670,146049.3553,93029.8585,117466.3319,211296.5071,11.00000000000,06,071
45,015,01247985,45015,Berkeley,Berkeley County,06,H1,G4020,,16700,,A,2846025358.00000000000,337682749.00000000000,+33.2077000,-079.9536554,45015,14023.1795,13984.3361,13871.5994,13984.0376,14099.3167,15483.5147,15415.5402,15132.6877,15415.3948,15692.8762,16642.7560,16539.9649,15995.8104,16542.0594,17080.0479,20115.8583,19949.2505,18989.7257,19943.1527,20910.2607,20957.3384,20754.6551,19255.4638,20735.3518,22250.5312,21238.6123,21007.0487,19120.7234,20974.6384,22879.9119,21734.4669,21480.9219,19125.9019,21438.3569,23802.9110,24046.1414,23753.0127,21170.2589,23703.2474,26272.7700,27147.8272,26814.8284,23789.9238,26752.9325,29739.7587,26139.4768,26085.5384,21989.4318,25210.9113,30662.3356,26512.9077,26778.3676,21528.5111,25285.2047,32425.3624,27118.5201,27674.1483,20963.9475,25365.8272,34569.1470,27102.0742,27979.3206,19827.8483,24625.7815,36069.7469,27292.5374,28138.2914,19734.5876,24632.9479,36825.4149,27445.7065,28252.9572,19541.6919,24345.7161,37773.5409,27217.4329,28112.0384,18836.6811,23539.0339,38902.0583,26723.2122,27766.4556,17691.7777,22334.2692,40164.7284,11.00000000000,45,015
21,235,00516964,21235,Whitley,Whitley County,06,H1,G4020,202,18340,,A,1133973877.00000000000,18877541.00000000000,+36.7580209,-084.1445496,21235,2185.9714,2179.9427,2162.3827,2179.8951,2197.8437,2024.6605,2015.7416,1978.7396,2015.7247,2052.0284,1974.5524,1962.2398,1897.6569,1962.5019,2026.3684,1954.6622,1938.3447,1845.1133,1937.7610,2031.7726,2167.9748,2146.6329,1991.5400,2144.6218,2301.5046,1856.4830,1835.5896,1670.3471,1832.6327,1999.7605,1846.3908,1823.8748,1623.0470,1820.0375,2021.9974,2079.5244,2053.1878,1828.9507,2048.6821,2272.0272,2203.4917,2175.3730,1928.8568,2170.1237,2413.7370,2609.2535,2601.8823,2191.4176,2514.1073,3060.2450,1897.6651,1915.4370,1538.7541,1808.2524,2320.6501,1830.9729,1867.2825,1413.3223,1711.1188,2333.8744,1788.7065,1845.4228,1306.5939,1623.7926,2380.4585,1708.3984,1760.2280,1233.3839,1540.5058,2305.0173,1605.0117,1651.1948,1140.9950,1422.4258,2208.8963,1544.9470,1594.7890,1067.5680,1334.9727,2208.1374,1474.8848,1531.6319,974.9483,1231.6342,2216.6862,11.00000000000,21,235
45,007,01247981,45007,Anderson,Anderson County,06,H1,G4020,273,11340,,A,1852945207.00000000000,108805903.00000000000,+34.5195488,-082.6380859,45007,13108.5615,13072.1607,12966.7307,13071.8865,13179.7200,13419.2305,13360.2659,13115.0962,13360.1429,13600.6637,12622.5045,12544.2361,12131.4689,12545.8600,12953.9903,13680.3398,13567.2676,12914.7061,13563.1044,14220.7445,15185.6588,15038.3582,13952.0401,15024.3546,16122.4167,15616.0532,15444.2425,14056.4405,15420.1176,16822.3958,15363.2478,15183.1366,13517.7696,15152.8483,16825.2477,15492.8488,15305.6212,13643.0172,15273.8919,16927.5536,16623.7080,16422.0787,14571.8877,16384.6476,18211.1290,15583.6340,15553.7540,13113.5906,15032.8632,18280.5894,15155.7599,15308.7840,12308.7320,14455.5602,18535.7457,15139.6394,15451.1895,11706.0580,14162.8584,19299.3163,14931.4542,15416.1301,10926.1828,13568.8994,19872.1715,14837.0071,15298.1515,10730.6499,13392.9178,20019.4757,14603.5255,15034.4232,10400.2933,12955.7961,20098.9503,14180.1308,14647.5387,9816.1476,12265.3649,20267.8492,13657.9919,14192.4092,9044.2930,11416.3474,20527.9048,11.00000000000,45,007
45,021,01247987,45021,Cherokee,Cherokee County,06,H1,G4020,273,23500,,A,1016981703.00000000000,11705005.00000000000,+35.0497962,-081.6076469,45021,3806.2637,3795.6447,3765.0059,3795.5672,3826.9187,3813.2099,3796.4104,3726.7205,3796.3787,3864.7536,3308.0421,3287.5334,3179.3582,3287.9588,3394.9183,3445.8016,3417.3284,3252.9610,3416.2794,3581.9234,4080.8981,4040.8199,3748.8819,4037.0381,4332.3112,4124.0767,4078.1738,3711.3761,4071.7018,4442.5084,3866.5169,3820.9213,3401.5848,3813.2381,4234.4324,3848.1884,3801.5879,3388.5368,3793.6871,4204.5417,4179.0802,4128.1078,3662.7240,4118.6394,4578.1119,3631.5891,3624.5652,3055.8641,3503.1632,4260.0691,3544.9727,3581.0381,2879.5232,3381.5360,4335.6046,3485.8020,3557.8246,2695.7510,3261.2700,4443.5750,3387.2145,3497.4636,2479.1283,3078.4939,4508.0475,3342.8560,3447.0518,2418.1858,3017.8735,4510.5201,3251.3246,3347.5559,2316.0372,2884.8507,4474.8480,3119.1042,3222.2024,2159.6950,2698.2847,4458.1969,2971.9833,3088.5367,1968.5117,2484.5248,4466.8949,11.00000000000,45,021
45,079,01249299,45079,Richland,Richland County,06,H1,G4020,192,17900,,A,1960797690.00000000000,37925712.00000000000,+34.0297833,-080.8965664,45079,23063.7092,23000.1578,22814.9135,22999.6528,23188.9793,24168.0023,24062.3547,23621.0867,24062.0960,24494.9207,24121.2449,23972.7717,23184.1971,23975.7491,24755.3211,27113.2412,26891.6162,25598.1845,26883.1970,28185.8559,25980.5107,25734.3395,23875.8954,25710.6029,27587.0201,26130.8879,25851.2301,23533.2675,25812.3513,28151.7836,25213.2198,24921.3079,22191.0818,24872.4325,27612.9875,35435.5528,35005.8852,31201.8644,34933.0195,38716.9533,37887.6090,37427.6137,33210.3727,37342.2092,41505.4920,35584.9509,35516.0635,29943.4683,34326.4644,41743.2413,39723.3993,40124.5652,32261.4637,37888.2787,48582.3903,40340.6761,41170.7321,31191.4857,37737.8548,51424.4261,40179.2452,41483.2665,29401.0680,36512.4796,53474.2670,40788.8609,42056.1793,29499.2174,36818.3298,55036.1017,41542.7980,42767.8010,29584.4636,36854.5016,57175.6254,41736.1106,43110.7498,28889.7819,36099.0692,59653.9019,41781.0912,43414.5905,27664.9708,34922.0500,62796.7217,11.00000000000,45,079
45,035,01247998,45035,Dorchester,Dorchester County,06,H1,G4020,,16700,,A,1484665975.00000000000,6664942.00000000000,+33.0821859,-080.4046966,45035,11133.1941,11102.3015,11012.7700,11102.0673,11193.6328,11665.7136,11614.6512,11401.6195,11614.5309,11823.4951,12249.7104,12173.7192,11773.1359,12175.2995,12571.3871,14749.5277,14626.8803,13923.3512,14622.4424,15331.6967,16115.3716,15957.9630,14805.1195,15943.0611,17108.7625,17810.0425,17612.1457,16028.2954,17584.2612,19185.3044,17559.2949,17352.3768,15448.1283,17317.5176,19230.1536,18013.7899,17793.5878,15858.2153,17756.1817,19681.7979,19401.7435,19163.4054,17001.2727,19119.0965,21254.0765,18572.7682,18533.8709,15623.0247,17912.2908,21786.2354,19364.9985,19558.0178,15722.8723,18467.1920,23683.3074,19695.9097,20098.5977,15224.4012,18421.8643,25107.1216,19614.4195,20248.4701,14348.4617,17821.2219,26104.4657,19764.2829,20375.9365,14289.6827,17837.2698,26667.5806,19819.2901,20401.4550,14110.2342,17579.7232,27277.2375,19473.0629,20112.4299,13475.7242,16840.4396,27832.9301,18966.3814,19706.2092,12555.3972,15850.6646,28506.2497,11.00000000000,45,035
45,067,01248010,45067,Marion,Marion County,06,H1,G4020,,,,A,1267092919.00000000000,12712407.00000000000,+34.0807006,-079.3621305,45067,1779.3088,1774.4565,1760.1913,1774.4153,1788.9802,1732.6741,1725.1169,1693.4899,1725.0973,1756.1166,1696.8322,1686.3332,1630.8496,1686.5489,1741.4063,1643.8356,1630.3996,1551.9808,1629.8891,1708.8672,1612.0102,1596.3709,1481.0544,1594.8843,1711.4484,1758.4452,1739.0665,1582.7755,1736.3438,1894.2761,1406.8612,1390.2169,1237.5960,1387.4091,1540.7238,1327.1446,1311.0630,1168.6028,1308.3361,1450.0413,1388.4366,1371.5397,1216.9575,1368.4018,1521.0135,1181.8657,1179.5087,994.3734,1139.9827,1386.3813,1042.3736,1052.7977,846.3864,994.0898,1274.8239,976.0010,996.0029,754.5050,912.9272,1244.1512,890.6444,919.4929,651.6286,809.2920,1185.3472,818.8186,844.2236,592.1219,739.0662,1104.8226,756.4846,778.7747,538.6965,671.0904,1041.1534,678.9736,701.3373,469.9875,587.2697,970.4648,616.5161,640.6327,408.2435,515.3208,926.6207,11.00000000000,45,067
45,075,01248014,45075,Orangeburg,Orangeburg County,06,H1,G4020,,36700,,A,2864787762.00000000000,56464867.00000000000,+33.4361350,-080.8029131,45075,4994.4976,4980.7997,4940.7175,4980.6874,5021.6342,4592.6230,4572.7024,4488.9286,4572.6425,4654.7914,4280.2300,4253.9127,4113.9884,4254.4377,4392.7607,4613.4410,4575.7232,4355.6403,4574.2911,4795.9467,4768.5163,4723.3968,4382.2950,4719.0425,5063.4198,3574.0361,3535.0313,3217.5796,3529.5702,3850.2234,2911.6935,2877.4687,2561.7726,2871.7079,3188.7663,3251.7413,3212.8286,2864.2125,3206.2476,3552.8889,3522.0161,3480.0074,3088.6612,3472.2238,3858.4245,2937.5583,2932.5560,2473.0826,2834.5155,3446.0948,2574.9495,2601.6303,2092.4372,2456.8413,3149.3169,2431.9999,2482.7600,1881.6856,2275.9898,3100.2878,2221.1891,2293.9780,1626.5483,2019.3610,2956.2263,1998.7382,2061.4706,1446.6123,1804.9770,2696.9388,1769.1426,1821.8682,1260.8608,1570.1942,2434.9273,1613.0156,1666.6687,1117.4623,1395.8150,2305.5386,1478.4971,1536.7842,979.8345,1236.3707,2222.2019,11.00000000000,45,075
45,087,01248017,45087,Union,Union County,06,H1,G4020,273,46420,,A,1331696606.00000000000,4805084.00000000000,+34.6905135,-081.6158309,45087,1769.1308,1764.2182,1749.9894,1764.1812,1778.7344,1614.4709,1607.4257,1577.9543,1607.4076,1636.3132,1406.6924,1398.0235,1352.0337,1398.1983,1443.6644,1256.7340,1246.5048,1186.5506,1246.1115,1306.4788,1405.5663,1392.1480,1291.6031,1390.8601,1492.4137,1383.7863,1368.5936,1245.6337,1366.4619,1490.6934,1160.0633,1146.6216,1020.9952,1144.3704,1270.4757,1039.9617,1027.4115,915.8245,1025.2853,1136.2676,1063.7884,1050.8508,932.4211,1048.4483,1165.3668,966.0360,964.1718,812.8954,931.8787,1133.2185,870.2471,879.0202,706.7463,830.0245,1064.3244,798.9455,815.3683,617.7175,747.3761,1018.4567,734.4148,758.2309,537.3731,667.3676,977.4257,690.9908,712.4389,499.7001,623.7004,932.3467,633.0466,651.6907,450.7802,561.5752,871.2643,576.2154,595.1688,398.8126,498.3581,823.5895,525.6488,546.1751,348.0093,439.3246,790.0454,11.00000000000,45,087
15,003,00365281,15003,Honolulu,Honolulu County,06,H6,G4020,,26180,,A,1555917151.00000000000,3955760999.00000000000,+21.4613641,-158.2019756,15003,57118.2835,56958.7756,56498.9181,56957.6187,57428.2182,55940.8438,55692.6643,54669.4075,55692.3190,56696.5110,58377.0157,58009.3022,56099.2126,58017.4760,59906.8620,73504.4264,72881.2289,69375.7244,72859.9304,76398.0142,78649.4838,77866.9740,72240.4088,77793.7067,83488.2092,73249.1279,72428.3152,65910.4745,72312.3196,78903.2991,72605.1116,71718.6924,63820.7919,71567.5676,79510.3191,76388.5227,75415.2959,67173.0889,75248.6035,83459.5129,81663.9036,80621.0657,71484.2319,80426.3677,89455.7454,81552.0261,81341.4382,68528.2373,78602.7168,95652.5366,81741.4255,82514.6576,66294.9392,77899.6608,99962.6520,82741.2086,84391.0498,63883.4712,77336.3818,105468.2906,83308.7994,85960.5088,60871.8479,75640.6946,110870.4764,83661.5691,86210.5724,60418.5150,75453.5671,112879.4187,83869.4727,86294.4377,59642.8452,74343.3137,115426.2474,84077.9569,86802.3733,58119.5451,72665.8822,120170.4443,84513.9886,87777.9200,55888.3422,70590.2023,127021.5123,11.00000000000,15,003
01,005,00161528,01005,Barbour,Barbour County,06,H1,G4020,,21640,,A,2291818968.00000000000,50864716.00000000000,+31.8706701,-085.4054562,01005,1407.1137,1403.1284,1391.7711,1403.1024,1414.7410,1356.3669,1350.3235,1325.4997,1350.3169,1374.6817,1199.3644,1191.6094,1152.3276,1191.8005,1230.6829,1289.3532,1278.4103,1216.9202,1278.0375,1340.1029,1190.8733,1178.9090,1093.7123,1177.7952,1264.0626,1340.2375,1324.5738,1204.9635,1322.3288,1443.5040,1303.8151,1286.9680,1144.4138,1284.0435,1427.7094,1266.1447,1249.0339,1111.5461,1246.0706,1383.2898,1302.7736,1285.0722,1138.3411,1281.7461,1426.9465,1122.7048,1118.8685,941.7227,1080.9438,1316.5953,1011.1426,1019.4895,817.9357,962.0934,1236.3414,937.7931,955.2798,721.9354,875.0080,1195.2363,870.2816,896.7915,633.8559,788.6832,1158.0983,794.4030,817.4718,571.7402,715.0205,1071.7377,727.6497,747.6150,515.5803,643.6387,1001.3494,653.4933,673.6835,449.9887,563.5581,933.9519,588.5522,610.4042,387.6387,490.5097,884.5187,11.00000000000,01,005
01,027,00161539,01027,Clay,Clay County,06,H1,G4020,,,,A,1564252280.00000000000,5284628.00000000000,+33.2678085,-085.8620510,01027,880.6800,878.2108,871.1154,878.1934,885.4573,887.2190,883.2402,866.9894,883.2377,899.1916,753.3295,748.5594,723.9057,748.6678,773.0575,730.8470,724.6426,689.7881,724.4314,759.6126,757.8338,750.3040,696.0889,749.5984,804.4645,761.7212,753.1528,685.3555,751.9403,820.5097,736.6260,727.6817,647.5907,726.1595,806.6894,579.5142,572.1504,509.6391,570.8898,633.1587,615.6732,607.8991,539.0959,606.4495,674.4274,535.2482,533.9440,449.9098,515.9874,627.8126,512.0033,516.9742,415.4748,488.0997,626.1563,473.8150,483.3814,366.0345,443.0138,603.9753,433.7915,447.7046,317.1424,393.9958,577.3153,409.6730,422.2525,296.0250,369.6042,552.7554,380.2495,391.3317,270.5639,337.1709,523.3295,344.3597,355.5924,238.1727,297.7121,492.1896,311.4762,323.5655,206.0836,260.2339,468.1414,11.00000000000,01,027
01,091,00161572,01091,Marengo,Marengo County,06,H1,G4020,,,,A,2530112461.00000000000,14994547.00000000000,+32.2475911,-087.7910910,01091,1118.6009,1115.5545,1106.5884,1115.5283,1124.6816,1034.3658,1029.9107,1011.0589,1029.8950,1048.3766,912.5974,906.8937,877.0423,907.0163,936.5383,914.9117,907.2317,863.5951,906.9613,950.9775,978.5540,968.6596,898.6515,967.7419,1038.6528,1070.6272,1058.5749,963.2783,1056.8690,1153.2540,832.6154,822.5873,732.1235,820.8853,911.8182,739.3945,730.0498,650.3375,728.4518,807.8418,748.5884,739.2648,655.7254,737.5288,820.0425,676.8556,675.2530,569.0238,652.5568,793.9205,603.8950,609.6396,489.8346,575.5528,738.5163,562.7917,574.0295,434.5522,526.0489,717.3794,528.4188,545.2395,386.1056,479.7823,703.2397,497.6957,512.8517,359.4112,448.8571,671.5096,473.3237,486.9953,336.5746,419.5445,651.4156,438.8621,453.0600,303.3265,379.2659,627.2527,412.4071,428.3076,272.6735,344.4298,619.8315,11.00000000000,01,091
45,073,01244832,45073,Oconee,Oconee County,06,H1,G4020,273,42860,,A,1622196811.00000000000,122191920.00000000000,+34.7487585,-083.0615216,45073,4747.3720,4734.1209,4695.9034,4734.0246,4773.1330,4806.9878,4785.7287,4697.8346,4785.6943,4871.9412,4271.7074,4245.0100,4105.2808,4245.5840,4383.7710,4537.6247,4499.6145,4283.1895,4498.2682,4716.5484,5184.2765,5132.9071,4762.0285,5128.0855,5503.3657,5161.3316,5103.6292,4644.4384,5095.4815,5559.7789,4440.3265,4387.7966,3906.0973,4378.9351,4862.8231,4235.7701,4184.4805,3729.8317,4175.7848,4628.0146,4534.3541,4478.4351,3972.9276,4468.0349,4967.2337,4124.5328,4116.6921,3470.9061,3978.8434,4838.3545,3834.6039,3873.2562,3114.1553,3657.3631,4689.7736,3672.6834,3748.2394,2839.7017,3435.7009,4681.7648,3535.6925,3650.4634,2587.2682,3213.0492,4705.6295,3413.5382,3519.6620,2468.8415,3081.3343,4605.8672,3231.2476,3326.6514,2301.3272,2866.7407,4447.1972,3010.9120,3110.2471,2084.4511,2604.4552,4303.5425,2828.9515,2939.7408,1873.4978,2364.7628,4251.9083,11.00000000000,45,073
45,055,01248007,45055,Kershaw,Kershaw County,06,H1,G4020,192,17900,,A,1881787617.00000000000,35827949.00000000000,+34.3383561,-080.5908847,45055,4160.6898,4149.1860,4115.7476,4149.0966,4183.2829,4157.8851,4139.6081,4063.6398,4139.5704,4214.0993,4098.0375,4072.6082,3938.5952,4073.1377,4205.6478,4628.6398,4589.8782,4369.1117,4588.5041,4811.1594,4837.1521,4790.1496,4444.1186,4785.6860,5135.4874,5041.0050,4985.3710,4537.2814,4977.5506,5430.3736,4807.6544,4751.2923,4230.1458,4741.8142,5265.1612,4770.8288,4712.6879,4200.2761,4702.8176,5212.5998,5209.3858,5145.9126,4565.8536,5134.1233,5706.8021,4543.1830,4534.1471,3822.4926,4382.2120,5329.3625,4451.6057,4497.0668,3616.2670,4246.5851,5444.4714,4459.4911,4551.7755,3449.0064,4172.4213,5684.8162,4337.3773,4478.6926,3174.7992,3942.2314,5772.6323,4279.7809,4413.3164,3096.1824,3863.8866,5774.7263,4191.0640,4315.2305,2985.6599,3718.8209,5768.2356,4032.2251,4165.6141,2792.1404,3488.3466,5763.3462,3857.8597,4009.2473,2555.4423,3225.2151,5798.3739,11.00000000000,45,055
45,089,01248018,45089,Williamsburg,Williamsburg County,06,H1,G4020,,,,A,2419459980.00000000000,7469407.00000000000,+33.6264629,-079.7164752,45089,1760.7961,1755.9985,1741.8839,1755.9575,1770.3676,1568.7720,1561.9456,1533.3186,1561.9267,1590.0016,1411.7060,1403.1187,1356.9868,1403.2811,1448.8730,1334.0158,1323.1348,1259.4948,1322.7190,1386.8051,1376.8530,1363.3623,1264.8659,1362.0875,1461.6978,1486.2772,1469.6706,1337.4453,1467.3261,1601.0184,1279.6086,1264.2851,1125.3246,1261.6894,1401.3419,1160.4251,1145.7727,1020.6821,1143.2674,1267.8489,1091.1873,1077.4991,955.6381,1074.9484,1195.3313,927.6622,925.5076,779.9490,894.4113,1088.1153,845.1810,853.2183,685.5433,805.5114,1033.5897,768.1265,783.4409,593.0579,717.9486,979.1127,687.1303,708.9584,501.9967,623.8297,914.4550,627.5783,646.6285,453.1005,565.9166,846.7466,572.8519,589.3200,407.2108,507.6649,788.3858,508.0539,524.3980,350.9864,438.9460,726.1399,449.8521,467.0978,297.2558,375.5818,676.1037,11.00000000000,45,089
15,001,00365280,15001,Hawaii,Hawaii County,06,H1,G4020,,25900,,A,10433550395.00000000000,2739470816.00000000000,+19.5977643,-155.5024434,15001,11753.5663,11720.9720,11626.4616,11720.7237,11817.3755,12338.4586,12284.0861,12058.5820,12283.9846,12505.2349,13419.8118,13336.1158,12897.1824,13337.8986,13771.9645,15645.9916,15515.5679,14769.2930,15510.8822,16263.3380,16248.8991,16090.8058,14928.4201,16075.8038,17250.9291,16120.3850,15943.3714,14510.9381,15918.5324,17365.7883,14812.7146,14641.4604,13037.6492,14612.8016,16222.6010,15205.7477,15023.0179,13392.1400,14992.0866,16613.9248,16763.8831,16562.1364,14697.7903,16524.7172,18364.8813,16550.1917,16520.2775,13930.2203,15967.5083,19414.8641,16677.2144,16848.7438,13549.8868,15910.6636,20397.0213,17040.1700,17393.8959,13180.9276,15944.6296,21722.3953,17217.1369,17778.9122,12603.7210,15649.6503,22914.4278,17425.7259,17970.0680,12607.6330,15733.1603,23512.6617,17605.1226,18127.1034,12542.3678,15621.9137,24230.2744,17703.5145,18289.2517,12259.0759,15315.7274,25304.0217,17809.0104,18507.6401,11796.2784,14888.2674,26766.9785,11.00000000000,15,001
45,047,01248003,45047,Greenwood,Greenwood County,06,H1,G4020,,24940,,A,1177734978.00000000000,21238099.00000000000,+34.1557959,-082.1278759,45047,4415.3797,4403.1399,4367.6385,4403.0465,4439.3513,4250.2686,4231.6718,4154.0601,4231.6276,4307.7566,4067.8118,4042.4488,3909.4009,4042.9885,4174.5604,4388.1988,4351.7472,4142.4353,4350.4242,4561.4264,4606.6619,4562.3787,4232.8438,4558.1460,4891.0977,3886.8238,3844.6753,3499.5893,3838.7875,4187.2606,3108.8234,3072.1161,2734.9172,3065.9278,3404.6358,3491.6749,3449.9012,3075.5710,3442.8368,3815.0436,4060.6976,4012.8926,3562.2651,4004.0484,4448.6350,3580.7453,3575.2468,3015.6495,3455.8816,4200.7726,3092.6917,3125.7150,2514.8739,2952.0610,3782.7054,3035.0827,3099.3372,2349.8904,2841.5272,3869.2011,2930.3157,3027.2056,2147.3096,2665.1349,3900.0938,2777.1154,2865.1603,2011.4962,2509.0193,3747.2982,2607.2182,2685.7986,1859.6906,2315.1379,3588.4680,2486.9337,2570.4270,1724.2590,2153.0228,3554.7138,2433.9643,2530.5454,1614.1619,2036.1346,3658.3212,11.00000000000,45,047
45,083,01248592,45083,Spartanburg,Spartanburg County,06,H1,G4020,273,43900,,A,2092518606.00000000000,29310216.00000000000,+34.9332392,-081.9910530,45083,19980.7036,19925.2028,19764.4912,19924.7848,20089.1649,20012.2431,19924.2611,19558.6127,19924.0820,20282.8035,18491.4294,18376.7011,17772.0018,18379.0883,18977.0040,20918.4088,20744.1770,19746.4146,20737.9031,21743.8809,24453.3971,24216.1354,22466.8401,24193.5831,25961.8118,24616.9443,24344.3769,22155.7163,24306.0177,26518.1045,22938.5564,22668.3428,20180.8047,22622.8258,25121.2896,24661.5043,24359.9875,21710.3484,24308.7668,26945.0627,26836.6149,26508.9246,23520.0566,26448.0452,29399.0145,25039.8924,24989.3662,21066.4828,24151.8021,29372.7689,24970.9115,25220.9274,20276.3996,23814.6060,30539.4957,25107.9861,25622.4968,19409.8380,23485.3305,32006.2418,24913.8949,25720.4197,18227.1613,22637.6676,33157.5410,24974.5288,25748.5762,18058.7051,22540.9819,33697.7725,24629.2347,25353.8464,17536.6798,21847.6203,33897.2454,24083.2251,24875.0544,16667.9812,20828.7127,34422.3320,23491.5490,24408.8708,15552.7209,19633.6590,35307.5851,11.00000000000,45,083
21,037,00516865,21037,Campbell,Campbell County,06,H1,G4020,178,17140,,A,391886628.00000000000,21009936.00000000000,+38.9469811,-084.3795832,21037,5779.5709,5763.4452,5716.9217,5763.3276,5810.9339,5483.7534,5459.5603,5359.3225,5459.5172,5557.8685,5696.1578,5660.6003,5474.2850,5661.3609,5845.6144,6631.3937,6575.6910,6259.4095,6573.7340,6892.7789,6825.9985,6759.3813,6271.0714,6753.0714,7246.8068,5838.1576,5772.6122,5253.0540,5763.3434,6288.7743,5162.0489,5100.2136,4539.6200,5089.7382,5653.1290,5719.8654,5648.9846,5033.5961,5636.9110,6249.4472,6032.8589,5957.9985,5285.0111,5944.0659,6608.7399,5210.6948,5198.5827,4380.9687,5023.9115,6111.9603,5436.3620,5489.4585,4411.9936,5182.9536,6648.4698,5308.0287,5415.4845,4101.0912,4963.3302,6766.2158,4988.4847,5148.7310,3647.4778,4531.1583,6638.9919,4740.8133,4886.5861,3426.0052,4277.3855,6396.6072,4450.3552,4580.2102,3166.8858,3946.3664,6124.9427,4260.5378,4399.6310,2946.9652,3683.5462,6089.5493,4081.6961,4240.2066,2700.7498,3410.3061,6134.6979,11.00000000000,21,037
01,069,00161560,01069,Houston,Houston County,06,H1,G4020,222,20020,,A,1501737720.00000000000,4739984.00000000000,+31.1581928,-085.2963976,01069,6567.3862,6549.1209,6496.2853,6548.9847,6603.0328,7005.1808,6974.3540,6846.3461,6974.2934,7099.8807,6706.2908,6664.7636,6445.4731,6665.6201,6882.4398,7747.9973,7683.3083,7313.7533,7680.9951,8053.6460,7924.4523,7847.4947,7280.6114,7840.1838,8413.2284,8084.1215,7994.7034,7276.0053,7982.1243,8708.4832,7689.7042,7599.5591,6766.0036,7584.4001,8421.4736,7856.9324,7760.2308,6915.5084,7743.7814,8584.4161,7976.4328,7878.5620,6989.7720,7860.3692,8737.9766,7211.7528,7196.8078,6066.6616,6955.4876,8459.5714,7187.4853,7259.7608,5836.7908,6855.0524,8790.3657,7079.2518,7224.6619,5473.2466,6622.1721,9024.2717,6825.0885,7046.4084,4993.9189,6201.9927,9083.4442,6655.9306,6862.6188,4813.4899,6007.8749,8980.7869,6459.9572,6650.4152,4600.3659,5730.8812,8890.8789,6190.4916,6394.4229,4285.1331,5354.4281,8848.1432,5885.5553,6115.7583,3897.2411,4919.4662,8845.9594,11.00000000000,01,069
21,201,00516947,21201,Robertson,Robertson County,06,H1,G4020,,,,A,258767993.00000000000,485275.00000000000,+38.5138262,-084.0637574,21201,142.6948,142.2926,141.1419,142.2899,143.4686,111.5856,111.0826,109.0374,111.0824,113.0906,121.7072,120.9150,116.9278,120.9350,124.8823,96.0196,95.1914,90.6127,95.1645,99.7905,102.2576,101.2124,93.8965,101.1161,108.5305,110.2311,108.9456,99.1096,108.7615,118.7253,73.7054,72.8006,64.7792,72.6461,80.7147,66.4548,65.6034,58.4288,65.4574,72.6060,64.1121,63.3025,56.1378,63.1516,70.2304,63.2024,63.0622,53.1505,60.9452,74.1358,52.2104,52.7357,42.3993,49.7959,63.8539,47.8063,48.7909,36.9655,44.7230,60.9414,43.4538,44.8672,31.8025,39.4921,57.8327,41.2891,42.5770,29.8697,37.2763,55.7115,39.1932,40.3557,27.9231,34.7787,53.9424,36.2443,37.4462,25.1027,31.3592,51.8049,34.2827,35.6314,22.7148,28.6649,51.5272,11.00000000000,21,201
21,239,00516966,21239,Woodford,Woodford County,06,H1,G4020,336,30460,,A,488948318.00000000000,8423091.00000000000,+38.0427886,-084.7481466,21239,1719.6600,1714.8469,1700.9965,1714.8126,1728.9896,1682.2461,1674.7574,1643.9730,1674.7488,1704.9631,1618.3757,1608.1871,1555.2352,1608.4131,1660.7905,1865.2655,1849.3687,1760.4160,1848.8339,1938.6413,1790.3465,1772.2044,1644.1182,1770.5241,1900.2763,2000.6451,1977.5613,1799.1759,1974.2667,2154.8833,1958.0779,1934.2227,1721.2646,1930.1584,2144.3093,2016.8571,1991.5421,1774.2657,1987.2189,2203.5718,1952.2714,1927.7775,1709.7493,1923.2133,2138.5975,1862.3940,1858.1232,1565.9404,1795.7066,2184.5362,1943.0109,1961.8460,1576.6424,1852.2620,2376.2072,1905.0620,1943.4853,1471.6398,1781.1693,2428.3911,1845.9515,1905.1123,1349.4872,1676.5493,2456.6973,1819.3855,1875.1997,1314.5776,1641.3712,2454.8192,1823.6160,1876.7099,1297.4862,1616.9491,2509.8000,1782.3427,1840.4242,1232.6378,1540.8322,2547.4792,1713.6249,1780.0775,1133.6905,1431.6374,2575.5340,11.00000000000,21,239
21,195,00516944,21195,Pike,Pike County,06,H1,G4020,,,,A,2037887589.00000000000,4756870.00000000000,+37.4820665,-082.4028687,21195,3957.1420,3946.1811,3914.3685,3946.0969,3978.6270,3721.3048,3704.9431,3636.9496,3704.9099,3771.6155,3398.2420,3376.9236,3265.7504,3377.3895,3487.3462,2988.1888,2963.1876,2820.6625,2962.2990,3106.0355,2757.6982,2730.5375,2533.2568,2727.9790,2927.5415,2730.3015,2699.6916,2456.7361,2695.3650,2941.0518,2397.1885,2368.6572,2108.4685,2363.8341,2625.2609,2203.2327,2175.9665,1938.9575,2171.3233,2407.2243,2148.3629,2121.9327,1882.4834,2117.0183,2353.4677,1878.1194,1873.9990,1579.4981,1811.0993,2203.0271,1732.0398,1749.1493,1406.0112,1651.5449,2118.2518,1554.9333,1586.5723,1201.6549,1454.1599,1982.1139,1380.7969,1425.2843,1009.8360,1254.3756,1837.6637,1260.4799,1299.3465,911.0885,1137.4027,1700.7295,1153.8553,1187.6114,821.2413,1023.2967,1588.0371,1033.2878,1067.0858,714.8274,893.4336,1476.8736,918.9038,954.6323,608.0915,767.8084,1381.0946,11.00000000000,21,195
21,055,00516874,21055,Crittenden,Crittenden County,06,H1,G4020,,,,A,932270911.00000000000,28978627.00000000000,+37.3581494,-088.1050103,21055,565.5880,564.0030,559.4467,563.9918,568.6562,550.3542,547.8896,537.8108,547.8877,557.7820,509.0449,505.8327,489.1756,505.9046,522.3818,571.4264,566.6548,539.3996,566.4842,593.9680,567.8595,562.2451,521.6211,561.7175,602.8191,538.1423,532.1582,484.2986,531.3147,579.6954,536.7332,530.3612,472.1173,529.2849,587.8008,546.9231,540.1366,481.2861,538.9802,597.5602,652.8885,644.4701,571.3486,642.8967,715.1731,552.1954,550.6317,463.7623,532.0551,647.6376,484.2914,488.8170,392.6787,461.4606,592.2372,474.1769,483.5730,366.0030,443.1285,604.4151,453.3358,467.7023,331.1341,411.5296,603.3107,430.8516,443.9158,311.0426,388.5007,581.3160,411.8168,423.6630,292.7523,364.9640,566.7624,388.7866,401.3245,268.6453,335.9404,555.6783,361.8494,375.7682,239.1882,302.1657,543.8433,11.00000000000,21,055
21,119,00516906,21119,Knott,Knott County,06,H1,G4020,,,,A,910427420.00000000000,3453763.00000000000,+37.3547030,-082.9491376,21119,1048.8897,1045.9781,1037.5425,1045.9561,1054.5837,971.3098,966.9827,949.2065,966.9779,984.4254,839.1952,833.9394,806.4868,834.0534,861.2044,799.1835,792.4507,754.3348,792.2162,830.6718,687.5130,680.7323,631.5487,680.0940,729.8499,663.3975,655.9602,596.9281,654.9090,714.6048,580.4845,573.3987,510.2552,572.1907,635.6924,617.3384,609.6775,543.2496,608.3721,674.4949,633.5426,625.7539,555.1462,624.3057,694.0278,558.0104,556.8487,469.3993,538.1753,654.5592,505.9702,511.0560,410.8830,482.5656,618.8062,474.8248,484.5746,367.1000,444.1631,605.2822,439.6676,453.9195,321.6958,399.5215,585.1489,416.1431,429.0576,300.9359,375.6150,561.4974,399.9276,411.7072,284.7828,354.7770,550.4219,381.7671,394.3293,264.2386,330.1893,545.6633,368.7172,383.1252,244.1293,308.1771,554.1792,11.00000000000,21,119
45,027,01247990,45027,Clarendon,Clarendon County,06,H1,G4020,,,,A,1571958092.00000000000,229766623.00000000000,+33.6646821,-080.2178886,45027,1972.6544,1967.2391,1951.4054,1967.1950,1983.3717,1796.9954,1789.0667,1756.2189,1789.0526,1821.2822,1673.4407,1663.1056,1608.3906,1663.3161,1717.4110,1835.7784,1820.7575,1733.1827,1820.1885,1908.3931,1795.8545,1778.9919,1650.5328,1777.3570,1907.0027,1545.9331,1530.3058,1393.6752,1528.1801,1665.7586,1446.8488,1430.6562,1274.4203,1427.9781,1584.6226,1497.8954,1480.1074,1319.6414,1477.1039,1636.6252,1500.3624,1482.3993,1315.6259,1479.0696,1643.6626,1266.1967,1263.7333,1065.4374,1221.4016,1485.3203,1261.2886,1274.0539,1024.4073,1203.0549,1542.5817,1212.3534,1237.3325,937.4526,1134.1733,1545.4560,1130.2395,1166.9587,827.1137,1027.1402,1504.2309,1064.0300,1097.1292,769.5933,960.5038,1435.6912,993.5311,1022.8699,707.6106,881.4596,1367.4067,911.2990,941.3559,630.8765,788.2681,1302.5330,837.2599,870.0372,554.4613,699.8633,1258.3991,11.00000000000,45,027
15,007,00365282,15007,Kauai,Kauai County,06,H1,G4020,,28180,,A,1605678326.00000000000,1674176401.00000000000,+22.0120383,-159.7059653,15007,4688.5324,4675.4120,4637.6508,4675.3182,4713.9692,4705.8010,4684.9266,4598.8507,4684.8974,4769.3691,5096.1140,5064.1629,4897.4475,5064.8594,5229.7481,6197.5195,6145.6003,5850.0057,6143.7618,6441.8918,6015.3855,5956.5948,5526.2722,5951.0309,6386.1656,6492.7097,6420.7141,5843.3977,6410.5770,6994.1094,6001.6255,5931.6875,5281.4445,5919.9507,6572.8019,6300.1247,6223.8051,5547.5478,6210.8648,6883.5324,6946.2389,6861.8505,6088.6203,6846.1814,7609.5282,6952.5278,6939.2778,5850.6808,6706.9054,8155.7751,6884.0261,6954.2509,5592.1117,6566.8828,8419.3949,7065.6198,7211.6917,5464.3560,6610.6056,9007.0083,7229.1688,7464.4188,5290.9998,6570.2196,9621.3044,7324.7695,7552.9644,5298.4589,6612.5299,9883.3109,7472.5897,7693.5259,5322.5881,6630.0175,10284.6215,7527.1501,7775.6092,5211.2602,6511.1831,10758.6797,7566.1477,7862.4386,5010.7118,6324.6313,11371.9029,11.00000000000,15,007
15,005,01702380,15005,Kalawao,Kalawao County,06,H4,G4020,,,,G,31057797.00000000000,105769512.00000000000,+21.2187644,-156.9740097,15005,8.4010,8.3765,8.3083,8.3764,8.4465,5.2750,5.2513,5.1547,5.2513,5.3462,5.6141,5.5806,5.3973,5.5812,5.7623,4.2233,4.1861,3.9848,4.1850,4.3887,2.0882,2.0711,1.9218,2.0693,2.2191,0.5087,0.5023,0.4566,0.5014,0.5478,0.4890,0.4825,0.4288,0.4813,0.5355,0.4823,0.4755,0.4229,0.4743,0.5269,0.5036,0.4965,0.4394,0.4951,0.5516,0.4817,0.4797,0.4034,0.4633,0.5648,2.2702,2.2894,1.8372,2.1607,2.7759,1.6757,1.7070,1.2901,1.5636,2.1357,0.7813,0.8048,0.5686,0.7077,1.0397,0.6516,0.6704,0.4687,0.5863,0.8790,0.5380,0.5534,0.3823,0.4767,0.7404,0.5493,0.5669,0.3793,0.4745,0.7851,0.5466,0.5675,0.3611,0.4563,0.8215,11.00000000000,15,005
21,197,00516945,21197,Powell,Powell County,06,H1,G4020,,,,A,463554647.00000000000,2958483.00000000000,+37.8103787,-083.8269851,21197,750.7927,748.6819,742.6300,748.6673,754.8647,777.6959,774.2825,760.0759,774.2751,788.2118,692.8473,688.5615,665.9067,688.6494,711.0483,746.8801,740.7659,705.1366,740.5346,776.4213,697.7522,691.0656,641.1527,690.4253,740.8483,716.2788,708.5327,644.9506,707.4517,771.6506,663.6824,655.9964,584.1276,654.7094,726.8507,599.1441,591.9869,527.7643,590.7768,654.6323,625.3151,617.8310,548.3262,616.4438,685.0395,559.3752,558.1255,470.3940,539.3863,656.1396,501.0258,506.1400,407.0047,477.9479,612.7719,478.9980,488.9104,370.4609,448.1636,610.6113,447.8253,462.4146,327.7894,407.0258,596.0123,422.2295,435.4018,305.4562,381.1963,569.7158,399.2846,411.1103,284.4387,354.2891,549.5422,370.9120,383.1753,256.8285,320.8739,530.1520,340.8144,354.1812,225.7423,284.9159,512.2445,11.00000000000,21,197
21,165,00516929,21165,Menifee,Menifee County,06,H1,G4020,336,34460,,A,527282371.00000000000,6085112.00000000000,+37.9507147,-083.5973453,21165,453.1549,451.8842,448.2332,451.8753,455.6131,520.0962,517.7660,508.2409,517.7644,527.1153,447.6142,444.7981,430.1528,444.8604,459.3464,474.8840,470.8751,448.2266,470.7363,493.5894,524.0368,518.6586,481.1665,518.1642,556.1686,462.4223,457.1763,415.9940,456.4319,498.0984,360.6455,356.2821,317.0825,355.5404,394.9497,293.1951,289.3031,257.5283,288.6312,320.3259,236.2591,233.1013,206.5393,232.5089,258.7843,205.5225,204.6884,172.1546,197.7148,240.9841,173.5804,174.9747,140.3454,165.1118,212.2335,126.6899,128.9484,97.3471,118.0773,161.4563,90.3942,93.0426,65.6572,81.7869,120.2798,68.7105,70.6779,49.4035,61.8090,92.6955,47.6752,49.0334,33.8682,42.2344,65.6118,46.0696,47.5690,31.8576,39.8247,65.8465,50.8453,52.8155,33.6353,42.4766,76.4191,11.00000000000,21,165
01,019,00161535,01019,Cherokee,Cherokee County,06,H1,G4020,,,,A,1434075952.00000000000,119858898.00000000000,+34.0695153,-085.6542417,01019,1757.0349,1752.0858,1737.9183,1752.0522,1766.5628,1757.4695,1749.6797,1717.5362,1749.6684,1781.2120,1435.6363,1426.6809,1379.7240,1426.8718,1473.3082,1366.3311,1355.1810,1289.9996,1354.7554,1420.3956,1458.2304,1444.0688,1339.7529,1442.7235,1548.1733,1619.2257,1601.2563,1457.2707,1598.7255,1744.2663,1435.9318,1419.1970,1263.6204,1416.3884,1572.5896,1340.4197,1324.5260,1180.9515,1321.8432,1464.5661,1313.8702,1297.7699,1151.3883,1294.7775,1439.3134,1097.7763,1095.4488,923.3753,1058.7025,1287.7071,1136.1958,1147.6215,922.6792,1083.6455,1389.5788,1061.2396,1083.0385,820.4871,992.7204,1352.8146,989.0394,1021.1095,723.6770,898.7427,1316.3029,949.9098,979.4013,686.9526,857.4137,1281.7041,904.2966,930.9470,643.9629,802.2233,1244.5881,836.4271,863.9671,578.9600,723.4449,1195.5142,767.7407,797.7539,508.3476,641.7002,1153.9093,11.00000000000,01,019
01,003,00161527,01003,Baldwin,Baldwin County,06,H1,G4020,380,19300,,A,4117521611.00000000000,1133190229.00000000000,+30.6592183,-087.7460666,01003,14294.3228,14254.6615,14139.7110,14254.3608,14371.9228,15906.5321,15836.5174,15545.8431,15836.3810,16121.5607,16474.6839,16372.3968,15833.6344,16374.5319,16907.2598,18597.0126,18442.3197,17555.2735,18436.7276,19331.0089,19772.7907,19580.9519,18166.4883,19562.7171,20992.4864,21593.2096,21355.5992,19436.5837,21322.2320,23261.2784,21544.2558,21292.6122,18957.9536,21250.3485,23594.5612,22558.3041,22285.4272,19864.3633,22239.1733,24647.2850,24401.0317,24104.5018,21388.1891,24049.4421,26731.0511,23781.8744,23735.2914,20010.6186,22940.1386,27897.4055,24584.8665,24832.9338,19966.2877,23448.8386,30067.6728,24930.8581,25443.6332,19276.2238,23322.0337,31780.6790,24830.8445,25636.5286,18169.5633,22564.5216,33047.1737,25074.8860,25853.8059,18134.3136,22633.8009,33833.3401,25194.0972,25936.9400,17941.7012,22350.7336,34674.7950,24848.1627,25666.6088,17199.9898,21492.1187,35515.7653,24272.8491,25221.9899,16072.3224,20288.2581,36481.9523,11.00000000000,01,003
45,013,01247984,45013,Beaufort,Beaufort County,06,H1,G4020,,25940,,A,1492559284.00000000000,899026998.00000000000,+32.3581474,-080.6893201,45013,10080.8942,10053.1054,9972.1312,10052.8848,10135.6465,11287.3138,11237.7788,11031.5916,11237.6716,11439.9409,11584.7754,11513.0034,11134.1828,11514.4870,11889.0438,13107.6922,12999.4845,12374.2325,12995.4867,13625.5592,13158.9354,13031.6323,12090.3026,13019.5107,13970.8939,12213.6316,12081.6619,10997.5519,12063.2507,13157.8372,12207.8447,12066.4977,10744.5590,12042.8310,13369.7740,14542.6933,14366.1467,12804.7943,14336.1991,15889.3620,15746.1470,15554.3338,13801.0587,15518.7083,17249.6680,14429.2799,14398.9798,12137.4642,13916.0525,16925.8201,13954.1530,14094.0305,11331.0716,13308.1969,17065.9959,14021.9099,14309.2860,10839.7693,13115.7663,17874.3440,13695.1164,14138.3479,10019.2382,12443.7362,18226.6216,13440.9525,13857.4181,9718.7495,12131.1029,18135.6740,13191.4974,13579.7137,9392.8990,11701.7980,18155.4821,12804.5714,13225.9819,8862.7608,11074.7272,18301.6974,12315.9453,12797.4660,8154.9067,10294.0945,18510.7907,11.00000000000,45,013
21,001,00516847,21001,Adair,Adair County,06,H1,G4020,,,,A,1049677374.00000000000,18431736.00000000000,+37.1055413,-085.2814005,21001,1230.0604,1226.6490,1216.7580,1226.6231,1236.7383,1250.7798,1245.2337,1222.3562,1245.2258,1267.6765,1132.2949,1125.2502,1088.2185,1125.3986,1162.0174,1264.4347,1253.9430,1193.6304,1253.5610,1314.3567,1328.3768,1315.6644,1220.6406,1314.4460,1410.4343,1100.4938,1088.6798,991.0397,1087.0356,1185.5926,966.0875,954.8745,850.2394,952.9954,1058.0355,1431.5229,1414.0323,1260.2393,1411.0615,1564.0770,1462.7446,1444.7858,1281.7866,1441.4473,1602.3977,1266.4643,1263.5557,1064.8621,1221.1101,1485.5263,1327.8246,1341.0222,1078.0248,1266.2168,1623.9175,1311.6863,1338.4720,1013.8414,1226.7984,1672.0524,1261.0265,1301.7648,922.4305,1145.7086,1678.2745,1236.5765,1274.8253,894.0168,1115.9851,1668.4880,1195.1147,1230.2061,850.8317,1060.0504,1644.8322,1161.7831,1199.9173,803.9561,1004.7042,1660.5407,1138.5011,1182.9003,753.6479,951.4599,1711.1532,11.00000000000,21,001
01,035,00161543,01035,Conecuh,Conecuh County,06,H1,G4020,,,,A,2201894769.00000000000,6644940.00000000000,+31.4282925,-086.9920291,01035,715.6170,713.6329,707.8789,713.6178,719.5021,713.5194,710.4039,697.3781,710.3960,723.1721,624.1203,620.2976,599.8975,620.3724,640.5372,642.3850,637.0099,606.3707,636.8189,667.7188,639.0133,632.7303,587.0166,632.1378,678.3763,744.2591,735.9870,669.7986,734.8213,801.7289,569.2784,562.5403,500.7807,561.4034,623.4448,501.5131,495.3825,441.5006,494.3410,547.9513,522.4305,515.9094,457.5953,514.6949,572.2957,472.7780,471.9005,397.8937,456.1045,554.6055,412.1743,416.2486,334.5938,393.0222,504.0818,381.8862,389.6655,295.1378,357.1478,486.8014,357.4502,368.9819,261.4447,324.7423,475.7218,337.6627,348.0914,244.0956,304.7139,455.6002,316.9344,326.2249,225.6064,281.0968,436.1944,289.8598,299.3591,200.5570,250.6505,414.2966,271.0904,281.6512,179.4324,226.5400,407.4449,11.00000000000,01,035
01,029,00161540,01029,Cleburne,Cleburne County,06,H1,G4020,,,,A,1450652767.00000000000,2365681.00000000000,+33.6719810,-085.5161090,01029,969.0564,966.3724,958.5819,966.3517,974.3178,982.3679,978.0038,960.0316,977.9982,995.6364,790.8606,785.9250,760.0570,786.0304,811.6119,932.9231,925.1461,880.6480,924.8667,969.7334,886.5967,877.8290,814.4029,877.0051,941.1777,1007.8916,996.8444,907.2957,995.2953,1085.7635,840.8336,830.9796,739.8364,829.3227,920.8495,827.3488,817.1461,728.1777,815.4099,903.9530,873.4763,863.1628,766.2028,861.2541,956.9198,784.0640,782.6548,659.9574,756.4693,919.7796,657.5698,664.4795,534.5181,627.5288,804.2627,644.2349,657.7668,498.6069,603.0157,821.2742,629.2334,649.9296,460.9097,572.1536,837.4665,605.0098,624.0795,438.0233,546.4620,816.3595,589.3986,607.0445,420.2024,523.2196,811.2144,549.7485,568.1080,380.9837,475.8141,785.7796,522.9826,543.6593,346.6981,437.4088,786.0539,11.00000000000,01,029
01,073,00161562,01073,Jefferson,Jefferson County,06,H1,G4020,142,13820,,A,2878192209.00000000000,32474487.00000000000,+33.5534439,-086.8965359,01073,38552.8756,38446.2605,38136.4138,38445.4338,38762.2190,39820.3502,39645.2165,38917.6154,39644.8652,40358.6920,40516.6312,40265.6495,38940.7672,40270.8346,41580.7996,45186.6283,44811.9120,42656.5346,44798.2458,46970.8127,46640.0652,46186.2749,42849.8167,46143.2131,49516.2408,42817.2395,42340.4240,38532.1035,42273.1865,46123.2107,38941.9516,38482.1537,34258.3175,38404.6396,42647.3782,39739.1111,39256.4317,34989.6835,39174.5467,43418.9816,42234.4905,41718.0486,37013.6078,41622.0867,46267.0123,39640.3245,39558.6299,33346.9967,38232.2898,46499.2315,37531.6207,37907.6944,30476.2287,35794.0508,45901.3271,36492.6692,37241.0532,28211.8312,34134.9841,46518.8623,34645.0162,35767.4588,25348.0464,31480.8413,46108.6270,32940.6566,33962.7791,23820.9243,29732.3777,44446.4586,31041.8148,31956.4740,22105.0333,27537.7227,42722.9989,29301.1184,30266.0210,20281.9611,25343.3799,41880.4112,27539.3036,28616.2472,18235.3450,23018.5886,41391.4194,11.00000000000,01,073
01,067,00161559,01067,Henry,Henry County,06,H1,G4020,222,20020,,A,1454926258.00000000000,16986789.00000000000,+31.5169779,-085.2399712,01067,1030.5243,1027.6762,1019.3947,1027.6540,1036.1203,1147.1160,1142.0615,1121.0965,1142.0520,1162.6215,1057.7775,1051.2056,1016.6128,1051.3432,1085.5491,1053.5028,1044.7480,994.4973,1044.4306,1095.0883,1074.2929,1063.7951,986.9434,1062.8015,1140.5119,1152.1671,1139.2925,1036.7904,1137.4748,1241.1146,1062.3629,1049.4817,933.9886,1047.2906,1163.4106,1048.1005,1034.9834,922.1054,1032.7446,1145.1329,1028.7131,1015.8711,901.0440,1013.4794,1126.9021,939.2553,937.0129,789.5864,905.5135,1101.6988,950.7930,960.0996,771.6715,906.4985,1162.7879,905.9633,924.3307,700.0130,847.1648,1154.8470,846.5109,873.7354,619.0060,768.9458,1126.5933,817.0179,842.1763,590.4904,737.1983,1102.3758,785.3288,808.2844,558.9137,696.4446,1080.8370,741.7701,766.0297,513.1502,641.3685,1060.2085,702.1157,729.4234,464.6451,586.6769,1055.2668,11.00000000000,01,067
01,041,00161546,01041,Crenshaw,Crenshaw County,06,H1,G4020,,,,A,1576888006.00000000000,5376392.00000000000,+31.7328256,-086.3192219,01041,836.2621,833.9331,827.2037,833.9159,840.8007,890.5783,886.6405,870.3570,886.6341,902.6123,772.3859,767.5215,742.2493,767.6296,792.6278,821.5922,814.4940,775.3173,814.2649,853.8505,920.8033,911.4413,845.5640,910.5759,977.3213,1031.6963,1019.8196,927.8443,1018.1258,1111.2421,865.8752,855.3930,761.2737,853.6109,948.2357,848.9847,838.1803,746.5869,836.3301,927.5726,852.1791,841.5555,746.4470,839.5773,933.5199,789.7392,787.5781,663.3992,761.0279,926.2572,724.4051,731.3735,587.7192,690.5042,885.9032,693.9121,707.8571,535.9511,648.7210,884.5268,657.3314,678.3522,480.4650,596.9507,874.8100,638.4443,657.9874,461.2273,575.9225,861.4218,612.4614,630.2543,435.6931,543.0033,842.9132,567.4081,585.8642,392.3494,490.4805,810.9866,529.4247,549.9277,350.2048,442.2708,795.7100,11.00000000000,01,041
01,089,00161570,01089,Madison,Madison County,06,H1,G4020,290,26620,,A,2076116529.00000000000,28771340.00000000000,+34.7642377,-086.5510803,01089,24686.3093,24617.6598,24419.0594,24617.1469,24820.3032,23945.1338,23839.8086,23402.2751,23839.5977,24268.8503,24139.3398,23988.7245,23199.1662,23991.9387,24772.7502,28865.7305,28623.7585,27246.9952,28615.2063,30003.8283,30293.4327,29997.6379,27830.5410,29969.6286,32160.8593,28714.5835,28399.1609,25847.5634,28354.8964,30932.9362,26717.4495,26406.7741,23512.6083,26354.6772,29260.2332,27981.0136,27643.6862,24641.6517,27586.5479,30572.2231,29359.9044,29005.7775,25739.8802,28940.0792,32163.7622,27992.1854,27939.7160,23557.5213,27004.3474,32836.8970,29101.7699,29398.5161,23640.0711,27760.9132,35592.4198,28993.7027,29593.3078,22423.2834,27126.8086,36960.1957,28396.8302,29321.5618,20784.6367,25809.2302,37793.4102,28057.3619,28932.3307,20297.1351,25330.2561,37857.8740,27525.0450,28340.0511,19607.6753,24422.9739,37883.1706,26847.1225,27734.6782,18589.4604,23225.1920,38373.1318,26078.1550,27100.8520,17272.9931,21800.8460,39195.4995,11.00000000000,01,089
01,083,00161567,01083,Limestone,Limestone County,06,H1,G4020,290,26620,,A,1450228326.00000000000,122381869.00000000000,+34.8102387,-086.9813995,01083,7103.4240,7083.5624,7026.3606,7083.4201,7141.9650,7478.9180,7445.8473,7309.1008,7445.7937,7579.9767,7748.0704,7699.5751,7446.1190,7700.6241,7951.2925,9209.5250,9132.2141,8692.9674,9129.4931,9572.5613,9343.1352,9251.1466,8582.7561,9242.4792,9918.5887,9984.4186,9873.3481,8985.3616,9857.6914,10755.3616,10432.9328,10308.5132,9175.9398,10287.4665,11425.5108,10767.7968,10634.4769,9476.0935,10611.7709,11764.7549,11868.9368,11722.1085,10398.4957,11694.7903,13001.9692,11282.7345,11258.8423,9490.3282,10881.1779,13234.8139,12003.6263,12122.2455,9744.2135,11445.8245,14680.2147,12188.4415,12436.6057,9419.5265,11398.7239,15536.9435,12147.5212,12539.1819,8884.4883,11035.6895,16166.8197,12261.6427,12640.1172,8863.5219,11064.8742,16544.3190,12406.6414,12770.1015,8831.1446,11003.4702,17075.1508,12331.1642,12735.1191,8531.7697,10662.9239,17624.9212,12122.5930,12594.6252,8023.4410,10130.1165,18220.0639,11.00000000000,01,083
01,047,00161549,01047,Dallas,Dallas County,06,H1,G4020,,42820,,A,2534807386.00000000000,39134826.00000000000,+32.3335397,-087.1143556,01047,2124.7831,2118.9510,2101.8965,2118.9034,2136.3270,2014.3899,2005.7110,1968.9968,2005.6807,2041.6746,1817.7140,1806.5967,1747.1855,1806.8128,1865.5362,1902.4405,1886.9142,1796.1575,1886.3218,1977.7177,1744.6093,1727.8232,1603.0233,1726.2196,1852.3191,1747.5179,1728.4323,1573.2072,1725.7594,1882.5550,1478.3996,1461.2699,1301.1704,1458.4010,1619.1106,1332.0399,1315.8336,1172.7896,1313.0832,1455.3862,1377.9887,1361.3067,1207.9678,1358.2105,1509.5786,1105.5409,1103.4738,930.4047,1066.5329,1296.8823,995.7633,1005.7831,808.6480,949.7159,1217.8295,918.8557,937.7287,710.4023,859.5281,1171.3107,839.1815,866.3747,613.9963,762.5443,1116.8568,765.0928,788.8149,553.2430,690.5530,1032.3295,702.4585,723.1187,500.1577,623.1147,966.7939,635.9556,656.8447,440.1083,549.9895,908.9747,579.8237,602.4334,383.8190,484.5633,871.4679,11.00000000000,01,047
33,011,00873179,33011,Hillsborough,Hillsborough County,06,H1,G4020,148,31700,,A,2269188527.00000000000,41636576.00000000000,+42.9116429,-071.7231012,33011,29356.4766,29274.3304,29037.8967,29273.7438,29515.7465,26334.1465,26217.2855,25735.5716,26217.1246,26689.8678,24126.2205,23974.5594,23185.2118,23977.9017,24758.6543,27145.5855,26915.0962,25620.5089,26907.2531,28213.9872,28820.4963,28531.8026,26469.9597,28504.8790,30592.3254,29226.0961,28892.1048,26287.9563,28844.5881,31480.1971,27400.0441,27067.3908,24088.3049,27010.7817,30006.1772,27179.6282,26836.8074,23907.2514,26778.2050,29695.7427,26533.6299,26197.9052,23232.0688,26135.2872,29065.6744,23561.8596,23501.3853,19799.7135,22710.2063,27635.8418,22051.8698,22260.8757,17885.4933,21015.9655,26967.5839,21312.2493,21737.5305,16455.4859,19920.4915,27166.2659,20303.7891,20950.2077,14835.7778,18435.1301,27021.0581,19502.8951,20097.2595,14084.8127,17589.6642,26314.0726,18605.9770,19144.0933,13231.6999,16492.8439,25606.6843,17472.7600,18038.9708,12078.2407,15101.1874,24973.3651,16280.7145,16909.3641,10766.0905,13598.3089,24469.3273,11.00000000000,33,011
01,039,00161545,01039,Covington,Covington County,06,H1,G4020,,,,A,2668869505.00000000000,34526309.00000000000,+31.2439873,-086.4487206,01039,2261.8068,2255.5327,2237.3446,2255.4850,2274.0857,2365.0917,2354.6401,2311.3994,2354.6227,2397.0518,2165.7555,2152.2950,2081.4668,2152.5773,2222.6139,2438.2550,2418.1282,2301.8207,2417.3845,2534.5884,2436.8945,2413.2174,2238.8916,2410.9688,2587.1933,2585.3527,2556.8131,2327.0001,2552.8010,2785.0440,2312.6939,2285.6673,2035.0401,2281.1273,2532.7848,2200.7054,2174.0085,1937.7506,2169.4806,2404.4942,2254.7657,2227.6688,1976.9466,2222.6437,2470.1069,2132.4493,2128.9536,1795.5184,2057.8155,2501.6419,1876.3260,1895.8707,1524.9068,1790.3912,2294.8753,1827.0524,1865.2566,1413.7491,1709.9376,2329.1156,1776.9751,1835.2546,1301.3374,1615.5699,2365.0170,1703.1238,1756.6257,1232.7399,1538.0805,2298.0644,1639.2545,1688.1488,1168.3596,1454.9630,2256.1613,1540.0751,1591.3181,1066.9591,1332.7165,2201.2833,1447.1158,1504.1591,959.0255,1210.1204,2175.0349,11.00000000000,01,039
01,117,00161584,01117,Shelby,Shelby County,06,H1,G4020,142,13820,,A,2032960300.00000000000,63700594.00000000000,+33.2629366,-086.6781042,01117,14845.4195,14804.1237,14684.6867,14803.8154,14925.9962,16062.2690,15991.3037,15697.6474,15991.1838,16279.3275,15580.8510,15483.7461,14974.1433,15485.8074,15989.7507,16565.3199,16427.2754,15637.1490,16422.3114,17218.9678,15994.9154,15838.6282,14694.4005,15823.8356,16980.8445,17159.6213,16968.0615,15441.5652,16941.0258,18484.3997,17952.4405,17740.8589,15793.9513,17705.2121,19660.7054,18487.3966,18262.2830,16276.8094,18224.0736,20199.3098,19004.1761,18773.0479,16657.3438,18730.1273,20818.8346,17464.5865,17431.3935,14696.9358,16847.7007,20487.1370,18414.2234,18600.6953,14956.0494,17564.1692,22520.9897,18217.5264,18593.0414,14086.9953,17042.9543,23222.9404,17730.7927,18307.0009,12975.7562,16113.6232,23597.8500,17623.2604,18171.7365,12747.0329,15908.9167,23779.0146,17570.1566,18089.5437,12514.7315,15588.9118,24182.0251,17267.3329,17837.3933,11954.8307,14936.8145,24680.4905,16649.3197,17301.5795,11026.5633,13917.6949,25023.9074,11.00000000000,01,117
01,007,00161529,01007,Bibb,Bibb County,06,H1,G4020,142,13820,,A,1612480789.00000000000,9289057.00000000000,+33.0158929,-087.1271475,01007,1506.1728,1501.9456,1489.8085,1501.9160,1514.3426,1591.7452,1584.6165,1555.4662,1584.6113,1613.2279,1324.2403,1315.7848,1272.4338,1315.9835,1358.8796,1306.7169,1295.5654,1233.2500,1295.1917,1358.1110,1446.6286,1432.2525,1328.7613,1430.9055,1535.6401,1535.1209,1517.5261,1380.7130,1515.0204,1653.5041,1454.4149,1436.0244,1277.3191,1432.8534,1592.6661,1359.7267,1341.6520,1194.2703,1338.5311,1485.5476,1315.4707,1297.8120,1149.8472,1294.4979,1440.8799,1201.8555,1198.0572,1008.6695,1157.5318,1409.4902,1111.8925,1121.6313,900.4160,1058.6583,1359.6211,1044.1067,1064.2076,804.8842,974.9992,1330.8116,990.4856,1021.3585,722.6056,898.4966,1318.1176,955.9951,984.5531,689.4153,861.4786,1289.8146,901.1556,926.7378,640.0180,798.1988,1240.1869,841.9538,868.8638,581.3484,727.2070,1203.3567,797.4854,827.9914,526.8477,665.7391,1198.5740,11.00000000000,01,007
01,013,00161532,01013,Butler,Butler County,06,H1,G4020,,,,A,2011976894.00000000000,2726814.00000000000,+31.7516670,-086.6819689,01013,1063.2587,1060.3764,1051.8607,1060.3509,1069.0405,1036.4203,1031.9579,1013.0697,1031.9421,1050.4593,1119.0453,1112.2726,1075.7109,1112.3974,1148.5265,1164.0421,1154.6115,1099.0773,1154.2443,1210.1461,1043.1227,1033.2242,958.6070,1032.2706,1107.6146,1036.4910,1025.2143,933.1706,1023.6372,1116.5971,969.2083,958.2375,853.4822,956.4155,1061.4853,853.8324,843.6485,752.1400,841.9274,932.9087,889.8197,879.2863,780.4877,877.3364,974.8213,780.1635,778.9523,657.0180,752.9422,915.2503,723.7335,731.3353,588.2951,690.6659,885.1859,697.1002,711.7313,539.5024,652.4844,888.6658,644.9045,666.0964,472.3549,586.3783,858.3219,603.3103,622.2898,436.7295,544.8803,814.0630,569.7588,586.7717,406.1216,505.7279,784.1797,534.8263,552.6243,370.5307,462.8197,764.4461,493.3095,512.7468,326.9089,412.5096,741.4505,11.00000000000,01,013
21,031,00516862,21031,Butler,Butler County,06,H1,G4020,,,,A,1103562315.00000000000,13948189.00000000000,+37.2070133,-086.6824707,21031,809.7975,807.5308,801.0085,807.5147,814.1908,837.4664,833.7088,818.3683,833.7065,848.7671,819.4383,814.2618,787.4470,814.3783,840.9044,937.5781,929.6602,884.9446,929.3864,974.5069,903.6437,894.8903,830.2476,894.0575,959.3947,780.9512,772.3287,702.9088,771.1165,841.2710,731.7050,723.3165,644.1484,721.9170,801.3575,758.5418,749.4744,668.1607,747.9413,828.7918,794.5419,785.0022,696.6598,783.2332,870.4256,755.1706,753.7988,635.6113,728.5749,885.8815,728.5306,736.1595,592.1536,695.2146,891.0494,744.7292,760.3244,576.3015,697.0204,949.3791,750.5597,775.1833,549.6724,682.3947,998.9378,750.4539,774.0293,543.1879,677.7311,1012.6049,751.2643,773.6684,535.4481,666.7992,1033.9901,763.5675,788.9479,528.9516,660.7270,1091.3919,770.4889,800.8180,510.5389,644.2532,1158.0528,11.00000000000,21,031
01,087,00161569,01087,Macon,Macon County,06,H1,G4020,194,46260,,A,1577005015.00000000000,11194263.00000000000,+32.3870267,-085.6928870,01087,948.9899,946.4119,938.8087,946.3894,954.1496,862.4481,858.7327,843.0138,858.7197,874.1300,625.7317,621.8700,601.4115,621.9484,642.1746,655.3771,650.1153,618.8464,649.9053,681.3651,598.9642,593.1902,550.3434,592.6393,635.9362,453.1821,448.0484,407.6931,447.3202,488.1475,255.6920,252.6582,224.9130,252.1459,280.0200,354.5195,350.1224,311.9769,349.3732,387.3429,357.1483,352.6144,312.6800,351.7685,391.2283,297.2891,296.5894,249.9346,286.6217,348.7075,294.1034,296.8749,238.5088,280.2676,359.6612,276.9665,282.4784,213.8236,258.8610,353.0415,258.9068,267.1348,189.1551,235.0596,344.5617,238.8384,246.0999,172.4570,215.3864,322.2486,228.4016,234.9877,162.3942,202.4365,314.3386,227.3324,234.6824,157.1164,196.4557,324.9191,234.2982,243.3353,154.9188,195.6832,352.1412,11.00000000000,01,087
01,001,00161526,01001,Autauga,Autauga County,06,H1,G4020,388,33860,,A,1539582278.00000000000,25775735.00000000000,+32.5363818,-086.6444901,01001,3686.6972,3676.4824,3646.8423,3676.4040,3706.7134,3795.1596,3778.4823,3709.1442,3778.4477,3846.4715,3134.5500,3115.0664,3012.5547,3115.4752,3216.8415,3380.0015,3351.8227,3190.6052,3350.8106,3513.3647,3517.1613,3482.7785,3231.1712,3479.5251,3733.9489,3938.0451,3894.3877,3544.2318,3888.2411,4242.1637,3505.5883,3464.3365,3084.2122,3457.3903,3839.1699,3398.3374,3356.8339,2991.7560,3349.7849,3713.0127,3369.0068,3327.5205,2951.9865,3319.8058,3690.6421,2904.5352,2898.6199,2443.5363,2801.4526,3407.1197,3062.4525,3093.1422,2486.7621,2920.6769,3745.3926,2931.4361,2991.5528,2266.2401,2742.0439,3736.8347,2791.8650,2882.3051,2042.6493,2536.8654,3715.6580,2737.2401,2822.1396,1979.3658,2470.6003,3693.3242,2660.6744,2739.0129,1894.5759,2360.2543,3661.8941,2509.3568,2591.9235,1736.8334,2170.3298,3586.6466,2374.0518,2466.8166,1571.8631,1984.2483,3568.1820,11.00000000000,01,001
01,059,00161555,01059,Franklin,Franklin County,06,H1,G4020,,,,A,1641587713.00000000000,32897905.00000000000,+34.4419884,-087.8428147,01059,1952.9336,1947.4689,1931.7404,1947.4299,1963.5289,2132.0961,2122.6228,2083.6156,2122.6106,2160.8930,1957.7528,1945.4521,1881.4007,1945.7227,2009.0758,2012.3035,1995.3051,1899.3334,1994.7178,2091.5603,1988.8080,1968.8523,1826.5708,1966.9931,2111.0537,2108.5153,2085.2490,1897.8276,2081.9788,2271.3787,1898.4444,1875.9325,1669.9425,1872.1318,2079.0751,1961.6643,1937.7577,1727.0646,1933.6992,2143.3112,2048.9689,2023.9029,1795.6608,2019.2451,2244.6018,1769.8620,1766.0975,1488.6668,1706.8513,2076.0702,1788.3739,1806.4763,1452.5056,1705.8078,2187.2183,1747.4220,1783.4555,1351.2470,1634.7751,2227.5421,1647.4334,1701.0203,1205.7097,1497.2379,2192.5677,1623.6287,1674.2359,1174.5141,1465.7834,2190.7643,1634.4474,1682.8347,1164.2970,1450.2350,2249.5160,1565.8547,1617.6596,1084.2955,1354.6541,2238.1103,1502.2945,1561.2692,995.1588,1255.9633,2257.9542,11.00000000000,01,059
01,095,00161574,01095,Marshall,Marshall County,06,H1,G4020,,10700,,A,1465522757.00000000000,148503356.00000000000,+34.3095637,-086.3216681,01095,5978.9811,5962.2064,5914.0298,5962.0889,6011.4129,6246.1571,6218.5374,6104.3308,6218.4925,6330.5581,5666.3591,5630.7880,5445.4087,5631.5674,5814.9215,6150.0549,6098.1339,5804.8212,6096.3367,6392.3004,6223.8260,6162.4093,5717.1660,6156.6303,6607.0662,6354.7871,6284.0460,5718.8424,6274.0720,6845.4555,5655.0172,5588.4298,4975.2021,5577.2152,6193.1275,5901.9772,5830.0282,5196.1049,5817.8129,6448.4893,6343.4860,6265.0574,5557.6795,6250.4667,6949.0535,5889.3134,5876.2876,4952.7223,5679.0249,6908.1169,5262.6259,5314.3916,4271.6355,5017.7746,6436.0561,5115.2841,5219.2060,3952.8170,4783.5653,6520.5663,4947.4291,5106.7277,3618.0940,4494.3320,6584.3854,4712.5469,4857.8118,3406.2018,4252.3416,6358.5006,4514.5932,4646.6761,3213.2168,4003.7782,6213.3808,4291.4883,4431.9192,2968.9526,3710.7156,6133.8091,4045.4037,4202.7947,2677.2530,3380.3392,6080.1692,11.00000000000,01,095
01,121,00161586,01121,Talladega,Talladega County,06,H1,G4020,,45180,,A,1908239516.00000000000,60944144.00000000000,+33.3692774,-086.1758045,01121,5205.4666,5190.9932,5149.1167,5190.8849,5233.7213,5137.0970,5114.5645,5020.7305,5114.5150,5206.5642,4315.9121,4289.3881,4148.2998,4289.9159,4429.3881,4422.8648,4387.0236,4176.0177,4385.6289,4598.0349,4784.1183,4738.3147,4396.0884,4733.9259,5079.6332,5076.3698,5019.8764,4568.3863,5011.9120,5468.3334,4407.1432,4355.0956,3877.0664,4346.3207,4826.4927,4088.7426,4039.0363,3599.9931,4030.6021,4467.3607,4163.1619,4112.7076,3649.3920,4103.3418,4560.7127,3557.6807,3550.3933,2992.9411,3431.3660,4173.2716,3668.3798,3705.1223,2978.7514,3498.5286,4486.4412,3473.3744,3544.6093,2685.2102,3248.9744,4427.6687,3232.6645,3337.4156,2365.2116,2937.4437,4302.3152,3069.5717,3164.8417,2219.7915,2770.6388,4141.7408,2882.7638,2967.7355,2052.8829,2557.3867,3967.5642,2673.0720,2761.1355,1850.3421,2312.0640,3820.6539,2487.5458,2584.8609,1647.2136,2079.2491,3738.7698,11.00000000000,01,121
45,061,01245652,45061,Lee,Lee County,06,H1,G4020,,,,A,1062372545.00000000000,2715075.00000000000,+34.1586401,-080.2512086,45061,917.3214,914.7769,907.4004,914.7576,922.3015,862.7325,858.8871,843.0969,858.8830,874.3815,786.6679,781.7206,755.9824,781.8298,807.2880,741.9156,735.7235,700.3363,735.5018,771.1847,674.0549,667.4766,619.2569,666.8535,715.6090,670.2915,662.8847,603.2980,661.8430,722.0622,631.8467,624.1982,555.5178,622.8978,691.9469,647.1796,638.8457,568.9371,637.4154,707.0814,605.5862,597.7255,529.8541,596.2553,663.3518,516.7960,515.1828,433.7624,497.7616,606.0834,500.6143,505.1117,405.5973,476.7875,612.1690,476.1232,485.3589,367.1571,444.6970,606.8719,443.9039,457.7586,323.8802,402.7005,590.7396,424.1762,436.8193,305.8459,382.2034,572.2898,408.8571,420.3981,290.2632,362.0619,562.6713,390.0694,402.4370,269.1571,336.7834,557.4970,371.6439,385.7440,245.3140,310.1048,558.5520,11.00000000000,45,061
21,045,00516869,21045,Casey,Casey County,06,H1,G4020,,,,A,1150549958.00000000000,3900669.00000000000,+37.3219623,-084.9282195,21045,995.2790,992.4645,984.4336,992.4460,1000.6746,1025.5837,1021.0541,1002.3048,1021.0464,1039.4434,909.8223,904.1261,874.3636,904.2495,933.6849,933.7904,925.8562,881.3235,925.5868,970.5392,840.8454,832.4956,772.3420,831.7129,892.5870,923.9635,913.6039,831.3847,912.1396,995.2834,877.8367,867.5395,772.3778,865.8075,961.3729,783.6822,774.1923,690.0748,772.5833,856.2535,803.4746,793.7165,704.2795,791.9047,880.1979,764.3705,762.7529,642.9424,737.1676,896.6181,665.7076,672.4195,540.6367,634.9397,814.1699,636.4261,649.5206,492.0845,595.3623,811.2864,602.3011,621.8564,440.7453,547.3444,801.5988,579.6174,597.6415,419.2158,523.2148,782.0748,565.8005,582.5051,402.9674,501.9733,778.7165,533.1962,550.7846,369.1264,461.2143,762.1054,496.6143,516.0616,328.8846,415.1255,746.4102,11.00000000000,21,045
01,127,00161589,01127,Walker,Walker County,06,H1,G4020,142,13820,,A,2049177420.00000000000,36263761.00000000000,+33.7915714,-087.3010918,01127,4065.5699,4054.1827,4021.4337,4054.1019,4087.6255,3889.8382,3872.5842,3801.4337,3872.5598,3942.3841,3523.7649,3502.0641,3386.8627,3502.5004,3616.3880,3332.5150,3304.7001,3145.7491,3303.7045,3463.9840,3518.0834,3483.9203,3232.2506,3480.6746,3735.0786,3582.3380,3542.6431,3224.1256,3537.0554,3858.9924,3285.1521,3246.8655,2890.9343,3240.4402,3597.8004,2960.0374,2923.9420,2605.9990,2917.8135,3234.1306,2959.9824,2924.1770,2594.8241,2917.5321,3242.6469,2932.8819,2927.2676,2468.0295,2829.2367,3440.4584,2402.7434,2427.0010,1951.3810,2291.7332,2938.5946,2277.0441,2323.9148,1760.6461,2130.1494,2902.6726,2155.3149,2225.2960,1577.1982,1958.6583,2868.4957,2044.0548,2107.6149,1478.3840,1845.1441,2758.0322,1917.5296,1974.1428,1365.6794,1701.2158,2639.1142,1777.5022,1836.1274,1230.5317,1537.5269,2540.6098,1624.4983,1688.1002,1075.8065,1357.9206,2441.6165,11.00000000000,01,127
21,131,00516912,21131,Leslie,Leslie County,06,H1,G4020,,,,A,1038181523.00000000000,9331244.00000000000,+37.0878458,-083.3886162,21131,656.7221,654.8856,649.5971,654.8724,660.2852,614.7559,612.0386,600.7988,612.0341,623.0631,554.7447,551.2787,533.1330,551.3531,569.2985,488.8343,484.7121,461.3981,484.5689,508.0921,509.5005,504.3937,467.9435,503.9176,540.8215,438.7123,433.9417,394.9841,433.2746,472.6192,368.3185,363.9555,323.9948,363.2192,403.3633,345.7389,341.4637,304.2745,340.7357,377.7502,357.4906,353.0698,313.2043,352.2473,391.6176,347.2131,346.4748,292.0484,334.8519,407.2853,285.1289,287.9786,231.5160,271.9194,348.7126,258.7455,264.0425,200.0152,242.0170,329.8335,237.5841,245.2695,173.8081,215.8703,316.1968,222.6595,229.5543,160.9910,200.9554,300.4307,208.6054,214.7352,148.5196,185.0361,287.1032,191.8930,198.1939,132.7943,165.9509,274.2735,179.1720,186.1602,118.6072,149.7374,269.2933,11.00000000000,21,131
01,077,00161564,01077,Lauderdale,Lauderdale County,06,H1,G4020,,22520,,A,1729327931.00000000000,138027479.00000000000,+34.9041221,-087.6509966,01077,5636.5650,5620.8639,5575.5049,5620.7483,5667.1555,5431.8739,5407.8750,5308.5671,5407.8346,5505.2776,4811.8236,4781.8743,4624.5014,4782.5063,4938.1259,5441.1357,5395.7405,5136.2138,5394.1137,5655.8030,5544.5209,5490.2510,5093.6115,5485.1198,5886.2243,6018.0906,5952.0714,5417.3480,5942.8110,6483.0455,5242.2957,5181.7507,4614.2025,5171.6224,5741.2692,5491.4946,5425.9154,4837.2979,5414.8290,6000.0763,5460.3011,5395.1514,4788.4141,5383.0798,5981.8435,4701.0184,4692.3776,3956.5670,4535.3319,5514.6827,5283.7057,5337.7628,4292.3970,5040.4856,6462.1748,5188.0074,5295.5083,4012.6930,4854.2180,6613.5225,4992.5740,5155.3955,3654.6519,4537.9380,6644.6503,4916.3348,5069.8906,3556.9677,4438.7844,6633.6453,4835.0230,4978.4126,3444.6617,4290.4034,6654.5392,4622.7456,4775.8153,3201.3082,3999.3988,6607.4001,4428.6995,4602.6165,2933.7956,3702.6018,6656.3559,11.00000000000,01,077
33,007,00873177,33007,Coos,Coos County,06,H1,G4020,,13620,,A,4648212655.00000000000,90777672.00000000000,+44.6524194,-071.2893827,33007,2224.8348,2218.4086,2200.3872,2218.3733,2236.8767,2088.4776,2078.8398,2040.4465,2078.8527,2116.5828,1889.5086,1877.1074,1815.1865,1877.4297,1938.7453,2087.9929,2068.9944,1969.4741,2068.4778,2169.3616,2257.2683,2232.6664,2071.1481,2230.4824,2394.7287,2601.7312,2569.2701,2335.9512,2564.5214,2801.5993,2304.9615,2274.0028,2021.0682,2268.5665,2523.8539,2010.9269,1982.9170,1763.8121,1978.0400,2196.9314,2000.9567,1972.5770,1746.1215,1967.2220,2191.5315,1673.2788,1666.4618,1401.5645,1609.6795,1961.9865,1505.6100,1517.3817,1216.7705,1431.7515,1840.8283,1373.7763,1398.8389,1056.5963,1281.1052,1750.8387,1246.0720,1283.5824,906.7923,1128.6790,1658.1292,1151.9604,1185.0935,828.5272,1036.4424,1554.0938,1061.6607,1090.5841,751.8842,938.8243,1460.9794,953.8744,983.2533,656.6655,822.4850,1363.2407,859.9883,891.9060,566.3932,716.7143,1292.4516,11.00000000000,33,007
01,103,00161578,01103,Morgan,Morgan County,06,H1,G4020,290,19460,,A,1500476319.00000000000,51064861.00000000000,+34.4544844,-086.8464021,01103,7789.7263,7768.1843,7705.5781,7768.0173,7832.0251,7511.4253,7478.1888,7340.8366,7478.1364,7612.9169,7179.4382,7134.8967,6900.1179,7135.8235,7367.9677,7488.8973,7426.3349,7069.1394,7424.1013,7784.3014,7305.1921,7233.9789,6711.3903,7227.2291,7755.5949,7646.0489,7562.3123,6883.0177,7550.5733,8236.8199,6968.1969,6886.2980,6130.7876,6872.5134,7631.2818,6490.9876,6411.9218,5714.7908,6398.5007,7092.0445,6522.9168,6442.6297,5715.5714,6427.7003,7145.6568,5883.0143,5870.6239,4948.5437,5673.7191,6900.8789,5675.2784,5731.7457,4607.7084,5412.0331,6940.8239,5389.2259,5499.3743,4165.6619,5040.5745,6869.8459,4988.4257,5149.7036,3649.2038,4532.4010,6639.0048,4700.5907,4846.1341,3398.6772,4242.3761,6342.4263,4420.8377,4550.8074,3147.5897,3921.4299,6084.3968,4036.1146,4168.7841,2793.3325,3490.6481,5768.8462,3691.5786,3835.7437,2444.0543,3085.3460,5548.4099,11.00000000000,01,103
45,049,01248004,45049,Hampton,Hampton County,06,H1,G4020,,,,A,1450123027.00000000000,7276754.00000000000,+32.7783233,-081.1433619,45049,1183.4140,1180.0963,1170.5622,1180.0730,1189.8335,1024.3499,1019.8614,1001.1530,1019.8512,1038.2031,892.5572,887.0222,857.8347,887.1371,915.9968,918.2214,910.6216,866.8223,910.3429,954.4866,928.2484,918.9662,852.5588,918.0997,985.3259,1019.0094,1007.3617,916.5629,1005.7045,1097.6011,943.4645,931.7165,828.9080,929.7006,1033.1676,855.3151,844.1890,751.6978,842.2757,934.4750,872.1625,860.7583,762.9343,858.6239,955.3462,708.7346,706.6155,595.0300,682.7461,831.2061,660.5940,666.5415,535.2352,629.1691,807.8000,615.6526,627.6080,474.7766,575.0334,784.7193,559.9734,577.4643,408.5898,508.0134,745.2042,514.1690,529.4940,370.7329,463.2906,693.7062,477.4954,490.9610,338.9694,422.8279,657.1307,431.2786,444.9229,297.5397,372.3258,616.3921,391.5414,406.3552,258.3743,326.6569,588.4538,11.00000000000,45,049
21,009,00516851,21009,Barren,Barren County,06,H1,G4020,,23980,,A,1262724748.00000000000,32267246.00000000000,+36.9636142,-085.9249900,21009,2872.0024,2864.0705,2840.9935,2864.0083,2887.5991,2963.6593,2950.4529,2896.2124,2950.4386,3003.6767,2778.2992,2761.0983,2670.2507,2761.4528,2851.2764,3298.1604,3270.5610,3113.2518,3269.5806,3428.2287,3247.7805,3216.0966,2983.7609,3213.0947,3448.0073,3543.3397,3504.2480,3189.2919,3498.7537,3817.0321,3301.7378,3263.2474,2905.5109,3256.7873,3615.9634,3293.7962,3254.1227,2900.7686,3247.4039,3598.8234,3574.2804,3531.2902,3133.8096,3523.3170,3915.6373,3534.5552,3527.7856,2974.3330,3409.6431,4146.2588,3278.9149,3312.2913,2663.4399,3127.7668,4010.2112,3310.3200,3378.7041,2560.0191,3097.0753,4219.8755,3290.0425,3397.0894,2407.9399,2990.1290,4378.7174,3247.6684,3348.8587,2349.2617,2931.8909,4382.0800,3214.1817,3309.2571,2289.4800,2851.8227,4423.7232,3116.9990,3219.9633,2158.1236,2696.3828,4455.1834,3008.2717,3126.1782,1992.4227,2514.7752,4521.4319,11.00000000000,21,009
01,107,00161580,01107,Pickens,Pickens County,06,H1,G4020,,,,A,2282837059.00000000000,22578169.00000000000,+33.2968085,-088.0968780,01107,1535.9750,1531.7002,1519.3415,1531.6684,1544.3116,1587.4807,1580.4036,1551.3481,1580.3961,1608.9150,1768.7314,1757.3786,1699.4650,1757.6507,1814.9645,2359.5283,2338.7410,2226.2479,2338.1108,2451.9142,2728.7948,2700.4840,2505.2482,2697.8979,2895.9123,3009.2235,2973.3624,2704.4232,2968.1902,3240.8856,2826.0846,2789.8391,2481.0583,2783.5619,3094.6628,2633.9936,2598.4870,2312.5474,2592.3405,2877.6987,2596.6694,2561.2733,2268.7069,2554.6202,2844.1552,2346.0833,2337.2904,1966.4934,2257.8572,2751.0623,2528.7819,2550.0015,2046.1917,2406.5461,3092.0410,2490.5656,2537.4771,1918.1209,2324.4153,3174.3333,2385.4385,2458.6158,1738.2761,2162.4220,3174.3879,2330.4830,2398.7925,1678.3679,2098.4108,3144.1366,2243.4169,2305.6570,1590.7853,1985.2718,3087.3155,2125.1662,2191.5460,1464.6435,1833.6001,3037.2709,2023.9602,2099.8885,1334.4376,1687.7639,3041.8017,11.00000000000,01,107
21,163,00516928,21163,Meade,Meade County,06,H1,G4020,350,31140,,A,791042872.00000000000,49415133.00000000000,+37.9674757,-086.2008628,21163,1947.8464,1942.4019,1926.7173,1942.3627,1958.4151,2074.3146,2065.1305,2027.1972,2065.1164,2102.3404,2015.6388,2003.0482,1937.1171,2003.3182,2068.5207,2047.9496,2030.7425,1933.0665,2030.1384,2128.6693,1793.3381,1775.7915,1647.5013,1774.1321,1903.8641,1569.6878,1552.4036,1412.8972,1549.9759,1690.9424,1527.5233,1509.5763,1343.9630,1506.5559,1672.8814,1419.4928,1402.0329,1249.4287,1399.0632,1550.9261,1316.9732,1300.7151,1153.8785,1297.6910,1442.6983,882.5751,880.6990,742.3539,851.1551,1035.2718,1114.7198,1125.8771,905.1470,1063.0970,1363.3049,1054.6791,1076.2729,815.2917,986.4948,1344.4431,935.4855,965.7422,684.3604,849.9818,1245.0216,883.5772,910.9253,638.8375,797.4333,1192.1946,856.5702,881.7185,609.8089,759.7627,1178.8944,818.1125,844.9505,566.1078,707.4801,1169.3300,777.0285,807.3063,514.3216,649.3423,1167.8627,11.00000000000,21,163
21,025,00516859,21025,Breathitt,Breathitt County,06,H1,G4020,,,,A,1275344480.00000000000,7392452.00000000000,+37.5211779,-083.3224008,21025,900.1206,897.6248,890.3872,897.6058,905.0073,875.8297,871.9779,855.9747,871.9701,887.6703,853.9061,848.5359,820.5978,848.6545,876.2886,827.5193,820.5107,781.0451,820.2704,860.1003,852.0823,843.5806,782.6225,842.7859,904.4888,863.9417,854.3071,777.4575,852.9479,930.6438,579.6615,572.8332,509.9727,571.6830,634.8196,550.1870,543.3500,484.1395,542.1847,601.1257,577.8303,570.6863,506.2511,569.3572,632.9916,539.2913,537.9780,453.3096,519.8859,632.5550,459.5278,464.0496,372.9984,438.1497,561.9910,420.0244,428.5519,324.5622,392.7792,535.4138,380.2962,392.5280,278.0912,345.4513,506.1237,348.8661,359.6011,252.1259,314.7735,470.7130,315.4613,324.6659,224.4830,279.7361,434.1636,276.1037,285.1084,190.9615,238.7003,394.6319,254.7115,264.5906,168.5135,212.7992,382.8249,11.00000000000,21,025
01,055,00161553,01055,Etowah,Etowah County,06,H1,G4020,,23460,,A,1385618994.00000000000,35322991.00000000000,+34.0476377,-086.0344203,01055,6861.9469,6842.8200,6787.5933,6842.6796,6899.1862,6941.3584,6910.8060,6783.9608,6910.7460,7035.1938,6095.4555,6057.8414,5858.5497,6058.6047,6255.6336,6316.9343,6264.8241,5963.4974,6262.8948,6566.5320,6483.2611,6420.6942,5956.9138,6414.7277,6883.4055,6679.6262,6606.8751,6013.6604,6596.6963,7195.8437,5808.8507,5742.1322,5113.5361,5730.9931,6361.7926,5557.1301,5490.7235,4895.0321,5479.4956,6071.7877,5497.6987,5432.3045,4821.5956,5420.1919,6022.8380,4953.9117,4945.3558,4170.4016,4779.9916,5811.4806,4927.2219,4978.7883,4004.8211,4701.8609,6026.3696,4703.4376,4802.0229,3639.8696,4402.2413,5995.9429,4429.0298,4574.5492,3243.9707,4027.0618,5894.7206,4266.5452,4400.8337,3088.6205,3853.4204,5756.9716,4079.8154,4201.7720,2908.3094,3621.4856,5615.2092,3812.5391,3939.6330,2641.7380,3299.5114,5449.4126,3575.6210,3716.7738,2369.9867,2990.2923,5374.2206,11.00000000000,01,055
21,207,00516950,21207,Russell,Russell County,06,H1,G4020,,,,A,656969251.00000000000,75675029.00000000000,+36.9891273,-085.0589762,21207,1103.6420,1100.5662,1091.6840,1100.5436,1109.6315,1114.5403,1109.5793,1089.1839,1109.5736,1129.5912,965.9083,959.8889,928.2970,960.0167,991.2576,932.0705,924.2245,879.7705,923.9506,968.7986,995.1485,985.4767,914.2877,984.5584,1056.5238,1087.7188,1075.7759,979.1234,1074.1001,1171.7523,929.4006,918.8394,818.3546,917.0829,1017.8828,974.9763,963.3373,858.8362,961.3699,1065.2717,1040.6635,1028.1935,912.5084,1025.8818,1140.0563,1029.5473,1027.7052,866.5991,993.3233,1207.7562,910.2713,919.7265,739.7390,868.5480,1113.3199,883.2843,901.7307,683.4330,826.6360,1126.0028,863.4819,891.7818,632.3226,785.0260,1149.2261,855.8249,882.6895,619.4206,772.8644,1154.7826,832.0202,856.8276,592.9965,738.4694,1145.1368,787.6472,813.8545,545.6794,681.5968,1125.8117,744.6386,773.9983,493.4958,622.6971,1119.2025,11.00000000000,21,207
21,203,00516948,21203,Rockcastle,Rockcastle County,06,H1,G4020,336,40080,,A,819847035.00000000000,4018095.00000000000,+37.3612203,-084.3144190,21203,1211.3296,1207.9098,1198.1384,1207.8869,1217.8972,1145.4836,1140.4865,1119.5771,1140.4736,1160.9814,1017.7075,1011.4343,978.1616,1011.5610,1044.4550,918.4418,910.9334,867.1193,910.6483,954.7752,1068.8004,1058.4339,981.9764,1057.4483,1134.7320,1140.5553,1127.9242,1026.5176,1126.1466,1228.6394,1001.4313,989.8377,881.3977,987.8966,1096.7466,1001.3010,989.4607,882.2387,987.4633,1094.0409,890.9761,880.7022,782.0244,878.8061,976.1213,793.9439,792.9476,669.0487,766.5339,931.4741,835.0566,843.9931,679.0751,797.1099,1021.3702,789.2368,805.9999,611.1561,738.9736,1006.1458,743.3855,768.0392,544.8729,676.2051,989.4130,730.7524,753.9755,529.3880,660.2779,986.0451,701.9074,723.1142,500.7507,623.3399,966.0806,659.3910,681.5936,457.2887,570.9386,942.5091,618.2678,642.8833,410.1709,517.3134,929.2802,11.00000000000,21,203
01,125,00161588,01125,Tuscaloosa,Tuscaloosa County,06,H1,G4020,,46220,,A,3423328940.00000000000,76395592.00000000000,+33.2902022,-087.5228598,01125,11386.3648,11354.7524,11263.1765,11354.5137,11448.1754,12977.0901,12919.9442,12682.7889,12919.8343,13152.5103,13251.4053,13169.0877,12735.7260,13170.8100,13599.3231,15467.3954,15338.4187,14600.6645,15333.7895,16077.6683,18661.9055,18478.2239,17143.1870,18460.9142,19811.3491,14204.5358,14048.2917,12785.9512,14026.3544,15301.8495,10682.5663,10556.5606,9397.9754,10535.3258,11699.0539,15776.5170,15585.9826,13893.0457,15553.6969,17237.4974,16863.4819,16660.1470,14784.3687,16622.4249,18473.9449,16783.1232,16752.3095,14125.4170,16191.6481,19687.9969,18675.5194,18865.4617,15169.7185,17814.4367,22840.6944,18707.8160,19094.1718,14467.4056,17502.5573,23848.0299,18512.9468,19115.2173,13549.2555,16825.2469,24638.8737,18610.5481,19190.2203,13461.9573,16800.7617,25111.2005,18428.0853,18973.0004,13126.1018,16350.3094,25362.8169,18472.4614,19082.2963,12789.1672,15979.2766,26402.9995,18735.5355,19469.2552,12407.7461,15661.2964,28159.4700,11.00000000000,01,125
21,211,00516952,21211,Shelby,Shelby County,06,H1,G4020,350,31140,,A,983253588.00000000000,15631379.00000000000,+38.2394260,-085.2283599,21211,3255.4986,3246.4211,3220.2185,3246.3546,3273.1654,3487.2468,3471.8019,3408.0274,3471.7786,3534.3612,3413.6150,3392.1595,3280.4753,3392.6320,3503.0995,3920.8052,3887.5365,3700.5503,3886.4022,4075.1353,3876.9296,3839.2475,3561.9069,3835.6695,4116.0356,4292.0686,4244.5047,3862.8801,4237.8091,4623.5323,4529.9873,4477.3783,3986.7198,4468.5603,4961.1280,4743.8647,4686.9010,4178.1418,4677.2602,5183.1881,4869.6773,4810.7386,4268.8666,4799.7997,5334.7048,4987.5075,4977.3675,4195.9370,4810.5214,5850.5220,4959.9255,5010.5934,4029.2287,4731.5137,6066.1671,5030.6750,5134.7730,3890.7536,4706.8286,6412.9424,5047.4524,5211.8350,3694.4325,4587.5325,6717.6680,5148.9526,5309.4766,3724.7533,4648.4285,6947.4916,5240.0504,5395.0931,3732.5913,4649.3531,7211.9579,5240.6298,5413.7321,3628.4452,4533.4301,7490.5267,5124.1579,5324.9639,3393.7504,4283.5201,7701.6071,11.00000000000,21,211
21,047,00516870,21047,Christian,Christian County,06,H1,G4020,,17300,,A,1858324233.00000000000,16936441.00000000000,+36.8933877,-087.4935542,21047,2765.9528,2758.3078,2736.0798,2758.2482,2780.9727,2531.3668,2520.2324,2473.9785,2520.2102,2565.5887,2545.3185,2529.3808,2446.1166,2529.7262,2612.0753,2793.9366,2770.2356,2636.9903,2769.4270,2903.9149,2702.9348,2675.7220,2482.3496,2673.1917,2869.0154,2608.0736,2577.8983,2345.3067,2573.5877,2809.1169,3048.9602,3009.9119,2676.8229,3003.1521,3338.7259,3424.1175,3377.6029,3005.5713,3369.5396,3740.9064,3535.4275,3486.8681,3088.1971,3477.7340,3872.3407,3315.0721,3302.8766,2779.1145,3190.6895,3887.3727,2427.3613,2447.0957,1963.0153,2309.2332,2967.9269,2381.2757,2425.6045,1833.0331,2221.7565,3034.9753,2292.3164,2362.2437,1669.7446,2077.5127,3050.4322,2165.0541,2228.1739,1558.6409,1949.0221,2920.9201,2055.0646,2111.8535,1456.8314,1818.3065,2828.0932,1946.6223,2007.3289,1341.4222,1679.4310,2782.0907,1814.5844,1882.5802,1196.2532,1513.0716,2727.1269,11.00000000000,21,047
21,027,00516860,21027,Breckinridge,Breckinridge County,06,H1,G4020,,,,A,1468969244.00000000000,47782210.00000000000,+37.7781094,-086.4328289,21027,1299.5457,1295.9281,1285.4715,1295.9013,1306.5989,1197.0673,1191.7436,1169.8405,1191.7371,1213.2339,1163.6545,1156.3294,1118.2557,1156.4919,1194.1523,1200.3387,1190.1636,1132.9181,1189.8157,1247.5926,1168.8721,1157.2509,1073.6302,1156.1623,1240.7897,1260.7282,1246.2938,1133.9437,1244.2389,1357.9557,1250.3329,1235.2898,1099.4535,1232.7376,1369.2731,1178.0427,1162.8152,1035.5115,1160.1998,1287.0768,1171.5673,1156.5657,1025.4495,1153.7641,1283.3457,1024.6972,1021.8288,860.6536,987.3643,1201.8155,954.3000,963.2312,773.8000,909.3286,1167.0102,914.4904,932.6222,705.8867,854.6245,1165.6671,848.7885,875.6957,620.0029,770.5249,1129.5898,810.8074,835.4144,585.3800,731.1364,1093.9639,775.1811,797.5066,551.1080,687.0223,1066.8440,727.5183,751.0143,502.7646,628.6729,1039.8176,666.9540,692.6517,440.9437,556.9988,1002.4043,11.00000000000,21,027
45,039,01248000,45039,Fairfield,Fairfield County,06,H1,G4020,192,17900,,A,1777449480.00000000000,61135042.00000000000,+34.3956685,-081.1270007,45039,1506.2993,1502.1433,1490.0420,1502.1106,1514.4800,1364.7007,1358.7501,1333.8406,1358.7344,1383.1651,1232.7280,1225.0814,1184.7695,1225.2403,1265.0997,1170.8873,1161.1854,1105.3344,1160.8307,1217.1246,1162.6802,1151.3750,1068.2013,1150.3018,1234.3845,1175.1333,1162.0932,1057.5979,1160.2566,1265.8802,1003.7956,991.9954,883.1593,990.0091,1099.3153,874.2793,863.4123,769.3209,861.5600,955.2238,815.5933,805.4293,714.4072,803.5367,893.4424,680.6262,679.0976,572.3430,656.2946,798.3634,673.2463,679.6814,546.1410,641.6878,823.3324,600.5864,612.6005,463.7729,561.4034,765.5582,530.8832,547.7937,387.9258,482.0342,706.5204,480.8106,495.4548,347.2218,433.6320,648.7277,433.7428,446.2637,308.4161,384.4513,596.9414,380.1248,392.4068,262.7017,328.4854,543.3001,330.4246,343.1410,218.4272,275.9319,496.6136,11.00000000000,45,039
45,053,01248006,45053,Jasper,Jasper County,06,H1,G4020,,25940,,A,1697265756.00000000000,114074682.00000000000,+32.4305900,-081.0216270,45053,1863.0128,1857.8126,1842.8147,1857.7748,1873.1222,1951.2263,1942.6100,1906.9393,1942.5952,1977.5956,1981.0197,1968.6785,1903.8863,1968.9400,2033.0120,2219.7265,2201.4057,2095.5220,2200.7284,2307.4273,2458.4671,2434.7892,2258.9235,2432.5286,2610.2341,2428.7108,2402.3882,2186.7665,2398.7118,2616.4450,2312.0117,2284.4846,2033.5337,2279.8307,2531.9792,2286.0115,2257.8792,2012.1064,2253.0938,2497.6765,2379.2571,2349.6850,2084.2259,2344.1802,2606.3689,2210.5293,2206.0773,1859.7708,2132.1388,2593.0390,2202.0506,2224.0770,1788.0298,2100.0557,2693.1109,2177.9412,2222.5573,1683.6424,2037.1696,2776.3147,2116.7208,2185.2389,1548.5970,1923.3225,2817.1125,2057.7759,2121.5598,1487.9574,1857.2717,2776.5280,1963.4965,2021.2816,1398.0931,1741.7622,2702.3640,1843.8794,1904.5332,1276.1989,1594.7412,2635.4726,1750.7341,1819.1321,1159.1438,1463.2616,2631.3396,11.00000000000,45,053
01,045,00161548,01045,Dale,Dale County,06,H1,G4020,222,21460,,A,1453371157.00000000000,4016457.00000000000,+31.4306536,-085.6094760,01045,2752.4451,2744.8118,2722.6794,2744.7537,2767.3879,2887.3525,2874.6260,2821.8537,2874.6023,2926.3795,2735.5127,2718.5255,2629.0668,2718.8802,2807.3372,2995.6960,2970.8513,2827.9583,2969.9454,3113.9790,2690.2315,2664.2328,2471.7864,2661.7556,2856.2474,2603.7864,2575.2039,2343.8403,2571.1937,2804.9483,2425.3012,2397.2998,2134.7359,2392.6160,2656.1478,2287.6034,2259.9283,2014.4090,2255.2371,2499.4436,2171.8987,2145.8385,1904.3680,2141.0066,2379.3307,1853.6817,1850.4294,1560.4121,1788.5404,2174.5591,1604.9380,1621.7785,1304.5624,1531.5865,1962.9692,1520.9776,1552.9456,1177.1995,1423.6887,1938.9531,1398.7596,1444.8547,1024.7344,1271.9843,1861.6608,1288.5283,1329.2822,933.1276,1164.0131,1738.6658,1200.4657,1236.5891,856.1729,1065.9067,1652.2669,1090.7705,1127.4012,756.2796,944.3302,1559.1001,985.2224,1024.3989,653.5288,824.2896,1480.8239,11.00000000000,01,045
01,123,00161587,01123,Tallapoosa,Tallapoosa County,06,H1,G4020,388,10760,,A,1855780057.00000000000,128808796.00000000000,+32.8633694,-085.7995532,01123,2623.3455,2616.0696,2594.9749,2616.0143,2637.5874,2460.2330,2449.4982,2404.5885,2449.4705,2493.5180,1990.1463,1977.7938,1912.7119,1978.0513,2042.4037,2109.9905,2092.6192,1991.9681,2091.9724,2193.3836,2256.6751,2234.7903,2073.3573,2232.7095,2395.8859,2448.9909,2421.7345,2203.9209,2417.8917,2638.0850,2073.5803,2049.1135,1824.2157,2044.9898,2270.8887,1815.3227,1793.1726,1598.1734,1789.4113,1983.4170,1873.7324,1850.6847,1641.8482,1846.3993,2052.6187,1746.9672,1743.1369,1469.2034,1684.6301,2049.1866,1559.9419,1575.4444,1266.4707,1487.5616,1907.7945,1434.4416,1463.7309,1108.7173,1341.6055,1828.5324,1337.7885,1381.0057,978.5798,1215.4498,1780.4352,1246.2584,1284.8106,901.0234,1124.7277,1681.5519,1140.5565,1174.0522,812.0012,1011.6659,1569.7444,1016.0733,1049.4348,703.1423,878.7076,1452.2779,907.3879,942.7876,600.6830,758.3321,1363.7937,11.00000000000,01,123
45,011,01247983,45011,Barnwell,Barnwell County,06,H1,G4020,,,,A,1420330485.00000000000,22972577.00000000000,+33.2606803,-081.4337529,45011,1254.0819,1250.6350,1240.5669,1250.6072,1260.8946,1221.8515,1216.4750,1194.1478,1216.4644,1238.3692,1146.9969,1139.8694,1102.3587,1140.0188,1177.1102,1024.7435,1016.1812,967.3044,1015.8757,1065.1641,1019.8052,1009.7958,936.8414,1008.8510,1082.6366,1083.9269,1071.8188,975.3899,1070.1096,1167.6074,909.7370,899.0210,800.3665,897.2160,996.3037,852.5827,842.3212,750.8640,840.5836,931.5379,789.2725,779.6752,691.8085,777.8930,864.6383,777.1410,775.5222,653.7307,749.5155,911.6044,609.3608,615.5300,494.9208,581.2290,745.2610,562.6469,574.2477,435.0812,526.3742,717.2391,520.3152,537.2299,380.7871,472.8661,692.4862,487.8828,503.0724,352.8989,440.4300,658.2993,455.5492,469.0161,324.4759,404.1812,626.9780,415.8394,429.5707,287.9065,359.7184,594.3665,383.0466,398.0560,253.6908,320.2046,575.7188,11.00000000000,45,011
45,063,01244251,45063,Lexington,Lexington County,06,H1,G4020,192,17900,,A,1810175317.00000000000,152333538.00000000000,+33.8925535,-081.2728531,45063,19867.3327,19811.9452,19652.0429,19811.5391,19975.1500,21056.1699,20963.5326,20578.7768,20963.3487,21340.8247,21070.7924,20939.6186,20250.4846,20942.3901,21623.8517,24453.9631,24251.1187,23084.6810,24243.7274,25419.4875,25610.4960,25361.8912,23529.8206,25338.2681,27190.2105,26338.6495,26049.0293,23708.3968,26008.3705,28373.3615,25425.6591,25129.5428,22374.9481,25079.8593,27845.4457,25975.8590,25661.2399,22873.0289,25607.8958,28381.2939,28360.9179,28016.6466,24859.8694,27952.7293,31069.1058,26476.5399,26424.9602,22278.4805,25539.7773,31058.4597,27282.0770,27558.4239,22158.6573,26022.7492,33366.5766,27410.6087,27975.5269,21195.5323,25643.1982,34941.8854,26978.2205,27854.7873,19742.9380,24517.4201,35905.2071,26810.0925,27644.1956,19391.4391,24201.7121,36174.7542,26566.9643,27351.6111,18921.6904,23570.3405,36564.3888,25932.4686,26787.9222,17952.8384,22431.5974,37065.6669,25087.9163,26070.1401,16614.1810,20971.0128,37707.0681,11.00000000000,45,063
21,221,00516957,21221,Trigg,Trigg County,06,H1,G4020,,17300,,A,1143307323.00000000000,103330640.00000000000,+36.8076808,-087.8586515,21221,995.5495,992.8081,984.8128,992.7862,1000.9570,926.7911,922.7133,905.7781,922.7052,939.3201,794.8268,789.8989,763.9074,790.0011,815.7005,877.0284,869.7855,827.9504,869.5182,911.6769,864.6073,856.2033,794.3526,855.4053,917.9309,925.9524,915.7154,833.3986,914.2755,997.4679,846.6786,836.8201,745.0934,835.1662,927.2581,825.5676,815.7606,727.3166,814.1045,902.0286,822.8840,813.3705,722.2114,811.6142,901.5191,719.2637,717.9944,605.4562,693.9785,843.7685,716.3468,723.7616,582.0991,683.4795,876.1336,705.3211,720.0306,545.6999,660.0607,899.1345,676.9853,699.1633,495.7357,615.4623,901.0130,656.7496,677.3667,475.3384,593.0887,886.1662,638.7440,657.7930,455.2524,566.9302,879.1247,609.9823,630.2817,422.5998,527.8574,871.8694,579.3037,602.1476,383.9285,484.4411,870.7020,11.00000000000,21,221
15,009,00365283,15009,Maui,Maui County,06,H1,G4020,,27980,,A,3008326306.00000000000,3203316730.00000000000,+20.8559306,-156.6015503,15009,11107.7505,11076.6913,10987.2431,11076.4685,11168.0175,10959.2513,10910.6642,10710.2169,10910.5942,11107.3017,11815.9571,11741.9623,11355.4292,11743.5665,12125.8533,13933.8652,13817.3372,13152.7436,13813.1897,14483.4153,13228.6224,13098.6694,12152.3231,13086.4087,14043.5788,13660.1174,13507.2324,12291.8326,13485.6358,14714.6095,13407.2528,13249.3353,11795.4196,13222.7356,14683.0316,13444.9741,13280.0969,11835.1232,13252.0711,14689.8965,14518.5867,14339.5835,12721.0350,14306.2914,15904.6337,14226.9885,14195.7646,11964.8747,13719.2886,16688.2010,14584.8154,14729.6994,11840.8790,13908.0164,17837.0850,14722.4851,15023.0133,11379.2438,13769.5491,18767.2516,14610.8175,15082.6597,10687.4027,13274.4802,19445.2231,14639.8468,15092.4734,10583.9306,13211.9072,19753.2348,14833.6763,15268.9538,10559.9804,13156.9199,20415.5151,14852.9874,15340.2157,10277.7564,12844.4076,21229.4063,14709.9353,15283.3032,9736.9456,12292.9244,22108.8350,11.00000000000,15,009
21,021,00516857,21021,Boyle,Boyle County,06,H1,G4020,,19220,,A,466634989.00000000000,6458105.00000000000,+37.6182001,-084.8730164,21021,1792.8165,1787.8259,1773.4003,1787.7889,1802.5469,1744.4087,1736.5510,1704.5818,1736.5486,1767.9388,1687.4649,1676.6997,1621.4598,1676.9518,1731.6108,1844.4882,1828.3787,1740.4343,1827.8764,1916.7977,2043.6973,2022.3526,1876.1309,2020.4104,2168.7645,1895.2429,1872.3543,1702.8074,1869.0392,2041.0582,2018.7047,1992.9808,1772.5455,1988.5347,2210.5723,2414.7311,2382.9682,2121.5333,2377.4947,2638.1953,2490.4556,2457.3798,2177.5768,2451.1790,2727.9243,2483.8681,2475.4871,2083.6557,2391.6080,2912.8566,2426.9024,2448.0197,1965.0731,2310.5344,2967.5914,2388.0990,2433.8680,1840.5846,2229.7758,3043.8305,2314.9719,2386.8222,1688.3559,2099.5903,3080.6893,2296.1547,2364.3445,1655.1760,2068.6287,3097.9023,2273.0308,2337.0645,1613.4859,2012.7114,3128.1470,2254.6327,2326.1382,1555.7851,1946.6605,3222.3794,2192.9319,2276.2308,1447.6836,1829.9345,3295.8127,11.00000000000,21,021
21,113,00516903,21113,Jessamine,Jessamine County,06,H1,G4020,336,30460,,A,445777146.00000000000,6176428.00000000000,+37.8732908,-084.5839603,21113,3446.6466,3437.1164,3409.4163,3437.0423,3465.3622,3757.9692,3741.4069,3672.7232,3741.3761,3808.7644,3642.2821,3619.6293,3500.5103,3620.1059,3737.8958,3949.9058,3917.0919,3728.6862,3915.9014,4105.8295,3917.9621,3880.2312,3599.9610,3876.6286,4159.8296,3743.9382,3702.4559,3369.5720,3696.6168,4033.0735,3945.9453,3898.9286,3470.5988,3890.9776,4321.3630,4364.2771,4310.9351,3842.0505,4301.8741,4768.3929,4837.7686,4778.4264,4239.3843,4767.3961,5299.6530,4566.7906,4557.1745,3841.3957,4404.3243,5356.9258,4331.4532,4374.5946,3516.7471,4130.5968,5297.3429,4357.0352,4446.0905,3367.8249,4075.1650,5554.0745,4300.2657,4439.2553,3145.7233,3907.1004,5723.1416,4262.6322,4394.5402,3081.8896,3847.0145,5751.4898,4225.7124,4349.8342,3008.4678,3748.2060,5815.8369,4188.9570,4326.4875,2898.8240,3622.6300,5987.2935,4101.2570,4261.2274,2714.9413,3427.5090,6164.1410,11.00000000000,21,113
01,061,00161556,01061,Geneva,Geneva County,06,H1,G4020,222,20020,,A,1487710425.00000000000,11765293.00000000000,+31.0908664,-085.8243464,01061,1793.1040,1788.0954,1773.6587,1788.0592,1802.8335,1679.3869,1671.9554,1641.2462,1671.9438,1702.0780,1644.8835,1634.5040,1580.6799,1634.7365,1687.9794,1723.0257,1708.5531,1626.3740,1708.0445,1790.9414,1844.5382,1826.4000,1694.4455,1824.6897,1958.1600,1800.8739,1780.4302,1620.0408,1777.5283,1939.8084,1567.5218,1548.8554,1378.7105,1545.6994,1716.6572,1567.9770,1548.5745,1379.9037,1545.2703,1713.1520,1609.3841,1589.1533,1409.3830,1585.3828,1762.9801,1504.4702,1500.9703,1264.9006,1450.5373,1764.6895,1388.5718,1402.0414,1126.7626,1323.7295,1698.1569,1324.8325,1351.5618,1023.4338,1238.6849,1688.7709,1252.9983,1293.1643,916.0224,1138.0221,1667.5622,1193.8245,1230.4535,862.5947,1077.0240,1610.7769,1120.8598,1153.4915,797.4785,993.8328,1542.6131,1052.7884,1087.0920,728.0837,910.1289,1504.7364,980.8115,1018.8414,648.8710,819.4069,1474.1342,11.00000000000,01,061
01,097,00161575,01097,Mobile,Mobile County,06,H1,G4020,380,33660,,A,3184223082.00000000000,1073750500.00000000000,+30.6845730,-088.1965684,01097,24453.2655,24385.8607,24189.4424,24385.3261,24586.0798,24365.5073,24258.8819,23813.9485,24258.6290,24695.0645,24017.2838,23868.7781,23083.4727,23871.8200,24648.2492,26526.6251,26308.4401,25043.0542,26300.2954,27575.1681,28753.2192,28476.5746,26419.7255,28450.1448,30528.4103,27693.5380,27390.0971,24929.6497,27347.5512,29833.2329,23965.0853,23686.9335,21091.3247,23640.3218,26245.9774,23201.6222,22923.2963,20435.2663,22876.1997,25350.3119,23962.2644,23673.2002,21007.6777,23619.5709,26250.6452,22119.1667,22079.8271,18618.7537,21341.2078,25947.9281,20058.5216,20263.8925,16295.4879,19135.3788,24532.3672,19512.6685,19917.1094,15092.3878,18257.3984,24874.2031,18644.5491,19252.6811,13648.2772,16946.8336,24814.1626,17730.4908,18284.4888,12828.3659,16008.4955,23923.8953,16603.2822,17096.0474,11829.4843,14733.5498,22851.4611,15439.3365,15950.9734,10692.6473,13357.9515,22067.8385,14430.7841,14997.9054,9560.4310,12065.3302,21689.5608,11.00000000000,01,097
01,131,00161591,01131,Wilcox,Wilcox County,06,H1,G4020,,,,A,2301200113.00000000000,48985152.00000000000,+31.9903296,-087.3022049,01131,581.5375,579.9528,575.2911,579.9393,584.6986,559.6482,557.2071,546.9916,557.2008,567.2200,515.9949,512.8486,495.9854,512.9088,529.5756,490.8368,486.7389,463.3275,486.5924,510.1998,481.4576,476.7756,442.3339,476.3311,511.1495,545.4203,539.2849,490.7396,538.4167,587.5149,534.9953,528.5381,470.4002,527.4414,585.8853,452.7127,447.1246,398.4377,446.1735,494.6291,364.5204,359.9679,319.2775,359.1199,399.3130,333.5726,332.9811,280.7871,321.8426,391.3134,307.2404,310.2882,249.4297,292.9777,375.7513,279.1416,284.8261,215.7291,261.0566,355.8297,255.6730,263.9079,186.9802,232.2612,340.2678,238.8221,246.1775,172.6084,215.4918,322.2350,220.8284,227.2748,157.1472,195.8240,303.9223,200.9640,207.5179,138.9922,173.7393,287.2356,178.2211,185.1285,117.8997,148.8890,267.8614,11.00000000000,01,131
45,019,01252740,45019,Charleston,Charleston County,06,H1,G4020,,16700,,A,2372659352.00000000000,1144534759.00000000000,+32.8004582,-079.9424800,45019,25493.5835,25422.9297,25217.9583,25422.3899,25631.9931,28031.8118,27908.1506,27395.7583,27907.9290,28410.6736,32304.4907,32103.2172,31046.6451,32107.4847,33152.3142,42527.0994,42173.4748,40144.9995,42160.6796,44205.6592,48481.6953,48012.0433,44543.8725,47967.3605,51472.7943,41789.3607,41329.9612,37616.3367,41265.4728,45017.7056,39027.7441,38568.1990,34336.0471,38490.8022,42741.4786,43890.3081,43353.7802,38638.2665,43262.6384,47954.3826,48152.4988,47563.2776,42199.2602,47453.7857,52750.0164,47084.7568,46987.3768,39608.9279,45411.8673,55231.6800,49945.7971,50444.5618,40553.7388,47631.3653,61083.6391,50774.4413,51813.8552,39249.5634,47491.7153,64724.2643,50310.6339,51938.3941,36806.0000,45712.9110,66957.6088,49946.9425,51494.1420,36114.4481,45078.9975,67392.6157,48919.9418,50358.6982,34831.4330,43394.3036,67328.5333,48092.1671,49673.3531,33284.4995,41593.1448,68738.4885,47146.2307,48987.6138,31214.1066,39404.1145,70860.3777,11.00000000000,45,019
21,041,00516867,21041,Carroll,Carroll County,06,H1,G4020,,,,A,332992509.00000000000,22651280.00000000000,+38.6682836,-085.1240829,21041,636.8730,635.1010,629.9769,635.0878,640.3297,649.2719,646.3537,634.4579,646.3523,658.0317,527.7407,524.4580,507.1984,524.5271,541.5941,635.5459,630.2433,599.9296,630.0533,660.6197,544.2985,538.9249,499.9866,538.4194,577.8128,639.7919,632.5669,575.6065,631.5431,689.1619,556.4032,549.8115,489.4439,548.6989,609.3439,507.4934,501.2753,446.7382,500.2185,554.4845,625.7484,617.9886,548.1886,616.5445,685.4813,591.6626,590.4316,497.7088,570.6321,694.0343,438.8895,443.1449,356.1353,418.3922,536.7406,422.2347,430.7753,326.2146,394.8062,538.2274,408.5324,421.6982,298.7832,371.1329,543.7045,376.4835,388.0927,272.1271,339.7230,507.9784,357.5587,368.0423,254.5283,317.1304,492.1056,328.3552,339.1337,227.2235,283.9607,469.3192,299.0176,310.6909,197.9609,249.9078,449.4206,11.00000000000,21,041
01,119,00161585,01119,Sumter,Sumter County,06,H1,G4020,,,,A,2341057426.00000000000,24436353.00000000000,+32.5974811,-088.2000571,01119,638.3576,636.6105,631.4893,636.5959,641.8265,599.0718,596.4416,585.4977,596.4360,607.1721,492.5948,489.5427,473.4349,489.6058,505.5324,488.3910,484.1920,460.9028,484.0545,507.5799,446.4261,441.9911,410.0540,441.5755,473.8958,534.7655,528.7559,481.1622,527.9058,576.0395,510.6833,504.7539,449.4413,503.7602,559.2876,561.5357,554.8272,494.6354,553.6930,613.5409,613.2650,605.8971,537.7060,604.5308,671.8350,581.3507,580.2039,489.1473,560.7643,681.9533,650.0788,656.6969,528.0559,620.1132,795.0661,653.3947,666.8815,505.2803,611.2905,832.9225,649.1764,670.2769,475.0871,589.9718,863.9870,671.8583,692.7527,485.9335,606.4822,906.5351,694.7161,715.2132,494.7581,616.3287,956.1432,703.0437,726.2024,486.6529,608.0916,1004.8686,700.2562,727.6321,463.6652,585.2957,1052.4807,11.00000000000,01,119
21,099,00516896,21099,Hart,Hart County,06,H1,G4020,,,,A,1067297497.00000000000,14929179.00000000000,+37.3138562,-085.8819945,21099,1267.4024,1263.8839,1253.6910,1263.8574,1274.2825,1208.7631,1203.3553,1181.2217,1203.3509,1225.0784,1137.0729,1129.9093,1092.7041,1130.0686,1166.8706,1168.5778,1158.7415,1103.0075,1158.3980,1214.6258,1322.7938,1309.5017,1214.8673,1308.2644,1404.0891,1422.7016,1406.5738,1279.8776,1404.2855,1532.4673,1274.3201,1258.8635,1120.3234,1256.2339,1395.5278,1224.5648,1209.4104,1077.6800,1206.8297,1337.9440,1217.6347,1202.7013,1067.0304,1199.9256,1333.8882,1254.7124,1251.8984,1055.1027,1209.8626,1471.7580,1005.2838,1015.2729,816.1579,958.6377,1229.4525,988.6885,1008.8762,764.1832,924.7013,1260.3155,967.8598,999.1232,707.9747,879.3463,1288.1046,939.3301,968.3814,679.1087,847.7220,1267.4190,905.7517,932.3432,644.8208,803.3849,1246.5827,849.9157,877.8131,588.1430,735.0027,1214.7875,805.2406,836.6459,533.0457,672.9530,1210.2669,11.00000000000,21,099
21,189,00516941,21189,Owsley,Owsley County,06,H1,G4020,,,,A,511282528.00000000000,2286419.00000000000,+37.4234519,-083.6915664,21189,289.9769,289.1771,286.8477,289.1708,291.5518,234.4219,233.3854,229.0993,233.3837,237.5895,214.6977,213.3534,206.3301,213.3825,220.3286,261.0823,258.8749,246.4234,258.7989,271.3640,232.3561,230.0509,213.4283,229.8347,246.6556,200.2094,198.0292,180.2489,197.7242,215.6821,150.6396,148.9561,132.6914,148.6778,164.9843,144.3232,142.6657,127.2548,142.3878,157.6932,137.1523,135.5732,120.3854,135.2818,150.2594,138.0793,137.9075,116.3607,133.3140,161.9983,115.8681,117.1016,94.2135,110.5946,141.7189,108.8604,111.1594,84.2744,101.9109,138.7774,101.9204,105.2867,74.6801,92.6924,135.6503,91.7351,94.6377,66.4348,82.8718,123.7822,84.4476,86.9856,60.2225,74.9779,116.2296,76.7606,79.3310,53.2084,66.4459,109.7178,70.0378,72.8110,46.4373,58.5829,105.2686,11.00000000000,21,189
01,079,00161565,01079,Lawrence,Lawrence County,06,H1,G4020,290,19460,,A,1788846568.00000000000,68688464.00000000000,+34.5297759,-087.3218651,01079,2252.3658,2246.0527,2227.9072,2246.0082,2264.5843,1951.0126,1942.4151,1906.7575,1942.3991,1977.3841,1666.6595,1656.1668,1601.6350,1656.3996,1710.3396,1728.8791,1714.3406,1631.8832,1713.8316,1797.0149,1892.9654,1874.3865,1738.9683,1872.6327,2009.5937,1893.9798,1873.0362,1704.6597,1870.0901,2040.2593,1457.4411,1440.2857,1282.2458,1437.3966,1596.1264,1433.4265,1416.0824,1262.2362,1413.1424,1566.1666,1419.8837,1402.6826,1244.6708,1399.4898,1555.4729,1180.5884,1178.2934,993.4058,1138.8242,1384.8973,1080.7234,1091.5361,877.5347,1030.6696,1321.7265,1014.2834,1035.0845,784.1251,948.7541,1292.9532,958.5847,989.6377,701.3428,871.0314,1275.7683,916.6314,945.0584,662.8324,827.3359,1236.7991,857.6903,882.9288,610.7067,760.8289,1180.4405,780.6391,806.2987,540.2674,675.1379,1115.7727,733.2136,761.8331,485.4074,612.7874,1102.0127,11.00000000000,01,079
01,015,00161533,01015,Calhoun,Calhoun County,06,H1,G4020,,11500,,A,1569189995.00000000000,16624267.00000000000,+33.7717061,-085.8225133,01015,7037.8854,7018.3692,6961.7783,7018.2205,7076.0939,6872.8447,6842.6477,6717.0819,6842.5845,6965.7694,6666.8617,6625.4040,6407.3688,6626.2755,6841.8771,6952.8549,6895.1408,6563.4958,6893.0418,7227.3508,7290.7621,7220.0039,6698.4525,7213.2793,7740.4826,5830.6082,5766.3380,5248.1040,5757.3072,6280.9883,5098.0823,5038.3797,4485.8012,5028.3435,5583.2344,5186.3716,5123.5654,4566.8778,5112.9171,5666.6443,5067.6888,5006.0363,4441.8411,4994.5871,5551.5867,4403.9708,4395.7226,3706.2836,4248.5640,5166.1840,4284.2447,4327.8125,3479.9885,4086.7011,5239.7529,3987.4311,4069.8499,3083.7417,3730.6271,5083.0377,3601.2787,3718.5927,2635.9706,3273.1700,4792.9542,3299.1945,3402.1806,2386.8630,2978.6493,4451.6211,2971.7419,3059.8880,2117.2123,2637.0220,4090.0695,2741.5738,2832.3840,1898.6275,2371.9288,3918.5987,2515.6951,2614.5403,1666.6183,2103.3046,3781.1046,11.00000000000,01,015
01,071,00161561,01071,Jackson,Jackson County,06,H1,G4020,,42460,,A,2791664869.00000000000,126657194.00000000000,+34.7635224,-085.9774003,01071,3371.2958,3361.8487,3334.6899,3361.7819,3389.5844,3525.5562,3509.9335,3445.4543,3509.9105,3573.1856,3043.0313,3023.9995,2924.4582,3024.4098,3122.8544,3012.6905,2987.6397,2843.9391,2986.7333,3131.6028,3111.4616,3080.8821,2858.2949,3077.9978,3303.1358,3325.8601,3288.8965,2993.1229,3283.6879,3582.6752,2925.2508,2890.7609,2573.5124,2884.9494,3203.6015,2743.7260,2710.0891,2415.2211,2704.3719,2997.7788,2614.9067,2582.3927,2290.6297,2576.3400,2864.5108,2329.1102,2323.7643,1958.3565,2245.7048,2731.9803,2314.4205,2337.2934,1878.7861,2206.8730,2830.4942,2154.2807,2198.1526,1664.8974,2014.7117,2746.1224,1998.2236,2062.6635,1461.4890,1815.3479,2659.3850,1901.9093,1960.6308,1374.8532,1716.2986,2566.1985,1795.6082,1848.2307,1278.1613,1592.5520,2471.2812,1642.4847,1696.3119,1136.4510,1420.3053,2347.6032,1501.6006,1560.0915,993.8851,1254.8228,2256.8830,11.00000000000,01,071
33,017,00873182,33017,Strafford,Strafford County,06,H1,G4020,148,14460,40484,A,955640569.00000000000,38918908.00000000000,+43.2931773,-071.0359266,33017,7987.8195,7965.5677,7901.2862,7965.4036,8031.1705,7162.4402,7130.6296,6999.5978,7130.5878,7259.1829,6680.9018,6638.7298,6420.1140,6639.6755,6855.9333,7863.0396,7796.2077,7421.2183,7793.9408,8172.4714,7778.0827,7699.4788,7143.0172,7692.1866,8255.8089,5816.4352,5749.8008,5231.4454,5740.3132,6264.9874,5339.0819,5272.6253,4690.8506,5261.2236,5846.7162,9074.3008,8962.4506,7986.6983,8943.4184,9914.4924,9104.1896,8991.2121,7975.6006,8970.1849,9973.2511,8262.0332,8243.7487,6948.0834,7967.0090,9691.2950,8042.0599,8121.8296,6528.8461,7668.7242,9835.3401,7995.5786,8158.6845,6179.7236,7477.9179,10192.2227,7851.7403,8105.2086,5743.1632,7133.4827,10449.7040,7755.9858,7995.6994,5607.0771,6999.3793,10464.9796,7706.0599,7932.1220,5485.7739,6834.9082,10605.8066,7732.5121,7986.1041,5350.5253,6686.7633,11052.0917,7731.3581,8032.6524,5117.5090,6460.9330,11620.1231,11.00000000000,33,017
21,213,00516953,21213,Simpson,Simpson County,06,H1,G4020,,,,A,606585453.00000000000,5857421.00000000000,+36.7408632,-086.5814635,21213,1123.0587,1119.9306,1110.8931,1119.9075,1129.1537,1077.3893,1072.6818,1053.0116,1072.6701,1091.9637,1113.5014,1106.6188,1070.2105,1106.7595,1142.7559,1135.8532,1126.5891,1072.4025,1126.2350,1180.8012,1271.6954,1259.1847,1168.2102,1258.0054,1350.0270,1351.6202,1336.6039,1216.4053,1334.4881,1455.9908,1461.8565,1444.6360,1286.1072,1441.7353,1600.9605,1457.7362,1439.7913,1283.0627,1436.7387,1592.7098,1516.8787,1497.8665,1328.4799,1494.3241,1661.6531,1427.2765,1423.9915,1200.0626,1376.1545,1674.1527,1397.4367,1411.1464,1134.2260,1332.3736,1709.0232,1392.5115,1420.7649,1075.9937,1302.1628,1775.0609,1357.7695,1401.4509,992.8853,1233.3762,1807.0116,1348.4619,1389.9924,974.5983,1216.7316,1819.4368,1338.5907,1377.7184,952.6668,1187.0877,1842.2836,1298.0753,1340.5192,897.9803,1122.3634,1855.3322,1233.3797,1281.3358,816.1988,1030.5753,1853.7456,11.00000000000,21,213
01,093,00161573,01093,Marion,Marion County,06,H1,G4020,,,,A,1922526826.00000000000,3313145.00000000000,+34.1382194,-087.8815510,01093,2030.3795,2024.7396,2008.4086,2024.6971,2041.4009,1969.3567,1960.5985,1924.5646,1960.5878,1995.9533,1634.3038,1624.0173,1570.5446,1624.2452,1677.1373,1708.0175,1693.6699,1612.2067,1693.1658,1775.3409,1867.9188,1849.5491,1715.9220,1847.8171,1982.9797,1883.1810,1861.8070,1694.0893,1858.7732,2028.4666,1825.1096,1802.8298,1604.2985,1799.0315,1998.6894,1686.3207,1664.8405,1482.8929,1661.1615,1842.4171,1652.7638,1631.8558,1447.1193,1627.9562,1810.4838,1492.3755,1488.8539,1254.6421,1438.8146,1750.4908,1390.3319,1403.7331,1128.0411,1325.3004,1700.2955,1311.6713,1338.0356,1013.0928,1226.2544,1671.9822,1244.2675,1284.0482,909.4590,1129.9602,1655.9334,1191.0390,1227.4709,860.3890,1074.3688,1607.0086,1119.6777,1152.1557,796.4288,992.6334,1540.9765,1049.1754,1083.2465,725.3820,906.8616,1499.5643,973.2186,1010.8512,643.6643,812.9371,1462.7158,11.00000000000,01,093
01,049,00161550,01049,DeKalb,DeKalb County,06,H1,G4020,,22840,,A,2012662359.00000000000,4123588.00000000000,+34.4609290,-085.8039920,01049,4754.6514,4741.3602,4703.0738,4741.2647,4780.4492,4790.4703,4769.2940,4681.7070,4769.2591,4855.2032,4512.6373,4484.6942,4337.1344,4485.2705,4631.1677,4353.7001,4317.5765,4109.9083,4316.2612,4525.5924,4182.9540,4141.9729,3842.7356,4138.1003,4440.7201,4684.4764,4632.7328,4216.3103,4625.4572,5046.2937,4281.6860,4231.2114,3766.8617,4222.7071,4689.1084,4248.4300,4196.3375,3739.7511,4187.4829,4641.8091,4170.0479,4118.8735,3654.2104,4109.3609,4568.1792,3237.5226,3230.3690,2722.6646,3121.9299,3797.5895,3390.9730,3424.7058,2753.0900,3233.6764,4147.1341,3201.8173,3267.2473,2474.8614,2994.6651,4081.4739,2823.9864,2915.2933,2065.8534,2565.8351,3758.3926,2626.5737,2707.9077,1899.1107,2370.5450,3543.9916,2492.5603,2565.8409,1774.6784,2210.9850,3430.5095,2231.0315,2304.3712,1544.0701,1929.5210,3188.8290,1964.8645,2041.6104,1300.8859,1642.2099,2953.1747,11.00000000000,01,049
21,147,00516926,21147,McCreary,McCreary County,06,H1,G4020,,,,A,1105414665.00000000000,10732757.00000000000,+36.7311363,-084.4910515,21147,1148.1184,1144.8568,1135.5850,1144.8361,1154.3404,1005.4544,1001.0404,982.6728,1001.0309,1019.0497,930.0335,924.1763,893.7459,924.3064,954.4068,903.5782,895.9639,852.8692,895.6989,939.1784,996.4525,986.3740,915.0854,985.4395,1057.6485,1079.2303,1066.6244,970.3119,1064.8180,1162.3881,898.1159,886.6990,788.6495,884.7272,983.4805,1008.9553,995.2050,885.5424,992.8201,1102.2982,994.8673,981.2068,869.0247,978.6372,1089.6749,954.8362,951.4237,800.6453,919.1343,1119.6995,817.7795,824.3997,661.2915,777.9466,999.8918,764.7609,778.8838,588.4908,713.3875,974.6867,716.6212,738.3180,521.7131,649.2640,953.6080,674.9663,694.4525,485.5830,607.3734,910.5941,633.2294,650.5038,448.5030,559.9927,871.4057,588.4109,606.5159,405.0418,507.3391,840.9332,553.5772,574.0937,364.5372,461.3156,831.9535,11.00000000000,21,147
01,109,00161581,01109,Pike,Pike County,06,H1,G4020,,45980,,A,1740715643.00000000000,2362806.00000000000,+31.7987263,-085.9419965,01109,1607.5161,1603.1143,1590.2171,1603.0778,1616.2512,1611.3559,1604.3045,1574.8799,1604.2878,1633.1504,1486.5909,1477.4257,1428.8230,1477.6109,1525.6606,1687.1952,1673.1149,1592.6406,1672.6107,1753.7569,1500.9951,1486.4449,1379.0701,1485.0611,1593.5932,1673.4237,1654.3865,1505.3260,1651.6823,1802.5139,1347.3819,1331.2779,1184.9817,1328.5517,1475.5663,2007.8578,1983.4123,1767.7793,1979.2631,2193.7834,2069.8555,2044.6035,1814.0983,2039.9127,2267.4911,2024.2369,2019.9135,1702.5947,1952.1480,2374.4508,2302.5265,2325.3102,1869.1806,2195.5672,2815.9527,2284.3737,2330.9232,1765.4870,2136.4120,2911.9590,2240.9707,2313.2405,1639.0356,2035.8810,2982.4509,2264.3073,2334.2033,1636.7982,2043.3108,3055.1718,2298.9567,2366.3236,1636.4462,2038.9707,3164.0351,2303.7803,2379.3115,1594.0650,1992.1876,3292.7953,2306.9621,2396.8797,1527.0402,1927.8971,3467.3328,11.00000000000,01,109
01,105,00161579,01105,Perry,Perry County,06,H1,G4020,,,,A,1863920409.00000000000,10918516.00000000000,+32.6390053,-087.2938269,01105,451.2724,450.0271,446.4016,450.0173,453.7232,439.5651,437.6711,429.6595,437.6645,445.5189,373.2124,370.9519,358.7578,370.9937,383.0437,355.0355,352.0938,335.1587,351.9862,369.0556,322.4883,319.3811,296.3119,319.0845,342.3954,265.1309,262.1160,238.5001,261.6878,285.5838,219.8963,217.2582,193.3747,216.8111,240.8152,299.3914,295.6482,263.4077,295.0094,327.1090,270.6310,267.2057,236.9546,266.5669,296.4566,218.4008,217.9630,183.7494,210.6583,256.1934,208.0755,210.1695,168.9761,198.4537,254.4786,188.2258,192.1032,145.5443,176.0868,239.9421,173.3258,178.9652,126.8550,157.5258,230.6793,165.0655,170.2151,119.4144,149.0241,222.7235,159.7694,164.5064,113.8240,141.7714,219.8937,179.9708,185.9212,124.6163,155.6918,257.2359,192.7698,200.3265,127.6766,161.1482,289.7330,11.00000000000,01,105
01,033,00161542,01033,Colbert,Colbert County,06,H1,G4020,,22520,,A,1534877333.00000000000,76430813.00000000000,+34.7031120,-087.8014569,01033,3486.9969,3477.3133,3449.2675,3477.2404,3505.9256,3371.2507,3356.4807,3294.9103,3356.4469,3416.8439,3231.7147,3211.7486,3106.0828,3212.1560,3316.6253,3513.3808,3484.2094,3316.6247,3483.1491,3652.0829,3793.9484,3757.1466,3485.7435,3753.6481,4027.9853,3915.4239,3872.3255,3524.3498,3866.2728,4217.8853,3516.1697,3475.0793,3094.0313,3468.1770,3850.7912,3048.5042,3011.6427,2684.4759,3005.3950,3330.8075,3388.2212,3346.7611,2969.3253,3339.0567,3711.7228,3164.3384,3158.2866,2662.8111,3052.5208,3711.9730,3038.8132,3069.6453,2468.2312,2898.6074,3716.5433,2931.7676,2992.2785,2267.1746,2742.8416,3737.3041,2796.8462,2887.8347,2046.9566,2541.8773,3722.3214,2706.8362,2791.1831,1958.0539,2443.6546,3652.3355,2576.9779,2653.2464,1835.6689,2286.5084,3546.7340,2404.2698,2483.7598,1664.7725,2079.9183,3436.4714,2246.3517,2334.4799,1487.9424,1877.9493,3376.2717,11.00000000000,01,033
45,069,01248011,45069,Marlboro,Marlboro County,06,H1,G4020,,13500,,A,1242350170.00000000000,14504245.00000000000,+34.6018053,-079.6779418,45069,1571.7312,1567.3544,1554.7067,1567.3220,1580.2615,1432.0660,1425.7264,1399.5384,1425.7166,1451.4147,1273.7920,1265.9199,1224.2709,1266.0808,1307.2585,1200.8421,1190.8441,1133.5664,1190.4836,1248.2317,1187.1381,1175.4734,1090.5481,1174.3730,1260.2706,1354.7139,1339.2643,1218.5720,1337.0679,1459.2074,1394.0741,1376.4772,1224.3801,1373.4447,1526.5930,1205.7842,1189.7807,1059.1071,1187.0182,1317.3616,1255.5858,1238.9677,1097.9550,1235.8535,1375.3147,1129.1446,1125.4420,947.4047,1087.3366,1324.1851,1008.3760,1017.1185,816.4308,959.9855,1233.0267,950.5218,968.6608,732.4607,887.4068,1211.5095,880.4619,907.6766,641.9463,798.4041,1171.6801,834.6935,859.3364,601.4353,751.7988,1126.1301,792.1062,814.2510,561.9708,701.1748,1090.0837,734.7455,757.8452,506.6445,634.1286,1050.1030,681.3856,707.0609,449.4532,568.3410,1024.0588,11.00000000000,45,069
21,155,00516921,21155,Marion,Marion County,06,H1,G4020,,,,A,888387260.00000000000,9971338.00000000000,+37.5522465,-085.2692420,21155,1148.5199,1145.4198,1136.2283,1145.3918,1154.7672,952.7409,948.7558,931.4526,948.7331,965.6799,877.5396,872.5039,843.8860,872.5699,900.8130,673.7980,669.3154,637.1258,669.0362,701.1086,549.1414,545.1595,505.8975,544.7040,583.9026,676.8696,671.1272,611.9079,670.4057,729.6538,664.0943,657.9286,587.2076,656.9864,727.4774,612.8534,607.4350,543.4381,606.5866,669.7220,655.6689,649.7985,578.7248,648.7526,718.5325,590.0489,591.0881,500.4317,571.8780,692.6913,485.2908,492.1569,397.5728,465.3346,593.8383,472.7037,484.4204,368.9799,444.7097,602.8215,450.1029,466.6604,332.6991,411.4714,599.2110,428.1380,443.2890,312.8290,388.8133,577.8487,415.1506,429.1694,298.7581,370.5536,571.5171,392.8252,407.3366,274.6982,341.7410,561.5798,371.8162,387.6964,248.5903,312.4258,558.9205,11.00000000000,21,155
01,051,00161551,01051,Elmore,Elmore County,06,H1,G4020,388,33860,,A,1601867593.00000000000,99862541.00000000000,+32.5972286,-086.1427385,01051,4873.8368,4860.2430,4821.0125,4860.1434,4900.2855,4925.5654,4904.0007,4814.0509,4903.9504,4992.1835,4374.9206,4347.7423,4204.6687,4348.3111,4489.7842,4384.5368,4348.5630,4139.4057,4347.2108,4557.9057,4947.4725,4899.7937,4545.8773,4895.2432,5252.8727,5205.1742,5148.9029,4686.8640,5141.0509,5607.5650,5432.7075,5369.9401,4781.7595,5359.4388,5949.8019,5704.3955,5635.8967,5024.1232,5624.3035,6232.6727,5754.0527,5684.6729,5044.6323,5671.8017,6303.5648,5477.4775,5466.9405,4609.2221,5283.8449,6425.4193,5344.6926,5399.7066,4342.5247,5099.0825,6536.8186,5309.5607,5419.8902,4107.2515,4968.3409,6768.5128,5251.2049,5422.7057,3844.3928,4773.3241,6988.8854,5310.9786,5477.0394,3842.8011,4795.3218,7166.1569,5298.8851,5456.1721,3775.3821,4702.1946,7292.9734,5170.9239,5342.2340,3581.0860,4473.7704,7390.9308,4991.3797,5187.4591,3306.6610,4173.1098,7502.0708,11.00000000000,01,051
45,065,01248012,45065,McCormick,McCormick County,06,H1,G4020,,,,A,930141770.00000000000,89983100.00000000000,+33.8976052,-082.3161920,45065,567.7743,566.1271,561.5243,566.1184,570.8463,492.4754,490.1850,481.1225,490.1893,499.0978,399.7542,397.1438,384.0461,397.2105,410.1784,405.7318,402.1305,382.7880,402.0240,421.6009,394.5085,390.4287,362.2032,390.0554,418.6778,437.5559,432.2923,393.1602,431.5308,471.2264,392.0589,386.8373,343.8494,385.9226,429.2962,360.9876,355.9691,316.6455,355.0956,394.3784,400.6662,394.9103,349.4986,393.8229,438.8175,329.1469,327.8013,275.6901,316.6306,385.9368,332.0509,334.5572,268.1920,315.6493,405.9662,309.2873,314.8231,237.6917,288.2893,394.1649,285.2109,293.6774,207.3497,258.1915,379.5154,268.9488,276.5559,193.2149,241.8153,362.8236,251.9862,258.7139,178.2201,222.6567,346.7538,232.7497,239.7766,159.9786,200.5124,332.6270,217.4373,225.3748,142.9692,181.0496,326.7721,11.00000000000,45,065
01,129,00161590,01129,Washington,Washington County,06,H1,G4020,,,,A,2797722307.00000000000,21650857.00000000000,+31.4069737,-088.2020776,01129,1133.8255,1130.6591,1121.5308,1130.6362,1139.9778,1000.1447,995.7413,977.4642,995.7328,1013.6646,876.8958,871.4200,842.7373,871.5372,899.9028,932.3133,924.6060,880.1340,924.3224,969.1409,863.5175,855.0743,793.3008,854.2755,916.7411,995.8053,984.7245,896.1586,983.1623,1072.6951,908.8710,897.9080,799.1463,896.0464,995.3257,850.4334,839.7617,748.1467,837.9393,929.1642,773.4547,763.7804,677.4285,761.9782,847.2774,636.4961,634.9137,534.9584,613.5530,746.5624,629.6585,635.6197,510.6820,600.0714,770.0184,597.2053,609.0953,461.0631,558.1717,761.2415,556.5327,574.2071,406.5775,505.2570,740.6510,524.0938,540.0045,378.3897,472.6021,707.1224,499.6090,513.9847,355.1693,442.7734,687.5865,461.2265,476.0876,318.6774,398.5177,659.2131,429.1054,445.5873,283.6028,358.2991,644.9245,11.00000000000,01,129
01,017,00161534,01017,Chambers,Chambers County,06,H1,G4020,122,46740,,A,1545009282.00000000000,17048142.00000000000,+32.9179433,-085.3918121,01017,2274.5133,2268.1171,2249.7823,2268.0731,2286.8489,2175.9595,2166.3713,2126.6027,2166.3533,2205.3717,1948.1333,1936.0006,1872.2847,1936.2574,1999.2645,2065.8096,2048.5618,1950.0291,2047.9450,2147.3031,2290.1443,2267.4679,2103.6333,2265.3386,2431.1120,2581.4016,2552.9133,2323.4558,2548.9089,2780.7900,2264.4974,2237.6692,1991.9797,2233.1412,2479.9596,1959.3093,1934.8491,1723.8901,1930.6763,2140.7043,2010.8155,1986.0066,1761.8230,1981.3922,2202.7801,2057.6490,2052.9581,1730.1646,1984.0041,2413.5717,1873.2318,1891.5472,1520.2951,1785.9384,2290.8963,1805.9619,1842.5180,1395.3163,1688.6796,2302.0836,1746.7469,1802.8439,1277.1612,1586.5936,2324.6804,1697.6819,1749.8557,1226.8028,1531.6939,2290.6180,1635.2735,1682.9452,1163.5898,1450.0290,2250.5937,1509.7017,1558.9221,1044.1256,1305.1639,2157.7985,1413.2456,1468.0493,934.9664,1180.6868,2124.0717,11.00000000000,01,017
01,025,00161538,01025,Clarke,Clarke County,06,H1,G4020,,,,A,3207609488.00000000000,36542656.00000000000,+31.6855211,-087.8186244,01025,1536.8667,1532.5917,1520.2271,1532.5598,1545.2084,1428.8536,1422.6655,1396.6068,1422.6463,1448.1981,1342.4789,1334.1536,1290.2531,1334.3264,1377.7339,1274.9679,1264.2781,1203.4681,1263.9004,1325.2350,1255.8705,1243.3614,1153.5165,1242.1909,1333.1258,1644.5719,1626.0658,1479.6863,1623.4467,1771.4955,1378.4151,1362.2039,1212.7442,1359.4747,1509.5822,1197.7255,1183.2551,1054.7255,1180.8029,1308.6402,1050.8257,1037.8111,920.6103,1035.3894,1151.1378,962.1728,960.1523,809.3499,927.9497,1128.6470,977.3556,987.0232,793.4068,931.9502,1195.2895,905.1763,923.6442,699.6090,846.5756,1153.8578,837.5953,864.6615,612.7063,761.0082,1114.7391,803.0607,827.9207,580.6299,724.7718,1083.5556,771.1334,793.8043,549.0389,684.0210,1061.3106,705.9395,729.1439,488.5693,610.5340,1009.0041,648.2040,673.5160,429.1479,541.7533,974.2447,11.00000000000,01,025
33,005,00873176,33005,Cheshire,Cheshire County,06,H1,G4020,,28300,,A,1830241632.00000000000,58115492.00000000000,+42.9254553,-072.2482169,33005,4820.1870,4806.7584,4767.9684,4806.6595,4846.3467,4200.0307,4181.5467,4104.7973,4181.5104,4256.8087,3815.5790,3791.8469,3667.0601,3792.3464,3915.7410,4458.1259,4420.6173,4207.9914,4419.3056,4633.8099,5251.6707,5199.6624,4823.9630,5194.7792,5574.9272,3215.7686,3179.4329,2893.1233,3174.2833,3463.9094,2738.2863,2705.0152,2407.2726,2699.3518,2998.7331,3798.5517,3751.3657,3342.5849,3743.3239,4150.2394,3652.2777,3606.8293,3199.2872,3598.3680,4000.8990,3369.4740,3361.8515,2833.3129,3248.9507,3952.3245,3037.6454,3067.3448,2465.3192,2896.0886,3714.9330,2915.4432,2974.4912,2252.5791,2726.1517,3716.3582,2729.1754,2816.8709,1995.5608,2479.0064,3632.1621,2545.6665,2623.9623,1839.6914,2296.8464,3434.7772,2308.8801,2376.2625,1643.0279,2047.4225,3177.6706,2214.0726,2286.3668,1531.4693,1914.2421,3164.5553,2127.1080,2209.7237,1407.4698,1777.2373,3196.9964,11.00000000000,33,005
21,081,00516887,21081,Grant,Grant County,06,H1,G4020,178,17140,,A,668125059.00000000000,7255148.00000000000,+38.6492099,-084.6259458,21081,1650.4245,1645.8133,1632.5247,1645.7800,1659.3796,1517.2740,1510.6041,1482.8819,1510.5904,1537.7873,1448.4819,1439.4292,1392.0487,1439.6237,1486.4812,1360.9059,1349.4580,1284.5509,1349.0575,1414.5373,1342.1618,1328.8949,1232.8782,1327.6478,1424.7923,1407.1196,1391.2968,1266.0587,1389.0581,1515.7205,1405.6153,1388.7505,1236.0807,1385.8918,1539.3323,1319.0659,1302.7808,1160.9192,1300.0088,1441.1970,1376.8315,1359.9830,1206.6081,1356.8522,1508.2889,1219.9132,1217.3139,1026.0856,1176.4763,1430.9724,990.2853,1000.3358,804.3498,944.5989,1211.1438,964.1528,984.0536,745.5937,902.0230,1229.0649,910.2568,939.8766,666.2106,827.2836,1211.4611,878.5831,905.9639,635.5499,793.1643,1185.4729,856.7810,882.1312,610.3017,760.1980,1179.2002,818.3201,845.3586,566.5942,707.9024,1169.6403,769.6451,799.8198,509.7636,643.3988,1156.7771,11.00000000000,21,081
01,115,00164997,01115,St. Clair,St. Clair County,06,H1,G4020,142,13820,,A,1636619393.00000000000,56300062.00000000000,+33.7129627,-086.3156631,01115,5952.5769,5935.8688,5887.9015,5935.7522,5984.8645,6205.9489,6178.5552,6065.1087,6178.5074,6289.8203,5978.2441,5940.9677,5745.4336,5941.7609,6135.1255,6415.7710,6362.7760,6056.7380,6360.8214,6669.2298,6726.6367,6660.2768,6179.0639,6654.0318,7140.8503,7005.9093,6927.5659,6304.2571,6916.5027,7546.7495,6636.4201,6557.8542,5837.8730,6544.5976,7267.8683,6684.8624,6602.4901,5883.6944,6588.4746,7303.8169,7286.2015,7196.1534,6383.6834,7179.4013,7981.7675,6654.2723,6640.2287,5597.2412,6417.5029,7805.5710,6405.1307,6469.3467,5201.1220,6108.6419,7833.5070,6315.4240,6444.9494,4882.3593,5907.4156,8050.5592,6139.6661,6338.5548,4492.0447,5578.8891,8171.2042,6020.8953,6207.6565,4353.8822,5434.4065,8123.9210,5924.1506,6098.5932,4218.4167,5255.2693,8153.4277,5723.0091,5911.3262,3961.1572,4949.8135,8179.9500,5489.9196,5704.4452,3634.9011,4588.5235,8251.3085,11.00000000000,01,115
21,149,00516927,21149,McLean,McLean County,06,H1,G4020,,36980,,A,653905327.00000000000,9735978.00000000000,+37.5305746,-087.2629312,21149,637.4294,635.6440,630.5094,635.6314,640.8875,614.1727,611.4834,600.2672,611.4771,622.4792,549.3065,545.8998,527.9368,545.9705,563.7318,568.2874,563.4606,536.3588,563.2966,590.6532,502.0491,497.1232,461.2079,496.6582,532.9821,526.3667,520.5153,473.7040,519.6907,567.0111,477.5071,471.7484,419.8613,470.7706,522.9292,490.3589,484.2571,431.4777,483.2168,535.7580,489.7278,483.6601,429.0376,482.5310,536.4770,510.8201,509.4789,429.2027,492.3190,599.1366,423.5446,427.6275,343.6423,403.7343,517.9706,396.4629,404.4371,306.2246,370.6518,505.3704,370.3398,382.1876,270.7015,336.3273,492.8674,351.1460,361.8977,253.6812,316.7626,473.7845,335.8361,345.5931,238.9081,297.7502,462.2017,312.4386,322.6010,216.0435,270.0787,446.5631,291.1357,302.4086,192.5775,243.2066,437.5684,11.00000000000,21,149
21,209,00516951,21209,Scott,Scott County,06,H1,G4020,336,30460,,A,729770453.00000000000,9497606.00000000000,+38.2898823,-084.5793760,21209,3834.2797,3823.5920,3792.7326,3823.5134,3855.0880,4365.6356,4346.3210,4266.4932,4346.2904,4424.6233,4335.2149,4308.1409,4166.3383,4308.7210,4448.9560,4739.5656,4699.9211,4473.8617,4698.5110,4926.4884,4803.5955,4756.4558,4412.8181,4752.0055,5099.5559,4982.1852,4926.3541,4483.0295,4918.4640,5366.7642,5278.5098,5215.8547,4643.0636,5205.2733,5780.7354,6202.4919,6127.3216,5461.5144,6114.5749,6776.8568,6642.3661,6561.9682,5822.8371,6547.0466,7276.6750,6212.3838,6200.4925,5227.7422,5992.8454,7287.5245,6576.9922,6643.6742,5341.9793,6273.4793,8043.8156,6732.3764,6871.1519,5205.9216,6298.3098,8582.1518,6743.4358,6962.5294,4934.8951,6128.3230,8974.8105,6875.4339,7089.2757,4972.8147,6206.4355,9276.9905,7029.2726,7236.7554,5006.2158,6236.2476,9674.4504,7103.5311,7337.6786,4917.3945,6144.3291,10153.1708,7063.1161,7339.4333,4677.0872,5903.8041,10615.8305,11.00000000000,21,209
01,021,00161536,01021,Chilton,Chilton County,06,H1,G4020,142,13820,,A,1794483586.00000000000,20586383.00000000000,+32.8540595,-086.7266275,01021,2866.6553,2858.6760,2835.6101,2858.6169,2882.2139,2956.5658,2943.4862,2889.4244,2943.4654,2996.5146,2775.5463,2758.4469,2667.7055,2758.7912,2848.4987,2688.8729,2666.6901,2538.4271,2665.8690,2795.1161,2760.7433,2734.0425,2536.5515,2731.4994,2931.0968,2911.9008,2879.7951,2620.9763,2875.2836,3136.8258,2504.4109,2475.0849,2203.6350,2470.1552,2742.7401,2475.1258,2445.5532,2180.2386,2440.5534,2704.3528,2419.3201,2390.5367,2121.7824,2385.2052,2650.4123,2277.5168,2273.2726,1916.7459,2197.1745,2671.7011,1941.4296,1961.3935,1577.3634,1852.1885,2374.4595,1848.2612,1886.6984,1429.7918,1729.5220,2356.1270,1710.6182,1766.5992,1252.5330,1555.0872,2276.6904,1598.2817,1648.4427,1156.7721,1443.3380,2156.5944,1470.2465,1514.1255,1047.9463,1304.9883,2023.5520,1308.8127,1352.4517,906.9021,1132.7057,1870.7382,1174.3114,1220.7335,778.4699,982.1559,1765.0144,11.00000000000,01,021
01,011,00161531,01011,Bullock,Bullock County,06,H1,G4020,,,,A,1613056905.00000000000,6056528.00000000000,+32.1017589,-085.7172613,01011,538.4978,536.9797,532.6370,536.9695,541.4177,626.6041,623.7629,612.2697,623.7632,635.0509,572.9392,569.2895,550.5351,569.3745,587.9310,640.7599,635.1689,604.6175,634.9941,665.8830,599.8913,593.7249,550.8057,593.1586,636.6678,633.0491,625.4045,568.7729,624.2974,681.7545,619.4890,611.2755,543.3797,609.8387,678.3315,551.2891,543.6950,483.7036,542.3753,602.2865,668.1828,658.8549,583.3702,657.0975,731.8399,558.0785,555.9296,467.6797,537.0207,654.3997,495.8092,499.7640,400.8293,471.5852,606.2119,462.5150,471.0045,355.8190,431.3800,589.4685,420.6095,433.2319,306.0193,380.9346,559.6952,382.8977,393.7747,275.1576,344.3279,516.5498,350.9078,360.2876,248.2029,310.0785,482.8791,320.7502,330.4433,220.4817,276.3361,458.3909,290.7950,301.4009,191.1863,242.1193,437.0159,11.00000000000,01,011
01,063,00161557,01063,Greene,Greene County,06,H1,G4020,,46220,,A,1676007032.00000000000,33231212.00000000000,+32.8444965,-087.9642005,01063,434.7681,433.5969,430.1186,433.5861,437.1334,388.5610,386.8412,379.7358,386.8385,393.8110,389.5247,387.0954,374.3549,387.1471,399.7464,420.0233,416.5957,396.5583,416.4648,436.6433,422.7138,418.5898,388.3503,418.1991,448.7742,450.6354,445.5819,405.4814,444.8676,485.4193,318.1896,314.4547,279.9595,313.8263,348.4687,282.8654,279.4448,249.0873,278.8650,309.0598,285.1324,281.6556,249.9040,281.0098,312.3578,255.0800,254.5355,214.5495,245.9962,299.2115,214.3781,216.5123,174.0538,204.4358,262.1831,204.1053,208.2770,157.7656,190.9009,260.1805,188.4648,194.5567,137.8663,171.2344,250.8242,172.2892,177.6211,124.5661,155.4911,232.4666,159.5593,164.2468,113.5985,141.5300,219.6011,145.5536,150.3322,100.7251,125.8753,208.0403,135.6921,140.9844,89.8245,113.4004,203.9437,11.00000000000,01,063
45,091,01248019,45091,York,York County,06,H1,G4020,172,16740,,A,1762732402.00000000000,39400683.00000000000,+34.9701904,-081.1831885,45091,19216.3079,19163.0330,19008.5234,19162.6268,19320.6346,21143.7727,21051.0607,20664.8643,21050.8548,21429.7012,21316.1642,21183.5919,20486.4577,21186.3807,21875.7359,24523.7092,24320.4350,23150.6639,24313.0124,25492.0822,26631.6393,26372.6802,24467.5541,26348.0983,28274.0486,26723.5802,26426.9741,24050.6251,26385.1970,28787.2289,26940.0183,26622.2565,23700.4656,26568.7079,29503.4676,29435.5320,29077.0758,25915.7881,29016.2329,32161.2298,32407.5795,32011.0963,28401.0739,31937.4203,35501.8093,31395.1852,31330.4998,26410.8939,30280.0399,36827.4506,32485.8320,32811.7059,26379.6006,30982.3130,39730.3655,32879.8268,33554.1781,25418.9108,30755.6316,41913.4163,32775.0554,33836.6109,23979.3675,29781.2864,43619.8948,33076.6614,34102.3104,23918.0784,29854.2535,44629.9062,33223.0084,34200.8184,23656.3156,29471.2774,45724.8951,33059.9960,34147.2131,22881.2263,28592.7028,47252.9142,32539.3341,33810.1342,21543.1683,27195.7857,48906.3335,11.00000000000,45,091
45,059,01248009,45059,Laurens,Laurens County,06,H1,G4020,273,24860,,A,1848742669.00000000000,25990687.00000000000,+34.4834770,-082.0056570,45059,4380.9628,4368.8577,4333.6531,4368.7633,4404.7530,4233.9225,4215.2902,4137.9220,4215.2537,4291.1589,3636.0249,3613.3717,3494.4495,3613.8519,3731.4521,4147.4385,4113.0862,3915.2539,4111.8292,4311.2255,4577.9201,4533.5779,4206.0937,4529.3587,4860.3602,4021.3757,3977.1966,3619.8514,3970.9965,4332.0466,3530.3135,3489.0635,3106.4872,3482.1346,3866.2817,3763.2080,3717.8883,3314.1828,3710.2135,4111.7064,4230.4332,4179.0604,3708.1643,4169.5222,4634.3955,3551.9421,3545.4733,2989.5659,3426.8287,4166.7360,3226.0480,3259.3302,2621.2739,3077.8932,3945.6256,3127.4029,3192.5017,2419.4249,2926.5624,3986.7590,3013.3875,3111.9520,2206.3484,2739.3444,4010.5632,2855.6691,2945.1910,2066.6436,2578.7003,3853.2038,2651.6669,2730.6867,1889.8191,2353.4649,3649.5730,2492.8320,2575.7469,1726.9745,2157.1559,3563.0901,2349.1542,2441.7547,1556.8200,1964.4312,3530.8111,11.00000000000,45,059
21,175,00516934,21175,Morgan,Morgan County,06,H1,G4020,,,,A,987113548.00000000000,6892022.00000000000,+37.9229402,-083.2589444,21175,813.9631,811.6736,805.1120,811.6578,818.3774,848.4512,844.6261,829.0752,844.6251,859.8949,761.1592,756.3146,731.3999,756.4270,781.0783,667.9796,662.3777,630.5182,662.1800,694.3147,645.1318,638.6819,592.5288,638.0797,684.8014,750.0431,741.3094,674.3889,740.0591,807.8439,790.4420,780.1384,693.6441,778.3450,865.5429,771.0907,760.4383,676.5007,758.5861,842.4193,726.5684,716.4308,634.3552,714.5209,795.7885,675.6403,673.1360,566.3738,650.2669,792.2755,619.5262,624.5695,501.0244,589.3850,757.4938,570.7981,581.3750,439.2974,532.4995,727.4858,527.8553,543.8815,384.3644,478.2967,702.4211,497.4674,511.8890,357.9902,447.7257,671.1364,470.6351,483.5508,333.4753,416.3008,647.6609,434.0915,447.5237,298.9473,374.3766,620.3913,403.4584,418.4773,265.8002,336.2974,606.3488,11.00000000000,21,175
01,009,00161530,01009,Blount,Blount County,06,H1,G4020,142,13820,,A,1669961855.00000000000,15157440.00000000000,+33.9774479,-086.5672464,01009,3895.7138,3884.7802,3853.3879,3884.7038,3916.8448,3861.7454,3844.6175,3773.9817,3844.5935,3913.9124,3528.4461,3506.4106,3390.9971,3506.8827,3621.0204,3717.6622,3686.6461,3509.3242,3685.5346,3864.3341,3532.1259,3497.7502,3245.0749,3494.4887,3749.9369,3872.3396,3829.4856,3485.2128,3823.4557,4171.4058,3433.4508,3393.3074,3021.2082,3386.5630,3760.1979,3218.8075,3180.3119,2835.2469,3173.8022,3516.9063,3238.5036,3199.6035,2839.5101,3192.3899,3547.7989,2949.4583,2943.8288,2482.0084,2845.2478,3459.9076,2894.3932,2923.8280,2351.0472,2760.9358,3539.9251,2794.4003,2852.1273,2161.0364,2614.3910,3562.1998,2644.7002,2730.7834,1935.6797,2403.6569,3519.8344,2564.5172,2644.4496,1855.1392,2315.1989,3460.3062,2509.8270,2584.0816,1787.7885,2226.8929,3454.3111,2382.8400,2461.5569,1649.8198,2061.2987,3405.8369,2264.7530,2353.5161,1499.9760,1893.2259,3403.9234,11.00000000000,01,009
45,029,01247991,45029,Colleton,Colleton County,06,H1,G4020,,47500,,A,2736299047.00000000000,198897561.00000000000,+32.8349797,-080.6553452,45029,2309.3164,2302.9333,2284.3749,2302.8836,2321.8565,2132.5935,2123.2465,2084.2960,2123.2253,2161.4338,1886.5147,1874.8528,1813.1690,1875.0914,1936.0775,1967.2233,1951.1152,1857.2704,1950.5062,2045.0300,2007.8197,1988.5253,1844.8971,1986.6807,2131.7957,1979.4160,1957.6922,1781.8107,1954.6446,2132.3421,1738.6252,1718.4581,1530.1609,1715.0793,1904.1013,1502.6022,1484.5399,1323.3751,1481.4822,1641.7552,1487.4000,1469.5473,1304.1739,1466.2370,1629.4567,1273.3137,1270.9120,1071.5619,1228.3603,1493.6873,1104.9321,1116.1401,897.4600,1053.9489,1351.3587,1022.0882,1043.2428,790.4975,956.2981,1302.9257,931.8508,962.2685,682.1781,847.0286,1240.2090,843.9895,870.4000,610.7118,762.0712,1138.8055,752.1335,774.5161,535.9845,667.5105,1035.1827,660.1751,682.1447,457.3734,571.2923,943.6117,574.2777,596.9713,380.6830,480.2969,863.1508,11.00000000000,45,029
45,077,01248015,45077,Pickens,Pickens County,06,H1,G4020,273,24860,,A,1285687489.00000000000,40460184.00000000000,+34.8873615,-082.7253677,45077,7133.2439,7113.3966,7056.0046,7113.2490,7171.9607,7056.2146,7024.9390,6895.8833,7024.8936,7151.5403,6784.3810,6742.1039,6520.2076,6743.0008,6962.4317,7144.3030,7084.2853,6743.5407,7082.1773,7425.9009,8044.0413,7965.1015,7389.6500,7957.6493,8539.6527,5763.4630,5700.9953,5189.3117,5692.2708,6208.9657,2754.9514,2723.8706,2426.1869,2718.7149,3017.2584,6973.8739,6889.6415,6141.2855,6875.3681,7619.6872,7253.1192,7164.5243,6356.6967,7148.0642,7945.6540,6701.9692,6689.7503,5640.8274,6465.8829,7861.9873,7218.3540,7291.6377,5863.0809,6885.3676,8828.2323,7045.5124,7190.9482,5448.4197,6591.5160,8981.3492,6801.3493,7022.6051,4977.7571,6181.3058,9051.9122,6743.9714,6954.0525,4878.2978,6088.1822,9099.6384,6575.2033,6769.6862,4683.5349,5833.9163,9049.5430,6505.3608,6720.2013,4504.0393,5627.4450,9298.2274,6665.9862,6927.0907,4414.6904,5572.2546,10018.9663,11.00000000000,45,077
21,023,00516858,21023,Bracken,Bracken County,06,H1,G4020,178,17140,,A,532533237.00000000000,8637262.00000000000,+38.6785230,-084.1003549,21023,566.9946,565.4025,560.8333,565.3915,570.0700,520.5366,518.2340,508.7159,518.2303,527.5701,470.1332,467.1793,451.7981,467.2443,482.4578,481.9820,477.8907,454.9047,477.7514,500.9527,517.2679,512.0777,475.0718,511.5942,549.0628,476.9972,471.6233,429.1635,470.8625,513.8088,420.3277,415.2957,369.6508,414.4434,460.3150,412.0083,406.8375,362.4523,405.9545,450.1509,389.0658,384.1041,340.5802,383.1779,426.1888,351.8059,350.9434,295.7054,339.1397,412.6450,300.4724,303.3190,243.7003,286.3559,367.4523,277.5927,283.1234,214.3182,259.4542,353.8405,254.9581,263.0609,186.2707,231.4750,339.3066,234.0959,241.2093,169.0260,211.1046,315.8495,212.4321,218.5493,151.0251,188.2717,292.3599,190.2593,196.3948,131.4659,164.3979,271.9306,168.8628,175.3521,111.6101,141.0030,253.7928,11.00000000000,21,023
01,037,00161544,01037,Coosa,Coosa County,06,H1,G4020,388,10760,,A,1685891075.00000000000,39946646.00000000000,+32.9314453,-086.2434818,01037,781.4148,779.2098,772.9070,779.1950,785.6516,705.1305,702.0168,689.1262,702.0114,714.6598,508.1817,504.9734,488.3444,505.0454,521.4952,450.1265,446.4017,424.9306,446.2651,467.9048,411.3069,407.2688,377.8449,406.8877,436.6473,414.6806,409.9354,372.9825,409.2601,446.6616,317.0610,313.3367,278.9617,312.7099,347.2324,256.0103,252.8990,225.4099,252.3711,279.7169,237.9068,235.0995,208.6923,234.5800,260.6344,203.3386,203.0034,171.2074,196.2196,238.5423,201.6632,203.7964,163.9506,192.4680,246.6532,178.1824,181.9451,137.9397,166.8072,227.1503,160.6239,165.9309,117.6970,146.0832,213.7814,150.2682,155.0256,108.8295,135.7532,202.7637,143.6645,147.9835,102.4545,127.5561,197.7330,137.4497,142.0512,95.2744,118.9785,196.4637,131.7893,137.0065,87.3784,110.2333,198.0825,11.00000000000,01,037
45,009,01247982,45009,Bamberg,Bamberg County,06,H1,G4020,,,,A,1018822336.00000000000,5679056.00000000000,+33.2030210,-081.0531608,45009,839.2002,836.8597,830.1049,836.8426,843.7542,751.4212,748.1140,734.3828,748.1075,761.5792,683.3021,678.9552,656.5893,679.0558,701.1849,672.5904,666.7919,634.7196,666.6035,699.0063,651.9346,645.3225,598.6813,644.7104,691.9604,440.2652,435.2009,395.9536,434.4789,474.2116,369.1448,364.5745,324.3697,363.7918,404.2456,408.9587,403.7420,359.6102,402.8482,446.8141,398.0651,392.7961,348.0897,391.8087,436.0233,315.6137,314.6693,264.9776,304.0397,370.1525,273.7685,276.2268,221.8049,260.7370,334.7737,241.6918,246.3885,186.3926,225.7497,308.0641,207.6503,214.1460,151.5305,188.3945,276.3387,177.6055,182.9223,128.0996,160.0605,239.6237,150.9829,155.2773,107.2455,133.7437,207.7861,131.4204,135.6191,90.7396,113.5075,187.8315,112.7095,117.0161,74.4513,94.0837,169.3955,11.00000000000,45,009
45,005,01247980,45005,Allendale,Allendale County,06,H1,G4020,,,,A,1056948617.00000000000,11208072.00000000000,+32.9797838,-081.3634213,45005,567.4229,565.8107,561.2282,565.8004,570.4979,487.4222,485.2702,476.3597,485.2664,494.0094,424.2602,421.6034,407.7246,421.6610,435.3873,410.3459,406.8076,387.2405,406.6928,426.4618,370.6604,366.8973,340.3791,366.5491,393.4148,444.9896,439.7188,399.9669,438.9600,479.2560,424.0643,418.3543,371.8086,417.3510,464.3342,375.4015,370.1602,329.2464,369.2472,410.1243,336.6778,331.9257,293.8436,331.0294,368.7464,280.2181,279.1244,234.8012,269.6265,328.5786,277.9951,280.2022,224.7227,264.4000,339.8952,256.4523,261.1521,197.2792,239.1794,326.8437,238.1879,245.3703,173.3552,215.7635,316.9542,226.2344,232.7459,162.7227,203.5534,305.2101,216.2430,222.1335,153.1453,191.2223,297.5777,202.6686,208.9017,139.5051,174.7412,289.6456,194.5696,201.7858,128.1356,162.1481,292.4127,11.00000000000,45,005
45,043,01248002,45043,Georgetown,Georgetown County,06,H1,G4020,396,23860,,A,2107076193.00000000000,572646611.00000000000,+33.4175300,-079.3008115,45043,3695.1938,3685.0181,3655.3420,3684.9368,3715.2651,3564.9690,3549.4603,3484.4083,3549.4169,3613.2134,3429.8906,3408.8856,3296.7760,3409.2966,3520.1123,3344.6351,3316.7721,3157.2406,3315.7692,3476.6161,3660.3330,3624.2180,3362.3633,3620.8195,3885.7261,4017.5028,3972.8702,3615.5976,3966.5818,4327.7303,3823.7330,3778.4280,3363.5641,3770.7811,4187.5528,3558.2781,3514.5679,3132.0819,3507.1353,3887.7486,3560.7942,3516.9854,3120.1093,3508.8397,3900.7441,3131.5265,3124.8834,2634.0223,3020.0598,3673.3238,3144.6252,3176.2069,2553.6076,2999.1311,3845.9015,3011.4241,3073.3011,2328.2872,2817.0150,3838.8134,2834.7807,2926.7612,2074.3055,2576.0499,3772.7872,2774.5919,2860.8004,2006.6355,2504.5051,3743.7360,2690.4229,2769.7869,1916.0208,2386.8337,3702.8489,2521.5585,2604.6739,1745.5394,2181.0676,3604.0970,2344.6097,2436.3675,1552.6251,1959.8164,3523.9397,11.00000000000,45,043
45,037,01247999,45037,Edgefield,Edgefield County,06,H1,G4020,,12260,,A,1296046259.00000000000,16300263.00000000000,+33.7764976,-081.9682452,45037,1743.4459,1738.5375,1724.4807,1738.5041,1752.9005,1540.5896,1533.7438,1505.5580,1533.7350,1561.3972,1298.6807,1290.6352,1248.1686,1290.8015,1332.7901,1331.6438,1320.7060,1257.1825,1320.2961,1384.2906,1358.4123,1345.1845,1248.0085,1343.9298,1442.1749,1627.2839,1609.1813,1464.4552,1606.6295,1752.9340,1565.3108,1546.2200,1375.9625,1542.9663,1714.1841,1563.7152,1543.6198,1374.7433,1540.1721,1708.4523,1453.0708,1434.5853,1272.0747,1431.1355,1591.7220,1151.1437,1147.9039,966.8260,1109.1825,1350.1140,1283.4238,1295.2544,1040.3553,1222.7158,1569.4653,1224.6118,1248.7044,944.9373,1144.2075,1560.9447,1134.1986,1169.9644,828.1586,1029.3811,1509.4045,1081.8167,1114.4466,780.6926,975.2592,1459.5992,1031.5962,1061.0976,733.0380,914.0110,1419.7190,942.5836,972.8080,651.0045,814.2454,1347.1880,869.0400,902.3039,574.1561,725.4982,1306.1178,11.00000000000,45,037
45,051,01248005,45051,Horry,Horry County,06,H1,G4020,396,34820,,A,2936777435.00000000000,313664031.00000000000,+33.9092694,-078.9766749,45051,21582.5884,21523.0196,21349.6194,21522.5504,21699.7993,23983.2546,23878.4344,23440.5497,23878.1769,24307.6800,25262.5791,25106.7424,24280.7903,25109.8994,25926.4672,28559.3738,28324.4186,26962.0681,28315.6540,29688.2352,31264.6734,30965.3634,28728.8821,30936.6822,33195.9059,30221.0381,29896.2683,27214.7513,29851.0494,32557.8675,28724.2531,28399.0083,25294.3108,28344.9854,31459.0406,31374.5834,31005.6621,27647.8387,30943.5010,34280.6003,34230.8343,33826.8990,30027.3388,33752.1480,37500.9494,33440.2609,33387.0403,28159.5154,32271.8570,39230.1873,36072.7312,36450.4897,29320.1450,34423.1346,44119.7487,36627.8712,37395.1102,28344.5101,34281.6963,46693.1576,36427.4272,37623.0665,26678.5962,33119.8407,48482.1818,36855.2355,38013.3757,26676.8649,33284.2046,49729.6572,36975.3146,38078.3178,26353.9642,32818.5746,50890.3860,36677.5936,37897.5434,25409.3670,31738.7197,52424.5405,36118.4106,37541.3356,23934.7677,30202.2693,54286.4166,11.00000000000,45,051
45,081,01248016,45081,Saluda,Saluda County,06,H1,G4020,192,17900,,A,1172690632.00000000000,23419287.00000000000,+34.0052784,-081.7279033,45081,1398.1019,1394.1941,1382.9363,1394.1659,1405.6878,1374.2965,1368.1921,1343.0500,1368.1841,1392.8588,1256.7904,1248.8847,1207.7647,1249.0594,1289.7322,1500.0159,1487.2911,1415.7540,1486.8569,1559.0612,1273.7669,1261.2306,1170.1078,1260.0492,1352.2226,1317.8731,1303.1693,1185.9377,1301.0945,1419.6195,1141.4503,1128.1052,1004.4012,1125.8631,1250.0774,1097.6610,1084.4302,966.6660,1082.1892,1199.3111,1268.3634,1253.1888,1112.2134,1250.3762,1389.5066,1117.9356,1115.5332,940.2742,1078.1046,1311.3464,1025.9937,1036.6091,833.7083,978.9136,1254.8490,1020.3765,1041.6384,789.4235,954.8762,1300.7610,983.3132,1015.5027,720.0096,893.9220,1308.7088,940.5503,970.0614,680.7198,849.3603,1269.1032,926.0599,953.6562,659.9941,821.9164,1274.5656,903.3114,933.3425,625.7673,781.6567,1291.1329,873.5539,907.9659,578.8777,730.4639,1312.9622,11.00000000000,45,081
21,059,00516876,21059,Daviess,Daviess County,06,H1,G4020,,36980,,A,1187111257.00000000000,47210580.00000000000,+37.7316710,-087.0871390,21059,5924.3085,5907.7569,5860.0568,5907.6373,5956.4538,6088.8762,6061.9831,5950.6680,6061.9371,6171.1612,5938.5248,5901.1397,5706.8359,5901.9688,6094.1636,6750.7271,6693.9610,6371.9905,6691.9730,7016.7770,6865.3547,6798.2796,6307.1532,6791.9303,7288.5406,7046.2393,6968.5798,6342.3043,6957.6684,7590.5233,6772.0103,6692.5006,5958.3260,6679.1226,7416.4359,7173.9959,7086.2091,6315.3655,7071.2937,7838.2751,7757.5138,7662.5128,6798.2842,7644.8575,8498.1789,7452.2020,7436.8047,6269.0148,7187.4494,8741.6359,6577.6494,6643.7161,5341.4235,6273.3266,8044.5181,6615.4586,6751.2329,5114.4784,6188.1863,8433.0385,6580.8415,6794.0843,4814.9350,5979.8476,8758.3642,6471.8667,6672.6737,4680.0913,5841.5220,8732.4163,6348.6025,6535.6024,4520.7599,5631.8720,8737.6067,6141.4874,6343.6277,4250.8994,5311.8208,8778.0885,5900.3342,6130.9433,3906.7209,4931.6082,8868.1613,11.00000000000,21,059
01,133,00161592,01133,Winston,Winston County,06,H1,G4020,,,,A,1587607882.00000000000,48922827.00000000000,+34.1558884,-087.3641471,01133,1618.5562,1613.9872,1600.9312,1613.9567,1627.3318,1500.0608,1493.3622,1465.9010,1493.3560,1520.3116,1317.7393,1309.4412,1266.3254,1309.6255,1352.2737,1319.8408,1308.7411,1245.7924,1308.3525,1371.8557,1379.3579,1365.7564,1267.0794,1364.4761,1464.3002,1361.2705,1345.9043,1224.7146,1343.7274,1466.3156,1262.8604,1247.8709,1110.8332,1245.3393,1383.0157,1182.8215,1168.2869,1041.1391,1165.8153,1292.3419,1131.6164,1117.6877,991.5552,1115.0977,1239.6512,1038.6930,1036.2954,873.3268,1001.4806,1218.3541,971.9652,981.5913,789.0517,926.8250,1188.6991,915.0509,933.7132,707.2285,855.8020,1166.4445,853.7226,881.2842,624.4595,775.6286,1136.2004,810.8749,835.9466,586.2277,731.7859,1094.0964,765.2225,787.6881,544.7752,678.7378,1053.1729,715.8331,739.3310,495.3605,619.0507,1023.1429,657.3162,682.9572,435.1328,549.3361,987.9386,11.00000000000,01,133
01,113,00161583,01113,Russell,Russell County,06,H1,G4020,194,17980,,A,1660545751.00000000000,15673340.00000000000,+32.2898113,-085.1869798,01113,3914.0718,3903.1300,3871.6121,3903.0513,3935.3086,4292.1026,4272.9936,4194.4487,4272.9717,4350.0624,4744.0878,4713.9856,4558.7173,4714.6753,4868.2895,5996.0194,5944.7988,5658.8596,5943.0877,6231.8144,6856.9255,6788.5900,6298.0452,6782.1979,7278.7069,7181.2239,7099.4282,6459.7040,7087.8045,7735.1640,6612.2632,6532.1062,5813.2778,6518.4724,7241.1972,6689.2520,6605.2199,5884.5220,6590.8667,7308.5196,7654.9318,7557.9321,6702.1597,7539.8373,8385.4074,7739.6782,7720.5647,6505.2282,7460.8530,9078.0957,7559.8114,7632.1222,6132.6513,7205.5096,9245.1213,7757.6754,7913.2193,5991.1070,7252.0075,9888.6322,7846.1667,8096.7689,5734.4878,7125.0497,10442.0492,7941.7047,8184.5541,5736.8432,7163.6684,10715.3335,7965.3678,8196.5553,5666.0245,7061.7532,10962.4916,7910.5259,8167.6732,5469.6621,6837.8402,11306.3673,7839.5413,8143.0187,5185.4915,6548.8435,11782.5954,11.00000000000,01,113
01,031,00161541,01031,Coffee,Coffee County,06,H1,G4020,222,21460,,A,1758528786.00000000000,3944730.00000000000,+31.4021833,-085.9892014,01031,3379.4944,3370.0636,3342.8591,3369.9949,3397.8330,3738.7816,3722.2656,3653.9131,3722.2376,3789.3066,3685.0476,3661.8272,3541.2511,3662.3443,3781.6144,3908.9151,3875.6473,3689.2327,3874.5233,4062.7133,3385.8196,3352.4911,3110.2762,3349.3505,3594.3603,3457.9616,3419.6893,3112.2549,3414.3041,3725.0238,3333.5500,3294.1038,2932.4632,3287.4489,3650.7359,3164.6599,3125.4400,2784.9575,3118.7591,3457.6643,3467.3094,3424.5874,3038.0728,3416.6423,3798.3266,3158.9070,3152.1256,2656.9085,3046.3665,3705.4221,3019.5755,3049.9111,2452.0778,2879.8796,3692.9661,2897.3248,2956.8264,2240.0169,2710.2426,3693.3617,2727.7551,2816.2147,1995.9086,2478.7319,3630.3434,2624.5315,2706.0455,1898.0540,2369.0112,3541.2577,2569.3907,2645.1520,1829.7692,2279.4176,3536.2690,2456.4138,2537.3435,1700.3751,2124.6713,3510.9819,2332.9280,2424.1849,1544.8113,1949.9982,3506.3794,11.00000000000,01,031
45,033,01247993,45033,Dillon,Dillon County,06,H1,G4020,,19900,,A,1048614230.00000000000,4454688.00000000000,+34.3901723,-079.3749638,45033,1805.0600,1800.0854,1785.5870,1800.0459,1814.8640,1701.4991,1694.0426,1662.9665,1694.0257,1724.5098,1703.0094,1692.5173,1636.8404,1692.7285,1747.7710,1684.6950,1670.6736,1590.3169,1670.1676,1751.1824,1681.7640,1665.1457,1544.8345,1663.5833,1785.3058,1740.4151,1721.0772,1566.3022,1718.3524,1874.8073,1402.3420,1386.0150,1234.0904,1383.2759,1535.8050,1421.8928,1404.4509,1251.6310,1401.4858,1553.5511,1434.3237,1416.5696,1256.6058,1413.2662,1571.2459,1198.6257,1195.9208,1007.9087,1155.7601,1405.9652,995.5329,1005.1936,807.8358,949.0490,1217.4897,929.3668,948.1798,718.0457,869.0131,1184.6764,837.8161,864.7724,612.6675,761.0620,1115.0227,760.4908,783.9579,549.7214,686.2565,1026.1100,690.1509,710.4132,491.3316,612.1516,949.8522,608.9228,628.9802,421.4999,526.6814,870.3404,537.0434,558.1022,355.7093,448.9554,807.1767,11.00000000000,45,033
01,099,00161576,01099,Monroe,Monroe County,06,H1,G4020,,,,A,2656485275.00000000000,22643193.00000000000,+31.5803324,-087.3832656,01099,1285.0864,1281.5748,1271.2683,1281.5453,1292.0705,1226.7213,1221.3547,1198.9547,1221.3419,1243.3139,1049.3653,1042.9044,1008.5981,1043.0342,1076.9490,1015.0933,1006.8592,958.4315,1006.5397,1055.2914,931.1466,922.1958,855.5868,921.3403,988.6399,1087.8327,1076.1347,979.6070,1074.5056,1171.9467,955.8377,945.0734,841.8063,943.2890,1046.8481,801.3965,792.0814,706.4094,790.5158,875.6308,737.6141,728.8346,646.8918,727.2082,808.0702,628.8549,627.8418,529.5266,606.8675,737.7334,633.6368,640.2443,514.9750,604.6257,774.9824,587.1057,599.3794,454.2896,549.4684,748.4386,545.5748,563.4534,399.5174,496.0012,726.1168,519.2404,535.5261,375.7875,468.8901,700.6208,498.0314,512.8516,354.9055,441.9968,685.4546,458.8440,474.0645,317.8031,397.0059,655.8385,421.2545,437.8077,279.0788,352.2013,633.1481,11.00000000000,01,099
21,159,00516923,21159,Martin,Martin County,06,H1,G4020,,,,A,594673664.00000000000,2574079.00000000000,+37.7967740,-082.5066231,21159,709.1799,707.2156,701.5143,707.2005,713.0303,654.5188,651.6166,639.6451,651.6125,663.3607,567.0061,563.4734,544.9285,563.5483,581.8870,509.4059,505.1292,480.8332,504.9787,529.4862,502.2533,497.3286,461.3986,496.8634,533.2010,532.4298,526.1173,478.5510,525.2083,573.4278,546.2491,539.1646,479.4193,537.9335,598.1531,529.2640,521.9978,464.4249,520.7358,578.2255,532.7245,525.2766,465.0847,523.8732,583.4753,463.2372,461.4218,388.1440,445.7189,543.1816,429.5682,432.9701,347.2347,408.5497,525.2170,395.1961,402.4163,303.9706,368.5503,503.6674,359.3184,370.1112,261.4429,325.4372,478.1374,337.1571,346.8101,242.4176,303.2907,454.8500,316.4252,324.9868,223.9939,279.7394,435.4364,294.8552,303.8640,202.8554,254.1499,421.3907,274.7121,284.8342,180.7957,228.8547,412.8524,11.00000000000,21,159
45,025,01247989,45025,Chesterfield,Chesterfield County,06,H1,G4020,,,,A,2069595909.00000000000,17274489.00000000000,+34.6370178,-080.1592269,45025,3304.9510,3295.7520,3269.1597,3295.6839,3322.8887,3025.4157,3012.0582,2956.7510,3012.0350,3066.3024,2668.6339,2652.0113,2564.7300,2652.3634,2738.6740,2643.5971,2621.3768,2495.2921,2620.5976,2747.7887,2784.5683,2757.1694,2557.9669,2754.5869,2956.0839,2917.7943,2885.3492,2625.8562,2880.7764,3143.0947,2596.0935,2565.3114,2283.6253,2560.1147,2843.1035,2356.2820,2327.2462,2073.8840,2322.3058,2574.4511,2440.2601,2410.1248,2138.0373,2404.5190,2673.2185,2122.9323,2117.9965,1784.8848,2046.8320,2490.1241,1982.3689,2001.5543,1608.5244,1889.7426,2424.3351,1885.2739,1923.2647,1456.2951,1762.6260,2403.1630,1760.6811,1817.0706,1287.0842,1599.0559,2343.2112,1673.9603,1725.2672,1209.4228,1510.1163,2258.5991,1583.5481,1629.5943,1126.5784,1404.0139,2179.3955,1460.1798,1507.6960,1009.7170,1262.2390,2087.0112,1349.9312,1402.2130,892.9604,1127.7094,2028.9076,11.00000000000,45,025
45,017,01247986,45017,Calhoun,Calhoun County,06,H1,G4020,192,17900,,A,987176844.00000000000,29350934.00000000000,+33.6747804,-080.7803468,45017,971.0873,968.4229,960.6290,968.4011,976.3634,845.2454,841.5903,826.1780,841.5785,856.6903,790.0300,785.1948,759.3723,785.2891,810.8130,846.7047,839.7517,799.3612,839.4909,880.1803,789.1674,781.6290,725.1771,780.9057,837.9256,798.9170,790.1821,719.2122,788.9583,860.6495,699.5751,691.5160,615.7937,690.1690,766.1645,661.0466,653.2708,582.5207,651.9605,722.2747,693.9818,685.8592,608.8893,684.3575,760.2869,512.5504,511.7562,431.6494,494.6685,601.2998,500.4165,505.8992,407.1662,477.8362,612.0876,476.3497,486.5844,369.0730,446.1605,607.2810,429.9640,444.3492,315.3625,391.2656,572.2740,397.7628,410.5429,288.3968,359.5794,536.7360,372.2787,383.6630,265.8281,330.7813,512.4022,343.3737,355.0625,238.3548,297.4718,490.8146,317.4863,330.2395,210.8279,265.7839,477.2011,11.00000000000,45,017
45,001,01245666,45001,Abbeville,Abbeville County,06,H1,G4020,,,,A,1270347571.00000000000,53116146.00000000000,+34.2138089,-082.4604603,45001,1546.8808,1542.6196,1530.1958,1542.5856,1555.2828,1521.5922,1514.9099,1487.1122,1514.8957,1542.1658,1289.1056,1281.2590,1239.1325,1281.4079,1323.0419,1382.0992,1370.6326,1304.7075,1370.2150,1436.6677,1429.3549,1415.4812,1313.2310,1414.1628,1517.5216,1231.7478,1218.1171,1108.6081,1216.1991,1326.8776,1119.1041,1105.9505,984.6139,1103.7366,1225.5966,1269.2164,1254.1333,1118.1555,1251.5861,1386.7661,1303.7163,1288.0370,1143.0576,1285.1291,1428.2261,1082.4295,1080.6254,911.3502,1044.5087,1269.8241,997.9684,1008.4229,811.1614,952.3361,1220.5934,953.1741,973.1793,737.6832,892.1685,1215.1098,892.7388,922.1072,653.9348,811.7620,1188.1745,851.4955,878.3427,616.4915,769.1053,1148.9515,804.4578,828.5639,573.5630,714.1588,1107.2114,770.0457,795.7735,533.6728,666.4982,1100.6607,733.6661,762.6835,486.3851,613.6324,1102.7163,11.00000000000,45,001
45,071,01248013,45071,Newberry,Newberry County,06,H1,G4020,192,35140,,A,1631788278.00000000000,44675199.00000000000,+34.2897302,-081.6000526,45071,2309.4508,2303.0829,2284.5315,2303.0325,2321.9938,2428.3706,2417.7411,2373.3958,2417.7161,2461.2149,2108.2492,2095.4060,2026.5087,2095.6507,2163.7438,2247.8977,2229.4377,2122.2060,2228.7455,2336.7711,2296.3727,2273.9232,2109.6475,2271.7990,2437.9139,2054.7050,2032.1274,1849.5409,2028.9586,2213.4397,1978.6047,1955.5922,1741.2560,1951.7329,2166.9142,2221.1527,2194.2599,1955.8534,2189.7006,2426.8381,2310.2073,2282.2014,2025.0928,2277.0027,2530.8139,2021.3131,2017.0801,1700.2869,1949.4323,2371.0415,1908.8725,1928.0907,1550.1917,1820.6129,2334.5738,1841.3220,1879.1809,1423.6637,1722.4822,2347.2286,1716.8876,1772.6164,1256.3404,1560.2129,2284.9938,1633.6021,1684.4004,1181.5219,1474.6348,2204.2106,1571.7179,1618.1345,1119.4127,1394.4313,2163.1713,1505.9931,1555.6827,1042.6051,1302.6976,2152.5392,1417.4078,1472.9242,938.7029,1184.8408,2130.3614,11.00000000000,45,071
45,023,01247988,45023,Chester,Chester County,06,H1,G4020,172,16900,,A,1503894983.00000000000,14261785.00000000000,+34.6893450,-081.1612490,45023,2139.4382,2133.4959,2116.2881,2133.4512,2151.0518,1919.4520,1911.0161,1875.9468,1910.9987,1945.4032,1616.8916,1606.8815,1554.0107,1607.0877,1659.3625,1668.1774,1654.3683,1574.7960,1653.8621,1734.0607,1803.1865,1785.7005,1656.7081,1784.0379,1914.4229,1817.4799,1797.2423,1635.5901,1794.3886,1957.8103,1481.9073,1464.3174,1303.5101,1461.3467,1622.9039,1435.3301,1417.5728,1263.1746,1414.5490,1568.2239,1550.5514,1531.4531,1358.6132,1527.9015,1698.5802,1356.0466,1353.2497,1140.7556,1307.8767,1590.6808,1180.0174,1191.7180,957.9753,1125.2325,1443.1461,1109.6745,1132.3051,857.6482,1037.8226,1414.5372,1040.8572,1074.4552,761.3313,945.6387,1385.2532,982.8021,1013.1739,710.4964,886.9240,1326.0728,914.7530,941.5841,651.1860,811.3377,1258.9691,841.7420,869.3439,582.4386,727.8999,1203.1030,782.5026,812.9949,517.9470,653.9182,1176.0903,11.00000000000,45,023
45,057,01248008,45057,Lancaster,Lancaster County,06,H1,G4020,172,29580,,A,1422317473.00000000000,15441829.00000000000,+34.6868182,-080.7036885,45057,5722.7696,5706.8042,5660.7386,5706.6877,5753.8247,6594.5710,6565.4972,6444.9643,6565.4438,6683.7047,6713.4706,6671.9118,6452.3889,6672.7676,6889.8153,7717.9083,7654.4510,7286.2866,7652.0800,8022.9963,8241.9499,8162.2766,7572.6863,8154.6868,8750.5516,8930.5723,8832.5058,8038.9473,8818.7452,9620.5160,8603.6145,8503.4272,7571.3296,8486.6187,9422.4312,8725.8829,8620.8853,7684.8767,8603.1071,9533.9635,9859.3601,9740.0933,8643.0534,9717.9593,10800.8823,9587.7235,9569.1862,8067.7691,9248.6753,11246.9693,9652.0695,9750.0301,7839.8029,9206.7757,11804.7230,9830.6029,10033.3599,7601.8826,9196.9279,12531.6552,9795.0804,10113.4532,7168.3363,8901.7724,13036.2432,9833.1413,10139.1473,7112.3420,8876.5697,13267.8269,9854.9983,10146.1083,7019.0703,8743.4614,13563.5398,9697.3818,10017.2985,6713.4575,8388.2673,13860.6153,9478.2917,9849.3739,6276.8791,7922.9065,14245.8460,11.00000000000,45,057
45,003,01247979,45003,Aiken,Aiken County,06,H1,G4020,,12260,,A,2773965154.00000000000,24764187.00000000000,+33.5493166,-081.6338704,45003,10420.1540,10391.3366,10307.5893,10391.1129,10476.7360,10447.1869,10401.1974,10210.2840,10401.1080,10588.4132,10549.4678,10483.4336,10138.3365,10484.8626,10826.1643,12118.3932,12017.0827,11439.0788,12013.4733,12596.3638,12721.8595,12597.2017,11687.1132,12585.4227,13505.8057,12489.6136,12350.2314,11239.1972,12330.5617,13453.8659,11174.2419,11041.3749,9828.6345,11018.9218,12237.3924,11776.6518,11631.6724,10365.4988,11607.0093,12867.0653,12599.2758,12444.2233,11039.9044,12415.3921,13802.1264,11450.0179,11425.9129,9631.2910,11042.6823,13431.0742,11335.4204,11447.9340,9202.6541,10809.2933,13863.0921,11247.0625,11476.5764,8692.9105,10518.9898,14337.0040,10922.0326,11274.7058,7989.0856,9923.0253,14535.8951,10635.1077,10963.9080,7688.6726,9597.7688,14349.7242,10317.4518,10620.2421,7344.9781,9151.2425,14199.8608,9943.5605,10269.8126,6880.7248,8598.9731,14212.3568,9593.6152,9967.6415,6350.4498,8017.3772,14419.0797,11.00000000000,45,003
45,041,01248001,45041,Florence,Florence County,06,H1,G4020,,22500,,A,2071897847.00000000000,9740547.00000000000,+34.0285346,-079.7102329,45041,8514.9640,8491.5744,8423.2205,8491.3843,8561.2232,8596.0247,8558.6994,8401.8792,8558.5903,8712.3741,8513.1109,8460.6727,8182.3541,8461.7280,8736.8740,8808.5179,8736.1397,8315.9482,8733.4302,9156.7471,9380.2338,9290.9505,8619.9548,9282.3649,9959.9964,8213.5257,8123.4077,7393.6059,8110.7661,8848.0945,8458.5031,8360.6459,7444.7704,8344.2660,9263.5830,8655.9926,8551.8325,7623.3180,8534.1962,9457.6003,9041.9784,8933.8295,7928.8620,8913.7847,9905.5937,8340.7069,8326.4886,7021.8780,8048.1151,9784.6073,7804.3345,7884.4798,6340.6402,7445.4605,9545.0493,7643.6342,7802.3004,5912.5052,7152.2085,9743.9191,7365.0576,7605.5011,5391.7771,6694.6894,9802.2269,7139.0139,7362.2569,5165.5325,6445.8993,9632.7458,6811.0804,7013.3789,4853.0190,6044.2649,9374.2516,6594.5419,6813.1324,4567.2086,5705.5998,9425.7518,6242.2436,6487.5918,4135.5586,5219.0713,9382.1341,11.00000000000,45,041
01,075,00161563,01075,Lamar,Lamar County,06,H1,G4020,,,,A,1566544654.00000000000,1600679.00000000000,+33.7870852,-088.0874309,01075,835.2021,832.8702,826.1463,832.8533,839.7342,855.3932,851.6149,835.9768,851.6085,866.9529,726.1810,721.6661,697.9169,721.7609,745.2448,717.5945,711.6588,677.4292,711.4407,745.9381,800.9170,793.0007,735.7041,792.2565,850.2260,750.8428,742.6462,675.9537,741.4984,808.8643,741.6527,732.8882,652.4389,731.4102,812.2219,719.9011,711.1795,633.9044,709.7006,786.5658,703.5462,694.8270,616.3538,693.2044,770.7062,570.0688,568.9457,479.6574,549.8838,668.7195,553.5812,559.1245,449.5096,527.9479,677.0316,519.3802,530.0317,401.5238,485.8248,662.0776,486.3166,502.0739,355.8163,441.9025,647.2330,465.7638,480.2171,336.8173,420.4017,628.4499,439.7645,452.7237,313.1610,390.1243,605.2500,404.9354,418.2737,280.2987,350.2446,578.7789,373.3841,387.9901,247.2472,312.0969,561.1945,11.00000000000,01,075
01,023,00161537,01023,Choctaw,Choctaw County,06,H1,G4020,,,,A,2365954748.00000000000,19059251.00000000000,+31.9910082,-088.2488874,01023,847.5344,845.2124,838.4120,845.1932,852.1397,806.2906,802.7482,788.0175,802.7408,817.1921,684.4137,680.2056,657.8315,680.2895,702.4075,688.5708,682.9349,650.0871,682.7216,715.8063,668.2165,661.8247,614.0247,661.2119,709.4960,721.6544,713.9063,649.8777,712.8278,777.4581,678.7971,671.1749,597.8562,669.9127,743.4315,579.2022,572.2528,510.1407,571.0768,632.8418,512.3491,506.2557,449.3425,505.1271,561.2887,455.3429,454.7054,383.5939,439.5409,534.2032,451.5457,456.2654,367.0036,430.8854,552.2740,423.0666,431.9198,327.3752,395.9564,539.3237,402.3101,415.5029,294.6220,365.7656,535.4437,385.7737,397.8818,279.2090,348.3764,520.5325,368.0192,378.9792,262.2718,326.6235,506.5159,342.5376,353.9082,237.2618,296.3843,489.5991,313.1610,325.4747,207.4817,261.8366,470.6835,11.00000000000,01,023
01,043,00161547,01043,Cullman,Cullman County,06,H1,G4020,142,18980,,A,1903228333.00000000000,52266921.00000000000,+34.1319229,-086.8692666,01043,5101.0087,5086.6565,5045.5334,5086.5580,5128.6723,5324.9679,5301.3333,5203.9247,5301.3012,5396.8962,5113.5415,5081.3823,4914.0777,5082.0927,5247.5773,5444.1559,5398.3310,5138.6785,5396.7308,5658.6841,6069.0502,6008.8415,5574.6655,6003.1940,6442.5492,6194.9485,6125.1828,5573.7547,6115.3066,6673.0418,5477.3985,5412.0349,4817.3895,5400.9761,5998.5074,5404.5918,5338.1554,4757.1649,5326.8568,5905.0146,5554.1015,5485.7589,4866.7050,5473.0510,6084.3518,5388.1504,5376.8615,4532.3916,5196.5338,6320.4091,4844.2646,4892.3810,3932.8714,4619.4626,5924.4864,4706.9631,4803.0982,3638.1792,4402.3638,6000.1319,4547.2046,4694.1244,3326.2762,4131.3980,6051.7834,4394.1187,4530.0476,3176.8721,3965.6200,5928.8974,4182.5549,4305.4162,2977.7545,3709.9344,5756.4398,3918.2918,4047.0167,2711.6624,3388.6588,5600.4360,3675.8591,3819.3601,2433.5574,3072.1465,5524.7807,11.00000000000,01,043
01,101,00161577,01101,Montgomery,Montgomery County,06,H1,G4020,388,33860,,A,2031190777.00000000000,40571253.00000000000,+32.2036505,-086.2038308,01101,13191.6532,13155.3614,13049.4375,13155.0698,13263.3116,13702.7628,13643.3232,13393.3700,13643.1449,13888.2498,13367.2990,13285.2978,12848.3465,13286.9153,13718.8416,14807.4141,14686.9165,13980.5074,14682.2815,15393.5478,15670.3319,15520.5149,14399.5598,15506.1479,16638.4283,13463.6035,13316.7378,12120.9170,13296.1787,14504.0367,11829.3558,11693.1977,10412.8755,11670.4481,12955.3535,12045.3066,11899.1591,10606.0070,11874.3708,13160.7196,12098.2047,11951.1722,10604.3953,11923.8707,13253.4436,11077.4797,11056.2872,9321.7581,10686.0285,12994.5965,10791.6151,10901.1183,8765.3484,10293.7206,13198.4126,10266.9129,10478.8771,7939.6397,9605.3756,13087.8712,9577.1436,9888.8500,7009.5573,8704.2345,12746.2291,8920.8084,9199.0292,6453.4964,8053.7602,12036.8731,8129.2156,8370.1635,5791.3373,7213.3640,11188.3919,7507.6833,7756.2575,5199.1239,6495.2939,10730.9087,6908.2457,7179.6211,4576.5256,5775.7245,10383.1305,11.00000000000,01,101
01,053,00161552,01053,Escambia,Escambia County,06,H1,G4020,,,,A,2447746932.00000000000,20873208.00000000000,+31.1217475,-087.1684290,01053,2255.2262,2248.8504,2230.6536,2248.8082,2267.4524,2343.6593,2333.1689,2290.2516,2333.1608,2375.2917,2003.3131,1990.7715,1925.2382,1991.0431,2055.8560,1912.3502,1896.7304,1805.5017,1896.1358,1988.0115,2105.7271,2084.9393,1934.2986,2082.9838,2235.3843,2527.1112,2498.4640,2273.4168,2494.3997,2722.0856,2405.1671,2375.9290,2114.3963,2370.9513,2633.9283,2346.7133,2317.1972,2064.3308,2312.1544,2563.9616,2469.6338,2438.0233,2161.6453,2432.1203,2705.2614,2198.5749,2192.4767,1846.7066,2118.5436,2578.6108,1953.8761,1971.7385,1583.5703,1861.2686,2389.3197,1883.6768,1920.5761,1453.2068,1759.7993,2400.9990,1788.6320,1844.8742,1305.7320,1623.1334,2380.3177,1706.6277,1757.9218,1231.2736,1538.2962,2302.5851,1622.6280,1668.8355,1152.6736,1437.4259,2233.1021,1489.8779,1537.4507,1028.6430,1286.7705,2129.3946,1363.0140,1414.9823,900.1518,1137.6316,2048.5200,11.00000000000,01,053
21,033,00516863,21033,Caldwell,Caldwell County,06,H1,G4020,,,,A,893004660.00000000000,8702792.00000000000,+37.1486431,-087.8705100,21033,729.0098,726.9630,721.0881,726.9487,732.9640,809.0270,805.4641,790.6792,805.4573,819.9631,644.7437,640.8055,619.7334,640.8816,661.7092,686.7295,681.0084,648.2530,680.8025,713.8281,701.9935,695.1486,644.9303,694.4999,745.2739,766.0698,757.4714,689.2975,756.2557,825.1994,674.6893,666.6456,593.4049,665.2851,738.8788,661.3412,653.2600,582.2093,651.8873,722.5790,738.7275,729.4513,646.9435,727.7226,809.2312,690.3403,688.6314,580.2263,665.4655,809.7194,620.4941,626.4381,503.3712,591.4248,758.8224,589.2258,601.0391,455.0465,550.8173,751.0802,561.5438,579.4717,410.3998,509.9247,747.3284,540.7997,557.3232,390.6336,487.8011,729.6719,517.3055,532.3012,367.9436,458.5972,711.9502,485.7153,501.4823,335.8043,419.8234,694.2222,457.3139,474.9937,302.4502,381.9933,687.3277,11.00000000000,21,033
01,111,00161582,01111,Randolph,Randolph County,06,H1,G4020,,,,A,1503616599.00000000000,9285288.00000000000,+33.2964753,-085.4640679,01111,1456.1537,1452.1121,1440.4014,1452.0815,1464.0586,1423.8820,1417.5690,1391.5257,1417.5600,1443.1174,1282.1049,1274.0928,1232.1548,1274.2649,1315.7400,1307.0293,1296.1439,1233.8014,1295.7518,1358.6073,1343.8197,1330.8172,1234.6864,1329.5792,1426.7373,1398.3283,1382.7869,1258.4311,1380.5968,1506.3038,1234.1886,1219.5260,1085.5892,1217.0489,1351.6145,1164.2526,1149.8833,1024.6754,1147.4376,1272.0500,1119.2582,1105.5441,980.8462,1102.9954,1226.1208,1022.9298,1021.1149,861.0566,986.9576,1199.9970,929.8367,939.1843,755.0945,886.8270,1137.1990,870.9063,888.8399,673.4103,814.7318,1110.1928,821.9529,848.6716,601.5342,746.9941,1093.9349,777.0450,801.2386,562.0600,701.4692,1048.4655,725.9738,747.4450,517.1099,644.1254,999.1676,673.0666,695.3070,466.0248,582.2498,962.0268,618.3687,642.6204,409.5819,516.9462,929.4090,11.00000000000,01,111
01,057,00161554,01057,Fayette,Fayette County,06,H1,G4020,,,,A,1625631609.00000000000,4392821.00000000000,+33.7322485,-087.7520486,01057,1005.4703,1002.6675,994.5750,1002.6469,1010.9269,974.5692,970.2646,952.4478,970.2573,987.7394,911.9773,906.2951,876.4673,906.4156,935.9119,963.3252,955.2890,909.3410,955.0009,1001.3314,949.6087,940.1550,872.2201,939.2702,1008.0274,1039.3491,1027.6361,935.1166,1025.9776,1119.5582,874.9619,864.3240,769.1813,862.5129,958.1815,787.3010,777.5159,692.7861,775.8481,860.1927,825.0026,814.5423,722.3066,812.5909,903.7281,743.1853,741.4362,624.8052,716.5183,871.7247,652.4501,658.7539,529.3893,621.9510,797.9111,613.3050,625.6534,473.7340,573.3927,781.7800,572.6752,591.0079,418.6197,520.0948,762.1469,533.8886,550.2457,385.7187,481.6242,720.3512,501.9683,516.5609,357.1074,445.0533,690.8454,455.1497,469.9599,314.7350,393.4487,650.5381,422.0020,438.3475,279.1513,352.5353,634.2569,11.00000000000,01,057
45,031,01247992,45031,Darlington,Darlington County,06,H1,G4020,,22500,,A,1453380435.00000000000,14637405.00000000000,+34.3321854,-079.9621155,45031,4158.6262,4147.1547,4113.7467,4147.0642,4181.2119,4305.3216,4286.6372,4208.0989,4286.5819,4363.5982,3730.3314,3707.5190,3585.5952,3707.9621,3828.4742,3591.7454,3562.2948,3390.9554,3561.1857,3733.7784,3893.2965,3855.5692,3577.0596,3851.9805,4133.4872,4037.2620,3993.2354,3634.6578,3987.0729,4349.2554,3523.6038,3482.9086,3101.4316,3476.1008,3858.9882,3552.3320,3509.5905,3128.5416,3502.3537,3881.3042,3487.8282,3445.5721,3057.4265,3437.7287,3820.8915,3029.4054,3023.7781,2549.5637,2922.5616,3553.7283,2910.5290,2940.2559,2364.3781,2776.4879,3559.6805,2733.6027,2790.2018,2114.2432,2557.6711,3484.7126,2552.1521,2635.3384,1868.1409,2319.6887,3396.6722,2444.9842,2521.3074,1768.8718,2207.4350,3299.0307,2311.4958,2380.0108,1646.7386,2051.0823,3181.3552,2139.7243,2210.5322,1481.7088,1851.1422,3058.3557,1985.4104,2063.3370,1315.1632,1659.8462,2984.0784,11.00000000000,45,031
45,085,01244717,45085,Sumter,Sumter County,06,H1,G4020,,44940,,A,1722512472.00000000000,44079489.00000000000,+33.9160459,-080.3824721,45085,6106.9695,6090.1471,6041.0991,6090.0128,6140.1401,5600.2773,5575.8355,5473.6041,5575.7730,5676.0429,5555.9158,5521.5354,5339.8656,5522.2423,5701.8620,6241.2489,6189.4101,5891.7097,6187.5280,6487.6307,6237.4534,6177.0463,5730.8464,6171.2981,6622.2866,5882.0402,5817.4687,5294.8093,5808.4090,6336.4707,5474.8455,5409.8663,4815.7746,5398.8925,5995.7524,5437.9178,5370.9866,4786.3377,5359.6009,5941.4217,5859.5309,5787.3669,5134.2124,5773.9471,6418.9328,5250.3898,5238.6099,4415.1071,5062.7084,6158.6241,4443.1960,4487.0993,3606.8570,4236.7179,5433.9466,4329.2238,4417.4075,3345.7966,4048.7710,5518.5859,4112.1097,4244.7462,3007.6186,3735.8064,5472.7045,3878.4879,3998.2642,2803.7310,3500.0146,5233.1493,3653.9428,3761.0446,2601.0053,3240.7604,5028.8940,3430.8621,3543.3092,2373.8671,2966.7828,4903.7318,3218.0851,3343.4461,2130.0139,2689.2255,4836.7341,11.00000000000,45,085
45,045,01245489,45045,Greenville,Greenville County,06,H1,G4020,273,24860,,A,2033451179.00000000000,25241099.00000000000,+34.8926452,-082.3720772,45045,34119.4973,34024.6532,33750.1834,34023.9433,34304.6982,36296.9637,36136.9960,35473.6062,36136.6982,36787.5776,36903.7017,36673.1403,35466.0208,36678.0889,37871.8758,42834.9078,42476.9279,40433.8506,42464.1619,44524.4695,46142.2845,45690.1479,42389.2489,45647.4246,48985.6610,44909.3370,44409.4232,40415.1340,44338.9391,48376.9003,45397.4951,44862.3198,39938.9426,44772.1470,49717.2806,48989.4772,48390.7584,43127.5256,48289.0580,53525.7254,54308.7131,53642.0071,47590.2408,53518.0710,59493.7551,52674.2712,52565.0224,44310.4183,50802.4111,61788.2540,52798.3184,53325.8466,42870.3430,50352.0505,64572.3129,53524.7751,54620.4053,41375.4690,50064.1227,68230.2162,53413.1776,55141.0624,39075.3036,48531.6017,71086.7130,53731.2686,55395.3530,38850.1414,48494.0621,72498.7155,53849.2245,55432.1748,38339.7597,47765.8196,74112.6460,53570.8086,55330.7565,37073.8358,46329.7062,76569.0555,52645.1364,54699.5588,34851.6795,43997.8920,79125.0811,11.00000000000,45,045
01,081,00161566,01081,Lee,Lee County,06,H1,G4020,194,12220,,A,1573510728.00000000000,21530362.00000000000,+32.6040644,-085.3530477,01081,9661.9051,9635.0873,9557.3841,9634.8843,9714.3556,10915.1921,10867.4373,10668.1231,10867.3231,11062.8293,11753.0435,11680.1798,11295.8474,11681.6907,12061.7038,14545.1632,14424.1746,13730.3946,14419.8008,15119.2388,15871.8942,15717.1390,14581.7172,15702.4724,16850.4580,16780.3973,16594.4852,15102.5000,16568.3162,18076.3106,14932.2209,14756.0328,13136.5048,14726.3381,16353.0736,17982.9035,17762.8940,15830.6742,17725.5140,19648.0406,19869.7292,19625.9894,17412.0217,19580.6835,21766.7842,19464.7229,19424.6208,16374.5125,18773.3462,22832.6774,22409.4708,22633.1763,18195.3442,21370.9426,27406.7385,22855.7335,23323.3594,17667.4443,21377.7138,29135.1088,22877.9193,23617.7785,16736.3335,20786.7577,30447.8241,23376.3972,24100.0970,16901.7118,21097.5359,31541.3634,23767.6436,24465.9952,16921.6088,21082.1804,32711.3638,23783.9955,24565.0457,16459.2203,20568.7411,33994.5746,23811.6541,24740.5375,15762.9755,19900.0426,35788.6414,11.00000000000,01,081
01,085,00161568,01085,Lowndes,Lowndes County,06,H1,G4020,388,33860,,A,1854199648.00000000000,23723525.00000000000,+32.1478880,-086.6505859,01085,547.8691,546.3854,541.9983,546.3722,550.8485,448.8705,446.9022,438.7034,446.8978,454.9406,440.5293,437.8136,423.4109,437.8684,452.1072,429.4209,425.7812,405.3016,425.6567,446.3263,501.7846,496.7586,460.8605,496.2899,532.6336,484.4383,478.9578,435.8231,478.1807,521.8174,365.9135,361.5247,321.7825,360.7809,400.7233,323.7388,319.7077,284.8601,319.0204,353.7115,329.4047,325.3223,288.5807,324.5626,360.8494,294.0733,293.3995,247.2640,283.5439,344.9399,278.5305,281.2497,226.0452,265.5457,340.6323,268.7625,274.2069,207.6575,251.3137,342.5957,253.2742,261.4209,185.2072,230.0684,337.0744,251.3979,259.1456,181.7060,226.8454,339.2036,246.7971,254.0233,175.6653,218.8798,339.6643,237.7669,245.5571,164.5100,205.6018,339.8401,234.7089,243.8519,155.3509,196.1367,352.7640,11.00000000000,01,085
01,065,00161558,01065,Hale,Hale County,06,H1,G4020,,46220,,A,1667803914.00000000000,32525967.00000000000,+32.7527958,-087.6230608,01065,751.6287,749.5867,743.5646,749.5689,755.7153,720.0518,716.9363,703.8059,716.9264,729.8010,665.6648,661.6085,639.8545,661.6859,683.1862,670.2846,664.8577,632.8796,664.6460,696.8347,661.9240,655.5836,608.2336,654.9763,702.8090,735.8183,727.9277,662.6477,726.8300,792.7201,644.4982,637.1957,567.5305,635.9825,705.8592,537.7407,531.4398,473.9086,530.3789,587.5493,573.6823,566.7942,503.0085,565.5170,628.4725,563.7180,562.4176,473.9722,543.5232,661.2236,474.6266,479.4047,385.4427,452.6811,580.4739,454.3291,463.6541,351.2473,424.9860,579.1549,424.8995,438.6618,310.8716,386.0882,565.4932,406.4272,419.0245,293.8825,366.8253,548.3865,391.7560,403.2734,278.9261,347.5006,539.1736,364.7030,376.6774,252.3813,315.3977,521.2715,338.8288,352.0388,224.2864,283.1591,509.2553,11.00000000000,01,065
12,045,00306917,12045,Gulf,Gulf County,06,H1,G4020,,,,A,1460784877.00000000000,496109237.00000000000,+29.9072571,-085.2565366,12045,957.7127,954.9639,947.2151,954.9478,962.8988,822.0252,818.2792,803.1919,818.2810,833.1011,745.7235,740.9839,716.5757,741.0932,765.2424,715.5395,709.3096,675.1921,709.1134,743.6032,758.4730,750.8514,696.5892,750.1420,805.0866,919.3646,908.4007,826.2314,906.8190,990.1387,1250.7707,1234.0842,1096.9195,1231.1599,1369.5641,1097.7052,1082.2107,962.4254,1079.5065,1199.2277,1188.3704,1171.6309,1037.2438,1168.4743,1301.5671,1170.6289,1165.8033,980.4355,1126.0649,1372.5957,1015.4420,1023.1157,820.1720,965.2960,1241.4832,977.6086,995.1533,751.3882,911.2964,1245.8992,925.1331,952.6588,672.6847,837.5702,1231.0321,888.9449,914.1692,638.7643,799.3646,1199.2325,845.1408,867.7944,597.8918,746.8854,1162.9910,790.0647,814.0083,543.2055,680.7499,1129.1028,730.0482,756.7593,480.1292,607.9508,1097.1447,11.00000000000,12,045
12,103,00295745,12103,Pinellas,Pinellas County,06,H1,G4020,,45300,,A,709135878.00000000000,865905939.00000000000,+27.9031220,-082.7395180,12103,64785.6145,64606.0065,64085.0940,64604.6361,65137.3397,62640.3041,62365.6763,61221.5565,62365.0629,63487.4034,61844.6093,61461.4456,59439.1321,61469.3677,63468.9200,73073.5234,72467.8898,68982.3081,72445.7661,75959.0350,78662.2319,77899.9332,72272.7767,77827.4225,83515.1465,81162.4351,80270.4036,73057.9900,80145.1936,87432.5188,74256.2483,73393.8209,65350.8341,73249.2671,81323.5684,72642.3372,71766.0884,63971.9677,71617.6462,79369.4253,76288.5710,75367.3872,66880.3602,75196.4631,83573.9707,73820.5828,73683.0930,62127.1382,71216.5610,86597.2009,77442.4207,78232.3374,62908.7814,73874.5891,94714.6646,76774.5894,78362.7197,59376.9688,71831.5955,97869.7092,75153.0591,77600.7891,55007.8469,68305.4012,100021.4268,74295.3545,76612.6306,53747.0681,67074.5065,100246.9568,72740.4309,74894.6594,51817.9210,64543.1117,100113.8760,70057.1719,72373.9294,48510.1539,60606.6692,100134.1709,67228.4138,69865.7737,44530.6539,56202.7771,101044.4492,11.00000000000,12,103
12,067,00295732,12067,Lafayette,Lafayette County,06,H1,G4020,,,,A,1407428266.00000000000,11646289.00000000000,+29.9900661,-083.1785097,12067,435.4969,434.2785,430.7712,434.2698,437.8596,522.5572,520.2418,510.6847,520.2383,529.6169,363.2196,361.0579,349.1979,361.0942,372.8092,377.0923,374.1987,356.2011,374.0687,392.1308,293.1075,290.5987,269.6363,290.3410,311.4088,298.0799,295.2032,268.9335,294.8193,321.2239,435.9759,430.9517,383.7601,430.1119,477.4743,515.6947,509.5892,454.3605,508.5589,563.4576,482.3624,476.7120,423.2087,475.6673,528.4481,402.4825,402.0301,339.2627,388.6523,472.2150,360.7673,364.5685,293.2746,344.2986,441.2501,350.5177,357.8979,271.3148,328.1132,446.8440,339.2732,350.4646,248.5709,308.5372,451.5523,323.3413,333.5647,234.1520,292.0915,436.2978,312.0697,321.4558,222.5606,277.0845,429.5183,297.0379,306.9972,205.9212,257.1393,424.5720,275.9690,286.9167,183.0125,230.8585,414.7895,11.00000000000,12,067
12,023,00306909,12023,Columbia,Columbia County,06,H1,G4020,,29380,,A,2065707648.00000000000,9722658.00000000000,+30.2213046,-082.6231271,12023,3887.0781,3876.1257,3844.7810,3876.0515,3908.1562,3840.6683,3823.4346,3753.0818,3823.4243,3892.4936,4011.2124,3985.8478,3854.5824,3986.4208,4116.2765,4548.6703,4510.4256,4293.4801,4509.0856,4727.9388,4716.0454,4669.5485,4332.1706,4665.1713,5006.4690,4106.5094,4061.4575,3696.5816,4055.1379,4423.7755,4416.9002,4363.0406,3882.6263,4353.8618,4836.9829,4538.2098,4479.6989,3989.4164,4469.6541,4958.2541,4782.7781,4721.0956,4185.4279,4709.5674,5239.0462,4416.6046,4404.4208,3709.8744,4255.9161,5180.0554,3684.1941,3717.7389,2985.7134,3509.4044,4505.2365,3634.9446,3706.0768,2804.1366,3395.8059,4633.2163,3495.2383,3605.1110,2551.5281,3171.7901,4651.4723,3294.5299,3393.5023,2376.8090,2969.5169,4444.9813,3088.9676,3176.8674,2194.2111,2736.3199,4251.1107,2872.7849,2964.4955,1983.3970,2481.1288,4105.9005,2655.1430,2756.3903,1753.5142,2216.1159,3990.5052,11.00000000000,12,023
12,129,00306912,12129,Wakulla,Wakulla County,06,H1,G4020,,45220,,A,1570616974.00000000000,334904032.00000000000,+30.1403780,-084.3751361,12129,2027.6248,2021.7970,2005.3878,2021.7635,2038.6034,2113.0057,2103.4496,2064.7055,2103.4491,2141.4968,1966.7744,1954.0865,1889.6760,1954.3965,2018.1483,2046.5060,2028.8072,1931.2228,2028.2380,2126.8470,2302.0998,2278.8496,2114.1524,2276.6918,2443.5032,2551.0593,2520.8102,2292.9012,2516.4544,2747.4943,2641.1816,2606.7690,2317.7696,2600.7803,2892.1257,2601.5766,2566.4305,2283.9419,2560.3441,2842.2779,2489.6495,2455.6964,2175.1734,2449.3142,2726.9334,2326.8773,2318.7519,1951.4667,2240.1096,2728.6854,2081.9556,2099.0888,1684.0470,1980.8961,2545.6341,1990.5319,2027.6705,1532.3971,1857.2936,2536.9759,1892.4338,1950.1650,1378.4706,1715.1045,2518.3005,1801.1434,1853.5907,1296.5495,1621.3426,2429.9549,1678.3893,1724.5833,1189.4814,1484.7909,2309.7136,1547.7922,1595.7770,1066.0849,1334.9879,2212.0672,1423.5073,1476.5369,937.8820,1186.5934,2139.3604,11.00000000000,12,129
12,013,00306919,12013,Calhoun,Calhoun County,06,H1,G4020,,,,A,1469389276.00000000000,18074798.00000000000,+30.3888013,-085.1979155,12013,872.1818,869.6926,862.6432,869.6774,876.9068,862.9359,859.0215,843.1926,859.0221,874.5681,785.8208,780.9182,755.2154,781.0228,806.4408,801.4113,794.6993,756.4754,794.4615,833.0126,860.5780,852.1011,790.5369,851.3027,913.5793,832.6071,823.1086,748.9293,821.7580,896.8278,910.5033,899.0553,799.7522,897.0849,997.0598,863.1072,851.6606,758.1316,849.6851,942.9755,978.9377,965.9810,856.0381,963.5529,1072.2862,817.8456,815.0877,686.0734,787.4698,959.0961,686.4035,692.2401,555.5455,653.3205,839.3050,665.5679,678.2006,512.7589,621.2878,848.3067,613.4777,632.3926,447.2065,556.2429,816.3851,566.2876,582.9734,407.9797,510.0070,764.0063,519.1152,533.5993,368.2433,459.4859,714.3956,472.4746,487.3148,325.7707,407.7559,675.2628,423.3938,439.3392,279.2625,353.1407,636.3206,11.00000000000,12,013
12,086,00295755,12086,Miami-Dade,Miami-Dade County,06,H1,G4020,,33100,33124,A,4915061046.00000000000,1381673402.00000000000,+25.6104937,-080.4990449,12086,200444.4238,199885.9164,198272.7845,199881.7983,201532.2545,218813.0470,217845.9622,213845.3662,217844.3573,221769.8945,214609.1903,213267.4789,206247.4379,213296.3502,220238.9845,250269.6990,248162.3381,236226.0544,248088.8306,260131.1389,273429.4241,270719.6772,251158.7617,270465.3560,290258.5803,270438.2671,267409.7363,243346.7046,266981.8435,291314.2161,247983.7461,245038.3230,218127.1584,244540.7639,271578.0261,245914.3499,242875.2534,216425.2011,242357.8572,268683.1594,260928.8762,257693.0288,228587.2385,257090.8245,285836.6985,258988.4265,258416.2993,217802.1563,249741.6445,303791.4912,284244.8203,287040.8450,230719.5919,271020.0002,347624.0955,279018.9583,284687.5361,215610.9452,260925.0322,355671.6870,271915.8984,280671.1301,198854.2848,247013.2324,361884.7305,270466.5725,278803.6338,195491.5023,244053.9436,364932.5632,266359.4597,274152.1416,189578.4009,236221.3347,366587.3328,258695.1892,267160.2947,178971.0494,223685.3640,369752.1218,250701.8721,260455.4458,165914.3369,209486.1531,376800.4048,11.00000000000,12,086
12,057,00295757,12057,Hillsborough,Hillsborough County,06,H1,G4020,,45300,,A,2642341101.00000000000,635973296.00000000000,+27.9065898,-082.3495681,12057,92099.1309,91842.5698,91101.4133,91840.6785,92598.9644,99620.7969,99181.2183,97360.2021,99180.4385,100967.1865,104366.6147,103716.4390,100302.9731,103730.2183,107105.7378,127198.6367,126138.7107,120071.6362,126100.5928,132217.7864,142733.9922,141341.7202,131131.0049,141209.8047,151533.7139,138264.8682,136734.5513,124441.9287,136519.2192,148943.2051,131627.1396,130081.6392,115811.4761,129821.5952,144152.7881,139202.4121,137505.0049,122553.0767,137216.8086,152092.2700,153082.2861,151207.0605,134152.3838,150858.5503,167698.0742,153373.1626,153057.3862,129024.0859,147925.6870,179911.1704,156363.5942,157929.0967,126967.2759,149122.9414,191233.1108,158356.7861,161601.5547,122417.9438,148122.3203,201864.2529,157882.0996,162992.7363,115506.8472,143456.8965,210122.9541,158224.4424,163127.9790,114409.0466,142806.3799,213489.9248,156963.0723,161580.5215,111761.0200,139235.0645,216028.4224,154451.2134,159528.7319,106894.3977,133578.4609,220758.2109,151020.0889,156916.6216,99982.6025,126218.0786,226981.7778,11.00000000000,12,057
12,117,00303665,12117,Seminole,Seminole County,06,H1,G4020,422,36740,,A,800879349.00000000000,93428200.00000000000,+28.6900793,-081.1319797,12117,31207.1846,31120.8482,30870.0186,31120.1810,31376.6356,31417.4121,31279.5991,30705.7253,31279.2971,31842.2565,34012.2982,33800.6003,32688.2128,33805.0688,34905.0652,41341.9044,40996.7430,39024.8617,40984.3982,42972.7949,46284.2246,45829.6510,42518.5808,45786.7571,49135.6577,44341.5403,43851.8829,39910.2511,43783.0381,47766.4077,40548.1620,40073.0765,35677.8983,39993.1991,44406.8481,39130.7670,38656.8705,34456.6813,38576.5239,42754.3846,41206.4083,40704.6232,36116.6017,40611.4290,45141.0231,39687.4045,39609.2200,33393.0956,38282.1550,46555.3306,43983.1189,44426.1713,35719.0245,41949.7936,53791.9148,43884.4725,44786.5178,33929.9296,41051.8333,55941.7811,42879.9449,44270.9263,31376.1156,38965.8469,57068.5474,42505.2544,43825.4958,30739.8400,38367.1262,57351.9832,41671.8904,42900.7040,29676.4005,36969.0292,57353.2988,40387.6884,41718.2506,27956.9968,34933.1920,57726.6089,39049.8992,40577.2006,25857.5737,32639.9421,58691.7961,11.00000000000,12,117
12,085,00308550,12085,Martin,Martin County,06,H1,G4020,442,38940,,A,1407565382.00000000000,542252066.00000000000,+27.0799538,-080.3982112,12085,10045.7839,10017.7533,9936.8871,10017.5488,10100.2976,9521.7941,9479.6567,9305.5403,9479.5905,9650.4477,9547.4244,9487.5547,9175.2162,9488.8607,9797.7783,11087.6923,10994.4161,10465.5993,10991.1537,11524.6381,11674.3750,11559.6370,10724.4775,11548.8151,12393.5457,12798.4316,12655.9026,11517.5612,12635.8039,13786.6134,12757.0841,12606.1060,11222.1339,12580.6329,13970.9127,12541.4879,12387.0510,11038.6084,12360.7777,13702.7159,13254.2145,13090.1141,11611.8934,13059.5805,14519.4724,12803.6571,12775.1582,10767.1381,12346.2569,15018.5424,12813.4697,12939.2504,10400.1482,12216.9806,15670.5016,12794.2537,13053.9165,9886.2487,11964.2319,16309.0880,12588.8642,12993.9398,9205.8844,11435.6150,16754.1190,12469.8184,12853.9403,9012.6608,11251.7414,16825.1351,12288.4138,12647.6782,8745.7071,10897.6845,16912.3763,11852.2689,12239.8703,8199.2517,10247.9828,16940.3889,11301.2082,11740.6760,7478.7646,9443.0217,16985.5000,11.00000000000,12,085
12,083,00306922,12083,Marion,Marion County,06,H1,G4020,,36100,,A,4103955681.00000000000,202185444.00000000000,+29.2028047,-082.0431004,12083,19585.2216,19531.0645,19373.6606,19530.6440,19691.5710,19092.5204,19008.6864,18659.8959,19008.5078,19350.6767,18619.7038,18504.1121,17895.2044,18506.5234,19108.6083,22080.0157,21897.1741,20843.9576,21890.4789,22952.0069,24385.9550,24149.3613,22404.8911,24126.8717,25890.2188,26052.6208,25766.3266,23451.2107,25726.1437,28065.2899,24462.0025,24176.6970,21526.1835,24128.8049,26790.0293,24735.9431,24436.3256,21781.1916,24385.5247,27026.5571,26387.8231,26067.1832,23129.7320,26007.6467,28907.5614,25700.3090,25650.0046,21624.8998,24790.7172,30147.8406,23982.4967,24226.1961,19480.0780,22876.4478,29331.2440,24157.5980,24656.2358,18681.4433,22600.8981,30795.1776,24048.5617,24830.6068,17600.1261,21855.8256,32006.1941,23823.6477,24565.5093,17232.5359,21506.6755,32145.2159,23372.8515,24063.8737,16648.0091,20737.4134,32168.3546,22499.7853,23242.7554,15577.7513,19463.2681,32159.3347,21552.8397,22397.3909,14274.4196,18016.9356,32393.9037,11.00000000000,12,083
12,003,00306920,12003,Baker,Baker County,06,H1,G4020,,27260,,A,1515741200.00000000000,9686121.00000000000,+30.3244416,-082.3022838,12003,1731.4928,1726.5883,1712.6125,1726.5563,1740.8783,1700.2695,1692.6120,1661.4524,1692.6095,1723.2046,1604.2750,1594.1578,1541.6639,1594.3838,1646.3104,1787.0845,1772.1814,1686.9423,1771.6467,1857.5939,1882.8861,1864.1800,1729.4793,1862.4270,1998.7444,1933.9300,1911.6557,1739.2405,1908.4784,2083.0365,2031.2891,2006.1695,1784.9579,2001.8690,2224.4408,1985.6891,1960.1743,1745.7288,1955.7970,2169.4841,1953.4185,1927.9992,1709.0112,1923.2441,2139.7435,1670.5479,1665.8072,1402.9942,1609.6051,1959.2854,1259.0431,1270.3426,1020.0554,1199.1043,1539.6009,1217.1716,1240.8122,938.6610,1136.8709,1551.4242,1144.4770,1180.2838,835.1790,1038.3546,1523.0580,1033.8733,1064.7782,745.6124,931.6832,1394.8886,927.0369,953.2774,658.2657,821.0263,1275.7991,823.2390,849.3943,568.1493,710.8466,1176.5977,705.1435,731.8992,465.4546,588.3847,1059.7761,11.00000000000,12,003
12,073,00306916,12073,Leon,Leon County,06,H1,G4020,,45220,,A,1727138746.00000000000,90486851.00000000000,+30.4593104,-084.2778004,12073,14171.7726,14132.4290,14018.4527,14132.1321,14248.7043,14529.9953,14466.1361,14200.6666,14466.0049,14726.4429,14749.3969,14658.0128,14175.7080,14659.9020,15136.7786,17685.9781,17538.0284,16694.4752,17532.7676,18383.4841,16665.8983,16501.3125,15309.0576,16485.8331,17692.0392,19125.4349,18912.8077,17211.9167,18882.8419,20602.2363,11209.2647,11073.0182,9854.1598,11049.8232,12275.4066,19296.9129,19062.7719,16991.0986,19023.0590,21083.8348,20230.2178,19983.6349,17730.9410,19937.8332,22161.8824,18931.0802,18893.4511,15928.0627,18260.3560,22207.0323,24435.3842,24681.2681,19843.7056,23305.4177,29884.7449,24448.2306,24950.4843,18902.0228,22869.8030,31165.3760,23966.1957,24743.3401,17536.0416,21778.1822,31896.3770,24384.7209,25141.6836,17634.2888,22010.1664,32902.0588,24971.7148,25707.3904,17782.2649,22152.6740,34368.6803,24816.7002,25633.4983,17177.1282,21464.1387,35470.7523,25386.3960,26378.2924,16808.2557,21218.0406,38155.5581,11.00000000000,12,073
12,109,00308371,12109,St. Johns,St. Johns County,06,H1,G4020,,27260,,A,1555689678.00000000000,572050772.00000000000,+29.8905926,-081.3839139,12109,17902.1753,17852.4558,17708.4671,17852.0813,17999.3545,20389.2034,20299.1794,19926.4471,20299.0240,20664.7503,22187.5314,22048.6406,21322.8345,22051.6481,22769.4732,27085.6017,26858.2878,25566.4411,26850.2805,28153.3451,28939.3732,28654.7645,26584.5008,28627.9310,30721.9880,30246.9778,29909.3260,27218.5994,29861.6719,32582.1456,30362.5714,30003.5145,26709.8034,29942.9518,33251.5822,32931.2455,32526.2056,28985.9106,32457.3148,35980.4092,35812.4850,35370.9982,31378.6329,35288.8898,39231.4034,35898.3971,35820.6328,30192.3352,34618.6013,42108.9252,37217.2992,37585.4962,30212.7105,35488.3552,45516.1437,37741.0442,38509.8981,29167.9446,35296.2466,48109.6033,37639.8278,38853.8258,27529.8337,34195.2702,50093.9031,37893.5319,39063.5837,27392.6427,34195.5438,51128.8025,37988.6360,39101.9478,27041.3297,33692.7045,52283.4562,37502.0013,38730.9191,25947.8400,32428.9824,53601.6007,36605.8915,38031.6273,24228.5738,30589.7751,55018.0944,11.00000000000,12,109
12,101,00295739,12101,Pasco,Pasco County,06,H1,G4020,,45300,,A,1934425891.00000000000,314858950.00000000000,+28.3020241,-082.4557068,12101,34308.4249,34212.7626,33936.6224,34212.0612,34494.6088,36087.8455,35928.4842,35268.7526,35928.2096,36575.5430,35820.5191,35597.1397,34425.5305,35601.8950,36760.5087,40956.0333,40614.3134,38660.8270,40602.0689,42571.8414,43765.8076,43337.0198,40206.1285,43296.5001,46462.7812,47040.0322,46517.6193,42334.4904,46444.0221,50672.4666,46901.9225,46349.3122,41263.0155,46256.2208,51364.8948,48180.8456,47593.1135,42417.7418,47493.3178,52642.2797,51028.2537,50402.3411,44716.6008,50285.9977,55900.1626,49473.2691,49370.6729,41617.7108,47715.1783,58033.3990,49684.4561,50181.8025,40343.6281,47383.6269,60764.2141,49968.1186,50991.9487,38627.8770,46738.6861,63696.5201,49517.7379,51120.6539,36227.3203,44993.4883,65902.4290,49557.0469,51092.9117,35833.8143,44728.0488,66866.6030,49361.1716,50813.2539,35146.2012,43786.1361,67935.8251,48228.2475,49813.7913,33378.4740,41710.6906,68932.9818,46612.2935,48432.3929,30859.8336,38957.3282,70057.8474,11.00000000000,12,101
12,121,00295729,12121,Suwannee,Suwannee County,06,H1,G4020,,,,A,1783341092.00000000000,9594285.00000000000,+30.1892438,-082.9927542,12121,2633.3673,2625.9290,2604.6845,2625.8796,2647.6444,2692.1404,2679.8783,2630.4706,2679.8837,2728.4157,2683.2521,2665.8801,2577.9935,2666.3101,2753.3061,3147.6737,3120.2040,2970.1233,3119.3454,3271.0858,3317.7754,3283.1240,3045.7450,3279.9709,3520.8118,3651.3597,3607.7546,3281.3765,3601.4612,3932.4294,3522.6648,3477.7549,3093.0756,3469.9913,3857.4737,3517.2673,3470.2704,3088.8158,3462.1480,3842.7198,3723.1699,3673.0252,3254.0904,3663.6113,4078.0949,3358.2859,3346.8299,2816.9590,3233.3927,3938.2649,2845.8911,2869.5330,2302.3661,2708.0279,3479.7441,2784.5391,2836.7318,2144.0779,2598.4550,3548.9842,2671.3031,2753.0042,1946.1662,2421.2529,3554.7766,2525.0579,2598.7049,1817.8653,2273.1444,3406.6117,2391.8231,2457.7701,1695.3002,2116.0805,3291.5141,2218.7816,2287.6340,1528.3632,1913.8057,3171.0337,2030.9259,2106.5744,1338.0652,1692.9082,3052.2370,11.00000000000,12,121
12,007,00303634,12007,Bradford,Bradford County,06,H1,G4020,,,,A,761356806.00000000000,16904947.00000000000,+29.9469338,-082.1667955,12007,1429.4809,1425.4084,1413.8585,1425.3831,1437.2260,1333.4983,1327.5485,1303.1390,1327.5426,1351.5019,1244.9600,1237.1076,1196.3706,1237.2832,1277.5799,1379.1333,1367.5785,1301.7999,1367.1694,1433.5126,1295.6170,1282.9917,1190.3078,1281.7949,1375.5017,1176.1575,1162.8947,1058.1926,1161.0164,1266.9220,1217.5978,1202.7222,1070.2653,1200.1855,1333.3979,1177.8226,1162.8079,1035.7148,1160.2358,1286.8486,1195.5302,1180.0021,1046.0036,1177.0978,1309.5683,1066.0200,1062.9411,895.1904,1027.0644,1250.2579,875.3785,883.1266,709.0274,833.5692,1070.4252,829.0055,844.9726,639.0792,774.1443,1056.6459,774.3800,798.4432,564.8200,702.3687,1030.5222,718.2945,739.5582,517.6634,647.0325,969.0951,666.4846,685.1097,472.8333,589.9644,917.2047,617.1304,636.4896,425.4672,532.5662,882.0038,561.0961,582.1594,369.9669,467.9106,843.2699,11.00000000000,12,007
12,115,00295741,12115,Sarasota,Sarasota County,06,H1,G4020,494,35840,,A,1439690708.00000000000,438941172.00000000000,+27.1843855,-082.3658351,12115,24493.6436,24425.8681,24228.9919,24425.3430,24626.6389,24058.3899,23953.1085,23513.7839,23952.8588,24383.7938,23383.4839,23238.4229,22473.7488,23241.4385,23997.5318,26589.6694,26369.3077,25100.9890,26361.2570,27639.6456,28002.2504,27730.7349,25727.5717,27704.9166,29729.6960,29574.4261,29247.0588,26617.6857,29200.9923,31858.4786,28464.3931,28131.9305,25047.3754,28076.0928,31173.2693,28457.7111,28113.4031,25059.1246,28055.0391,31092.9943,29916.3377,29551.0491,26219.1904,29483.1847,32772.7950,29074.0815,29014.9437,24459.6637,28042.3266,34104.9160,29711.9603,30010.1986,24127.4560,28337.0590,36337.9338,29361.8464,29964.3839,22699.8040,27465.3558,37428.9270,28728.9911,29659.9406,21019.8848,26105.3558,38235.0790,28421.6359,29303.4827,20552.9167,25653.4211,38348.9893,27930.9492,28753.6436,19889.2409,24777.6362,38441.4750,27007.0264,27895.9164,18693.1866,23358.5696,38601.4086,25848.0103,26858.2599,17114.4543,21604.2489,38849.3809,11.00000000000,12,115
12,019,00295726,12019,Clay,Clay County,06,H1,G4020,,27260,,A,1565286048.00000000000,101496213.00000000000,+29.9871155,-081.8581472,12019,14319.3800,14279.4311,14164.1669,14279.1398,14397.0851,14262.9281,14200.0091,13939.2981,14199.8959,14455.6984,13724.9236,13639.4092,13190.5121,13641.2223,14085.1301,16436.6160,16298.1920,15514.2702,16293.3658,17084.2577,18115.4954,17935.2261,16639.2476,17918.3485,19229.9879,19394.5453,19176.2121,17449.9016,19145.3093,20891.3375,18421.7625,18201.9619,16202.0553,18164.7740,20174.3767,17775.5973,17554.4304,15641.1945,17516.7260,19421.3241,17978.3736,17753.7110,15746.7213,17711.8655,19694.3510,16680.0510,16639.9946,14021.6894,16080.5488,19564.7970,16814.6217,16977.9565,13644.6953,16029.7126,20563.5140,16622.4268,16958.0439,12841.2719,15541.8644,21188.7248,16137.3307,16654.8722,11797.8447,14656.8626,21476.5092,15849.4260,16335.9865,11452.4208,14299.1012,21384.9850,15434.3572,15883.9908,10981.8749,13685.5518,21241.9667,14693.1192,15172.1280,10161.8675,12702.4284,21000.6976,13877.6240,14415.9363,9181.3542,11594.1632,20857.7199,11.00000000000,12,019
12,123,00295728,12123,Taylor,Taylor County,06,H1,G4020,,,,A,2702147548.00000000000,489238369.00000000000,+30.0169434,-083.6164167,12123,1198.8425,1195.4389,1185.7585,1195.4171,1205.3396,1154.4910,1149.2952,1128.1396,1149.2932,1170.0651,980.9279,974.6065,942.4831,974.7604,1006.5543,1189.6439,1179.3727,1122.6457,1179.0407,1236.3575,1200.2342,1188.1660,1102.2995,1187.0430,1273.9923,1320.4563,1304.9726,1187.0994,1302.7508,1422.1837,1447.7974,1428.6422,1269.9957,1425.2935,1585.3220,1415.8368,1396.1440,1241.9036,1392.7160,1546.7989,1537.8482,1516.4094,1342.7058,1512.3709,1684.3611,1436.4423,1430.6999,1203.3840,1381.9804,1684.3128,1129.6919,1138.5386,912.9939,1074.2919,1381.2158,1077.5897,1097.2522,828.7997,1004.9028,1373.3578,1024.7484,1055.6008,745.7385,928.2121,1363.6176,954.7065,982.1514,686.6306,858.9504,1287.9799,882.6314,906.6350,625.0187,780.4553,1214.6091,804.3638,829.0718,553.6226,693.4856,1149.5613,734.5119,761.6982,483.6209,612.0508,1103.8722,11.00000000000,12,123
12,055,00295756,12055,Highlands,Highlands County,06,H1,G4020,,42700,,A,2633020110.00000000000,231596328.00000000000,+27.3426272,-081.3409213,12055,4964.0038,4950.1109,4910.1303,4950.0119,4990.9350,4815.6111,4794.4830,4706.5182,4794.4370,4880.7294,4832.4210,4802.4170,4644.3850,4803.0435,4959.3054,5573.8308,5527.4574,5261.5956,5525.7822,5793.8157,5889.9352,5832.6612,5411.3175,5827.2243,6253.1743,6074.9997,6008.1773,5468.2993,5998.7952,6544.2991,5533.1405,5468.4970,4868.8830,5457.6390,6059.7120,5453.4990,5387.4884,4802.1553,5376.2977,5958.5102,5945.0747,5872.8028,5210.9765,5859.3826,6512.7580,5358.8270,5348.8290,4509.9387,5169.7730,6286.3105,4655.5948,4703.2295,3782.1361,4441.2927,5693.9718,4649.1780,4745.4848,3595.8817,4350.0198,5926.6349,4538.3129,4686.2637,3322.0289,4124.9729,6040.0661,4368.4147,4504.8450,3160.5271,3944.0717,5894.3318,4166.6222,4290.2313,2968.5400,3697.3448,5734.6093,3899.2140,4028.3986,2700.3826,3373.5219,5573.2443,3641.4604,3784.5628,2412.4682,3044.5564,5473.1378,11.00000000000,12,055
12,051,00307626,12051,Hendry,Hendry County,06,H1,G4020,,17500,,A,2985609243.00000000000,96465484.00000000000,+26.5393400,-081.1515844,12051,2234.2737,2228.1073,2210.1567,2228.0587,2246.4077,2331.5161,2321.3538,2278.7995,2321.3269,2363.0628,2095.2306,2082.3417,2013.8457,2082.5994,2150.3124,2367.3136,2348.1015,2235.1631,2347.3570,2461.0542,2429.1031,2406.8140,2233.0663,2404.6223,2579.7864,2273.9073,2251.0351,2050.1282,2247.9301,2450.1914,2074.3669,2051.4783,1827.7365,2047.7129,2271.9327,2072.1153,2048.2182,1826.8699,2044.2086,2264.0687,2299.4419,2273.0567,2018.5065,2268.1902,2519.2015,2055.8519,2053.3970,1732.6710,1985.0304,2412.0052,1446.9208,1463.3209,1178.2522,1382.3173,1769.8993,1444.1313,1475.6289,1119.7265,1353.1988,1841.1274,1419.4647,1467.2740,1041.6695,1292.1070,1889.3091,1326.9858,1369.8651,962.5476,1199.9108,1790.6394,1211.0603,1248.3133,865.1486,1076.3426,1666.9139,1079.5889,1116.5429,749.7636,935.5258,1543.1665,971.0196,1010.2230,645.1626,813.1331,1459.5131,11.00000000000,12,051
12,039,00306918,12039,Gadsden,Gadsden County,06,H1,G4020,,45220,,A,1337293000.00000000000,31587832.00000000000,+30.5791695,-084.6127832,12039,3126.9210,3118.1684,3092.9833,3118.1061,3143.8852,3129.0462,3115.1792,3057.9509,3115.1588,3171.3186,2970.9428,2952.2319,2855.0236,2952.6476,3048.8020,3029.8599,3004.4821,2859.9708,3003.5830,3149.3323,2574.8454,2549.5649,2365.3664,2547.1790,2733.4792,2707.7557,2677.5134,2436.6273,2673.2445,2916.7990,2353.4330,2324.9606,2069.1602,2320.1209,2577.2894,2189.4346,2161.6979,1925.6019,2156.9525,2392.1112,2229.0979,2200.7057,1951.3735,2195.4064,2441.7929,1835.2175,1830.6046,1542.3617,1769.0031,2152.5609,1829.4614,1846.6054,1483.4690,1743.2759,2237.2458,1676.9613,1710.1478,1294.3206,1567.1019,2137.5530,1512.6466,1560.4666,1104.6961,1373.0054,2013.0580,1388.5046,1430.4295,1002.0906,1251.7954,1873.3900,1282.5006,1319.1638,911.3035,1136.2992,1765.0213,1146.2899,1182.9792,791.5776,990.1318,1638.3306,1034.0943,1073.5802,683.0334,863.1725,1554.1790,11.00000000000,12,039
12,015,00295742,12015,Charlotte,Charlotte County,06,H1,G4020,494,39460,,A,1761913582.00000000000,461075444.00000000000,+26.8688259,-081.9408583,12015,9834.9198,9807.9295,9728.9925,9807.7088,9888.3536,9619.1086,9577.3803,9401.9153,9577.2547,9749.3171,9512.4791,9453.9037,9142.9162,9455.0805,9762.5208,11154.2606,11063.0220,10530.9132,11059.5627,11595.4891,12148.8635,12031.7742,11162.7073,12020.5995,12898.7876,13339.5519,13193.6510,12008.6353,13173.2077,14370.2857,12646.8096,12499.5267,11129.3876,12474.8159,13850.4199,12373.2018,12223.1242,10894.8129,12197.6711,13518.9816,12922.6479,12764.9830,11325.8694,12735.6946,14156.5368,12258.4679,12233.1045,10312.1240,11822.9198,14379.5083,12787.1694,12915.8644,10384.3595,12195.8806,15638.8529,12698.3864,12959.3031,9817.7726,11878.6110,16187.2708,12417.8117,12820.5327,9086.1907,11284.1836,16526.7497,12279.5907,12660.9132,8880.4565,11083.9886,16568.7402,12053.9730,12409.3280,8584.0108,10693.5133,16589.9549,11555.4340,11936.0708,7998.7587,9994.7649,16516.3167,11026.1430,11457.3756,7301.1235,9216.2048,16572.2344,11.00000000000,12,015
12,043,00295743,12043,Glades,Glades County,06,H1,G4020,,,,A,2087553927.00000000000,468370788.00000000000,+26.9548102,-081.1908197,12043,781.0116,778.8027,772.5005,778.7881,785.2455,736.8557,733.4982,719.9743,733.4998,746.7841,709.1874,704.6626,681.4469,704.7686,727.7402,888.1172,880.6369,838.2794,880.3762,923.1106,803.2142,795.4379,737.9795,794.6977,852.7719,960.5613,949.6384,864.0788,948.0870,1034.6617,987.0286,975.0429,867.7257,973.0032,1080.9088,1019.0690,1006.3736,896.6741,1004.2087,1113.4171,1109.4713,1095.9288,972.3683,1093.4129,1215.4058,868.2481,866.3904,730.2815,837.3233,1018.4632,928.3477,937.4380,753.4607,885.1032,1135.3386,939.1556,958.2932,725.8301,878.3254,1197.1695,912.5021,942.0201,667.5546,829.1049,1214.4338,898.1103,925.9353,649.3917,810.5839,1211.8064,893.3192,919.5898,636.0472,792.4135,1229.4754,873.6914,902.4066,604.6620,755.6107,1248.7728,844.6540,877.6284,559.1931,705.9306,1269.5068,11.00000000000,12,043
12,131,00295727,12131,Walton,Walton County,06,H1,G4020,,,,A,2687435898.00000000000,523099633.00000000000,+30.6312106,-086.1766139,12131,4616.9753,4604.1110,4566.9549,4604.0164,4642.0320,5270.4581,5247.1747,5150.8196,5247.1352,5341.6814,5541.9098,5507.3097,5326.0385,5508.0500,5687.3159,6617.6421,6562.3400,6246.7013,6560.3674,6878.6673,6933.6969,6866.4426,6370.4348,6860.0488,7361.4177,7301.5097,7220.5023,6571.2456,7209.0940,7865.3563,7176.1332,7091.5925,6313.3818,7077.3514,7858.9822,7703.0813,7609.0228,6781.5090,7593.0485,8416.3632,8602.9419,8496.8279,7537.7206,8477.0916,9424.2338,8669.7761,8651.7698,7293.1063,8361.6518,10169.8610,8122.4989,8203.2753,6594.5149,7745.6902,9933.7502,8222.4652,8390.3959,6355.4260,7690.3621,10481.4660,8222.0814,8487.6843,6014.3562,7470.1705,10942.5986,8194.1498,8447.5728,5924.1302,7395.0126,11056.1995,8122.3398,8360.7767,5782.3993,7204.3353,11178.7434,7945.6027,8206.3521,5498.2727,6871.2470,11356.6748,7696.7883,7996.9057,5094.9305,6432.2530,11568.1759,11.00000000000,12,131
12,125,00306913,12125,Union,Union County,06,H1,G4020,,,,A,630806354.00000000000,16049937.00000000000,+30.0542796,-082.3669180,12125,1066.8769,1063.5300,1054.7519,1063.5250,1072.6135,1183.9650,1178.0704,1156.0839,1178.1077,1199.7749,1069.3908,1061.7834,1026.6247,1062.0339,1096.9262,1103.7904,1093.1052,1040.5241,1092.8760,1146.3949,1030.7028,1018.8057,945.0434,1017.7833,1093.0319,1108.2197,1093.5295,993.6731,1091.3426,1193.1033,1382.2739,1362.4597,1209.7999,1358.9166,1513.3989,1391.4090,1370.3162,1217.1868,1366.5913,1520.0104,1490.0917,1467.3307,1297.2062,1463.0066,1631.8133,1419.8352,1412.3598,1186.2325,1363.7786,1664.4035,1205.1339,1212.5870,970.4885,1143.5472,1473.1322,1153.8635,1172.9281,883.9804,1073.5272,1470.3259,1098.2355,1129.3310,795.8453,992.3062,1461.2318,1037.3514,1065.2665,742.7786,930.8818,1399.3045,987.5462,1012.5980,696.1520,870.9346,1358.8398,928.1226,954.9708,635.8622,798.1018,1326.3154,857.2139,887.4637,561.7754,712.4809,1288.1853,11.00000000000,12,125
12,027,00294452,12027,DeSoto,DeSoto County,06,H1,G4020,,11580,,A,1649975818.00000000000,6274597.00000000000,+27.1905809,-081.8062531,12027,2209.9994,2203.5463,2185.6092,2203.5144,2221.9512,2374.5297,2363.5794,2319.9313,2363.5935,2406.4868,2466.7033,2450.3510,2369.4833,2450.7906,2530.8889,2654.5587,2630.8335,2504.2898,2630.1476,2758.2800,2683.2418,2655.8743,2463.9051,2653.3492,2847.8797,2210.5318,2185.6127,1988.8343,2182.0839,2381.1217,2215.6570,2187.8056,1946.1627,2183.0122,2426.2878,2543.1319,2508.6648,2232.4240,2502.6926,2778.4194,2537.1086,2502.8033,2217.2021,2496.3605,2778.9516,2045.7830,2038.2945,1715.1026,1969.0709,2398.9679,1620.7323,1633.8834,1310.6470,1541.8271,1981.6602,1557.8893,1586.7861,1199.0331,1453.3968,1985.5430,1439.6804,1483.3954,1048.3297,1304.5196,1915.7943,1306.7636,1344.5574,940.2263,1175.9869,1762.9552,1149.4108,1180.7733,814.1150,1016.4830,1581.7386,994.7304,1025.2607,684.6023,857.5793,1421.6231,870.9328,903.1118,573.3429,725.6575,1308.8909,11.00000000000,12,027
12,097,00295748,12097,Osceola,Osceola County,06,H1,G4020,422,36740,,A,3438086444.00000000000,462191583.00000000000,+28.0590267,-081.1393116,12097,22976.6458,22912.8362,22728.0345,22912.3552,23101.3712,26945.3659,26826.5167,26333.9943,26826.3022,27309.5499,31327.5646,31131.7125,30106.9636,31135.9276,32149.3754,39050.8728,38721.4396,36858.9860,38710.0108,40589.2131,45093.1268,44648.3301,41422.4383,44606.4673,47869.9127,49693.7046,49138.4591,44717.5044,49060.0712,53530.0776,50229.2459,49634.0154,44184.2156,49533.5446,55008.4371,52522.4467,51875.2482,46227.7231,51765.1277,57385.5256,58080.1128,57362.2097,50885.7152,57228.6539,63624.6284,58936.0469,58806.8243,49565.3468,56833.0285,69131.7813,62957.9656,63579.8428,51107.0722,60032.0054,76996.3932,64932.0486,66253.7751,50180.4997,60724.5359,82770.6339,65635.7451,67751.5980,48004.2130,59627.8011,87352.8689,67234.8262,69309.7142,48601.0315,60671.9984,90718.1832,68280.5193,70280.4227,48601.8813,60557.5745,93973.8406,68040.8560,70269.3981,47075.8688,58835.3461,97250.6979,67108.4390,69721.1591,44415.6402,56078.0085,100862.8934,11.00000000000,12,097
12,059,00295735,12059,Holmes,Holmes County,06,H1,G4020,,,,A,1240027821.00000000000,26598676.00000000000,+30.8662220,-085.8129589,12059,1171.4743,1168.1802,1158.7370,1168.1575,1177.8276,1134.3254,1129.2223,1108.4372,1129.2202,1149.6280,980.9686,974.7284,942.6194,974.8729,1006.6418,1081.7713,1072.5968,1021.0061,1072.2835,1124.3546,1012.0012,1002.0520,929.6555,1001.1138,1074.3411,1005.3645,994.1397,904.7031,992.5554,1082.9815,1016.8732,1004.3895,893.7212,1002.2573,1113.5764,1031.5667,1018.3305,906.9427,1016.0604,1127.0494,1109.9760,1095.5741,971.1784,1092.8807,1215.8551,919.2226,916.7098,772.1730,885.8071,1078.1243,808.9717,816.3758,655.6673,770.6397,989.2616,780.0862,795.3822,601.8419,728.8036,994.3264,741.8431,765.1903,541.5934,673.2276,987.2491,702.1977,723.3266,506.6527,632.9674,947.4085,666.8806,685.9011,473.7872,590.8026,917.7804,624.1038,644.0755,430.9717,539.0777,891.9977,579.3765,601.5173,382.7178,483.6353,870.7678,11.00000000000,12,059
12,041,00303633,12041,Gilchrist,Gilchrist County,06,H1,G4020,,23540,,A,905658580.00000000000,14405662.00000000000,+29.7234556,-082.7958011,12041,1062.5014,1059.5025,1050.9322,1059.4825,1068.2622,1058.3193,1053.6614,1034.3220,1053.6522,1072.6260,974.7141,968.5872,936.6971,968.7223,1000.2650,1161.0988,1151.2280,1095.8551,1150.8934,1206.7898,1208.7838,1196.6732,1110.1958,1195.5439,1283.0960,782.4842,775.1259,706.2718,774.1548,843.2951,816.8615,808.1949,720.3591,806.7907,894.7004,891.5933,881.2523,785.9579,879.5150,974.1839,948.8315,937.8298,832.6892,935.7981,1039.4982,935.2845,933.7715,787.5443,902.5754,1097.2159,745.0352,753.0429,605.9294,711.2226,911.2693,723.1270,738.5030,559.9929,677.0955,921.8689,704.5601,727.9200,516.4049,640.8806,937.7374,671.1140,692.4566,486.2090,606.4099,905.5730,633.7888,652.9623,452.1973,562.8776,872.3266,580.4837,600.0667,402.6326,502.6630,829.7245,529.1681,550.2836,351.1450,442.8206,795.3627,11.00000000000,12,041
12,053,00295751,12053,Hernando,Hernando County,06,H1,G4020,,45300,,A,1223869127.00000000000,301688560.00000000000,+28.5679113,-082.4648352,12053,11085.0805,11054.4825,10965.4207,11054.2418,11145.2812,10875.5347,10828.1183,10629.6126,10827.9932,11022.6827,10606.8843,10541.4227,10194.6276,10542.7518,10885.6103,12087.5485,11986.8953,11410.3447,11983.2683,12564.5576,13405.0950,13273.8432,12314.8791,13261.4347,14231.2093,14103.2343,13946.3190,12692.0027,13924.1986,15192.2028,13684.2875,13522.5282,12038.1177,13495.2475,14986.3611,13188.9260,13028.0146,11611.2946,13000.6911,14410.1884,13646.6024,13477.9192,11956.1873,13446.5378,14949.3511,12683.1344,12656.4156,10668.5066,12231.9089,14877.5374,12663.6536,12788.8729,10280.1415,12075.2777,15487.4287,12483.0306,12737.2924,9647.3661,11674.3514,15912.4758,12132.3074,12523.5925,8873.5587,11022.0128,16146.5819,11919.2910,12287.3279,8616.2715,10756.1020,16082.4039,11572.8274,11912.0106,8237.8918,10264.1496,15927.5921,11030.1306,11391.6272,7631.8892,9538.1062,15765.3662,10415.0405,10820.7486,6893.5765,8703.4203,15653.6499,11.00000000000,12,053
12,001,00308548,12001,Alachua,Alachua County,06,H1,G4020,,23540,,A,2266291505.00000000000,242910527.00000000000,+29.6757403,-082.3572210,12001,12642.1244,12607.1430,12505.5276,12606.8725,12710.7690,13745.6537,13685.0793,13433.8560,13684.9658,13931.4507,14835.6180,14743.1071,14257.8685,14745.0760,15224.9318,18276.4117,18124.9362,17253.1576,18119.4027,18998.1057,18625.7227,18448.7412,17116.3929,18431.7050,19777.1183,16871.9937,16687.6039,15188.8643,16661.7744,18175.7186,11262.4453,11129.6506,9908.2140,11107.2746,12334.1167,18114.8219,17896.1573,15952.4001,17859.1096,19792.3468,20357.7155,20109.5886,17842.7075,20063.5008,22301.5548,20739.1635,20697.8730,17449.2104,20004.2965,24327.9816,23872.0367,24111.8997,19385.6010,22767.6807,29195.7073,23987.0386,24479.4381,18544.7897,22437.9083,30577.4248,23749.2496,24518.9283,17376.5651,21580.5025,31607.6069,23866.4192,24606.9435,17258.8656,21541.8918,32202.6887,23772.8204,24472.9843,16928.2012,21088.8792,32718.6215,23678.6182,24457.7693,16389.0582,20479.5661,33844.0681,24004.9064,24942.6934,15893.3405,20063.2245,36079.1810,11.00000000000,12,001
12,079,00295731,12079,Madison,Madison County,06,H1,G4020,,,,A,1802497924.00000000000,51114171.00000000000,+30.4472282,-083.4704367,12079,1049.1002,1046.1666,1037.7183,1046.1455,1054.7923,1041.7997,1037.1221,1018.0370,1037.1195,1055.8567,960.1654,954.0495,922.6199,954.1918,985.2897,1046.9575,1038.0137,988.0862,1037.7150,1088.1293,1054.1179,1043.7208,968.3108,1042.7422,1119.0298,1017.0561,1005.2972,914.5994,1003.6178,1095.4583,823.7385,813.4004,723.5752,811.6221,902.0489,795.5265,784.8726,698.5745,783.0305,869.1351,814.1522,803.1979,711.5986,801.1415,891.7656,676.6627,674.2410,567.3864,651.3578,793.4954,575.6269,580.3936,465.6635,547.7227,703.8313,527.7766,537.6330,406.3214,492.4610,672.6638,471.4694,485.8311,343.3875,427.2641,627.3922,417.8524,429.9707,300.7055,376.0774,563.7277,363.8398,373.7887,257.7409,321.7892,500.6926,317.1869,326.9565,218.3583,273.4972,453.3114,279.9526,290.3255,184.3475,233.2913,420.7317,11.00000000000,12,079
12,035,00308547,12035,Flagler,Flagler County,06,H1,G4020,422,37380,,A,1257337716.00000000000,221090860.00000000000,+29.4748942,-081.2863619,12035,6783.0346,6764.3182,6709.8242,6764.1705,6819.8726,6948.1172,6917.7969,6790.9626,6917.7190,7042.1188,6956.4811,6913.2269,6685.7206,6914.1356,7139.1019,7580.3054,7517.7774,7156.1860,7515.4622,7879.8248,7994.4312,7916.8990,7345.0108,7909.5273,8487.5925,8992.1482,8892.6622,8093.2250,8878.6655,9686.6326,8674.4175,8572.1181,7631.3430,8554.8792,9499.8245,8697.4832,8591.2355,7656.8556,8573.1898,9502.8408,9086.1470,8974.5475,7962.0025,8953.8005,9953.6260,8197.1587,8179.7790,6894.8967,7905.3923,9615.3830,8554.2610,8639.3561,6945.0983,8157.4539,10461.7961,8476.8762,8650.0489,6552.1506,7928.3677,10805.7781,8236.5761,8502.7212,6025.0859,7483.4325,10961.8957,8127.9735,8379.4314,5876.4272,7335.3940,10966.9167,7980.9819,8215.3560,5681.9166,7079.0640,10984.2002,7643.2999,7894.2269,5289.2560,6609.9430,10924.5990,7272.2920,7555.9586,4814.1130,6077.6230,10930.1697,11.00000000000,12,035
12,005,00295738,12005,Bay,Bay County,06,H1,G4020,,37460,,A,1964400618.00000000000,711453131.00000000000,+30.2375633,-085.6313477,12005,11543.3369,11511.1954,11418.3087,11510.9575,11605.9864,11603.7009,11552.9152,11341.0184,11552.7954,11760.6453,12213.4156,12137.2816,11737.8141,12138.8995,12533.9325,15398.7826,15269.5206,14535.0781,15264.9703,16005.8004,17254.7796,17085.5431,15851.1787,17069.5609,18317.9462,17525.9035,17329.8399,15770.5338,17302.1492,18878.8400,16523.1569,16325.2969,14530.9505,16291.7809,18095.0593,16867.6678,16658.4511,14843.5207,16622.8060,18429.3737,18649.9572,18416.4047,16333.9898,18372.8937,20429.9750,18755.0092,18711.4200,15768.5638,18082.7230,21998.9624,17127.5044,17293.6841,13898.2525,16327.7468,20946.1239,17226.8360,17574.4949,13307.9100,16106.7787,21959.1502,17143.8121,17693.5206,12533.4818,15570.8676,22815.9834,16911.4105,17430.4727,12219.6126,15257.0788,22817.8683,16487.3674,16967.5830,11730.9491,14619.1300,22691.1943,15905.8036,16424.2825,11000.4541,13750.7314,22733.9684,15297.1093,15890.4544,10120.4244,12780.0466,22991.1693,11.00000000000,12,005
12,061,00307624,12061,Indian River,Indian River County,06,H1,G4020,442,42680,,A,1302431761.00000000000,295606459.00000000000,+27.7006382,-080.5748033,12061,8828.3435,8804.0801,8733.2039,8803.8838,8876.3033,8630.6811,8593.1238,8435.6290,8593.0193,8747.4763,8484.7271,8432.7476,8155.4114,8433.7661,8707.9037,9531.2592,9453.0472,8998.3738,9450.1081,9908.1275,9957.1229,9862.0531,9149.7858,9852.9281,10572.3458,10905.9952,10788.3151,9820.3624,10771.9058,11749.1571,9803.3208,9693.1102,8634.1256,9674.8521,10736.7686,10054.1327,9935.1254,8858.3960,9915.0447,10985.3338,10280.0853,10158.9193,9017.9781,10136.4997,11262.1722,9867.3413,9851.1351,8308.2280,9521.9552,11575.6742,9581.8320,9682.3848,7788.5431,9143.9213,11719.3589,9549.8099,9750.1765,7390.7030,8938.5157,12174.1235,9353.6731,9661.0984,6851.1213,8504.8855,12449.0767,9220.4717,9510.7675,6674.9910,8327.7699,12441.4537,9015.2990,9284.9012,6426.7781,8002.6535,12408.1171,8593.6673,8880.3200,5954.9311,7437.4965,12283.2802,8146.5818,8468.4157,5400.1231,6813.2766,12244.4686,11.00000000000,12,061
12,075,00295724,12075,Levy,Levy County,06,H1,G4020,,,,A,2896139279.00000000000,762981297.00000000000,+29.2844092,-082.7834825,12075,2326.9799,2320.5317,2301.8230,2320.4824,2339.6137,2171.7407,2162.0701,2122.3267,2162.0592,2201.0670,1874.8848,1863.0074,1801.6483,1863.2777,1923.9807,1964.0687,1947.5435,1853.8692,1946.9657,2041.4676,2122.9172,2101.8376,1949.9652,2099.8614,2253.5524,2101.4789,2077.8652,1890.8362,2074.5250,2263.6752,1691.9908,1671.7950,1488.1028,1668.3777,1852.9630,1578.9507,1559.6513,1390.0131,1556.3730,1725.1556,1624.3910,1604.5350,1423.6027,1600.8456,1779.4876,1404.5246,1401.9183,1182.0601,1354.9918,1647.6172,1107.9403,1119.3394,900.1846,1057.0195,1355.0639,1044.0643,1065.7825,807.6845,976.9965,1330.9534,983.9723,1016.1557,720.4447,894.4864,1309.5836,909.6768,938.2065,658.3532,821.4638,1227.4438,834.6385,859.5280,594.8695,740.7983,1148.7407,753.0261,778.1063,521.7379,651.6683,1076.3283,685.0730,712.1216,454.0866,572.9320,1029.6769,11.00000000000,12,075
12,105,00295747,12105,Polk,Polk County,06,H1,G4020,,29460,,A,4656375819.00000000000,550925774.00000000000,+27.9531147,-081.6927831,12105,40589.1240,40475.8899,40149.1677,40475.0629,40809.3837,44189.4770,43994.6181,43186.9224,43994.2629,44786.7403,45512.7602,45229.0358,43740.4355,45235.0667,46707.1447,54031.0032,53580.3118,51003.1815,53564.1501,56162.7259,59992.7873,59404.7055,55112.9742,59349.1495,63689.5075,62847.9840,62148.2472,56558.3997,62049.5834,67700.5950,61719.5105,60993.2290,54300.7471,60870.9342,67592.5619,65848.8084,65043.1427,57967.8062,64906.2595,71946.1157,71118.7462,70244.7582,62318.9674,70082.2703,77908.5900,68501.3265,68356.6826,57619.7637,66063.8515,80353.1669,68038.1028,68715.6811,55240.6232,64882.9660,83210.2026,69242.6167,70657.7060,53521.6114,64762.8555,88266.1133,69122.0225,71355.8339,50563.5257,62801.9557,91993.1586,69325.9360,71470.8456,50122.0778,62565.9754,93540.1520,69093.3795,71122.4341,49189.8239,61285.2736,95093.0051,67823.8497,70050.3045,46934.6084,58653.9929,96940.8853,65859.5901,68428.2307,43597.1904,55040.0053,98986.1735,11.00000000000,12,105
12,099,00295761,12099,Palm Beach,Palm Beach County,06,H1,G4020,,33100,48424,A,5101663125.00000000000,1070302119.00000000000,+26.6457628,-080.4486728,12099,96865.0249,96596.5555,95817.7446,96594.5046,97390.9203,99529.4016,99090.8474,97271.8191,99090.0222,100874.7336,100747.2603,100118.3704,96823.0332,100131.8154,103390.6838,119860.5845,118855.5173,113138.7344,118820.0271,124586.1646,130404.6147,129123.8477,119794.9929,129002.9917,138438.4434,134573.7593,133084.7246,121120.5039,132875.2239,144967.1572,129924.0088,128399.0601,114313.9758,128142.5115,142287.6550,133261.1768,131636.5173,117323.0120,131360.6814,145600.9053,142966.0259,141216.8591,125291.1772,140891.8235,156616.2092,139245.8042,138962.4114,117145.4802,134304.1763,163340.1658,145011.6626,146464.1948,117750.6973,138297.5327,177349.7827,146037.0046,149030.1775,112895.5872,136599.8137,186159.7952,145030.8499,149726.4258,106106.4448,131780.9949,193019.5024,145471.5220,149980.7231,105189.1851,131297.2874,196282.6797,144837.8706,149099.3848,103128.9470,128480.2900,199340.5601,141788.0291,146450.0815,98131.7798,122627.6357,202658.6943,137789.7942,143170.6296,91225.0588,115161.6602,207096.8232,11.00000000000,12,099
12,095,00295750,12095,Orange,Orange County,06,H1,G4020,422,36740,,A,2339870128.00000000000,258560561.00000000000,+28.5144350,-081.3232950,12095,88618.3113,88371.4978,87658.3757,88369.6714,89099.2622,99783.1323,99343.3110,97519.5684,99342.4988,101131.8503,109505.5249,108822.5991,105240.9121,108837.1401,112379.1074,136072.7681,134932.4150,128442.3572,134892.0786,141437.9409,159012.8862,157447.7671,146072.2871,157300.2695,168806.9561,149616.1182,147953.1162,134647.4355,147718.7681,161169.0718,146765.4946,145042.9131,129132.0688,144753.1147,160731.7886,159980.1309,158029.5059,140845.9370,157698.3232,174793.9727,174493.9009,172355.4507,152914.4912,171958.0029,191153.8896,174501.5576,174141.8589,146797.4409,168303.1323,204695.2808,187938.2090,189817.4585,152601.6924,179232.4629,229848.5664,191717.4326,195643.1040,148202.7793,179323.5449,244390.1953,192053.4165,198267.3931,140501.8789,174502.5864,255600.8154,194719.3003,200750.7476,140792.4067,175741.0713,262731.6250,195288.6069,201030.1294,139043.7188,173227.6914,268775.6240,194290.8403,200674.5957,134460.9141,168029.7456,277701.0391,191405.1348,198875.1577,126713.5044,159966.6006,287679.9238,11.00000000000,12,095
12,107,00306910,12107,Putnam,Putnam County,06,H1,G4020,,37260,,A,1884532662.00000000000,257184021.00000000000,+29.6060059,-081.7408939,12107,4033.1778,4021.9756,3989.5359,4021.8912,4055.0712,3800.4331,3783.7967,3714.3950,3783.7577,3851.8344,3555.1643,3533.0800,3416.8153,3533.5420,3648.5060,3740.3525,3709.5844,3531.1605,3708.4363,3888.1991,3765.7967,3729.5488,3460.1639,3726.0868,3998.2823,3709.8472,3668.9700,3339.2415,3663.2271,3996.4159,2999.2696,2964.4918,2639.6731,2958.6659,3284.7309,2767.5968,2734.1952,2437.2321,2728.5362,3023.8907,2891.6930,2856.5653,2534.6752,2850.0430,3167.8182,2506.0588,2501.1863,2108.7211,2417.4041,2939.7493,1862.4507,1881.2566,1512.5891,1776.4065,2277.8082,1724.6586,1760.1782,1333.5666,1613.4231,2198.5189,1570.9752,1622.0156,1149.6503,1427.6758,2090.8044,1394.5700,1437.9258,1008.6227,1258.8510,1881.6851,1222.7338,1258.7970,870.7759,1084.7522,1682.8571,1051.5682,1086.2017,727.8943,909.5376,1503.0183,903.5479,938.8596,598.2511,755.1987,1358.0261,11.00000000000,12,107
12,111,00308372,12111,St. Lucie,St. Lucie County,06,H1,G4020,442,38940,,A,1481280881.00000000000,300907268.00000000000,+27.3807748,-080.4433638,12111,19357.0097,19303.3652,19147.7338,19302.9543,19462.1028,19271.5131,19187.5403,18835.8134,19187.3156,19532.2738,18759.3063,18643.8602,18030.5840,18646.1731,19252.4451,20750.7841,20580.2631,19590.3924,20573.8810,21571.1200,22832.6613,22610.8695,20977.5110,22589.8026,24240.9316,24752.5889,24479.4670,22279.2660,24441.0775,26664.5011,23795.8387,23518.7240,20940.7199,23472.2305,26060.5160,23192.5308,22910.0782,20419.2498,22862.1343,25340.1318,23843.5164,23553.3328,20898.6917,23499.4422,26120.2464,22201.9304,22157.5664,18679.6415,21415.0324,26043.8344,22081.4350,22304.7567,17934.0604,21061.7327,27006.0216,21855.8636,22306.0530,16899.8349,20446.3049,27860.9015,21256.2467,21946.7303,15555.2532,19317.1632,28289.8388,20928.8057,21579.8295,15137.3920,18892.4903,28239.1481,20439.6098,21043.2731,14557.6047,18134.1050,28131.2455,19503.9956,20147.5008,13502.6572,16871.1060,27877.3621,18400.6085,19121.2365,12185.9831,15381.3571,27656.0770,11.00000000000,12,111
12,021,00295754,12021,Collier,Collier County,06,H1,G4020,,34940,,A,5175636190.00000000000,794325489.00000000000,+26.1187125,-081.4008838,12021,22170.0225,22108.4705,21930.1661,22108.0055,22290.3722,23097.8211,22996.3810,22574.4113,22996.1670,23410.1291,23568.9596,23422.4398,22651.6409,23425.5161,24187.7054,26596.3568,26374.8403,25106.2524,26366.8623,27645.8938,27215.1552,26949.0902,25002.1989,26923.9152,28892.6071,29049.9338,28729.6964,26147.6792,28684.6994,31293.8647,28479.1739,28145.6224,25058.7501,28089.5493,31189.3509,29232.8771,28876.2696,25736.1939,28815.7183,31939.7726,31042.3994,30662.6127,27204.6586,30592.0390,34006.2825,29782.9365,29721.1503,25053.8431,28724.5352,34936.1346,29393.2564,29687.8256,23867.8304,28032.5146,35948.0811,29381.7419,29984.1404,22714.2271,27483.2774,37454.2220,28858.3182,29792.8951,21113.5438,26222.1663,38407.1494,28586.1762,29472.5736,20670.9450,25801.2302,38570.9531,28288.5215,29121.1725,20142.8564,25094.1107,38933.5568,27398.8165,28300.0564,18963.4038,23696.7474,39161.3603,26283.8962,27310.6808,17402.1694,21967.9546,39504.4824,11.00000000000,12,021
12,119,00295740,12119,Sumter,Sumter County,06,H1,G4020,422,45540,,A,1416548738.00000000000,85192294.00000000000,+28.7142938,-082.0747152,12119,3935.7771,3924.9457,3893.3410,3924.8589,3957.1560,3959.3735,3942.4230,3870.3150,3942.3559,4013.0337,3722.7241,3700.6158,3579.0679,3700.9820,3821.0361,4272.7064,4238.7770,4034.9034,4237.3823,4442.3734,5061.7274,5013.0988,4651.0115,5008.4490,5374.2802,6239.4676,6170.0898,5615.1866,6160.3118,6721.2553,6480.3455,6401.7879,5697.3004,6388.4258,7096.7318,6428.0671,6347.2132,5654.5636,6333.3992,7023.1488,6723.0537,6637.8530,5886.2499,6621.9590,7364.6031,6591.1864,6574.5572,5539.2832,6353.3010,7730.9106,6442.7723,6503.8577,5225.5424,6140.1444,7878.9729,6415.4410,6543.4665,4953.4633,5996.5007,8177.6258,6305.9598,6506.7244,4607.7015,5725.5904,8392.2122,6243.5375,6433.7805,4508.9685,5631.0052,8424.0233,6147.8954,6325.6300,4371.9679,5449.5691,8461.1037,5894.9131,6085.8252,4074.7215,5094.6544,8425.4394,5623.0316,5840.0171,3718.1468,4696.4142,8451.2054,11.00000000000,12,119
12,091,00306915,12091,Okaloosa,Okaloosa County,06,H1,G4020,,18880,,A,2409328778.00000000000,393241055.00000000000,+30.6658583,-086.5941941,12091,10716.0700,10686.4557,10600.3405,10686.2247,10774.2620,10706.4576,10659.2516,10463.5618,10659.1652,10851.1674,12471.3902,12392.8933,11984.8426,12394.6332,12798.2528,17257.6454,17111.4401,16288.3992,17106.4319,17937.0841,21005.8958,20796.9016,19294.1438,20777.3322,22298.2346,21314.9490,21075.2579,19178.1545,21041.3443,22960.0256,20655.3219,20406.7220,18162.6552,20364.5385,22620.1862,21794.0909,21519.7924,19171.2454,21472.9236,23811.6812,24593.2855,24282.4691,21533.8443,24224.5051,26940.2104,25768.1910,25704.4455,21658.0620,24839.7447,30224.2408,23419.6703,23643.2159,18997.6286,22321.4871,28640.5452,24089.6871,24572.1959,18603.1441,22518.8251,30706.8257,24420.2516,25199.7366,17847.0745,22175.2538,32499.5800,24456.0422,25203.2762,17665.2438,22059.3497,32997.2244,24199.5724,24901.1891,17212.6226,21453.3469,33305.0707,23663.3467,24431.7278,16360.3173,20453.4858,33821.5209,23010.9757,23900.8897,15219.1440,19221.3980,34584.7534,11.00000000000,12,091
12,049,00295746,12049,Hardee,Hardee County,06,H1,G4020,,48100,,A,1651849564.00000000000,1439672.00000000000,+27.4928458,-081.8215798,12049,1522.0459,1517.5909,1505.2320,1517.5694,1530.2756,1611.2424,1603.9598,1574.4183,1603.9592,1632.9692,1438.3616,1429.2022,1382.1200,1429.4151,1476.0000,1561.7643,1548.0891,1473.6265,1547.6662,1622.9678,1341.7204,1328.2217,1232.2329,1326.9661,1424.1681,1263.3514,1249.0677,1136.5828,1247.0429,1360.8338,1292.0853,1276.6137,1136.2991,1273.9929,1415.0057,1315.3932,1298.8712,1157.1532,1296.0492,1437.1678,1292.6891,1276.1876,1131.5625,1273.1069,1416.0299,1164.8190,1161.5631,978.3518,1122.3869,1366.1584,860.6393,868.5008,697.5163,819.8396,1052.4415,804.1274,819.8641,620.3361,751.2257,1024.9665,741.4454,764.7228,541.2047,672.7947,986.7149,678.2155,698.5367,489.2003,611.2401,915.0439,618.1064,635.6274,438.9457,547.4551,850.6473,555.9926,573.6583,383.7142,480.0873,794.6413,489.6657,508.2315,323.1962,408.5690,735.9287,11.00000000000,12,049
12,089,00295730,12089,Nassau,Nassau County,06,H1,G4020,,27260,,A,1679967676.00000000000,200158743.00000000000,+30.6059257,-081.7649287,12089,5271.5927,5256.9953,5214.6178,5256.8830,5300.2151,5409.7632,5385.8569,5286.9511,5385.8171,5482.8666,5167.0628,5135.0076,4966.0372,5135.6742,5302.7488,6000.0815,5949.8707,5663.6907,5948.0871,6236.7034,6641.5840,6576.4610,6101.3387,6570.3100,7050.8223,6661.8547,6588.2444,5996.0307,6577.8926,7176.3924,6402.7892,6327.8427,5633.8752,6315.2461,7012.1059,6110.0921,6035.4757,5379.0834,6022.8034,6675.8674,6282.3365,6205.2405,5505.2078,6190.9095,6882.1365,6137.6434,6125.5788,5164.2789,5920.3552,7199.7724,5836.7806,5895.9912,4740.8211,5567.4685,7138.5248,5738.0049,5856.3900,4437.1943,5368.1845,7314.5818,5599.6952,5781.7789,4098.1543,5089.0986,7452.6242,5491.8607,5662.8787,3972.4744,4957.7534,7410.1604,5312.2947,5469.3812,3783.8882,4713.3346,7311.3812,5054.3394,5221.2838,3499.4556,4372.2732,7224.2581,4766.2605,4953.0887,3156.7984,3984.3955,7163.6902,11.00000000000,12,089
12,127,00306921,12127,Volusia,Volusia County,06,H1,G4020,422,19660,,A,2851658690.00000000000,858331481.00000000000,+29.0576172,-081.1618129,12127,33060.5656,32968.8921,32703.0583,32968.1936,33240.0509,33078.7869,32933.6146,32329.3574,32933.3010,33526.0771,32706.0111,32503.3416,31433.8513,32507.5352,33564.9934,37423.6782,37112.6211,35327.5656,37101.3527,38900.8893,43020.7347,42599.0831,39521.4905,42559.2462,45671.6879,41204.8745,40751.3774,37089.4057,40687.6920,44387.9131,38283.8862,37839.7733,33693.5018,37765.3635,41927.6068,40073.0920,39587.2718,35285.4799,39504.8851,43783.9421,43052.2086,42528.8838,37736.2015,42431.7090,47163.1839,41647.3039,41567.9387,35046.9854,40175.9721,48855.0421,42252.1610,42679.8203,34316.8799,40301.4181,51675.2645,42172.3872,43041.2965,32609.8059,39452.8478,53759.5472,41571.3776,42921.8445,30421.9202,37779.1516,55327.1587,41374.4320,42661.3860,29925.2004,37348.7314,55826.3365,40670.0700,41871.0828,28966.0089,36082.4775,55974.6249,39558.5978,40863.4365,27385.8998,34218.0656,56541.6912,38247.7465,39745.1009,25328.9569,31971.2111,57486.2515,11.00000000000,12,127
36,049,00974123,36049,Lewis,Lewis County,06,H1,G4020,,,,A,3301404174.00000000000,39580834.00000000000,+43.7863965,-075.4426165,36049,1600.8068,1596.2823,1583.3665,1596.2524,1609.4853,1525.8800,1519.0081,1491.0446,1519.0058,1546.4627,1457.6850,1448.4421,1400.7351,1448.6533,1495.8513,1664.5369,1650.3601,1570.9794,1649.8822,1730.0223,1624.8988,1608.3525,1492.1016,1606.8244,1724.6167,1705.7110,1686.3167,1534.3857,1683.5623,1837.2949,1518.7187,1500.3375,1335.2586,1497.2128,1663.1770,1450.0788,1431.6597,1275.2480,1428.5068,1584.3102,1489.4583,1470.3191,1303.5648,1466.7435,1631.5584,1319.8102,1316.2864,1108.8293,1271.9365,1547.9800,994.9223,1004.2376,806.7458,948.0416,1216.6878,952.7648,971.6668,735.4500,890.4074,1214.4555,893.3639,921.7026,652.5947,811.0131,1188.9136,813.5357,838.2387,587.3726,733.6134,1097.6463,750.2689,771.8885,533.4171,664.9579,1032.5595,670.5162,692.1836,463.3941,579.4309,958.3472,594.1276,617.0240,392.8041,496.1844,892.9497,11.00000000000,36,049
12,077,00308549,12077,Liberty,Liberty County,06,H1,G4020,,,,A,2164095370.00000000000,19582542.00000000000,+30.2598494,-084.8685805,12077,491.1854,489.7409,485.7491,489.7343,493.8403,545.8502,543.2844,533.2257,543.2910,553.1826,502.7186,499.4053,482.9281,499.4927,515.8106,559.7978,554.8056,528.1194,554.6602,581.6778,510.5923,505.3309,468.8004,504.8484,541.8858,679.1533,670.7303,609.8527,669.5003,731.3414,771.6955,761.2908,676.5778,759.4617,844.9755,746.5105,736.0524,654.6613,734.2297,815.5569,762.3606,751.5273,665.2293,749.4828,834.9668,673.6563,670.7193,563.9185,647.8134,789.8423,622.3700,626.9979,502.5560,591.5409,760.8996,605.1435,615.9378,464.9967,564.0129,771.2084,572.1106,589.0620,415.8731,517.8722,761.2751,544.8194,560.1936,391.3404,489.8084,734.9818,517.4728,531.2531,365.9262,457.1973,712.0826,486.0986,500.7452,334.0644,418.7345,694.6906,451.2275,467.6592,296.6188,375.6660,678.1174,11.00000000000,12,077
12,113,00306914,12113,Santa Rosa,Santa Rosa County,06,H1,G4020,,37860,,A,2620043744.00000000000,420025582.00000000000,+30.7036328,-087.0142549,12113,11532.6990,11500.3776,11407.4695,11500.1493,11595.2608,11900.0224,11847.0936,11629.3517,11847.0295,12060.7331,12359.5584,12281.4341,11876.9782,12283.1962,12683.3044,15461.5001,15329.1713,14591.8521,15324.7764,16069.3679,17229.2911,17055.7298,15823.1164,17039.5980,18287.8714,18498.2572,18286.2964,16637.7270,18256.1145,19924.7956,18145.7455,17923.3089,15948.7318,17885.3350,19871.4174,18380.6142,18145.5571,16161.5343,18105.2679,20081.9853,19714.0378,19461.5148,17255.1328,19414.3539,21594.9294,19055.1806,19004.2295,16008.9415,18363.8969,22349.4361,18355.1092,18526.5395,14882.7350,17489.6817,22446.3434,18409.5599,18774.3631,14209.8046,17204.1403,23465.9622,18169.6844,18745.6481,13272.1096,16494.2885,24180.6877,17982.7439,18528.2442,12982.5934,16215.4122,24262.7975,17664.2152,18172.5210,12557.4584,15654.7755,24310.3665,17050.1197,17600.1387,11781.6675,14732.7821,24369.1216,16335.9702,16964.4338,10798.4951,13641.6136,24552.2300,11.00000000000,12,113
12,133,00295762,12133,Washington,Washington County,06,H1,G4020,,,,A,1509453502.00000000000,85860698.00000000000,+30.6022166,-085.6627968,12133,1523.4509,1519.1251,1506.8231,1519.0975,1531.7072,1496.1950,1489.4943,1462.0940,1489.4895,1516.3881,1414.9422,1405.9932,1359.6894,1406.1955,1452.0022,1371.3678,1359.7929,1294.3886,1359.3920,1425.3865,1491.1565,1476.2933,1369.6158,1474.9031,1582.8785,1661.3949,1642.4044,1494.3658,1639.7025,1789.5310,1824.9355,1801.5790,1602.2231,1797.5366,1998.3746,1829.3816,1804.6634,1606.0189,1800.3827,1998.6382,1841.7044,1816.9813,1609.8254,1812.3415,2017.2815,1577.7062,1572.1150,1323.0169,1518.7734,1850.1267,1376.5443,1387.9240,1113.5460,1309.7906,1683.1270,1323.6973,1348.4467,1019.1308,1235.1602,1687.0872,1236.8305,1274.5900,900.9700,1120.9696,1645.8783,1166.7550,1200.7839,839.9801,1050.3517,1574.0949,1089.6189,1119.7136,772.4018,964.0675,1499.4864,992.5005,1023.3963,683.8356,856.2008,1418.4666,901.1217,934.8239,593.9436,751.3114,1354.2858,11.00000000000,12,133
02,050,01419966,02050,Bethel,Bethel Census Area,05,H5,G4020,,,,S,105075822708.00000000000,12779523593.00000000000,+60.9289164,-160.1533502,02050,850.3294,847.9114,841.0431,847.8961,854.9373,777.3443,773.8912,759.6698,773.8867,787.8436,864.5661,859.1130,830.8231,859.2349,887.2191,1096.5990,1087.3105,1035.0122,1086.9922,1139.7736,1330.0572,1316.8524,1221.7008,1315.6143,1411.9045,1386.3703,1370.8811,1247.5446,1368.6944,1493.3989,1281.4299,1266.1136,1126.9778,1263.5207,1403.3397,1301.3520,1285.1984,1145.1642,1282.4458,1421.8379,1331.5576,1315.2673,1166.9395,1312.2401,1458.6928,1538.8157,1535.7578,1294.7165,1484.2968,1805.1022,911.7753,920.9358,740.4176,869.5941,1115.1089,981.2926,1001.4208,758.6270,917.8993,1250.8987,1074.5751,1109.3624,786.1669,976.3986,1430.1365,1034.7797,1066.8593,748.2478,933.9600,1396.2141,976.3283,1005.0684,695.1996,866.0821,1343.7230,918.3914,948.6079,635.6547,794.3096,1312.6651,865.8415,899.6750,573.2770,723.6776,1301.3533,11.00000000000,02,050
02,068,01419988,02068,Denali,Denali Borough,04,H1,G4020,,,,A,33026000538.00000000000,66068790.00000000000,+63.6827316,-150.0267191,02068,162.6388,162.1872,160.8791,162.1837,163.5217,191.2328,190.3965,186.9047,190.3945,193.8195,194.5488,193.3432,186.9815,193.3682,199.6584,220.9230,219.0463,208.5104,218.9826,229.6176,264.5413,261.8459,242.9196,261.5970,280.7748,309.5242,305.9314,278.3212,305.4176,333.3805,289.0479,285.4923,254.0291,284.8846,316.5352,271.3665,267.8145,238.4501,267.2029,296.4804,273.1192,269.4627,238.7511,268.7767,299.1580,239.6107,238.8108,201.0189,230.7212,280.9960,284.9451,287.4930,230.8412,271.3681,348.4391,276.3830,281.7409,213.1238,258.1363,352.2805,260.8161,268.9608,190.3036,236.6125,347.0900,260.6805,268.4699,187.9934,234.9105,351.7065,257.3839,264.6772,182.7756,227.9609,354.2154,244.8455,252.6369,168.9993,211.4336,349.9414,232.7193,241.5754,153.6607,194.2171,349.7606,11.00000000000,02,068
02,020,01416061,02020,Anchorage,Anchorage Municipality,12,H6,G4020,,11260,,C,4415108963.00000000000,663860984.00000000000,+61.1775490,-149.2743541,02020,16578.3367,16531.8762,16398.3214,16531.5486,16668.2706,16416.1104,16343.1031,16042.7318,16343.0138,16637.8138,16502.3821,16398.7304,15858.8321,16401.0075,16935.0149,20781.7289,20605.9821,19614.8587,20599.9297,21600.1126,22547.1608,22323.7841,20710.7800,22302.8154,23934.9495,22319.3220,22067.8664,20081.1127,22032.2650,24041.7788,21159.2007,20903.6603,18604.1661,20860.2501,23171.8954,21149.3812,20882.3526,18602.5272,20836.6971,23107.2379,22151.4473,21869.4861,19391.9384,21816.8627,24265.1055,21326.7760,21272.4758,17922.2962,20556.4519,25014.4055,23757.9778,23983.9405,19270.6341,22642.9123,29054.1380,23961.9389,24441.1326,18503.1662,22398.4550,30543.8948,23818.3300,24577.9208,17406.0064,21627.8146,31698.4560,24069.5060,24804.5255,17385.3413,21710.1800,32475.6561,24140.3972,24840.1769,17170.3187,21400.7318,33223.6186,24022.2509,24802.4134,16608.6812,20763.8657,34334.5038,23838.1918,24760.4077,15766.8081,19912.7651,35828.0505,11.00000000000,02,020
28,099,00695772,28099,Neshoba,Neshoba County,06,H1,G4020,,,,A,1476657637.00000000000,3814277.00000000000,+32.7525180,-089.1192743,28099,1680.4381,1675.7939,1662.2897,1675.7577,1689.5634,1680.5753,1673.2665,1642.6012,1673.2459,1703.3191,1710.9321,1700.3367,1644.3903,1700.5553,1755.8714,1647.0101,1633.5479,1554.9776,1633.0364,1712.1671,1625.4674,1609.9769,1493.7021,1608.4885,1725.9199,1707.2425,1689.0491,1537.6494,1686.5238,1839.2989,1628.9760,1610.5536,1434.5012,1607.4950,1784.0706,1688.9360,1669.0211,1488.2155,1665.6635,1845.3677,1812.1008,1790.8673,1589.8643,1786.9412,1985.2313,1445.0058,1442.9209,1217.2033,1394.7829,1695.2497,1291.1985,1304.9080,1049.8236,1232.3878,1579.2665,1283.7948,1310.8921,993.8261,1201.8213,1636.6046,1228.7743,1269.3322,900.3132,1117.4864,1635.4268,1182.8002,1220.2144,856.5689,1068.5074,1596.0028,1145.0282,1179.4356,816.5512,1016.6225,1575.9615,1073.1321,1109.0830,743.8954,928.9502,1533.8824,1002.9378,1042.6977,665.0640,838.9626,1507.4433,11.00000000000,28,099
28,127,00695784,28127,Simpson,Simpson County,06,H1,G4020,298,27140,,A,1525925833.00000000000,3383248.00000000000,+31.9025034,-089.9177072,28127,1506.6284,1502.4441,1490.3262,1502.4126,1514.8069,1607.9198,1600.9098,1571.5615,1600.8913,1629.6754,1482.5225,1473.2817,1424.7926,1473.4781,1521.4288,1673.3421,1659.4616,1579.6444,1658.9559,1739.4112,1711.1972,1694.5037,1572.0904,1692.9222,1816.6933,1751.0668,1731.3936,1575.5525,1728.6109,1886.2185,1423.3120,1406.3470,1251.8429,1403.4778,1558.7254,1480.1218,1461.6244,1302.2422,1458.4682,1617.1519,1557.6131,1538.1084,1364.1896,1534.4746,1706.2773,1232.4398,1229.5953,1036.2285,1188.2867,1445.6131,1199.9613,1211.5654,973.6509,1143.8816,1467.4894,1144.4812,1167.5449,884.0653,1070.0272,1458.8729,1069.4307,1103.6847,781.7754,971.2643,1423.2574,1001.7339,1032.4508,723.7683,903.7035,1351.5956,931.1188,958.2159,662.4615,825.5816,1281.4761,858.9503,886.9272,594.0109,742.5436,1227.6855,801.5039,832.5769,530.2393,669.6011,1204.6392,11.00000000000,28,127
28,103,00695774,28103,Noxubee,Noxubee County,06,H1,G4020,,,,A,1800400143.00000000000,12539541.00000000000,+33.1062703,-088.5657874,28103,572.1633,570.6005,566.0120,570.5873,575.2729,572.1472,569.6497,559.2051,569.6434,579.8876,503.2354,500.1461,483.6959,500.2073,516.4686,538.6113,534.0495,508.3623,533.8931,559.8174,546.2571,540.9535,501.8765,540.4496,579.9508,539.9827,534.0100,486.0042,533.1697,581.6872,488.1348,482.4735,429.6079,481.5250,534.5938,422.1473,417.0196,371.6939,416.1497,461.2384,424.0989,418.9440,371.7325,417.9868,464.5953,381.7947,381.0679,321.2888,368.3075,447.8706,341.7752,345.2305,277.5801,325.9907,417.9975,326.5753,333.2968,252.5119,305.5067,416.3033,307.0124,316.9772,224.6568,278.9953,408.6006,295.3263,304.5003,213.5819,266.5758,398.4813,282.3114,290.6315,201.0384,250.4454,388.5467,266.3319,275.0969,184.3428,230.3513,380.6708,250.7708,260.5665,166.0303,209.5922,376.9065,11.00000000000,28,103
28,161,00695801,28161,Yalobusha,Yalobusha County,06,H1,G4020,,,,A,1209858331.00000000000,72197034.00000000000,+34.0306685,-089.7037930,28161,706.3796,704.4075,698.7208,704.3932,710.2126,773.1941,769.7695,755.6292,769.7643,783.6403,687.9751,683.5578,661.0311,683.6638,705.9574,664.9114,659.3812,627.6660,659.1813,691.1549,700.5965,693.6034,643.4825,692.9498,743.6841,765.4288,756.8895,688.8010,755.6846,824.5240,642.2664,634.6754,565.0060,633.3952,703.3788,637.4768,629.7550,561.3285,628.4457,696.5088,683.6536,675.1113,598.7933,673.5202,748.9062,593.1070,591.9943,499.1423,572.1752,695.7580,560.2120,565.8148,454.8817,534.2630,685.1399,534.0255,544.9666,412.8272,499.5104,680.7453,520.0704,536.9051,380.4846,472.5532,692.1541,503.3225,518.9230,363.9463,454.2791,679.1258,484.6992,498.9613,345.1222,429.9598,667.0922,453.3753,468.2858,313.7878,392.1130,648.0130,429.6233,446.4042,284.4428,359.0742,645.7202,11.00000000000,28,161
28,017,00695733,28017,Chickasaw,Chickasaw County,06,H1,G4020,,,,A,1299602163.00000000000,6388917.00000000000,+33.9216539,-088.9458075,28017,1012.8468,1010.0659,1001.9360,1010.0433,1018.3495,929.9895,925.8512,908.8337,925.8463,942.5485,962.9818,956.8143,925.2859,956.9609,988.1608,1103.6114,1094.0332,1041.4108,1093.7285,1146.9149,1164.7706,1152.9993,1069.6690,1151.9073,1236.3100,1301.2396,1286.1110,1170.0245,1283.9464,1401.5243,1135.9309,1121.5841,997.6446,1119.1112,1243.9102,1036.0936,1022.7731,910.8732,1020.4876,1131.9937,1135.8638,1121.3578,994.2724,1118.6496,1244.2405,1042.7966,1039.7376,875.6036,1004.6313,1223.0093,875.8471,883.9234,709.9746,834.4215,1071.0508,868.9365,886.0677,670.5536,811.9301,1107.5895,830.3669,856.6089,606.4075,753.6999,1105.0668,792.7023,816.6803,572.1714,714.7092,1069.5289,747.9683,769.4333,531.6268,662.8069,1029.3862,693.1758,715.4912,478.9051,598.9067,990.7279,652.5745,677.6477,431.3112,544.9034,980.7883,11.00000000000,28,017
28,033,00695741,28033,DeSoto,DeSoto County,06,H1,G4020,,32820,,A,1233210616.00000000000,54041937.00000000000,+34.8742660,-089.9932400,28033,12074.1841,12040.7111,11943.6281,12040.4555,12139.7357,13616.8500,13557.3260,13308.7052,13557.1804,13801.0439,13271.9925,13190.3304,12756.4468,13191.9651,13620.8909,13986.6060,13871.9587,13204.7447,13867.6373,14539.7192,14322.9047,14184.9886,13160.4038,14171.8190,15207.1116,16336.1736,16157.6140,14706.4572,16132.5999,17598.4877,16981.3754,16785.0099,14946.3611,16752.1462,18597.6722,17114.9850,16908.9579,15072.9920,16874.0705,18699.9533,17893.8925,17679.4194,15690.1985,17639.6581,19602.9158,16440.4450,16411.2869,13838.8505,15862.3150,19286.2572,18445.7859,18634.9637,14985.8644,17597.2646,22559.9792,18493.4091,18876.9764,14304.4668,17304.0267,23574.9102,18167.3535,18759.9475,13299.0041,16513.1235,24179.0620,18368.1317,18941.7821,13289.2448,16583.8639,24784.2450,18550.4821,19100.5015,13215.8838,16460.7905,25531.3925,18265.2267,18869.7033,12648.3161,15801.8718,26106.9006,17709.7847,18404.8825,11731.1974,14805.7585,26617.8650,11.00000000000,28,033
28,075,00695761,28075,Lauderdale,Lauderdale County,06,H1,G4020,,32940,,A,1822402881.00000000000,29835947.00000000000,+32.4039981,-088.6604488,28075,4592.0226,4579.4044,4542.5398,4579.3022,4616.9690,4441.7562,4422.3755,4341.2948,4422.3255,4501.8497,4078.2726,4053.1324,3919.7977,4053.6401,4185.4575,4466.0699,4429.3987,4216.3532,4428.0233,4642.6446,4159.2030,4119.1794,3821.6525,4115.3561,4415.9831,4054.0595,4009.8610,3649.7977,4003.6750,4367.3541,3526.5414,3484.9099,3102.4094,3477.8919,3862.1016,3821.0088,3773.9373,3363.0908,3765.9286,4174.7985,3942.7488,3893.6635,3453.6886,3884.5247,4319.0938,3419.9011,3412.2613,2875.8900,3297.6938,4011.4978,3166.4804,3197.1229,2569.3257,3018.5231,3872.4420,2999.4819,3059.9036,2316.9359,2804.3208,3823.4438,2811.2256,2901.2188,2054.9756,2553.1106,3741.3299,2634.0307,2714.6974,1902.9514,2376.1324,3553.9727,2484.6897,2556.8640,1767.5428,2202.8935,3419.6071,2326.2939,2401.9178,1608.5005,2010.8470,3324.9286,2184.3442,2268.8723,1444.7879,1824.6778,3283.0019,11.00000000000,28,075
28,131,00695786,28131,Stone,Stone County,06,H1,G4020,274,25060,,A,1153800111.00000000000,6712392.00000000000,+30.7901840,-089.1122970,28131,999.6659,996.8596,988.8038,996.8400,1005.0882,1021.4451,1016.9116,998.2266,1016.9054,1035.2425,997.4885,991.1777,958.5346,991.3206,1023.6134,987.6318,979.2697,932.1679,978.9827,1026.5184,1063.1604,1052.6163,976.5585,1051.6271,1128.5910,874.9530,865.1258,787.2585,863.7360,942.4848,614.7512,607.1844,540.2645,605.8909,673.2108,962.6189,950.1772,846.1540,948.0403,1051.7145,1007.1214,994.0719,881.2195,991.6318,1103.1914,855.8275,853.3807,718.7263,824.5839,1003.7444,790.1306,797.3750,640.4190,752.7073,966.2236,749.5781,764.2745,578.3024,700.2994,955.4395,696.2247,718.1184,508.2585,631.8063,926.5383,657.7433,677.5097,474.5349,592.8642,887.4282,609.7466,627.0967,433.1246,540.1346,839.1477,575.8768,594.2817,397.6271,497.3915,823.0679,568.4966,590.2279,375.5423,474.5611,854.4162,11.00000000000,28,131
28,067,00695757,28067,Jones,Jones County,06,H1,G4020,,29860,,A,1799510829.00000000000,12724862.00000000000,+31.6210444,-089.1672620,28067,4118.9992,4107.4616,4074.2817,4107.3798,4141.3447,4131.8790,4113.5451,4037.9641,4113.5198,4187.6929,4150.7694,4124.7325,3988.9408,4125.3012,4259.6068,4769.9004,4729.9356,4502.4325,4728.5210,4957.9772,4781.4717,4734.9112,4392.8618,4730.4951,5076.3075,4546.3255,4496.2693,4092.2163,4489.2390,4897.5194,4063.6358,4015.8592,3575.2566,4007.8167,4450.3246,4419.1503,4365.1837,3890.4448,4356.0183,4828.3499,4618.0297,4561.5458,4047.1363,4551.0501,5058.9544,4153.1403,4144.9474,3494.4442,4006.0725,4871.8408,3653.0922,3690.1165,2967.0995,3484.4939,4467.8150,3610.3151,3684.7594,2791.7790,3377.5727,4602.2817,3481.9306,3595.1217,2548.2108,3164.4008,4634.0926,3301.5738,3404.3888,2388.1603,2980.4849,4454.8095,3102.3612,3194.1269,2209.8259,2752.6059,4269.8230,2889.9699,2985.4693,2000.9962,2500.0331,4130.6890,2701.5926,2807.5346,1789.4037,2258.4741,4060.4967,11.00000000000,28,067
28,135,00695788,28135,Tallahatchie,Tallahatchie County,06,H1,G4020,,,,A,1671287200.00000000000,17751357.00000000000,+33.9558908,-090.1728334,28135,776.3148,774.1672,767.9276,774.1506,780.5301,720.3762,717.2546,704.1158,717.2450,730.1285,643.1942,639.2476,618.2226,639.3255,660.1089,557.5792,553.0195,526.4204,552.8465,579.6361,597.2426,591.4760,548.7522,590.9263,634.1023,603.7598,597.0865,543.4134,596.1479,650.3914,633.0595,624.9532,555.7944,623.5499,693.2241,580.8995,573.1067,510.0793,571.7589,634.6483,629.7024,621.3422,550.5977,619.7750,689.7458,479.0790,477.4411,401.8490,461.2577,561.8154,473.2875,477.2261,382.9082,450.3686,578.7019,439.7736,448.0018,338.5971,410.3660,560.5038,395.1218,407.1673,287.7972,358.0869,525.7960,367.7134,378.4029,264.6669,330.9833,496.0871,340.0022,349.3422,240.9298,300.7612,467.8922,309.7880,319.3703,213.3366,267.1683,442.7400,285.6253,296.2470,188.1518,238.0659,429.2594,11.00000000000,28,135
28,089,00695768,28089,Madison,Madison County,06,H1,G4020,298,27140,,A,1850562626.00000000000,70638762.00000000000,+32.6343703,-090.0341603,28089,6980.2342,6960.9023,6904.7877,6960.7539,7018.1332,7318.3170,7286.3166,7152.6916,7286.2392,7417.3086,7983.1188,7933.7557,7672.7272,7934.7669,8192.8450,9318.7450,9241.7273,8797.2168,9238.8916,9686.8597,9191.0072,9101.6354,8444.1457,9093.1517,9757.8286,10146.4792,10033.5427,9131.1084,10017.6199,10929.9174,10224.5435,10103.7590,8994.7070,10083.3936,11197.4281,10607.3679,10477.7190,9338.0954,10455.6961,11589.5705,11600.8252,11458.1199,10165.1433,11431.5861,12708.3610,10722.5583,10700.7011,9020.6711,10341.9881,12577.9246,11488.8281,11603.6719,9328.6125,10956.5924,14050.8389,11602.0265,11839.6281,8968.7415,10852.0375,14789.5904,11412.1409,11781.4429,8348.9579,10369.3122,15188.2403,11388.1048,11740.8888,8234.2685,10278.2147,15365.7902,11412.4531,11748.0868,8125.7478,10123.3711,15706.9626,11225.6705,11594.7208,7769.2118,9708.6310,16044.9316,10904.9728,11330.8417,7219.7751,9114.1577,16390.0778,11.00000000000,28,089
28,159,00695800,28159,Winston,Winston County,06,H1,G4020,,,,A,1572757155.00000000000,7357963.00000000000,+33.0787236,-089.0373913,28159,1084.8181,1081.7776,1073.0382,1081.7562,1090.7029,1040.1231,1035.5179,1016.4970,1035.5109,1054.1761,1029.7811,1023.2948,989.6006,1023.4390,1056.7680,1036.8811,1028.2372,978.7806,1027.9267,1077.7931,1001.6832,991.5612,919.8986,990.6221,1063.2066,1039.4967,1027.6839,935.0975,1026.0065,1119.6886,881.5215,870.6919,774.7483,868.8417,965.3520,873.6015,862.5178,768.2989,860.6209,954.4701,934.5186,922.6018,818.0601,920.3773,1023.6863,674.0289,672.1953,566.2195,649.5377,790.5473,673.7411,679.9956,546.2179,641.9272,823.9074,635.1172,647.6618,490.1569,593.4796,809.5547,567.3169,585.2547,414.3204,514.9483,754.9960,518.3685,534.0493,374.1593,467.3680,699.3927,482.1781,496.0141,342.7109,427.2770,663.5943,432.9997,446.9350,299.1456,374.1082,618.8686,396.1558,411.3720,261.8256,330.7863,595.4029,11.00000000000,28,159
28,155,00695798,28155,Webster,Webster County,06,H1,G4020,,,,A,1090230505.00000000000,5938458.00000000000,+33.6120482,-089.2838356,28155,627.3142,625.5610,620.5097,625.5483,630.7179,530.5206,528.1707,518.4685,528.1672,537.6881,508.1615,504.9647,488.3385,505.0354,521.4808,593.2256,588.1723,559.8818,588.0020,616.5635,596.5798,590.5440,547.8632,589.9844,633.2169,602.7031,595.7685,542.0397,594.7796,649.1737,562.0048,555.3083,494.3031,554.1759,615.4740,483.4798,477.5157,425.5233,476.5007,528.2450,507.3734,501.0903,444.5026,499.9212,555.8075,447.8376,446.7306,376.4074,431.7028,525.2816,415.1267,419.2036,336.9440,395.8042,507.6882,403.0015,411.1846,311.4105,376.8621,513.7145,383.1853,395.5212,280.2230,348.0898,509.9697,367.5084,378.8370,265.6331,331.6194,495.8682,353.2150,363.5509,251.4005,313.2520,486.1258,334.2106,345.1505,231.2209,288.9858,477.6863,310.0710,322.1390,205.2131,259.1006,466.0314,11.00000000000,28,155
28,137,00695789,28137,Tate,Tate County,06,H1,G4020,,32820,,A,1048320034.00000000000,16092718.00000000000,+34.6495534,-089.9431049,28137,1687.2549,1682.5920,1669.0332,1682.5556,1696.4172,1630.8989,1623.7266,1593.9270,1623.7122,1652.9476,1521.3588,1511.9999,1462.2646,1512.1871,1561.3539,1591.2726,1578.1237,1502.2188,1577.6392,1654.1337,1624.2236,1608.5997,1492.4115,1607.1069,1724.5035,1363.2512,1348.2841,1227.1490,1346.1841,1468.5718,1107.7683,1094.8282,974.7833,1092.6548,1213.1913,1490.3241,1472.2671,1312.2923,1469.2053,1628.3318,1412.7291,1395.6522,1238.4710,1392.4833,1547.6396,1074.5459,1072.6778,904.5737,1036.8059,1260.5570,1144.3864,1156.0241,929.5576,1091.6197,1399.6171,1093.9700,1116.5754,846.0272,1023.5064,1394.5539,992.9458,1025.2887,726.7857,902.4759,1321.5146,931.0185,960.0755,673.5534,840.5554,1256.2279,861.2709,886.8107,613.5992,764.2538,1185.3842,806.0360,832.7280,558.1939,697.3502,1152.0866,765.1260,795.1760,506.8640,639.6853,1149.9880,11.00000000000,28,137
22,025,00558495,22025,Catahoula,Catahoula Parish,15,H1,G4020,,,,A,1833789263.00000000000,81301245.00000000000,+31.6665170,-091.8467030,22025,483.8235,482.4600,478.5583,482.4508,486.4471,452.5257,450.4985,442.2109,450.4970,458.6330,479.8597,476.8161,461.1110,476.8857,492.4232,498.9797,494.7600,470.9627,494.6147,518.6296,442.5919,438.1464,406.4828,437.7325,469.7936,517.4908,511.6430,465.5689,510.8142,557.4222,478.4239,472.5153,420.4200,471.5041,523.9172,491.3163,484.8977,431.7437,483.7930,536.7862,519.9856,513.2452,454.9760,511.9848,569.5871,465.2305,464.0039,390.8882,448.3744,545.6636,410.7398,414.4945,332.8944,391.2717,502.2778,402.2048,410.0969,310.3137,375.7711,512.6656,385.3511,397.4911,281.3521,349.7241,512.8287,368.2151,379.3132,265.7085,331.9362,496.7992,359.2844,369.5593,255.3029,318.3321,494.4598,339.7968,350.7031,234.7027,293.5448,485.6555,322.6034,334.9692,213.1685,269.3397,484.8557,11.00000000000,22,025
22,125,00559584,22125,West Feliciana,West Feliciana Parish,15,H1,G4020,132,12940,,A,1044318335.00000000000,59023580.00000000000,+30.8727010,-091.4210081,22125,1048.6139,1045.3769,1036.7761,1045.3696,1054.2598,1054.4099,1049.1701,1029.5944,1049.2026,1068.4926,1000.0202,993.0308,960.1768,993.2507,1025.8393,1178.3540,1166.9722,1110.8379,1166.7257,1223.8526,1510.0268,1492.1846,1384.1130,1490.6712,1601.0701,1868.4015,1843.5275,1675.1161,1839.8202,2011.4797,1782.5919,1756.7701,1559.6884,1752.1400,1951.6609,1671.9174,1646.5189,1462.4711,1642.0323,1826.4418,1765.0587,1738.0411,1536.4719,1732.9074,1932.9254,1654.8571,1646.2138,1382.7116,1589.6074,1939.9251,1627.7572,1638.3215,1311.6966,1545.1965,1989.8196,1567.9997,1594.4466,1202.1971,1459.5091,1998.1099,1494.5823,1537.4152,1083.9435,1351.0700,1988.6274,1439.4707,1478.7806,1031.7005,1292.4591,1941.7827,1392.2257,1428.1630,982.5081,1228.6150,1915.7189,1312.0381,1350.5891,899.9419,1128.9833,1874.9843,1231.9186,1275.9715,808.3731,1024.6326,1851.3118,11.00000000000,22,125
22,011,00558436,22011,Beauregard,Beauregard Parish,15,H1,G4020,256,19760,,A,2997501973.00000000000,21999317.00000000000,+30.6450184,-093.3402526,22011,2165.0711,2159.0455,2141.6251,2159.0007,2176.8221,2203.8876,2194.0852,2153.7593,2194.0733,2233.6512,2103.5816,2090.5278,2021.7368,2090.7996,2158.8191,2278.3652,2259.6754,2150.9894,2258.9724,2368.4562,2308.5031,2285.9360,2120.7924,2283.8005,2450.7927,2519.1375,2491.2764,2267.3203,2487.3570,2713.6991,2432.8947,2403.6366,2139.3366,2398.6733,2664.3295,2329.9238,2301.3811,2051.0031,2296.5305,2545.6623,2437.9882,2407.6964,2135.6938,2402.0578,2670.7074,2239.8811,2234.8506,1883.5301,2159.8077,2627.3439,1976.8625,1996.5099,1604.9590,1885.1393,2417.6847,1956.5163,1996.4683,1512.2469,1829.8952,2494.0394,1896.1157,1957.3677,1386.9875,1722.7163,2523.5014,1825.0161,1881.4672,1319.4475,1647.0413,2462.4578,1770.3406,1822.3226,1260.3503,1570.2687,2436.5136,1669.4853,1724.2911,1155.2991,1443.7711,2386.2017,1582.1352,1643.8473,1047.3396,1322.2253,2377.9306,11.00000000000,22,011
22,037,00558542,22037,East Feliciana,East Feliciana Parish,15,H1,G4020,132,12940,,A,1174325549.00000000000,6133295.00000000000,+30.8397837,-091.0434338,22037,1247.3632,1243.7749,1233.6786,1243.7544,1254.1166,1227.0836,1221.3677,1198.7825,1221.3790,1243.5817,1149.7557,1142.1588,1104.4704,1142.3608,1179.6874,1320.8944,1309.1957,1246.2234,1308.8471,1372.5738,1289.6747,1276.1273,1183.8529,1274.8987,1368.5470,1303.1946,1287.5020,1170.9445,1285.2312,1403.4725,1200.5897,1185.1441,1053.9294,1182.4666,1314.6828,1155.4367,1139.6742,1014.0763,1136.9397,1262.3304,1182.3657,1166.3462,1033.2184,1163.3370,1295.0676,1074.0821,1070.0756,900.3328,1033.7141,1259.4940,1046.8945,1055.4591,846.7206,996.0140,1280.0433,1002.5186,1021.1805,771.7072,935.3603,1277.7265,938.7804,967.3864,683.7622,850.7715,1249.2515,886.9731,912.8049,638.4931,798.4355,1196.6317,843.3395,866.6174,597.7951,746.1470,1160.5662,792.2088,816.8770,545.8469,683.4243,1132.2133,741.4517,769.2088,488.7500,618.2190,1114.3213,11.00000000000,22,037
22,013,00558445,22013,Bienville,Bienville Parish,15,H1,G4020,,,,A,2101174885.00000000000,27977807.00000000000,+32.3442678,-093.0615128,22013,850.6717,848.2935,841.4434,848.2764,855.2872,745.5231,742.2093,728.5691,742.2051,755.5921,694.6333,690.3848,667.6810,690.4674,712.9084,828.6550,821.7357,782.2114,821.4883,861.3439,839.1015,830.7936,770.7651,830.0134,890.7520,799.5671,790.7348,719.6578,789.4929,861.3235,686.7523,678.6593,604.1831,677.2959,752.1004,644.8718,637.2010,568.1061,635.9053,704.5968,606.7295,599.3255,531.7565,597.9500,664.6615,626.5835,625.4147,527.3273,604.4786,735.0300,549.3680,554.9430,446.2179,524.0224,671.8908,523.2854,534.0850,404.6620,489.5633,667.0639,496.8673,513.0284,363.6417,451.5672,661.2802,465.9213,480.4396,337.0349,420.6203,628.6678,438.3091,451.2796,312.2194,388.9019,603.2514,406.2277,419.6528,281.2717,351.4180,580.6291,377.8192,392.6348,250.2483,315.8483,567.8627,11.00000000000,22,013
22,119,00559567,22119,Webster,Webster Parish,15,H1,G4020,508,33380,,A,1535939758.00000000000,56487776.00000000000,+32.7321522,-093.3398245,22119,2298.0460,2291.6394,2273.1437,2291.5925,2310.5171,2281.1288,2271.1102,2229.4365,2271.0890,2311.9720,2111.7887,2098.6921,2029.6343,2098.9641,2167.2463,2275.4242,2256.3518,2147.8244,2255.6774,2365.1391,2272.9206,2250.5752,2087.9753,2248.4679,2412.9338,2309.7274,2283.8419,2078.3165,2280.1837,2488.0165,2145.3935,2119.5133,1886.3843,2115.1186,2349.4699,1928.5644,1903.9218,1695.7687,1899.6987,2107.0800,1953.3268,1928.5511,1710.1598,1923.9289,2139.7210,1807.0243,1802.2613,1518.2697,1741.5540,2119.4390,1628.9179,1644.2382,1320.9502,1552.2497,1992.0105,1512.5078,1542.5504,1167.5848,1413.5611,1927.9444,1384.0999,1428.0134,1011.0869,1256.5229,1841.9994,1283.4105,1322.3623,926.5894,1157.3034,1731.6134,1179.7239,1213.6767,838.6723,1045.5276,1623.5948,1057.5437,1091.6484,730.7462,913.7962,1511.5083,941.7703,977.9775,622.4918,786.4111,1415.4370,11.00000000000,22,119
22,107,00559509,22107,Tensas,Tensas Parish,15,H1,G4020,,,,A,1561204557.00000000000,99471079.00000000000,+32.0014894,-091.3425760,22107,217.3877,216.7755,215.0226,216.7713,218.5666,204.3027,203.3610,199.6058,203.3622,207.0524,168.8833,167.7983,162.2684,167.8244,173.2972,157.0891,155.7294,148.2389,155.6858,163.2553,131.1822,129.8985,120.5141,129.7771,139.2671,135.8539,134.2897,122.1783,134.0666,146.3284,127.7969,126.2654,112.3862,126.0059,139.9545,121.8773,120.3757,107.2708,120.1202,133.1620,108.6905,107.3235,95.1819,107.0687,119.0636,105.0259,104.8085,88.3502,101.2942,123.1982,76.4232,77.1986,62.0736,72.8972,93.4675,74.6517,76.1970,57.7371,69.8468,95.1637,73.2996,75.6918,53.6595,66.6269,97.5551,71.1305,73.3581,51.4731,64.2288,95.9774,67.5838,69.5957,48.1627,59.9808,93.0175,63.6430,65.7580,44.0870,55.0707,90.9670,59.3958,61.7350,39.3587,49.6659,89.2726,11.00000000000,22,107
22,067,00558097,22067,Morehouse,Morehouse Parish,15,H1,G4020,384,12820,,A,2058870285.00000000000,28878807.00000000000,+32.8200082,-091.8003988,22067,1420.1367,1416.2125,1404.8004,1416.1819,1427.8486,1289.9048,1284.2977,1260.7623,1284.2817,1307.3622,1270.9368,1263.0965,1221.5435,1263.2553,1304.3362,1282.2562,1271.7591,1210.5900,1271.3620,1332.9728,1240.6070,1228.7608,1140.0160,1227.6239,1317.2600,1208.3711,1194.9956,1087.5631,1193.1135,1301.6945,1063.3444,1050.8921,935.6370,1048.7989,1164.5362,1006.3092,994.0149,885.9049,991.9267,1099.4900,1016.3448,1003.9856,890.8390,1001.6906,1113.3930,901.2491,899.2838,757.9719,869.1030,1057.1647,786.4550,794.2877,638.5294,749.9853,961.8299,743.3523,758.5421,574.5766,695.2576,947.5783,682.8291,704.8923,499.4907,620.3910,908.7637,632.9970,652.5740,457.6385,571.2639,854.0900,582.2283,599.3164,414.4895,516.4190,801.3182,534.6328,552.1710,369.9483,462.3346,764.1518,489.0533,508.1141,323.7160,408.6942,735.0404,11.00000000000,22,067
22,091,01629457,22091,St. Helena,St. Helena Parish,15,H1,G4020,132,12940,,A,1057758275.00000000000,2810554.00000000000,+30.8214232,-090.7093504,22091,603.2834,601.6061,596.7529,601.5936,606.5580,500.3634,498.1784,489.0438,498.1729,507.1324,508.6100,505.4715,488.8425,505.5352,521.9754,587.9948,583.1962,555.1456,583.0130,611.2611,609.5383,603.7715,560.1700,603.2149,647.2349,604.7627,598.1836,544.4791,597.2635,651.5024,450.5273,445.2205,396.3640,444.3266,493.3976,448.3977,442.9000,394.7103,441.9656,489.9166,437.9532,432.6377,383.8911,431.6509,479.7735,323.8168,323.1148,272.3451,312.2719,379.8379,353.6174,357.2364,287.2750,337.3411,432.4879,342.9364,350.0388,265.2397,320.8678,437.1651,315.4992,325.7795,230.9356,286.7578,419.8992,297.9570,307.2490,215.5472,268.9966,402.0342,278.8841,287.1350,198.6534,247.4453,383.8322,260.3301,268.9236,180.2346,225.1929,372.0941,248.7277,258.4665,164.7184,207.9127,373.8372,11.00000000000,22,091
51,710,01498557,51710,Norfolk,Norfolk city,25,C7,G4020,,47260,,F,140171293.00000000000,109376999.00000000000,+36.9230149,-076.2446413,51710,11376.1267,11344.7631,11253.3831,11344.5146,11437.9133,10557.5605,10511.5228,10318.8171,10511.4019,10700.4039,10566.7743,10502.4079,10157.0881,10503.6340,10844.9225,13275.9438,13167.2973,12533.9769,13163.1835,13801.0657,13663.4573,13536.9667,12559.6355,13524.5958,14510.2990,6954.6858,6884.8079,6270.3809,6875.3256,7493.8681,9885.4631,9767.2061,8693.7780,9747.1808,10825.9133,14123.5331,13945.9726,12424.1853,13915.6397,15431.0324,14975.5893,14785.1651,13110.3869,14749.6296,16404.5618,14547.5882,14512.1161,12228.1187,14024.0660,17063.4037,12690.0872,12809.6579,10291.2466,12093.0763,15518.7963,12610.1086,12860.9774,9735.1052,11785.6676,16073.7426,12347.5606,12739.8583,9020.8430,11210.1298,16432.5331,11828.8709,12188.2903,8540.8485,10667.0944,15959.8813,11116.2130,11436.3286,7902.9074,9851.9573,15298.7009,11065.6254,11422.9167,7646.9464,9562.0684,15815.7224,10763.6541,11178.0781,7115.6456,8988.7712,16177.3104,11.00000000000,51,710
51,580,01789069,51580,Covington,Covington city,25,C7,G4020,,,,F,14163340.00000000000,522061.00000000000,+37.7781426,-079.9860390,51580,367.8092,366.7765,363.8125,366.7693,369.8042,339.8562,338.3455,332.1274,338.3436,344.4462,302.3676,300.4525,290.5571,300.4961,310.2857,319.4221,316.7172,301.4835,316.6244,331.9986,320.8458,317.6024,294.6484,317.3016,340.5514,320.3217,316.6717,288.1358,316.1530,345.0301,264.1850,260.9540,232.2118,260.4028,289.3101,253.1610,249.9586,222.6635,249.4109,276.5964,252.3560,249.1612,220.9522,248.5653,276.4375,203.6430,203.0660,171.0294,196.2151,238.8409,195.4476,197.2298,158.3976,186.1782,239.0045,184.6096,188.2243,142.4186,172.4669,235.3095,169.1415,174.4588,123.4740,153.4896,225.0940,157.0435,161.7644,113.3030,141.5548,211.8835,144.9833,149.1138,102.9956,128.4376,199.5299,131.0741,135.2634,90.5034,113.2105,187.3368,120.2695,124.8618,79.4395,100.3905,180.7576,11.00000000000,51,580
51,025,01493961,51025,Brunswick,Brunswick County,06,H1,G4020,,,,A,1466381601.00000000000,8317961.00000000000,+36.7645309,-077.8609162,51025,941.3597,938.7384,931.1635,938.7190,946.4688,838.5457,834.8241,819.4849,834.8191,849.8727,764.5958,759.8286,734.8206,759.9300,784.6605,737.1662,731.0931,695.9289,730.8674,766.2986,696.4071,689.5776,639.7584,688.9326,739.3174,631.4982,624.4929,568.3400,623.5064,680.2649,607.3730,599.8566,533.7081,598.5694,665.1264,621.4651,613.5855,546.5643,612.2371,678.9940,574.6157,567.1859,502.8118,565.7969,629.4307,535.0334,533.7188,449.7097,515.7669,627.5580,478.8529,483.3347,388.2813,456.2873,585.5877,442.7182,451.4886,341.7170,413.7268,564.3157,411.3634,424.3997,300.4756,373.4277,547.4528,382.7012,394.3045,276.2802,345.0823,516.3501,359.4519,369.7910,255.5259,318.5558,494.6951,329.8095,340.4381,227.8801,284.9706,471.3841,308.0394,319.8784,203.6012,257.2190,462.9687,11.00000000000,51,025
51,047,01497831,51047,Culpeper,Culpeper County,06,H1,G4020,548,19020,,A,982210871.00000000000,8572037.00000000000,+38.4859303,-077.9564758,51047,3317.4276,3308.1285,3281.4022,3308.0629,3335.4235,3125.1661,3111.4096,3054.3002,3111.3827,3167.4128,3247.3929,3227.2307,3121.0329,3227.6516,3332.6598,3620.9575,3590.9031,3418.1866,3589.8098,3763.9129,3603.9018,3569.1003,3311.2947,3565.7828,3826.3188,4018.5548,3974.5033,3617.4617,3968.3258,4329.0359,3862.0204,3817.7245,3399.8504,3810.3328,4229.6515,4154.8632,4104.5116,3658.5098,4095.9734,4539.6132,4405.9248,4352.7443,3862.6089,4342.8773,4826.6841,4089.0839,4081.4448,3441.3165,3944.8126,4796.8031,3764.1444,3802.4854,3057.6326,3590.6603,4603.6657,3824.3340,3903.3534,2957.5585,3577.9986,4875.1238,3784.8096,3907.9767,2770.0918,3439.8221,5037.2051,3733.5611,3849.9131,2700.7799,3370.5676,5037.6970,3691.6852,3800.9079,2629.6482,3275.5224,5080.9197,3567.7740,3685.6540,2470.2723,3086.3607,5099.4861,3398.3947,3531.6278,2250.8711,2840.9442,5107.7892,11.00000000000,51,047
51,033,01480107,51033,Caroline,Caroline County,06,H1,G4020,,40060,,A,1366252458.00000000000,24233022.00000000000,+38.0303193,-077.3523482,51033,1951.2382,1945.7782,1930.0633,1945.7392,1961.8244,1967.9757,1959.2750,1923.2927,1959.2608,1994.5683,2001.8213,1989.4277,1923.9700,1989.6830,2054.4029,2253.7660,2234.7017,2127.2152,2234.0456,2342.5162,2360.0031,2336.7766,2167.9465,2334.5876,2505.3641,2385.1220,2358.3633,2146.1136,2354.5803,2569.2227,2297.8838,2270.2660,2020.6461,2265.5819,2516.4773,2331.8302,2302.7408,2051.6917,2297.7791,2547.7148,2532.8992,2501.0559,2218.1244,2495.1209,2774.6330,2446.7169,2440.9699,2057.0060,2358.9378,2869.8977,2109.1251,2129.2488,1710.8709,2010.2146,2579.3045,2097.5654,2139.5508,1619.7853,1960.7500,2673.7372,2041.3632,2106.4724,1491.8051,1853.6339,2716.7345,1982.5039,2043.0128,1431.9027,1788.1359,2674.8804,1909.2410,1964.5199,1357.8685,1692.4797,2627.6191,1816.8574,1875.7708,1255.9893,1570.3029,2596.7901,1719.4385,1785.8507,1137.0625,1436.1679,2584.2553,11.00000000000,51,033
51,119,01480147,51119,Middlesex,Middlesex County,06,H1,G4020,,,,A,337492226.00000000000,208378288.00000000000,+37.6068281,-076.5279582,51119,567.3216,565.7503,561.1895,565.7382,570.4018,453.7380,451.7417,443.4506,451.7377,459.8720,401.7111,399.2291,386.0945,399.2797,412.2656,481.8208,477.7690,454.7889,477.6271,500.8095,499.2502,494.4700,458.7567,494.0119,530.0886,588.3206,581.8469,529.5623,580.9379,633.7682,460.8502,455.5340,405.6457,454.6450,504.7156,485.8628,480.0989,428.0549,479.1259,530.8620,471.8898,466.1377,413.5911,465.0693,516.9477,452.8283,452.0745,381.2599,436.9655,531.2240,435.7877,440.3362,354.1845,415.8402,532.9998,428.6043,437.5707,331.6557,401.1358,546.3828,425.3261,439.2739,311.4775,386.6911,566.0761,422.7150,435.9885,305.9560,381.7441,570.3786,413.1149,425.4310,294.4325,366.6634,568.5835,394.3466,407.4584,273.1855,341.2393,563.6528,381.5366,396.5632,252.8267,319.0360,573.4540,11.00000000000,51,119
51,165,01488970,51165,Rockingham,Rockingham County,06,H1,G4020,,25500,,A,2199121564.00000000000,11060921.00000000000,+38.5112574,-078.8763070,51165,4985.4817,4971.5914,4931.4702,4971.4892,5012.5382,4719.2308,4698.3352,4612.0331,4698.3031,4782.9912,4526.7994,4498.4259,4350.3367,4499.0435,4645.5091,5098.0480,5055.0047,4811.8652,5053.5153,5298.8536,5410.8433,5357.4083,4970.3241,5352.3827,5743.9959,5519.2282,5457.0556,4965.7662,5448.2537,5945.1679,5348.4445,5284.7795,4704.2586,5274.0171,5857.3035,5656.9574,5587.5825,4979.6084,5575.7897,6180.7571,5672.1929,5601.9699,4969.3639,5588.9037,6213.6651,5279.1510,5267.1823,4439.0690,5090.2878,6192.3302,4962.9290,5012.4086,4029.5332,4732.8510,6069.6421,4917.4765,5018.0461,3801.1285,4599.4241,6268.4974,4794.3443,4949.3695,3507.2644,4356.0893,6380.7075,4725.7593,4872.0666,3416.8484,4265.0718,6376.3847,4622.4590,4758.3077,3291.0572,4100.2133,6361.8840,4461.7371,4608.3063,3087.7388,3858.6356,6377.1850,4257.8494,4424.0142,2818.7564,3558.4829,6399.5026,11.00000000000,51,165
51,730,01498435,51730,Petersburg,Petersburg city,25,C7,G4020,,40060,,F,59393052.00000000000,637650.00000000000,+37.2047302,-077.3923681,51730,1997.7780,1992.2911,1976.2544,1992.2465,2008.6313,1517.6001,1511.0065,1483.3184,1510.9874,1538.1401,1572.6778,1562.9599,1511.5384,1563.1584,1613.9977,1896.5790,1880.9193,1790.4505,1880.3411,1971.5085,2202.1740,2181.4798,2023.9560,2179.4743,2338.4591,2060.0220,2038.0952,1855.4249,2035.0530,2219.3738,1607.7653,1589.6053,1415.8630,1586.5917,1760.8429,1499.9492,1482.2758,1321.7136,1479.2966,1638.8773,1746.1044,1725.5167,1531.7176,1721.7071,1912.9141,1873.6631,1871.0643,1578.4716,1808.6708,2198.1665,1586.2306,1603.1956,1289.9180,1514.1360,1940.1407,1573.0874,1606.3883,1217.9472,1472.7644,2005.4118,1584.6129,1636.9380,1161.0714,1441.1251,2109.0290,1568.6441,1618.2281,1135.9313,1417.0228,2116.6354,1507.5931,1552.8123,1074.9606,1338.4232,2074.9715,1447.8379,1496.1893,1003.3715,1253.1207,2069.4578,1410.5844,1466.3125,935.0381,1179.7250,2120.1355,11.00000000000,51,730
51,013,01480097,51013,Arlington,Arlington County,06,H1,G4020,548,47900,47894,A,67273573.00000000000,244125.00000000000,+38.8783374,-077.1007034,51013,15046.8093,15004.3192,14882.9368,15004.0364,15128.3890,17626.9839,17548.5695,17226.0313,17548.4753,17865.0338,20670.4966,20541.4495,19865.3361,20544.2098,21212.8431,26202.9280,25983.0317,24733.2847,25975.2853,27235.8824,22687.6061,22465.4133,20842.4032,22444.4117,24085.7372,19181.0828,18967.7966,17261.9351,18937.7362,20662.1694,19968.8311,19733.1958,17567.3889,19693.4800,21868.9324,22540.4207,22263.8905,19841.2983,22216.8816,24627.5198,25626.9840,25310.4972,22453.0936,25251.6248,28073.4531,26251.7423,26194.3751,22078.1189,25315.2365,30793.2507,31437.7411,31748.3611,25520.2133,29976.7889,38447.7734,31460.2330,32100.7632,24313.2047,29421.8268,40103.2271,30700.1234,31689.9731,22453.5712,27890.2400,40857.9956,30688.5382,31635.8204,22183.7502,27693.2979,41407.2576,31039.3776,31948.7271,22094.1274,27528.9142,42719.2229,31318.5590,32344.5256,21668.9094,27081.5887,44763.5842,31130.1403,32342.2841,20603.7323,26013.5615,46788.1038,11.00000000000,51,013
51,145,01674225,51145,Powhatan,Powhatan County,06,H1,G4020,,40060,,A,673969480.00000000000,5505282.00000000000,+37.5494041,-077.9128553,51145,2326.5556,2320.0871,2301.3709,2320.0387,2339.1839,2063.4130,2054.3642,2016.6749,2054.3441,2091.3164,1804.6156,1793.4558,1734.4491,1793.6845,1852.0244,1880.1070,1864.5433,1774.8621,1863.9729,1954.3602,1980.0093,1961.0085,1819.3701,1959.1904,2102.2854,2555.2281,2527.1733,2300.1213,2523.2367,2752.6368,2149.3239,2124.5016,1891.8096,2120.3493,2353.9013,1886.2164,1863.3780,1660.9209,1859.5061,2060.8856,1666.5826,1646.1326,1460.4293,1642.3312,1825.6981,1458.9579,1456.2642,1227.8962,1407.5223,1711.4752,1528.3866,1543.9002,1241.4208,1457.8775,1869.2555,1421.6420,1451.0027,1099.4067,1330.0532,1812.2565,1321.9941,1365.0280,967.5860,1201.5098,1759.4438,1259.8065,1299.0921,911.3610,1137.3545,1699.8602,1169.4440,1204.0911,833.0978,1037.6734,1609.5265,1011.9875,1045.5026,700.8242,875.5351,1446.4582,879.2740,913.8401,582.5411,735.1596,1321.5551,11.00000000000,51,145
51,173,01500545,51173,Smyth,Smyth County,06,H1,G4020,,,,A,1167897823.00000000000,3526059.00000000000,+36.8423183,-081.5397861,51173,2123.5807,2117.6776,2100.5948,2117.6334,2135.1074,2118.9933,2109.6388,2070.9025,2109.6225,2147.6305,1798.8760,1787.4970,1728.6287,1787.7544,1845.9910,1738.0331,1723.3112,1640.4219,1722.8066,1806.4616,1944.5595,1925.0680,1785.9523,1923.2509,2064.0988,1958.9204,1936.2064,1761.4801,1932.9593,2109.9093,1647.9997,1627.6390,1448.1833,1624.1542,1804.7073,1615.3568,1594.6601,1420.2620,1591.1114,1764.8773,1590.1384,1569.6328,1391.5405,1565.8005,1741.8349,1414.2545,1410.6199,1188.4305,1363.1297,1658.7862,1304.1495,1316.3431,1057.4570,1242.6767,1594.8381,1193.1342,1216.7848,920.9588,1115.0197,1520.8434,1107.4839,1142.5974,808.9779,1005.3738,1473.8690,1040.1462,1071.7061,750.9436,937.9308,1403.3936,956.9364,984.4833,680.3020,848.0903,1316.9840,880.8513,909.2870,608.7061,761.1575,1258.9704,812.8927,844.1903,537.3869,678.8494,1221.7429,11.00000000000,51,173
51,760,01789073,51760,Richmond,Richmond city,25,C7,G4020,,40060,,F,154894705.00000000000,6880315.00000000000,+37.5313990,-077.4760085,51760,13514.9235,13477.6577,13369.0941,13477.3626,13588.3257,14345.1904,14282.5239,14020.6257,14282.3679,14539.2483,16100.0291,16000.5728,15474.1599,16002.6014,16523.0511,22949.8586,22759.8949,21665.1827,22752.9305,23856.2535,29234.0662,28952.5407,26861.2898,28925.6597,31038.7758,20653.1249,20427.6186,18593.1141,20396.0392,22249.0839,17316.2128,17113.6337,15236.9002,17079.5913,18964.1104,21920.8041,21658.7859,19308.9458,21614.4830,23950.9329,24051.4104,23763.2523,21089.6234,23709.8329,26348.5450,23634.4288,23591.3261,19892.2980,22801.8559,27725.2189,26656.4907,26929.1357,21655.1698,25429.3436,32601.8995,27161.3015,27723.7259,21007.3821,25413.2938,34624.3988,27065.6886,27947.5985,19811.2300,24600.0470,36021.8378,26997.6176,27839.9559,19531.2199,24374.0476,36427.9958,26189.4616,26965.4312,18657.1548,23238.5571,36045.0255,26151.5060,27016.3277,18108.2665,22623.7502,37378.8907,26323.9495,27356.2244,17435.6873,22006.2506,39564.9261,11.00000000000,51,760
51,700,01498555,51700,Newport News,Newport News city,25,C7,G4020,,47260,,F,177967764.00000000000,131476125.00000000000,+37.0759784,-076.5217187,51700,9449.0774,9423.0430,9347.1504,9422.8360,9500.3997,8781.5971,8742.9979,8582.5516,8742.9186,8900.3245,9223.7676,9165.9997,8864.2632,9167.2528,9465.6752,11366.1729,11270.9239,10728.8086,11267.5541,11814.3293,11741.7392,11626.7197,10786.7470,11615.8495,12465.3105,9996.6265,9885.6267,8996.6680,9869.9904,10768.5724,8638.1425,8535.2077,7597.5355,8517.8001,9459.9754,9759.3036,9637.8088,8587.3285,9617.0943,10662.8498,10346.0410,10216.7903,9061.8577,10192.7167,11333.5417,9703.5816,9681.2414,8158.8182,9356.0124,11382.0092,8350.7510,8431.9865,6776.6564,7961.0840,10212.6063,8201.9225,8367.6497,6336.4251,7668.9036,10455.0636,7903.2136,8156.8042,5778.1779,7178.3163,10518.0727,7445.0203,7673.6677,5379.7566,6716.8978,10045.2708,6955.3585,7158.0442,4948.9951,6167.3537,9572.5122,6555.9693,6769.7465,4534.2383,5667.7952,9370.3713,6213.7656,6454.8389,4111.0649,5191.3875,9339.1362,11.00000000000,51,700
51,735,01498436,51735,Poquoson,Poquoson city,25,C7,G4020,,47260,,F,39669842.00000000000,163451700.00000000000,+37.1283599,-076.3035337,51735,772.9784,770.8107,764.5829,770.7955,777.1715,711.2395,708.0733,695.0579,708.0697,720.8440,694.8686,690.4277,667.6793,690.5324,713.0426,823.3668,816.4752,777.2040,816.2306,855.8366,919.1016,910.0191,844.2678,909.1653,975.6881,1177.2050,1164.0211,1059.2754,1162.1584,1268.0768,1028.2462,1015.8940,904.1999,1013.7993,1126.0622,887.1473,876.1155,780.6349,874.2350,969.2829,838.4428,827.8886,734.2202,825.9213,918.4602,764.3946,762.5683,642.5871,736.9329,896.5957,922.7670,931.5126,748.4232,879.4188,1128.4664,921.2793,939.6572,711.3221,861.1092,1174.3342,918.4068,947.6364,671.0535,833.8686,1222.2499,912.2801,940.0664,658.8126,822.7651,1230.8827,880.8465,906.2990,626.3766,780.7771,1212.2729,800.9807,826.9085,553.6368,692.2284,1144.8191,744.2499,772.9572,492.1023,621.5901,1118.5788,11.00000000000,51,735
51,095,01480135,51095,James City,James City County,06,H1,G4020,,47260,,A,368909132.00000000000,95320887.00000000000,+37.3244273,-076.7783194,51095,4892.9768,4879.4220,4840.0851,4879.3181,4919.5426,4783.0655,4761.9706,4674.5439,4761.9324,4847.7123,4820.1060,4789.9780,4632.3097,4790.6259,4946.5544,5868.2707,5819.2030,5539.3078,5817.4558,6099.7200,6127.8637,6067.8159,5629.4443,6062.1419,6505.4728,6591.8078,6518.2394,5931.8513,6507.8571,7100.7225,6509.5482,6432.6872,5726.6288,6419.7298,7128.9482,6578.3069,6497.9333,5791.2063,6484.2816,7187.4356,7021.9252,6935.6795,6153.1683,6919.6461,7692.3275,6837.0947,6823.0117,5751.6464,6594.2487,8020.1088,7114.9047,7185.6771,5776.4953,6784.8595,8701.4733,7175.4257,7321.9920,5546.1676,6711.1048,9146.7706,7143.1738,7373.9471,5225.1874,6489.9581,9506.7047,7145.8969,7366.9196,5166.3074,6449.0155,9641.8151,7132.8215,7342.2235,5077.9714,6326.6712,9816.8747,7004.8907,7234.7779,4847.3262,6057.7439,10012.1121,6803.5543,7068.8492,4503.6613,5685.7801,10225.6570,11.00000000000,51,095
51,678,01789071,51678,Lexington,Lexington city,25,C7,G4020,,,,F,6466940.00000000000,68429.00000000000,+37.7823316,-079.4443196,51678,205.9206,205.3382,203.6766,205.3344,207.0369,232.4128,231.3808,227.1291,231.3795,235.5520,247.9397,246.3490,238.2309,246.3871,254.4210,343.5616,340.6276,324.2437,340.5295,357.0728,278.1427,275.3260,255.4269,275.0650,295.2222,47.0297,46.4539,42.2424,46.3701,50.6457,65.3520,64.5231,57.3900,64.3801,71.5639,405.0692,399.9235,356.2305,399.0426,442.5658,388.4358,383.4570,339.9806,382.5271,425.4956,362.6835,361.7577,304.7825,349.5804,425.3948,480.2068,484.7662,389.4929,457.6588,587.2539,477.6055,487.1483,368.7873,446.4318,608.7950,471.2795,486.2967,344.3813,427.9215,627.1979,475.5924,490.1034,343.4978,428.9585,641.6895,488.3483,502.4918,347.3248,432.9101,672.0964,553.4957,571.4684,382.6747,478.4157,791.0997,619.5773,643.5564,409.8119,517.5638,931.2057,11.00000000000,51,678
51,037,01492442,51037,Charlotte,Charlotte County,06,H1,G4020,,,,A,1230945745.00000000000,5827738.00000000000,+37.0140909,-078.6614240,51037,753.1242,751.0306,744.9722,751.0150,757.2122,657.0915,654.2542,642.2747,654.2447,665.9899,588.0447,584.4243,565.1997,584.4970,603.5022,650.6153,645.1501,614.1192,644.9581,676.2601,707.7819,700.5145,649.8764,699.8466,751.1780,759.4878,750.7894,683.1060,749.5510,818.0588,669.0291,660.7473,587.8821,659.3290,732.6450,567.8891,560.6077,499.2921,559.3590,620.4537,543.8583,536.7691,475.7886,535.4426,595.7323,538.8233,537.4810,452.8620,519.3975,631.9988,428.5732,432.6078,347.5526,408.4063,524.1045,387.5908,395.2966,299.2144,362.2440,494.0502,360.6303,372.0879,263.4681,327.4097,479.9385,327.4799,337.4372,236.4636,295.3251,441.8467,299.0348,307.6662,212.6295,265.0508,411.5487,261.3307,269.7911,180.6335,225.8502,373.5126,229.7579,238.6284,151.9319,191.9016,345.3178,11.00000000000,51,037
51,051,01497376,51051,Dickenson,Dickenson County,06,H1,G4020,,,,A,856074924.00000000000,8106974.00000000000,+37.1370810,-082.3492083,51051,877.5129,875.0201,867.9336,875.0043,882.2684,891.3830,887.3721,871.0383,887.3705,903.4080,840.7924,835.3893,807.8580,835.5194,862.7664,857.8985,850.4893,809.5813,850.2500,891.5840,784.7148,776.6928,720.5511,775.9536,832.8511,821.1650,811.7411,738.5507,810.3985,884.4869,726.4424,717.6847,638.7501,716.1979,795.5445,659.9671,651.6262,580.4770,650.1999,721.0616,628.4364,620.4153,550.1074,618.9179,688.3982,577.0668,575.4766,484.7296,556.0736,676.8186,498.9411,503.6297,404.6028,475.4524,610.1565,460.5443,469.6837,355.5039,430.4055,587.0398,421.3425,434.6989,307.7714,382.4915,560.7335,389.1174,400.9115,280.9056,350.8629,525.0067,362.5361,372.9528,257.6989,321.2750,498.9389,327.5730,338.1187,226.3157,283.0246,468.1868,292.2059,303.4218,193.1098,243.9797,439.1708,11.00000000000,51,051
51,187,01674058,51187,Warren,Warren County,06,H1,G4020,548,47900,47894,A,552872306.00000000000,8483552.00000000000,+38.9081874,-078.2071314,51187,2818.7014,2810.7986,2788.0893,2810.7430,2833.9917,2575.4464,2564.0989,2517.0295,2564.0775,2610.2587,2280.6633,2266.4795,2191.8917,2266.7778,2340.5334,2598.0904,2576.2731,2452.3579,2575.5059,2700.5015,3087.3175,3056.7522,2835.8886,3053.8818,3277.3573,3216.5188,3180.5489,2894.3775,3175.4693,3464.8263,3011.4942,2975.6040,2648.7023,2969.5341,3298.0071,3013.8154,2976.6051,2652.4767,2970.2714,3292.8617,3134.1523,3095.1220,2745.3682,3087.8548,3433.3134,2980.2900,2973.4523,2505.8849,2873.5694,3495.7963,2695.2333,2721.3912,2187.0819,2569.3903,3296.1435,2656.5985,2710.2126,2052.2514,2483.8724,3386.3819,2605.4927,2689.0326,1904.8145,2366.4338,3467.5411,2558.0535,2636.5626,1848.3538,2307.8094,3451.4755,2466.6645,2538.5010,1755.0454,2187.1483,3394.8144,2332.4952,2408.5140,1613.1306,2016.4498,3333.8056,2195.4098,2280.5487,1452.4326,1834.1455,3299.6445,11.00000000000,51,187
51,045,01673664,51045,Craig,Craig County,06,H1,G4020,,40220,,A,853489575.00000000000,2798854.00000000000,+37.4731287,-080.2317340,51045,358.0101,357.0034,354.1175,356.9965,359.9517,340.5801,339.0685,332.8384,339.0664,345.1806,292.6553,290.8303,281.2582,290.8692,300.3351,283.3105,280.9662,267.4522,280.8801,294.5002,320.3421,317.2346,294.3187,316.9392,340.1029,348.7775,344.9535,313.9649,344.4172,375.7245,310.4027,306.8352,273.2436,306.2394,339.9495,276.6129,273.2847,243.6132,272.7211,302.2293,246.0439,242.9610,215.4866,242.3866,269.5270,161.1554,160.7508,135.4399,155.3415,189.0222,206.4157,208.4287,167.5156,196.7901,252.4383,186.6924,190.4679,144.2354,174.5638,237.9789,161.0246,166.1924,117.7296,146.2564,214.3013,146.9158,151.4281,106.1617,132.5479,198.2277,128.4199,132.1615,91.3743,113.8697,176.7415,103.9398,107.3268,71.8828,89.8556,148.5598,80.8248,83.9568,53.4675,67.5217,121.4774,11.00000000000,51,045
51,019,01674818,51019,Bedford,Bedford County,06,H1,G4020,,31340,,A,1950314965.00000000000,42043879.00000000000,+37.3124079,-079.5279466,51019,5424.9382,5409.8468,5366.2007,5409.7344,5454.3832,5192.0911,5169.1535,5074.2305,5169.1146,5262.2551,4355.0111,4327.7562,4185.2950,4328.3455,4469.2393,4571.7798,4533.1612,4315.1217,4531.8267,4751.8443,5320.5632,5267.5777,4886.9451,5262.6192,5647.8659,6309.6486,6238.6850,5677.0990,6228.6441,6796.6210,5981.2857,5910.3664,5261.3747,5898.3937,6550.3861,5783.0195,5712.4043,5091.1545,5700.4115,6318.5096,5609.9588,5541.1228,4916.0199,5528.3271,6145.5652,5341.4376,5329.9559,4492.5748,5151.1228,6265.5434,5382.4879,5435.8187,4369.6032,5132.5439,6582.7071,5260.2035,5367.4584,4065.4839,4919.5766,6705.3452,5152.3491,5318.6277,3768.6080,4680.9644,6857.1410,5157.6401,5316.9934,3728.5486,4654.4376,6959.0848,5081.7984,5230.8288,3617.5369,4507.2531,6994.0468,4838.9084,4997.5809,3348.2519,4184.4641,6916.2577,4571.0129,4749.1478,3025.6270,3819.8997,6870.1686,11.00000000000,51,917
48,497,01384034,48497,Wise,Wise County,06,H1,G4020,206,19100,23104,A,2342442771.00000000000,47038683.00000000000,+33.2190947,-097.6539968,48497,4264.7773,4252.8620,4218.5237,4252.7760,4287.9179,4147.9765,4129.5787,4053.7070,4129.5527,4204.0099,4020.2372,3995.0589,3863.5452,3995.6051,4125.6743,4896.9933,4855.8200,4622.2615,4854.3775,5089.9896,5245.9245,5194.4717,4819.1911,5189.6125,5569.1559,5752.9875,5688.9295,5177.2422,5679.8969,6197.1850,5791.8364,5723.4692,5095.2726,5711.9449,6342.9465,5802.4562,5731.2363,5107.5713,5719.1281,6339.7245,6269.8105,6192.2725,5493.0919,6177.8468,6868.3421,6152.5375,6139.9145,5175.8582,5934.0677,7217.1156,6050.2322,6110.1887,4911.7070,5769.2924,7399.3502,6156.2543,6281.7686,4758.0003,5757.5890,7847.5679,6219.4879,6420.1784,4549.1035,5650.4370,8277.3688,6263.3129,6456.7979,4527.8075,5652.1983,8450.9408,6268.8216,6452.6262,4462.4688,5560.0254,8627.7363,6164.8717,6366.9740,4265.6556,5331.0334,8811.4554,5987.9343,6221.2300,3963.4078,5003.9209,8999.7782,11.00000000000,48,497
48,477,01384024,48477,Washington,Washington County,06,H1,G4020,,14780,,A,1564232347.00000000000,46094330.00000000000,+30.2150752,-096.4102717,48477,1932.9972,1927.5993,1912.0369,1927.5602,1943.4861,1948.2793,1939.6590,1904.0335,1939.6454,1974.6039,2034.7548,2021.9409,1955.3646,2022.2255,2088.0799,2344.8473,2325.1446,2213.3084,2324.4531,2437.2685,2495.7626,2470.9857,2292.4403,2468.6627,2649.3443,2412.8023,2386.3839,2172.0275,2382.6807,2599.2289,2015.6659,1992.2752,1773.9657,1988.3557,2207.5086,2784.1811,2749.5622,2449.9132,2743.6611,3041.9515,2913.7615,2878.4029,2554.0902,2871.8384,3191.9984,2926.5712,2920.3891,2461.6753,2822.4322,3432.9148,2734.9770,2762.7417,2221.4715,2608.8088,3344.9466,2801.1223,2858.8976,2166.0764,2620.5661,3570.7579,2817.2443,2908.8077,2061.7336,2560.3045,3749.4615,2830.6071,2918.6882,2047.3749,2555.2357,3819.3287,2848.9455,2933.0912,2029.0994,2527.6024,3921.0334,2821.6287,2914.6995,1953.3760,2440.6996,4032.9957,2811.0670,2921.0954,1861.5458,2349.7386,4225.0241,11.00000000000,48,477
48,243,01383907,48243,Jeff Davis,Jeff Davis County,06,H1,G4020,,,,A,5865171164.00000000000,206209.00000000000,+30.6170874,-104.1878595,48243,131.2310,130.8761,129.8256,130.8729,131.9447,113.7381,113.2631,111.1979,113.2604,115.2829,126.4463,125.6694,121.5359,125.6848,129.7710,140.7550,139.6161,132.9009,139.5716,146.3308,134.6996,133.3452,123.7086,133.2192,142.9773,202.5917,200.4920,182.5584,200.2036,218.2796,64.4835,63.7372,56.7548,63.6123,70.6210,49.6314,49.0213,43.6860,48.9175,54.2268,19.1107,18.8997,16.7917,18.8610,20.9381,14.1605,14.1715,11.9848,13.7072,16.6204,21.8817,22.1440,17.8437,20.9226,26.7684,20.3067,20.7693,15.7795,19.0528,25.8915,19.8595,20.5486,14.6085,18.1031,26.4348,19.1511,19.7899,13.9260,17.3425,25.8443,18.4739,19.0596,13.2278,16.4410,25.4291,15.1260,15.6585,10.5309,13.1260,21.6221,14.1842,14.7694,9.4465,11.8932,21.3207,11.00000000000,48,243
48,141,01383855,48141,El Paso,El Paso County,06,H1,G4020,,21340,,A,2622862905.00000000000,5871209.00000000000,+31.7664034,-106.2413905,48141,45044.7036,44920.2664,44558.3091,44919.2929,45289.3174,48327.4220,48115.5146,47232.8000,48115.0426,48980.9564,44957.8300,44676.1301,43205.4035,44682.2525,46136.8444,55154.9118,54684.8059,52054.5210,54668.9932,57324.5651,60280.7515,59671.8024,55359.1836,59615.2947,63983.3224,67827.1403,67051.6884,61007.8693,66941.3514,73058.3022,62206.7271,61444.6789,54675.8823,61314.6118,68122.6857,58466.2578,57718.5924,51407.7004,57590.4409,63878.0887,56558.1638,55830.9375,49498.4655,55695.0669,61953.9746,55024.4634,54876.7782,46227.0258,53027.5977,64536.9458,59396.4633,59949.8447,48157.6044,56594.2683,72635.3273,56640.9323,57760.5231,43714.5836,52928.6732,72197.6904,54313.7675,56031.9365,39667.6354,49301.1570,72281.8615,53118.5077,54726.1014,38342.3110,47893.3050,71668.5728,51280.7659,52752.4070,36448.3728,45442.0919,70574.8067,47719.5848,49254.4230,32966.2882,41228.1630,68203.5659,44649.9893,46363.1980,29506.7114,37280.1294,67106.6532,11.00000000000,48,141
48,183,01383877,48183,Gregg,Gregg County,06,H1,G4020,346,30980,,A,707850624.00000000000,6372935.00000000000,+32.4863971,-094.8162759,48183,6913.3756,6894.2127,6838.6271,6894.0662,6950.9091,6954.7587,6924.3948,6797.4317,6924.3178,7048.8458,7212.1276,7167.5512,6931.7360,7168.4626,7401.6099,7991.0061,7925.2093,7544.0216,7922.7605,8306.8294,7800.3344,7725.2115,7167.2169,7718.0390,8281.8697,7358.5278,7279.2653,6626.2414,7268.2202,7927.4694,6937.1066,6857.0541,6106.0724,6843.6663,7597.4035,7799.6692,7705.5988,6868.7495,7689.6633,8521.9628,8518.8008,8414.7554,7465.9694,8395.4251,9332.1853,8674.7460,8658.0007,7299.5759,8368.0168,10175.9989,6991.6472,7062.7359,5679.1262,6669.2530,8550.9811,6987.4213,7131.6985,5403.5678,6537.2190,8907.3019,6942.7569,7168.5752,5081.1859,6309.7750,9240.1084,6719.0347,6928.3381,4860.2584,6065.6692,9065.9911,6540.7468,6734.1939,4658.9621,5803.3233,9002.1190,6301.2685,6509.3938,4362.7785,5450.9269,9006.5161,6045.6361,6282.5691,4004.0780,5053.8459,9086.5891,11.00000000000,48,183
48,491,01384031,48491,Williamson,Williamson County,06,H1,G4020,126,12420,,A,2896391221.00000000000,41793130.00000000000,+30.6490296,-097.6050692,48491,37348.7107,37244.3870,36943.6821,37243.6318,37551.3682,46038.2589,45834.1326,44992.0715,45833.8396,46660.1930,51663.7638,51340.3905,49650.3540,51347.3871,53018.8350,60500.0757,59991.5764,57106.0629,59973.7439,62884.5696,62070.9407,61459.4175,57018.9712,61401.8213,65893.6917,68515.8132,67751.2800,61656.3916,67643.3933,73805.5557,73465.1147,72595.9060,64626.1196,72449.2698,80455.3027,78800.0471,77832.2019,69361.9622,77667.6318,86096.3638,85212.7471,84164.1882,74666.4546,83969.2168,93348.0068,83073.0415,82895.2139,69872.3809,80114.0750,97445.4387,90708.7952,91609.6619,73642.7637,86499.2305,110935.9219,93351.1296,95256.2720,72151.8398,87308.2998,118997.8057,93687.2795,96712.2896,68528.7109,85117.7754,124686.3423,95862.6133,98825.7163,69302.9785,86511.4561,129345.3257,98124.2302,101002.7795,69852.4966,87031.5396,135047.8267,98403.3601,101630.5701,68090.4058,85095.2590,140648.0767,97188.6704,100976.2632,64330.9167,81218.6553,146073.2236,11.00000000000,48,491
34,039,00882235,34039,Union,Union County,06,H1,G4020,408,35620,35084,A,266393116.00000000000,6595128.00000000000,+40.6598707,-074.3086957,34039,39580.8944,39470.8434,39152.4282,39470.0205,39795.7357,39248.2416,39073.8906,38355.8528,39073.6630,39778.3531,40241.9692,39989.3658,38672.8236,39994.8997,41297.0566,44075.5111,43702.5054,41600.4670,43689.6875,45811.0316,44418.5181,43975.9020,40798.1995,43934.4965,47150.8152,46308.2346,45786.6594,41664.6132,45712.8198,49882.0381,44291.1617,43763.2004,38955.2502,43673.9054,48505.0040,44569.7760,44019.0050,39225.2019,43925.2388,48696.4196,48033.6271,47438.5989,42081.1909,47327.8748,52618.9143,45600.5425,45502.0090,38352.7662,43975.1664,53489.6294,46817.3721,47279.3912,38003.9536,44641.0068,57256.6865,46736.1038,47687.1411,36117.8636,43707.2858,59575.7383,45871.4497,47350.0061,33548.8519,41672.4126,61049.0803,45839.8516,47254.4341,33135.4808,41365.3347,61850.5000,45882.9900,47226.9084,32659.4309,40693.3778,63148.3330,45130.8579,46609.1279,31225.1515,39025.0529,64505.4778,44056.7244,45772.1267,29159.1571,36815.4254,66216.5505,11.00000000000,34,039
34,019,00882228,34019,Hunterdon,Hunterdon County,06,H1,G4020,408,35620,35084,A,1108046234.00000000000,24910908.00000000000,+40.5652832,-074.9119695,34019,9804.0868,9776.9736,9698.1771,9776.7631,9857.3236,7558.0377,7524.5680,7386.3496,7524.5171,7660.1514,6573.2360,6531.8933,6316.8295,6532.8066,6745.5310,7410.2936,7347.1593,6993.7684,7345.0331,7701.8123,7119.7509,7048.8692,6539.5233,7042.2348,7557.7473,8941.2024,8842.4866,8047.6916,8828.6083,9631.8121,9628.0078,9514.9219,8471.0853,9495.8921,10544.2057,8685.9537,8579.4084,7645.8765,8561.2970,9490.2182,7558.7464,7465.1012,6622.0320,7447.6757,8280.3027,6396.5453,6383.0596,5380.4796,6168.9635,7503.2564,6908.3436,6976.9703,5608.6315,6587.7662,8448.8360,6669.6600,6805.8475,5155.1577,6238.0068,8502.0467,6463.4425,6672.2347,4727.9320,5872.3592,8602.0626,6435.9589,6635.0076,4653.0128,5808.2924,8683.9087,6376.6261,6563.8209,4539.6109,5655.9316,8776.1253,5976.9037,6173.0881,4136.0275,5168.7956,8542.8098,5465.0654,5678.2421,3617.7716,4567.2865,8213.9295,11.00000000000,34,019
34,015,00882277,34015,Gloucester,Gloucester County,06,H1,G4020,428,37980,15804,A,833989655.00000000000,39296178.00000000000,+39.7210193,-075.1437077,34015,20577.1534,20520.2466,20354.8676,20519.8048,20688.8878,19081.4458,18997.6957,18649.1261,18997.5149,19339.4619,17955.3829,17843.7798,17256.5710,17846.1211,18426.7686,19971.2975,19804.0256,18851.4799,19798.0984,20758.8014,21849.1804,21632.2615,20069.1830,21611.9236,23193.7074,20422.8421,20194.0047,18376.7514,20161.6661,21999.3052,19655.5687,19422.0768,17289.0322,19382.6326,21525.6832,19108.6553,18872.3960,16817.0108,18832.1694,20877.8885,19153.2534,18917.0499,16781.7715,18873.1195,20981.7513,16955.8880,16919.4037,14261.1877,16351.7065,19889.3660,16698.7412,16864.1468,13556.2608,15923.2485,20422.3178,16207.1356,16537.5420,12526.0053,15157.5650,20659.7338,15466.0132,15965.1037,11312.3213,14050.9942,20583.3525,14949.0517,15410.9192,10806.9207,13490.5472,20170.4098,14340.3519,14760.9075,10208.3563,12719.0475,19736.5357,13630.2401,14077.1826,9431.3467,11786.7931,19481.7188,12803.4258,13302.3692,8474.7708,10699.5391,19243.3692,11.00000000000,34,015
46,049,01265760,46049,Faulk,Faulk County,06,H1,G4020,,,,A,2542720920.00000000000,62704066.00000000000,+45.0654764,-099.1535637,46049,114.5278,114.2101,113.2892,114.2077,115.1495,105.4438,104.9862,103.0627,104.9848,106.8711,119.0492,118.3106,114.4175,118.3259,122.1754,128.6724,127.5981,121.4608,127.5597,133.7484,118.6384,117.5136,109.0271,117.4052,125.9740,125.5468,124.1464,112.9786,123.9489,135.2398,94.2284,93.0841,82.8387,92.8893,103.1908,109.0131,107.7522,96.1038,107.5405,119.1115,107.9679,106.6801,94.6832,106.4414,118.2806,123.9310,123.7483,104.3865,119.6188,145.3922,93.3582,94.3602,75.9248,89.1195,114.1883,89.5298,91.4322,69.3300,83.8291,114.1358,89.0095,91.9591,65.2366,80.9627,118.4674,86.6956,89.4466,62.7988,78.3293,116.9829,85.1359,87.7003,60.7234,75.5963,117.1775,82.3482,85.1104,57.0899,71.2885,117.7047,81.9784,85.2295,54.3633,68.5768,123.2159,11.00000000000,46,049
46,073,01265778,46073,Jerauld,Jerauld County,06,H1,G4020,,,,A,1362937167.00000000000,16668604.00000000000,+44.0634157,-098.6231878,46073,84.4841,84.2463,83.5651,84.2446,84.9423,96.1961,95.7467,93.9754,95.7476,97.4891,92.0162,91.4250,88.4120,91.4392,94.4211,106.6736,105.7709,100.6834,105.7399,110.8740,69.0268,68.3903,63.4530,68.3279,73.3067,86.1396,85.1779,77.5149,85.0421,92.7898,65.4216,64.6445,57.5450,64.5133,71.6461,77.1228,76.1881,67.9093,76.0296,84.2645,89.7736,88.6754,78.6753,88.4714,98.3450,89.3643,89.1787,75.1742,86.1883,104.8265,68.3640,69.0468,55.5086,65.1962,83.6091,70.5403,71.9853,54.5307,65.9809,89.9207,66.9741,69.1424,48.9989,60.8553,89.1348,64.5725,66.5749,46.6932,58.2818,87.1269,66.8802,68.8490,47.6225,59.3283,92.0474,67.4052,69.6219,46.6519,58.2969,96.3428,67.8501,70.4998,44.9211,56.7078,101.9781,11.00000000000,46,073
46,099,01265772,46099,Minnehaha,Minnehaha County,06,H1,G4020,,43620,,A,2090501559.00000000000,17395122.00000000000,+43.6674723,-096.7957261,46099,10851.6218,10821.2175,10733.7999,10821.0025,10910.4904,11254.4302,11204.3826,10998.4586,11204.3214,11406.4251,12620.9174,12540.8611,12127.7982,12542.6930,12951.3516,15926.6252,15791.1122,15031.5762,15786.5304,16553.2881,16270.7961,16109.2360,14945.2318,16094.0903,17272.0321,15927.8377,15747.7199,14329.5366,15722.1858,17156.8472,15688.1513,15497.7571,13792.1074,15465.3598,17180.3249,17486.6109,17266.8711,15382.8071,17229.3354,19105.4559,19770.5195,19521.2249,17312.1279,19474.7451,21657.2796,20472.6249,20422.6880,17208.4354,19735.8574,24013.0930,21662.1255,21870.4038,17574.5822,20648.2472,26491.4410,22632.0275,23086.9581,17480.3062,21158.2546,28848.9603,23380.5112,24128.5182,17090.1280,21233.2434,31115.9988,24387.9169,25134.9814,17619.3381,22000.3339,32905.4773,25506.6862,26248.3862,18146.1709,22614.8997,35104.1818,26554.6040,27419.2900,18363.5557,22955.5896,37954.1038,27644.0969,28715.7649,18288.0200,23094.6724,41548.3425,11.00000000000,46,099
46,033,01265788,46033,Custer,Custer County,06,H1,G4020,,,,A,4032615511.00000000000,5482570.00000000000,+43.6849428,-103.4622500,46033,530.4726,529.0072,524.7445,528.9957,533.3533,532.2595,529.9651,520.2635,529.9572,539.4686,576.1787,572.6598,553.8286,572.7277,591.3403,634.7789,629.5583,599.2778,629.3634,659.8708,593.2714,587.6790,545.2414,587.1381,629.9756,624.7700,618.1505,562.7664,617.2337,673.1076,447.6261,442.7700,394.5538,441.9762,490.2682,508.7118,502.9880,448.7735,502.0328,555.8454,449.6180,444.4821,394.7303,443.5353,492.5912,369.3578,369.3705,312.1114,357.1949,433.4550,457.7039,463.0267,372.9526,437.4371,559.8936,448.8315,458.7775,348.2818,420.7672,572.2355,434.3661,449.1642,319.0461,395.6047,578.1566,447.7644,462.3028,324.9124,404.9741,604.2212,466.4223,480.7151,333.1038,414.4684,641.9834,476.2739,492.3888,330.4351,412.4833,680.7737,508.7341,528.9563,337.4465,425.6253,764.6448,11.00000000000,46,033
46,129,01266973,46129,Walworth,Walworth County,06,H1,G4020,,,,A,1835343493.00000000000,93214930.00000000000,+45.4276046,-100.0278563,46129,310.4040,309.5522,307.0608,309.5452,312.0905,301.0409,299.6973,294.1866,299.6960,305.1052,292.2017,290.3432,280.7789,290.3862,299.8492,361.1255,357.9803,340.7616,357.8813,375.2883,360.7886,357.1174,331.3053,356.7782,382.9315,415.9548,411.1522,374.0622,410.4666,448.0215,439.4955,434.0836,386.2396,433.1583,481.2891,408.6954,403.4696,359.3553,402.5739,446.5256,456.2143,450.6334,399.8142,449.5964,499.7730,440.1699,439.0719,369.9447,424.2991,516.2856,409.7634,413.6012,332.2643,390.4569,501.0988,432.7245,441.3208,334.0450,404.4176,551.5799,445.9369,460.1031,325.7881,404.8559,593.4671,451.1414,464.8607,325.7593,406.8470,608.6950,462.8056,476.1654,329.0813,410.2113,636.9393,468.1826,483.3345,323.6016,404.6116,669.1599,467.7794,485.8274,309.3069,390.6905,703.0546,11.00000000000,46,129
46,011,01265779,46011,Brookings,Brookings County,06,H1,G4020,,15100,,A,2051804629.00000000000,32967600.00000000000,+44.3766745,-096.7977971,46011,1519.4145,1515.1579,1502.9182,1515.1278,1527.6572,1675.9291,1668.4132,1637.7161,1668.4085,1698.5450,1932.3310,1920.1199,1856.8867,1920.3951,1982.9481,2451.2562,2430.3893,2313.4900,2429.6848,2547.6990,2139.0420,2117.6016,1964.5724,2115.6028,2270.5371,914.4105,904.9261,823.9778,903.6229,985.2165,212.4206,209.5851,186.2889,209.0881,232.5953,2367.7460,2339.7237,2086.1576,2334.9955,2587.0438,2699.7360,2667.4620,2367.4161,2661.4805,2957.5947,2832.1996,2826.8200,2383.3806,2732.1644,3322.3618,3316.2289,3350.0307,2693.8295,3163.4177,4055.8547,3444.0289,3515.1869,2663.4427,3222.1857,4390.3240,3495.6346,3609.3568,2558.3864,3176.9622,4652.3386,3623.7604,3736.5956,2621.1883,3271.3214,4889.5345,3818.4828,3931.2849,2719.6672,3387.8079,5255.4192,4094.4723,4229.4612,2834.4309,3541.6219,5852.2855,4457.6349,4631.9587,2951.6634,3725.8979,6699.8006,11.00000000000,46,011
46,017,01265767,46017,Buffalo,Buffalo County,06,H1,G4020,,,,A,1220880153.00000000000,42362363.00000000000,+44.0443062,-099.2039983,46017,89.4958,89.2496,88.5311,89.2477,89.9819,90.4234,90.0258,88.3736,90.0250,91.6459,92.5773,91.9971,88.9686,92.0097,95.0051,164.6076,163.2373,155.3859,163.1879,171.1038,155.9420,154.5115,143.3574,154.3709,165.6157,179.6922,177.7573,161.8111,177.4877,193.5857,143.5921,142.0209,126.5432,141.7632,157.2696,198.3431,196.0232,174.8068,195.6328,216.7150,182.6172,180.6798,160.6082,180.3259,200.0892,189.0032,188.6533,159.0682,182.3387,221.7158,184.6754,186.7133,150.2875,176.3606,225.8893,215.9161,220.5254,167.2385,202.1947,275.2600,235.7050,243.5134,172.7480,214.3934,313.7122,248.3428,256.2106,179.8679,224.3613,335.1006,262.4472,270.3299,187.1519,233.0112,361.2194,278.4875,287.7904,193.0003,241.0375,398.0545,296.0129,307.6996,196.2049,247.5571,444.9126,11.00000000000,46,017
16,073,00399760,16073,Owyhee,Owyhee County,06,H1,G4020,,14260,,A,19853582270.00000000000,81509222.00000000000,+42.5930630,-116.1426554,16073,629.5605,627.7945,622.7219,627.7821,632.9755,695.6875,692.6100,679.8893,692.6051,705.0876,663.5978,659.4313,637.7210,659.5227,680.9958,557.3393,552.7373,526.1516,552.5674,579.3584,567.0971,561.6050,521.0374,561.0823,602.0854,637.3316,630.6129,574.1338,629.6840,686.6509,557.8934,551.4972,491.1346,550.4300,611.0004,532.0109,525.8001,468.9022,524.7552,581.2901,503.0687,497.0330,441.1026,495.9139,551.1154,369.7998,369.0083,311.0371,356.6280,433.7786,402.2911,406.4647,326.9159,383.8452,492.0269,375.0230,382.8560,290.1724,350.9728,478.0761,329.5095,340.3242,241.3240,299.5895,438.5524,317.0284,326.9975,229.4858,286.3190,427.7747,299.4622,308.4087,213.4636,265.8138,412.1611,252.6990,261.1267,175.1039,218.6998,361.1929,230.4018,239.4668,152.6603,192.6477,346.2960,11.00000000000,16,073
16,081,00399297,16081,Teton,Teton County,06,H1,G4020,,27220,,A,1164084404.00000000000,2859304.00000000000,+43.7609939,-111.2117653,16081,831.5646,829.2310,822.5303,829.2147,836.0752,952.2039,947.9120,930.4598,947.9108,965.0473,986.4305,980.2734,948.0084,980.4050,1012.3129,918.7410,911.3184,867.4861,911.0271,955.1427,732.9465,725.7457,673.3123,725.0663,778.0996,759.6701,751.2565,683.7140,750.0723,818.3386,812.0396,802.5626,714.5715,800.9714,889.3200,807.8500,797.8347,710.9159,796.1286,882.6457,889.3839,878.6958,779.7995,876.7137,974.3244,652.4141,651.1168,548.9215,629.2986,765.3118,681.9112,688.7925,553.8067,650.4020,833.9881,672.8126,686.6565,520.2199,629.4020,857.6704,598.5990,618.0443,438.0539,543.9930,796.6726,545.7373,562.7302,394.7500,492.6599,736.3625,540.5325,556.5099,385.0041,479.5795,743.9416,514.2752,531.2559,356.0567,444.8682,735.0624,468.6509,487.0229,310.4009,391.7749,704.3825,11.00000000000,16,081
16,075,00394896,16075,Payette,Payette County,06,H1,G4020,,36620,,A,1053780320.00000000000,8827481.00000000000,+44.0027397,-116.7486549,16075,1411.9044,1407.9546,1396.5839,1407.9264,1419.5647,1421.5382,1415.2098,1389.1960,1415.2025,1440.7346,1418.1885,1409.2957,1362.9005,1409.4896,1455.3766,1451.4994,1439.3257,1370.0961,1438.8960,1508.7241,1462.4468,1447.9957,1343.3741,1446.6370,1552.4858,1694.0111,1675.0212,1524.2811,1672.3372,1824.7714,1465.8698,1448.3944,1289.2679,1445.4386,1605.3318,1510.3952,1491.7109,1329.2394,1488.5292,1650.2392,1553.8691,1534.6775,1361.4198,1531.1074,1702.2083,1414.7834,1411.6710,1189.8173,1364.2867,1659.5335,1382.5058,1396.0950,1122.1527,1318.1704,1690.7675,1394.8725,1423.1987,1077.8618,1304.4021,1778.0735,1376.1398,1420.4353,1006.3582,1250.0924,1831.4621,1380.4415,1422.9778,997.7476,1245.6137,1862.5876,1386.5776,1427.1271,986.8522,1229.6676,1908.3288,1349.4442,1393.5840,933.5450,1166.7992,1928.7546,1330.2384,1381.9745,880.3209,1111.5248,1999.3232,11.00000000000,16,075
46,039,01265781,46039,Deuel,Deuel County,06,H1,G4020,,,,A,1612749834.00000000000,36071554.00000000000,+44.7562899,-096.6902393,46039,249.2296,248.5415,246.5390,248.5361,250.5831,211.5863,210.6489,206.7792,210.6475,214.4448,230.4509,228.9874,221.4448,229.0211,236.4835,245.5636,243.4023,231.6947,243.3366,255.1799,222.7831,220.4602,204.5207,220.2486,236.4192,255.5194,252.6534,229.9154,252.2483,275.2424,228.0823,225.2713,200.4401,224.7906,249.7713,225.1962,222.3485,198.0691,221.8614,246.0430,247.3435,244.2517,216.6390,243.6758,270.9516,217.9296,217.4343,183.2478,210.1316,255.6264,231.3342,233.6382,187.8222,220.6067,282.9204,241.6560,246.5950,186.7905,226.0221,308.0479,242.3288,250.1612,177.2682,220.1733,322.5107,256.7343,264.6777,185.6171,231.7004,346.4067,278.9964,287.1874,198.6227,247.4647,383.9816,290.9079,300.4546,201.3053,251.5732,415.7955,309.3578,321.4184,204.7774,258.5297,464.9608,11.00000000000,46,039
46,115,01266987,46115,Spink,Spink County,06,H1,G4020,,,,A,3895148120.00000000000,15062276.00000000000,+44.9310341,-098.3396437,46115,355.9911,354.9856,352.1137,354.9789,357.9212,345.8843,344.3503,338.0237,344.3481,350.5567,342.0040,339.8831,328.6993,339.9272,350.9854,496.3976,492.2098,468.5351,492.0645,515.9522,453.1624,448.6908,416.2723,448.2701,481.0666,526.0647,520.4047,473.7232,519.6162,566.7405,397.9994,393.6246,350.7092,392.9059,435.9074,423.5369,418.4995,373.1201,417.6487,462.7629,453.2628,447.8441,397.4688,446.8398,496.5550,453.9138,453.2658,382.3675,438.1460,532.5235,435.4357,440.0504,354.0209,415.5920,532.5806,448.0150,457.4510,346.7869,419.3825,571.1351,460.9875,476.1591,337.6864,419.1814,613.5435,458.4432,472.8939,331.9112,414.0798,618.5924,463.2529,477.1131,330.2528,411.2263,637.5941,450.6223,465.6537,312.2566,389.9971,644.0929,445.3218,462.9036,295.1711,372.4252,669.3265,11.00000000000,46,115
46,127,01265763,46127,Union,Union County,06,H1,G4020,512,43580,,A,1192797818.00000000000,17060467.00000000000,+42.8311064,-096.6508287,46127,993.2804,990.4734,982.4595,990.4548,998.6654,919.2889,915.2024,898.3827,915.1973,931.7046,941.0765,935.1442,904.3514,935.2765,965.7361,1061.0402,1051.9972,1001.3972,1051.6930,1102.7792,993.9117,983.9173,912.8114,982.9873,1054.9901,1268.4697,1253.9305,1140.8817,1251.8600,1366.2895,1220.9062,1206.0583,1073.2948,1203.5302,1337.0288,1211.3625,1196.2401,1065.8130,1193.6602,1323.5116,1228.9638,1213.4085,1076.0342,1210.5071,1346.2404,1028.3770,1025.7105,864.1263,991.1724,1206.1828,1214.5682,1226.1616,985.2366,1157.6153,1485.3282,1229.6929,1254.3179,949.6149,1149.4992,1567.4737,1190.5613,1228.5434,870.0644,1081.0855,1584.4514,1217.2241,1254.4021,879.2102,1097.9192,1642.3339,1262.4686,1299.0732,897.9693,1119.2030,1737.4939,1260.7283,1301.6738,871.6540,1089.7244,1801.9328,1262.1846,1311.0128,834.8187,1054.3396,1897.0237,11.00000000000,46,127
16,013,00395696,16013,Blaine,Blaine County,06,H1,G4020,,,,A,6846856430.00000000000,44340529.00000000000,+43.3944816,-113.9552897,16013,1326.0071,1322.2269,1311.5116,1322.2035,1333.1913,1185.9077,1180.6244,1158.9206,1180.6186,1201.9210,1155.8388,1148.4322,1110.5889,1148.6087,1186.0584,1148.1188,1138.2164,1083.4690,1137.8952,1193.2084,962.8154,952.9451,884.0609,952.0372,1021.8586,1051.0781,1038.8137,945.0205,1037.0568,1132.0704,1050.9835,1038.1692,923.8576,1035.9854,1150.9407,1255.4004,1239.5100,1104.1468,1236.7917,1371.6140,1187.0910,1171.8376,1038.9356,1168.9879,1300.3440,897.3446,894.7872,753.6069,864.5953,1052.4390,1098.0678,1108.2289,890.1726,1046.1765,1342.8046,1034.9667,1055.3479,798.6373,967.0386,1319.2170,940.4368,970.0828,686.6627,853.5137,1251.5431,903.2428,930.4688,651.7940,814.2519,1218.6638,895.9638,921.5831,636.6537,793.8343,1233.0566,867.9625,895.8117,599.4978,749.8064,1240.5370,815.6935,846.9326,538.9417,680.9841,1225.9420,11.00000000000,16,013
16,051,00399751,16051,Jefferson,Jefferson County,06,H1,G4020,292,26820,,A,2832154816.00000000000,31267656.00000000000,+43.7969649,-112.3185879,16051,1305.6696,1301.9962,1291.4704,1301.9710,1312.7505,1505.2332,1498.4903,1470.9236,1498.4855,1525.5478,1795.6721,1784.1836,1725.3950,1784.4555,1842.6303,1794.9216,1779.8268,1694.2194,1779.2982,1865.6595,1553.3467,1537.9069,1426.7811,1536.4604,1648.9226,1647.5816,1628.9217,1482.2086,1626.2750,1774.7026,1722.9148,1702.1327,1514.9134,1698.6036,1886.8039,1908.9515,1885.2740,1679.8744,1881.2400,2085.6932,2141.9898,2115.2227,1876.1045,2110.2371,2346.4357,1672.5748,1668.4833,1405.8755,1612.3678,1961.8216,1033.1013,1042.8628,837.8591,984.5326,1263.3911,1076.7157,1098.1853,831.3191,1006.3825,1372.4645,1014.8150,1047.0918,741.4602,921.3761,1350.5516,877.2321,903.8869,633.3918,791.0747,1183.5890,792.1360,814.9406,563.1456,702.0372,1090.1775,692.0158,714.3274,478.1629,597.9465,989.0724,572.4705,594.4720,378.3783,478.0236,860.3961,11.00000000000,16,051
46,025,01266985,46025,Clark,Clark County,06,H1,G4020,,,,A,2480181644.00000000000,25627350.00000000000,+44.8552107,-097.7249124,46025,189.0989,188.5883,187.0749,188.5837,190.1275,152.0362,151.3706,148.5941,151.3690,154.0925,149.2919,148.3676,143.4859,148.3866,153.2133,168.6328,167.2231,159.1799,167.1729,175.2840,154.7045,153.1725,142.1051,153.0286,164.2271,260.1770,257.3319,234.2194,256.9332,280.2807,249.6423,246.6142,219.4738,246.0990,273.3872,204.0523,201.5264,179.5753,201.0962,222.9449,221.9194,219.0709,194.2285,218.5388,243.0917,271.5030,270.9456,228.4028,261.8617,318.4813,209.7743,211.7336,170.0898,199.8837,256.5316,212.6919,216.9096,164.1760,198.7691,271.1106,219.3397,226.3078,160.2435,199.1338,291.9044,222.3975,229.1573,160.5826,200.5576,300.0658,231.0695,237.7408,164.3054,204.8115,318.0111,226.2965,233.6109,156.3966,195.5577,323.4385,223.7352,232.3536,147.9145,186.8473,336.2647,11.00000000000,46,025
16,069,00399394,16069,Nez Perce,Nez Perce County,06,H1,G4020,,30300,,A,2196547487.00000000000,21212976.00000000000,+46.3337663,-116.7609025,16069,2350.2648,2343.7293,2324.8216,2343.6804,2363.0217,2317.7223,2307.4508,2265.0612,2307.4358,2349.0340,2346.7242,2332.0811,2255.3234,2332.3937,2408.3013,2776.6608,2753.3153,2620.8846,2752.4973,2886.0927,3037.2878,3008.0601,2790.7888,3005.2681,3224.8033,2904.4214,2872.7669,2614.8148,2868.3371,3128.8760,2611.2488,2581.1807,2298.5491,2576.1562,2859.8036,2664.0070,2632.0166,2346.3121,2626.6024,2910.7172,2782.7004,2748.7974,2438.9494,2742.5005,3048.4058,2916.4432,2910.8337,2454.1483,2813.3459,3421.1683,3067.5858,3098.7387,2491.6518,2926.0885,3751.7376,3058.9987,3122.1312,2365.5565,2861.8684,3899.4929,3042.1026,3141.0229,2226.3742,2764.7163,4048.7290,3062.2238,3157.5578,2214.9818,2764.3778,4131.8524,3011.8826,3100.9051,2145.2604,2672.2428,4145.2907,2953.1357,3050.6124,2044.5371,2554.5383,4220.9655,2901.0222,3014.6429,1921.2431,2425.0188,4360.2310,11.00000000000,16,069
46,085,01265789,46085,Lyman,Lyman County,06,H1,G4020,,,,A,4252595025.00000000000,167669922.00000000000,+43.8948122,-099.8419253,46085,190.4949,189.9629,188.4293,189.9591,191.5285,164.1087,163.3525,160.3362,163.3534,166.3175,180.0275,178.9125,173.0257,178.9355,184.7560,207.7777,206.0127,196.1037,205.9527,215.9549,220.8501,218.7035,202.9048,218.4997,234.4708,246.8395,244.0903,222.1354,243.7026,265.8981,219.5755,216.9407,193.0916,216.4941,240.4638,204.5548,202.0600,180.0880,201.6364,223.4962,190.9836,188.6279,167.3360,188.1898,209.2161,268.3048,267.8858,225.9497,258.9401,314.7617,170.1620,172.0715,138.5322,162.5404,208.1420,174.7591,178.5471,135.4605,163.7254,222.7981,192.2863,198.7113,141.0206,174.9694,255.9287,193.2774,199.4614,140.0903,174.6905,260.8038,193.5996,199.4632,138.1418,171.9474,266.4649,197.5978,204.2347,137.0053,171.0709,282.4379,201.7736,209.7727,133.7994,168.7847,303.2713,11.00000000000,46,085
46,135,01266975,46135,Yankton,Yankton County,06,H1,G4020,,49460,,A,1349807412.00000000000,28629262.00000000000,+43.0066072,-097.3883388,46135,1331.3444,1327.5639,1316.8132,1327.5398,1338.5596,1185.1282,1179.8488,1158.1596,1179.8430,1201.1311,1282.2143,1274.1569,1232.2066,1274.3342,1315.8272,1411.2691,1399.2981,1331.9935,1398.8896,1466.8218,1320.7723,1307.5243,1213.0348,1306.2899,1401.9591,1474.1814,1456.8599,1325.2450,1454.3730,1587.7415,1576.4090,1556.4609,1384.4319,1553.0205,1726.2548,1594.6597,1573.6365,1400.9458,1570.0121,1742.2300,1680.0925,1657.6621,1468.7968,1653.4549,1840.2776,1596.7740,1591.6222,1339.9191,1537.7556,1872.6099,1638.1822,1652.5809,1326.6960,1559.8136,2003.1758,1630.1365,1661.5464,1256.6920,1522.2747,2077.7647,1576.0427,1625.1371,1149.7452,1429.6337,2097.3622,1569.7727,1616.5882,1131.9066,1414.4750,2117.9074,1587.4779,1632.4291,1127.2569,1405.9638,2184.7070,1591.7466,1642.4558,1098.7695,1374.6062,2274.9813,1585.2596,1645.7159,1046.9512,1323.1451,2382.5413,11.00000000000,46,135
46,035,01266980,46035,Davison,Davison County,06,H1,G4020,,33580,,A,1128083214.00000000000,3533764.00000000000,+43.6804393,-098.1558683,46035,1061.4056,1058.4185,1049.8614,1058.3981,1067.1616,1153.3913,1148.2577,1127.1517,1148.2518,1168.9669,1318.5119,1310.1649,1267.0152,1310.3543,1353.0417,1459.6020,1447.1274,1377.5219,1446.7113,1516.9974,1433.7974,1419.3425,1316.7660,1417.9996,1521.8835,1227.1209,1213.2901,1104.0548,1211.3316,1321.8203,1082.4713,1069.7570,952.3990,1067.6174,1185.4789,1216.3588,1201.0883,1070.0469,1198.4804,1328.9656,1462.4844,1444.3058,1281.1321,1440.9219,1602.0856,1253.4906,1250.6098,1053.9501,1208.5986,1470.3080,1245.4042,1257.5985,1010.7874,1187.3897,1523.0881,1267.5507,1293.2449,979.3949,1185.2798,1615.7680,1247.4550,1287.5643,912.1768,1133.1391,1660.1955,1232.2773,1270.2069,890.5870,1111.8682,1662.6705,1236.2361,1272.3503,879.7839,1096.2903,1701.4126,1255.5516,1296.5857,868.5291,1085.5716,1794.5519,1268.2802,1317.5768,839.2652,1059.7169,1906.1994,11.00000000000,46,035
46,071,01265794,46071,Jackson,Jackson County,06,H1,G4020,,,,A,4827514117.00000000000,19097720.00000000000,+43.6772940,-101.6264545,46071,180.0986,179.5957,178.1458,179.5921,181.0759,192.8246,191.9861,188.4677,191.9837,195.4342,189.5739,188.3669,182.1616,188.3949,194.5347,253.3520,251.2483,239.1637,251.1719,263.3538,244.8179,242.4336,224.9202,242.2075,259.9137,271.9386,268.9675,244.8116,268.5513,292.9519,313.6620,309.7745,275.6093,309.1085,343.4866,320.4257,316.3017,281.6911,315.5939,350.0839,368.6306,363.8954,322.6262,363.0107,403.7996,427.8878,426.7530,359.5007,412.3764,501.8632,365.8959,369.3234,296.6944,348.6570,447.4534,375.2278,382.6775,289.6524,350.6766,478.2902,403.1206,415.9292,294.5122,365.9872,536.4860,407.9889,420.3986,294.6043,367.9346,550.4725,415.1345,427.1194,295.1865,367.9592,571.3318,420.9628,434.5880,290.9665,363.8053,601.6702,427.8753,444.3874,282.9278,357.3670,643.0806,11.00000000000,46,071
46,119,01266982,46119,Sully,Sully County,06,H1,G4020,,,,A,2607645054.00000000000,164383562.00000000000,+44.7223250,-100.1313985,46119,74.0098,73.7980,73.1994,73.7967,74.4107,63.7456,63.4515,62.2797,63.4519,64.6035,82.9170,82.3799,79.6640,82.3932,85.0816,87.6761,86.9138,82.7333,86.8897,91.1154,79.1363,78.3026,72.6404,78.2271,83.9744,103.8800,102.6702,93.4018,102.4971,111.8853,98.4373,97.2537,86.5601,97.0530,107.8014,101.3346,100.1223,89.2585,99.9172,110.7193,104.4227,103.1555,91.5329,102.9203,114.3941,101.1123,101.0085,85.2479,97.6500,118.6329,95.5287,96.5736,77.7242,91.2159,116.8463,101.4181,103.5833,78.5539,94.9732,129.2926,106.2528,109.7807,77.8863,96.6558,141.4181,109.9361,113.4291,79.6412,99.3329,148.3429,117.1957,120.7249,83.5886,104.0626,161.3031,119.7583,123.7715,83.0185,103.6695,171.1768,120.5706,125.3460,79.9445,100.8525,181.2207,11.00000000000,46,119
16,047,00395441,16047,Gooding,Gooding County,06,H1,G4020,,,,A,1888031360.00000000000,12289863.00000000000,+42.9731849,-114.8214203,16047,811.1153,808.8453,802.3125,808.8291,815.5159,827.1227,823.4337,808.2941,823.4300,838.2902,898.3073,892.6046,863.2036,892.7356,921.8238,833.9067,826.9350,787.1606,826.6866,866.7973,693.7911,687.0208,637.3892,686.3795,736.5623,773.4880,764.9632,696.2150,763.7655,833.2358,745.3925,736.7291,655.9878,735.2766,816.3344,766.7635,757.5984,675.4038,756.0487,837.7750,736.8525,728.1482,646.3505,726.5372,807.2438,550.1552,549.2764,463.2711,530.9287,645.4096,563.7145,569.5901,458.1423,537.9013,689.4621,551.9615,563.5010,427.0968,516.5778,703.6370,508.3420,524.9740,372.2070,462.1183,676.5605,482.0210,497.1030,348.7882,435.2336,650.3968,469.7444,483.6970,334.7024,416.8596,646.5203,444.8198,459.5637,308.0696,384.8575,635.7926,415.9912,432.3380,275.5927,347.8013,625.2374,11.00000000000,16,047
46,043,01266978,46043,Douglas,Douglas County,06,H1,G4020,,,,A,1118361831.00000000000,4832944.00000000000,+43.3915064,-098.3584331,46043,172.7821,172.3015,170.9115,172.2980,173.7199,140.3739,139.7616,137.1993,139.7600,142.2731,141.0115,140.1275,135.5144,140.1467,144.7093,172.6613,171.1596,162.9269,171.1121,179.4341,177.9635,176.1864,163.4549,176.0204,188.9080,224.4115,221.9071,201.9443,221.5537,241.7370,180.7514,178.6479,159.0666,178.2950,197.9539,181.6101,179.4890,160.0652,179.1321,198.4323,196.7973,194.4484,172.5800,194.0132,215.5943,219.9268,219.6766,185.3766,212.3660,258.0296,173.8950,175.7220,141.3533,165.9502,212.6881,179.5531,183.3182,138.9544,168.0570,228.8945,192.2267,198.5313,140.7743,174.7667,255.8389,197.9494,204.1630,143.2698,178.7608,267.0972,202.1385,208.1599,144.0582,179.4034,278.2094,199.4745,206.1027,138.1795,172.6057,285.1152,199.5464,207.4021,132.2242,166.8540,299.9204,11.00000000000,46,043
46,109,01265786,46109,Roberts,Roberts County,06,H1,G4020,,,,A,2851684211.00000000000,89947260.00000000000,+45.6233973,-096.9475513,46109,558.2339,556.6778,552.1849,556.6664,561.2634,481.1894,479.0601,470.2612,479.0568,487.6910,492.6673,489.6352,473.5289,489.6959,505.6183,513.2609,509.0389,484.5551,508.8814,533.5488,504.2671,499.5067,463.4356,499.0467,535.4602,613.5172,607.1117,552.7771,606.2294,661.0118,542.5772,536.4077,477.7424,535.3815,594.2320,547.1984,540.6484,481.9822,539.5406,597.8749,648.4852,640.8274,568.8416,639.4101,710.4352,723.7474,722.6375,609.5317,698.5114,849.0689,553.1288,558.9168,449.5788,527.8288,676.5188,606.0507,618.7100,468.9305,567.1857,772.5883,682.5113,704.8245,499.7037,620.4287,908.3637,702.8650,724.8556,508.5875,634.6396,948.3840,728.2830,749.9003,518.8911,646.2730,1002.3520,753.1392,778.0678,521.5412,651.5713,1076.4791,788.8793,819.8214,522.5268,659.4942,1185.6869,11.00000000000,46,109
46,007,01265812,46007,Bennett,Bennett County,06,H1,G4020,,,,A,3068381373.00000000000,15010867.00000000000,+43.1848259,-101.6764255,46007,175.6087,175.1202,173.7074,175.1166,176.5619,174.1174,173.3535,170.1730,173.3518,176.4719,174.4881,173.3852,167.6753,173.4101,179.0587,208.9301,207.1929,197.2272,207.1300,217.1767,210.3803,208.4160,193.3675,208.2249,223.4084,233.9368,231.3792,210.5981,231.0209,252.0131,198.0664,195.8928,174.5386,195.5360,216.9319,190.1174,188.0028,167.7635,187.6509,207.7338,219.1436,216.6474,192.4049,216.1875,240.0896,246.1918,245.8475,207.3998,237.6486,288.8296,238.5323,241.0765,193.9616,227.6822,291.7510,254.5040,259.8758,197.0196,238.2532,324.4463,277.1753,286.2984,203.0403,252.0399,368.9019,292.8372,302.0523,211.9863,264.4797,395.1334,308.9064,318.1214,220.1717,274.1795,425.1584,328.8210,339.7440,227.7746,284.5256,469.9941,347.3049,360.9609,230.1031,290.3844,522.0020,11.00000000000,46,007
46,111,01266977,46111,Sanborn,Sanborn County,06,H1,G4020,,,,A,1474533498.00000000000,2992621.00000000000,+44.0210318,-098.0921054,46111,116.6743,116.3536,115.4170,116.3510,117.3081,131.8735,131.2795,128.8627,131.2793,133.6523,150.0857,149.1314,144.2189,149.1535,154.0139,198.2373,196.5369,187.0836,196.4808,206.0285,203.0037,200.9740,186.4510,200.7845,215.4865,213.3232,210.8805,191.8700,210.5327,229.7747,174.0601,171.8226,152.8007,171.4349,190.6014,173.9197,171.7706,153.0644,171.4048,190.0227,191.3587,189.0105,167.6877,188.5740,209.6285,234.1760,233.6274,196.8794,225.7765,274.6791,192.7822,194.7161,156.5459,183.8599,235.7738,197.5950,201.6488,152.7600,184.8310,251.8835,202.2208,208.7723,147.9548,183.7516,269.1332,204.9829,211.3406,148.2280,185.0150,276.5809,206.2867,212.3595,146.8882,182.9934,283.9129,206.2448,213.0286,142.7466,178.3770,294.7874,214.1648,222.5281,141.7898,178.9942,321.8878,11.00000000000,46,111
46,097,01265777,46097,Miner,Miner County,06,H1,G4020,,,,A,1477098731.00000000000,4196127.00000000000,+44.0173267,-097.6097898,46097,102.9312,102.6429,101.8137,102.6408,103.4896,97.0231,96.5910,94.8155,96.5905,98.3332,99.7582,99.1385,95.8761,99.1515,102.3774,85.6550,84.9362,80.8508,84.9108,89.0316,81.0306,80.2583,74.4619,80.1841,86.0381,107.3040,106.1040,96.5572,105.9345,115.5876,90.6465,89.5833,79.7568,89.4044,99.2725,103.7228,102.4642,91.3287,102.2507,113.3276,105.7741,104.4335,92.6083,104.1834,115.8676,77.8160,77.6598,65.4693,75.0570,91.2814,87.2814,88.1412,70.8479,83.2221,106.7431,86.6237,88.3846,66.9400,81.0076,110.4213,83.1993,85.8787,60.8452,75.5804,110.7275,87.6670,90.3695,63.3654,79.1060,118.2866,90.9206,93.5804,64.7114,80.6328,125.1329,91.6957,94.6955,63.4359,79.2855,131.0603,95.4795,99.1931,63.1865,79.7813,143.5039,11.00000000000,46,097
16,053,00395662,16053,Jerome,Jerome County,06,H1,G4020,,46300,,A,1546700901.00000000000,12864129.00000000000,+42.6911715,-114.2630091,16053,1220.1758,1216.7822,1206.9658,1216.7569,1226.7986,1176.1406,1170.9424,1149.4388,1170.9338,1192.0339,1246.9636,1239.1811,1198.3945,1239.3474,1279.6824,1412.1397,1400.3303,1332.9764,1399.9099,1467.8345,1275.7519,1263.4786,1172.2183,1262.3061,1354.5161,1290.6849,1276.7363,1162.1708,1274.7902,1390.4637,1129.3137,1116.2883,994.0388,1114.1103,1236.8063,1277.9014,1263.0805,1126.4979,1260.5907,1396.2768,1572.5743,1554.2258,1379.8632,1550.8349,1722.8296,1418.2130,1416.2679,1194.8163,1369.0463,1663.8415,1230.3078,1243.6815,1000.8599,1174.6599,1504.8416,1331.9066,1360.2488,1031.4726,1247.1498,1697.9662,1395.5522,1441.7494,1022.7404,1269.3282,1857.4103,1427.2819,1472.5056,1033.7508,1289.4619,1925.8992,1487.9395,1532.6516,1061.0912,1321.0795,2047.9281,1536.5661,1587.9485,1064.9815,1330.0011,2196.2857,1595.6542,1658.7264,1057.7739,1334.5458,2398.3010,11.00000000000,16,053
16,003,00395067,16003,Adams,Adams County,06,H1,G4020,,,,A,3530298662.00000000000,17392424.00000000000,+44.8845828,-116.4318730,16003,157.6253,157.1866,155.9183,157.1833,158.4808,170.1984,169.4522,166.3436,169.4506,172.5001,159.9750,158.9572,153.7209,158.9808,164.1617,158.9110,157.5719,149.9929,157.5253,165.1720,156.4727,154.9329,143.7391,154.7878,166.1105,173.3921,171.4457,156.0151,171.1705,186.7754,133.3857,131.8189,117.3576,131.5553,146.0786,114.6555,113.2697,100.9652,113.0348,125.2731,119.9858,118.4952,105.1088,118.2178,131.4391,107.7652,107.4175,90.4302,103.7820,126.3811,99.0867,100.0233,80.3613,94.4288,121.1743,91.0295,92.8401,70.2749,85.0776,116.0326,81.3095,83.8889,59.3961,73.8145,108.2089,75.5321,77.8262,54.5351,68.1125,101.9101,68.9167,70.9050,49.0018,61.0834,94.8469,60.6575,62.6220,41.9281,52.4230,86.6962,53.8594,55.9450,35.6266,44.9928,80.9492,11.00000000000,16,003
46,053,01265765,46053,Gregory,Gregory County,06,H1,G4020,,,,A,2628726426.00000000000,99900067.00000000000,+43.1790937,-099.2021581,46053,199.4627,198.8960,197.2851,198.8924,200.5437,227.8490,226.8110,222.6292,226.8114,230.9191,218.9993,217.6046,210.4361,217.6370,224.7299,240.6264,238.5436,227.0698,238.4768,250.0717,198.7268,196.7108,182.4933,196.5242,210.9274,264.6101,261.5636,237.9735,261.1291,285.0119,265.4026,262.1541,233.2774,261.5998,290.6432,266.0530,262.6090,233.8539,262.0174,290.6773,303.2465,299.4032,265.5015,298.6862,332.1838,302.5690,301.6341,253.9725,291.4368,354.8465,262.1689,264.7008,212.7185,249.9123,320.6182,268.4881,273.8977,207.3944,251.0204,342.2424,262.7162,271.1370,192.0610,238.6081,349.6377,263.8893,271.9939,190.6862,238.0812,356.0554,272.2038,280.1395,193.6891,241.3689,374.6285,268.7776,277.5576,185.9196,232.3844,384.1619,263.6406,273.8970,174.4762,220.2971,396.2470,11.00000000000,46,053
16,035,00395697,16035,Clearwater,Clearwater County,06,H1,G4020,,,,A,6364309391.00000000000,79544779.00000000000,+46.6725700,-115.6535003,16035,524.7475,523.2571,519.0196,523.2477,527.5913,432.7771,430.7818,422.8269,430.7844,438.6016,451.1862,448.2588,433.4796,448.3319,462.9622,496.3640,491.9911,468.3264,491.8585,515.7988,503.2990,497.9873,461.9766,497.5070,534.0629,746.9263,737.5589,670.5494,736.1865,804.2921,756.2957,745.8754,662.6783,744.0322,828.0878,672.3034,662.5317,588.9165,660.8178,734.4657,646.6131,637.3214,564.0317,635.5660,708.1831,573.4190,570.9097,479.9929,551.4099,672.3148,565.5984,569.9210,456.9184,537.7279,691.5105,540.6811,550.4850,415.7424,504.1326,689.0754,493.4258,508.2615,359.0456,446.9176,656.5927,465.3318,478.7327,334.7108,418.6900,627.7742,443.6927,455.8428,314.3391,392.4356,610.5823,412.8790,425.6745,284.3735,356.1068,590.0764,390.5949,405.1799,257.4057,325.6303,587.0194,11.00000000000,16,035
16,039,00400252,16039,Elmore,Elmore County,06,H1,G4020,,34300,,A,7963533304.00000000000,67384705.00000000000,+43.3948263,-115.4707508,16039,1214.3401,1210.9528,1201.1782,1210.9281,1220.9298,1082.8091,1077.9259,1058.0786,1077.9247,1097.4133,1046.0003,1039.4093,1005.1839,1039.5561,1073.4109,1118.6550,1109.0408,1055.6968,1108.7256,1162.6093,962.3895,952.7267,883.8762,951.8268,1021.5405,820.5764,811.0284,737.8188,809.6619,883.8148,763.9330,754.4502,671.2283,752.8247,836.5699,720.7203,711.1958,633.1264,709.5531,787.4147,668.6305,659.6947,584.5231,658.0184,732.3786,517.6497,516.1575,434.7015,498.7368,607.1146,405.3229,408.9893,328.4361,386.0629,495.6473,355.6219,362.5520,274.2896,332.1893,453.2834,306.9950,316.6050,224.0375,278.5351,408.5462,272.1074,280.2237,196.2091,245.1894,367.1222,245.6142,252.5365,174.3520,217.4891,338.0147,223.3939,230.4719,154.1382,192.8706,319.2799,204.5959,212.3559,135.0452,170.7148,307.4916,11.00000000000,16,039
16,071,00399759,16071,Oneida,Oneida County,06,H1,G4020,,,,A,3108143349.00000000000,3995379.00000000000,+42.1838897,-112.5204649,16071,207.3495,206.7669,205.0957,206.7629,208.4741,216.1630,215.1967,211.2389,215.1959,219.0809,261.2215,259.6110,251.0706,259.6435,268.0868,266.6546,264.4516,251.7320,264.3704,277.1887,209.5811,207.5354,192.5427,207.3417,222.5012,271.5318,268.4978,244.3412,268.0695,292.4942,265.8681,262.8132,234.0417,262.3031,291.1758,275.9197,272.5899,242.9838,272.0257,301.4714,268.5687,265.3887,235.5682,264.8000,294.2241,227.3261,226.9682,191.4347,219.3881,266.6868,220.9794,223.2702,179.5727,210.8449,270.2711,229.5054,234.2858,177.5556,214.7705,292.5698,221.6051,228.8542,162.2564,201.4528,294.9377,219.8526,226.7357,159.0915,198.5179,296.6501,226.6178,233.3498,161.4712,201.1058,311.8996,222.7420,230.1260,154.2667,192.7174,318.3710,213.8631,222.2695,141.6878,178.8093,321.4377,11.00000000000,16,071
16,085,00399756,16085,Valley,Valley County,06,H1,G4020,,,,A,9491050481.00000000000,177273029.00000000000,+44.7715315,-115.6378747,16085,582.3221,580.6997,576.0134,580.6877,585.4824,633.7908,630.9333,619.3167,630.9326,642.3391,655.2788,651.1295,629.6846,651.2237,672.4390,670.1643,664.4476,632.4884,664.2558,696.5239,715.2141,708.1820,657.0171,707.5189,759.2712,743.0944,734.7962,668.6901,733.6249,800.4629,722.3559,713.7797,635.3925,712.3311,791.0845,658.1024,650.0796,579.3936,648.7175,719.0415,688.7861,680.1665,603.2635,678.5607,754.5270,637.7826,636.4717,536.5340,615.1327,748.1380,690.7499,697.5564,560.6977,658.6268,844.7714,677.4252,691.2150,523.5255,633.5294,863.5323,651.8968,672.9256,476.8039,592.2434,867.5933,644.5615,664.4748,465.9624,581.6734,869.6918,625.0057,643.3467,444.9385,554.3581,860.1923,594.4352,613.9515,411.3585,514.0704,849.6287,561.5798,583.4940,371.7705,469.3362,844.0485,11.00000000000,16,085
46,047,01265787,46047,Fall River,Fall River County,06,H1,G4020,,,,A,4506359351.00000000000,23911034.00000000000,+43.2215038,-103.5121024,46047,401.3884,400.2305,396.9799,400.2240,403.5611,410.1202,408.2643,400.7438,408.2643,415.6498,439.8776,437.0947,422.6996,437.1577,451.3984,451.1736,447.3549,425.8376,447.2237,468.9387,407.0279,403.0438,373.9261,402.6671,432.1125,417.8943,413.2154,376.0325,412.5544,450.1531,401.5164,396.7335,353.1502,395.9248,439.7168,405.5274,400.5703,357.0011,399.7282,443.0777,399.7104,394.6729,350.0129,393.7337,437.8563,370.1682,369.4060,311.4012,357.0205,434.2180,447.9615,452.3482,363.5727,427.0948,547.8422,455.5979,464.8307,352.0211,426.0239,580.7580,454.5581,469.1685,332.3781,412.8965,604.9555,472.9090,487.4589,341.7683,426.6918,638.0797,496.3233,510.8151,353.2024,440.1287,683.0815,516.3020,533.1682,357.1388,446.3940,737.9466,540.6289,561.6351,357.7396,451.7156,812.5538,11.00000000000,46,047
46,093,01266991,46093,Meade,Meade County,06,H1,G4020,,39660,,A,8989806533.00000000000,30728963.00000000000,+44.6067915,-102.7158636,46093,1311.2951,1307.6739,1297.1376,1307.6455,1318.4162,1429.4551,1423.0744,1396.9072,1423.0683,1448.7534,1658.7778,1648.3177,1594.0405,1648.5514,1702.2418,2088.9566,2071.2453,1971.6207,2070.6400,2171.1906,2210.9143,2188.8008,2030.6307,2186.7368,2346.8590,2278.2256,2252.2370,2049.2646,2248.5419,2453.9503,2436.5303,2406.2910,2140.8630,2401.1079,2668.2032,2708.1390,2673.3237,2380.8416,2667.3502,2958.8026,3058.2598,3018.4621,2675.6145,3011.0172,3349.9689,2562.5464,2555.0604,2151.7460,2468.7985,3005.4050,2951.9470,2979.0878,2392.7528,2812.2271,3609.8470,3076.3481,3136.9323,2373.8844,2874.4411,3921.2577,3047.5495,3143.7891,2225.4679,2766.0819,4055.7258,3114.3192,3208.4829,2247.8423,2807.8542,4201.8952,3199.5093,3291.3477,2274.1213,2835.2478,4403.3045,3259.1440,3364.1427,2251.8312,2816.0103,4658.1672,3299.2962,3426.1753,2180.8322,2755.0702,4958.6912,11.00000000000,46,093
16,055,00395661,16055,Kootenai,Kootenai County,06,H1,G4020,,17660,,A,3222267856.00000000000,185180068.00000000000,+47.6771129,-116.6949184,16055,9713.6699,9686.6203,9608.4550,9686.4204,9766.3889,10093.4204,10048.5765,9863.9160,10048.5186,10229.7471,10722.8977,10655.7739,10305.0033,10657.2270,11004.1412,12801.2386,12693.8889,12083.3307,12690.0985,13305.9300,13846.2984,13710.2009,12719.6667,13697.3649,14699.2565,14269.6483,14110.0537,12840.4832,14087.5151,15371.2252,13464.8836,13305.4227,11844.5817,13278.5130,14746.0462,13902.8473,13731.8588,12237.2334,13702.7767,15190.1378,14867.0904,14683.2611,13025.3780,14649.0604,16286.3431,14345.1372,14314.3176,12065.4321,13834.0414,16826.9502,15447.0416,15599.9538,12539.9475,14729.5584,18891.4923,15658.7822,15977.8735,12101.9609,14644.5512,19960.7151,15533.7998,16034.9087,11361.6139,14112.3673,20673.5527,15607.0836,16089.0854,11282.2842,14084.1282,21058.2597,15585.8729,16042.7362,11094.6112,13823.4729,21450.7200,15364.8015,15868.3876,10631.1512,13286.4684,21960.9135,15067.8877,15654.8338,9973.2177,12591.6019,22646.8099,11.00000000000,16,055
16,001,00395066,16001,Ada,Ada County,06,H1,G4020,,14260,,A,2726158067.00000000000,20424656.00000000000,+43.4478606,-116.2444560,16001,28774.3321,28693.9228,28462.2343,28693.3429,28930.4582,32088.3105,31945.5874,31358.4475,31945.4135,32521.6643,34510.8652,34294.2818,33165.2444,34299.0224,35415.7178,40616.6990,40273.7821,38336.6637,40261.9155,42216.5480,42368.3425,41952.0771,38921.1381,41912.8061,44978.4296,43678.8463,43188.6935,39301.6904,43119.3927,47050.2550,45185.4089,44645.7207,39739.8595,44554.3802,49484.2061,48858.1914,48250.5618,42992.0650,48146.9835,53381.6684,51833.8410,51185.6682,45398.8665,51064.9304,56781.1578,47154.3393,47045.5803,39647.2450,45465.0932,55310.5744,55057.8939,55594.4968,44681.3844,52490.0142,67333.5811,56062.4985,57196.4155,43313.2527,52420.5734,71463.5013,55432.5180,57212.3613,40529.7042,50349.6262,73773.0406,56309.5626,58040.4238,40691.7880,50804.4163,75976.3963,56976.4633,58638.6746,40544.1283,50523.7007,78415.6469,56920.4709,58778.6326,39371.0418,49211.7656,81355.9152,56189.9525,58372.0603,37179.4016,46947.3822,84452.2448,11.00000000000,16,001
16,009,00395190,16009,Benewah,Benewah County,06,H1,G4020,,,,A,2011429331.00000000000,18988295.00000000000,+47.2184513,-116.6335414,16009,510.0936,508.6557,504.5422,508.6460,512.8595,464.7736,462.7334,454.2431,462.7291,471.0581,471.9616,468.9800,453.5358,469.0471,484.3251,472.1231,467.9765,445.4670,467.8496,490.6170,517.3240,512.1201,475.1100,511.6361,549.1137,540.1388,533.9137,485.7568,533.0256,581.7824,441.1633,435.7951,387.8199,434.8809,483.1228,394.0007,389.1251,346.7415,388.2949,430.4802,395.7925,390.8024,346.5783,389.8720,433.5642,372.4051,371.5783,313.1751,359.1039,436.8274,302.9888,305.9264,245.8589,288.8382,370.5406,285.7010,291.4682,220.7095,267.1270,364.1850,276.4228,285.2891,202.0918,251.0646,367.8799,268.1113,276.3429,193.7322,241.8868,361.7518,252.2612,259.6119,179.4925,223.6808,347.1817,235.6464,243.3338,162.9837,203.7263,336.8070,223.2847,231.9524,147.7354,186.5528,335.5917,11.00000000000,16,009
16,063,00395624,16063,Lincoln,Lincoln County,06,H1,G4020,,,,A,3111625420.00000000000,11608239.00000000000,+42.9861805,-114.1538989,16063,264.6315,263.8780,261.7400,263.8733,266.0653,337.7967,336.2900,330.1069,336.2884,342.3575,397.2154,394.6570,381.6493,394.7191,407.5933,369.2862,366.2690,348.6522,366.1542,383.8962,326.4017,323.3018,299.9534,323.0033,346.5801,330.5520,327.0143,297.6924,326.5225,356.1160,333.2919,329.5906,293.6230,328.9802,365.0324,338.7117,334.7723,298.5607,334.1100,370.0869,351.6851,347.5202,308.4702,346.7492,385.2802,305.8460,305.2257,257.3078,294.9947,358.7685,371.2436,375.0607,301.6255,354.1782,454.0483,380.6504,388.5509,294.4390,356.1763,485.2438,373.4709,385.6620,273.4064,339.4757,497.0559,381.2128,393.1258,275.8183,344.1915,514.3737,397.0414,408.8141,282.8642,352.3157,546.4559,405.3852,418.7970,280.7140,350.7074,579.4259,401.2814,417.0254,265.8034,335.4724,603.1269,11.00000000000,16,063
16,031,00395698,16031,Cassia,Cassia County,06,H1,G4020,,15420,,A,6643528786.00000000000,39370982.00000000000,+42.2886346,-113.6054984,16031,1055.6437,1052.6636,1044.1482,1052.6438,1061.3672,1177.4173,1172.1361,1150.5695,1172.1328,1193.3057,1226.9209,1219.0386,1178.8641,1219.2282,1258.9875,1429.1540,1416.9002,1348.7484,1416.4954,1485.3269,1335.7623,1322.4086,1226.8474,1321.1618,1417.8999,1631.1088,1612.5428,1467.2457,1609.9049,1756.9318,1582.0488,1562.6894,1390.5610,1559.3862,1732.5066,1746.2702,1724.0387,1535.6337,1720.2314,1907.9166,1806.9462,1783.6831,1581.3436,1779.3361,1979.3304,1641.8945,1637.2974,1379.0421,1582.0740,1925.6948,1413.9872,1427.0377,1146.2199,1347.1238,1729.1304,1447.7782,1476.3254,1117.2494,1352.8020,1845.4103,1453.8108,1499.7782,1061.7405,1319.6104,1934.7589,1432.5296,1475.8872,1034.0423,1291.6174,1932.7983,1426.2810,1467.2522,1013.8153,1263.9398,1962.9128,1384.3288,1428.9436,956.4993,1196.1272,1978.5682,1335.7665,1387.1377,882.9451,1115.4320,2007.5961,11.00000000000,16,031
16,041,00395585,16041,Franklin,Franklin County,06,H1,G4020,,30860,,A,1718831658.00000000000,12169099.00000000000,+42.1735886,-111.8229553,16041,663.6443,661.7638,656.4069,661.7517,667.2414,757.8053,754.4018,740.5188,754.4000,768.0301,890.4655,884.8253,855.6833,884.9536,913.7838,768.2890,761.7337,725.0951,761.5140,798.5072,721.2427,714.0508,662.4529,713.3782,765.6049,829.9883,820.4724,746.5006,819.1171,893.9933,958.2591,946.5241,842.2577,944.5214,1049.3916,988.4414,975.7457,869.0031,973.5678,1079.9316,957.8264,945.5529,838.3495,943.2606,1049.2108,742.4390,740.6379,624.0810,715.7323,870.8364,586.3504,591.8799,475.5192,558.7711,717.0528,580.3099,591.8596,448.0123,542.3757,739.7049,535.1071,552.1043,390.9304,485.8094,712.1375,501.2063,516.4339,361.8855,451.9782,676.2430,475.7667,489.4746,338.2519,421.6665,654.7751,437.2535,451.3684,302.1601,377.8370,624.9513,380.0206,394.6369,251.1971,317.3380,571.1536,11.00000000000,16,041
16,023,00401703,16023,Butte,Butte County,06,H1,G4020,,,,A,5779990424.00000000000,5257716.00000000000,+43.6850995,-113.1776271,16023,96.2167,95.9517,95.1790,95.9496,96.7393,92.7343,92.3199,90.6221,92.3195,93.9861,93.3784,92.8041,89.7514,92.8155,95.8333,72.0571,71.4907,68.0522,71.4667,74.9221,69.7704,69.1089,64.1181,69.0451,74.0844,72.0839,71.3067,64.9094,71.1984,77.6570,55.2547,54.6262,48.6516,54.5216,60.5151,46.4798,45.9309,40.9545,45.8384,50.7847,42.5586,42.0652,37.3494,41.9741,46.6253,29.0655,29.0399,24.5127,28.0754,34.1030,33.0519,33.4304,26.9216,31.5811,40.4303,33.2203,33.9486,25.7643,31.1332,42.3531,30.6802,31.7198,22.5253,27.9354,40.8360,30.9218,31.9237,22.4341,27.9641,41.7263,30.1870,31.1138,21.5617,26.8267,41.5495,30.6201,31.6596,21.2501,26.5233,43.7678,31.4121,32.6678,20.8483,26.2891,47.2139,11.00000000000,16,023
16,065,00394803,16065,Madison,Madison County,06,H1,G4020,,39940,,A,1215237613.00000000000,10412190.00000000000,+43.7897087,-111.6565500,16065,1239.4638,1236.0212,1226.0520,1235.9953,1246.1920,1589.6381,1582.6270,1553.5710,1582.6143,1611.1232,1869.5637,1857.7230,1796.5387,1857.9923,1918.5219,2398.6376,2378.0678,2263.6847,2377.3886,2492.9137,2619.0701,2593.4945,2406.1344,2591.0727,2780.5202,2232.3395,2206.5607,2007.5045,2202.8804,2404.4336,1661.4575,1640.4212,1459.1017,1636.7924,1819.3861,2141.7288,2114.1610,1882.8213,2109.4299,2339.9639,2259.5819,2230.1079,1976.7327,2224.5928,2475.1014,2348.8624,2342.5655,1973.3342,2263.6301,2754.9293,2041.2207,2060.1808,1654.8850,1944.8483,2496.1786,2080.9700,2122.1081,1606.0682,1944.5887,2652.5210,2087.6500,2153.7449,1524.7912,1895.0487,2778.2915,2033.9890,2095.6103,1468.2965,1833.9895,2744.3051,1921.3237,1976.5234,1365.7109,1702.6464,2644.2137,1888.5118,1949.3692,1304.8521,1631.7577,2699.1774,1902.8948,1976.0848,1257.8326,1589.0225,2859.9646,11.00000000000,16,065
16,079,01702379,16079,Shoshone,Shoshone County,06,H1,G4020,,,,A,6810799882.00000000000,14137045.00000000000,+47.3476935,-115.8850916,16079,754.9740,752.8416,746.7511,752.8275,759.0671,686.0040,682.9602,670.4118,682.9560,695.2706,598.5345,594.7446,575.1568,594.8307,614.2088,605.9275,600.7214,571.8272,600.5505,629.7366,633.6188,627.3436,582.0152,626.7545,672.6198,771.9196,763.2145,694.4974,761.9816,831.4888,638.2573,630.5492,561.1860,629.2397,698.9693,599.2851,591.7949,527.2622,590.5168,654.7670,550.1486,543.1724,481.6648,541.8710,602.6462,586.7798,585.3325,493.1938,565.6430,688.2517,549.3817,554.6043,445.6115,523.5937,671.8502,514.8101,525.0880,397.5007,481.1976,656.2180,490.0368,505.6376,358.0639,444.9354,652.1596,473.9617,488.3997,342.2799,427.4581,639.4871,452.9184,466.0050,322.0723,401.4632,623.3330,416.2178,429.6863,287.6813,359.7006,594.8880,387.9070,402.8639,256.4766,323.9693,583.0089,11.00000000000,16,079
16,011,00400593,16011,Bingham,Bingham County,06,H1,G4020,292,13940,,A,5423378296.00000000000,68447717.00000000000,+43.2163568,-112.3992058,16011,2252.1364,2245.8831,2227.7697,2245.8359,2264.3620,2371.6105,2361.0479,2317.6458,2361.0361,2403.6352,2453.2061,2437.6669,2357.3815,2438.0204,2517.4470,2517.1173,2495.8757,2375.8273,2495.1396,2616.2702,2181.1419,2159.6752,2003.6405,2157.6521,2315.4860,2234.1652,2209.3957,2010.7415,2205.9083,2406.7000,2057.5141,2033.0575,1809.7620,2028.9251,2253.2729,2029.9338,2005.2284,1787.2323,2001.0354,2217.9043,2089.0568,2063.6550,1831.0885,2058.9380,2288.5359,1558.8117,1555.8506,1311.7862,1503.7530,1828.5916,1239.4698,1252.1341,1006.8961,1182.3936,1515.9164,1188.4324,1213.0755,919.2302,1111.9923,1514.9815,1081.2580,1116.5476,791.5457,982.8296,1439.0559,970.6418,1000.9771,702.2911,876.3815,1309.6955,884.0836,910.3247,629.8953,784.5283,1216.7839,774.3262,799.9785,536.2526,669.9292,1106.7638,671.8835,698.2751,445.1013,561.7343,1009.8444,11.00000000000,16,011
46,079,01265776,46079,Lake,Lake County,06,H1,G4020,,,,A,1458881294.00000000000,30781776.00000000000,+44.0284497,-097.1232229,46079,763.0295,760.8812,754.7291,760.8666,767.1674,787.9960,784.4407,769.9964,784.4399,798.6235,889.4663,883.7142,854.5821,883.8561,912.6920,990.6736,982.0803,934.8428,981.8066,1029.5487,968.1090,958.1913,888.9285,957.2786,1027.4814,627.9264,620.5974,564.5631,619.5474,676.3115,547.4223,540.6636,481.0567,539.5071,599.4770,867.8271,856.5864,762.7851,854.6550,948.1478,913.6809,902.0161,799.7928,899.8383,1000.8588,894.9241,892.4484,751.7089,862.3557,1049.6183,871.0121,879.1601,706.2590,829.9610,1065.1572,876.0003,893.3733,676.1842,818.6596,1116.6058,857.3167,884.5035,626.2480,778.2782,1140.9402,851.2770,877.1117,614.5971,767.6288,1148.5666,854.8348,879.4535,607.7353,757.6160,1176.4676,890.7061,919.4874,615.5649,769.7076,1273.0575,923.7913,959.4036,610.7799,771.5163,1388.4215,11.00000000000,46,079
46,063,01265792,46063,Harding,Harding County,06,H1,G4020,,,,A,6918829169.00000000000,16956332.00000000000,+45.5966116,-103.4738669,46063,71.5057,71.2975,70.7174,71.2964,71.8925,82.2546,81.8847,80.3776,81.8846,83.3643,72.9972,72.5351,70.1462,72.5456,74.9089,99.6948,98.8395,94.0854,98.8113,103.6130,118.6725,117.4325,108.9417,117.3197,125.9344,154.0736,152.2922,138.5523,152.0378,165.9507,109.3758,108.1036,96.2551,107.8902,119.7854,118.4816,116.9711,104.1863,116.7124,129.4489,126.8936,125.3365,111.1971,125.0471,139.0086,135.0651,134.7891,113.6262,130.2704,158.4358,136.1062,137.4289,110.4483,129.7535,166.4517,138.8294,141.6336,107.2514,129.8060,176.9669,143.4027,148.0039,104.8439,130.2493,190.8489,146.0919,150.5794,105.5671,131.8051,197.1161,149.3411,153.6951,106.2653,132.4241,205.5352,146.0677,150.8331,101.0277,126.2822,208.7730,143.3097,148.8724,94.8195,119.7337,215.3911,11.00000000000,46,063
16,005,00395091,16005,Bannock,Bannock County,06,H1,G4020,,38540,,A,2880035137.00000000000,91800788.00000000000,+42.6929385,-112.2289863,16005,4196.5292,4184.7998,4151.0085,4184.7154,4219.2989,4430.2430,4410.6408,4329.6307,4410.6098,4490.1031,5146.5766,5114.3695,4946.0145,5115.0656,5281.5678,5945.3224,5895.1204,5611.5722,5893.3836,6179.4978,5962.4895,5903.7723,5477.2267,5898.2406,6329.7171,4965.1808,4909.4636,4467.6097,4901.5859,5348.4250,4816.7853,4759.0523,4235.9276,4749.2696,5275.0157,5283.6290,5218.0999,4649.5964,5206.9358,5772.8181,5437.2520,5369.4701,4762.6393,5356.8483,5956.2399,4868.8808,4858.3519,4095.0035,4695.3255,5711.2160,4663.8637,4709.7450,3785.6341,4446.8775,5703.7860,4692.4450,4787.7747,3626.0665,4388.1446,5981.5635,4578.6066,4726.0092,3348.3362,4159.2615,6093.5288,4486.2239,4624.4663,3242.5374,4048.0616,6053.1257,4377.2120,4505.2089,3115.3202,3881.8567,6024.2994,4318.4565,4459.6957,2987.4785,3733.9411,6172.3496,4236.2462,4400.9847,2803.4147,3539.7121,6366.9973,11.00000000000,16,005
46,117,01266998,46117,Stanley,Stanley County,06,H1,G4020,,38180,,A,3741062251.00000000000,188383699.00000000000,+44.4155468,-100.7491628,46117,204.8283,204.2452,202.5904,204.2416,205.9381,157.9071,157.1830,154.2826,157.1837,160.0334,183.3180,182.0943,176.0828,182.1280,188.0834,206.1987,204.3012,194.4741,204.2517,214.2207,187.6476,185.6678,172.2417,185.4887,199.1178,242.8279,239.8091,218.0388,239.3680,261.4854,187.2940,184.8304,164.3183,184.4004,205.0865,242.8800,239.5363,213.1079,238.9553,265.3479,227.6688,224.4665,198.7248,223.8627,249.3557,227.4589,226.5610,190.5750,218.8490,266.7116,220.9572,222.7102,178.6129,210.1499,270.1566,216.2456,220.2423,166.4087,201.7232,275.6051,205.3673,211.6162,149.5644,186.1033,273.2851,200.4486,206.3001,144.3179,180.4573,270.4302,200.2160,205.7838,141.9942,177.1942,275.5316,198.6259,204.8759,136.9722,171.4326,283.8777,197.6390,205.1143,130.4161,164.8844,297.0346,11.00000000000,46,117
08,123,00198177,08123,Weld,Weld County,06,H1,G4020,216,24540,,A,10326898753.00000000000,76554163.00000000000,+40.5557944,-104.3836487,08123,18517.8219,18465.9516,18316.7847,18465.5841,18618.2802,20932.0814,20838.8810,20455.8230,20838.7749,21214.7420,22286.4764,22145.8769,21416.6239,22149.0230,22870.4002,26928.2823,26699.4742,25415.2575,26691.7053,27988.0258,30694.1946,30389.4283,28193.5836,30360.8578,32582.9927,31108.1327,30757.1750,27987.8192,30707.4623,33508.7100,29343.5877,28990.9187,25803.3197,28931.1065,32134.9919,34430.3357,34003.2482,30298.5769,33930.4825,37618.0914,37513.0493,37044.5085,32857.0047,36957.2426,41093.5772,37007.2409,36922.0528,31115.8891,35681.7065,43408.3832,35867.5001,36217.6466,29108.7273,34195.3757,43864.5972,36817.9675,37563.2499,28446.2052,34426.9649,46932.3543,37133.3086,38326.2476,27151.2813,33729.1820,49419.3698,37562.4501,38717.6782,27145.3661,33890.9197,50681.6712,37653.6936,38752.7629,26795.1584,33390.0229,51822.1231,37296.7109,38514.7721,25798.4891,32246.2845,53307.8898,36795.0291,38224.4041,24347.1135,30743.2531,55302.1349,11.00000000000,08,123
08,111,00198171,08111,San Juan,San Juan County,06,H1,G4020,,,,A,1003588157.00000000000,2035933.00000000000,+37.7810745,-107.6702566,08111,24.6425,24.5699,24.3695,24.5695,24.7757,37.5766,37.3987,36.7056,37.3992,38.0810,33.4364,33.2150,32.1189,33.2209,34.3066,39.9559,39.5932,37.6887,39.5832,41.5135,25.9609,25.6687,23.8109,25.6432,27.5357,25.0188,24.7055,22.4612,24.6596,26.9405,34.0156,33.5372,29.7877,33.4521,37.2434,18.5746,18.3479,16.3526,18.3094,20.2946,16.8895,16.6939,14.8225,16.6577,18.5034,12.6907,12.6821,10.7076,12.2617,14.8908,18.7503,18.9717,15.2843,17.9243,22.9372,20.0500,20.4946,15.5589,18.7967,25.5627,21.0229,21.7365,15.4370,19.1436,27.9820,22.8049,23.5430,16.5439,20.6225,30.7731,24.9456,25.7087,17.8130,22.1653,34.3350,26.4649,27.3621,18.3642,22.9224,37.8284,28.1958,29.3209,18.7101,23.5949,42.3796,11.00000000000,08,111
08,085,00198158,08085,Montrose,Montrose County,06,H1,G4020,,33940,,A,5803373218.00000000000,4923280.00000000000,+38.4134267,-108.2630424,08085,2311.7660,2305.2748,2286.6448,2305.2296,2324.3049,2161.6657,2152.0410,2112.4823,2152.0300,2190.8562,2022.5418,2009.8836,1943.7220,2010.1573,2075.5910,2443.5012,2422.6519,2306.1247,2421.9529,2539.6080,1901.0614,1882.0912,1746.0887,1880.3180,2017.9829,2100.0905,2076.5438,1889.6665,2073.2156,2262.1945,2046.8572,2022.6219,1800.5569,2018.5324,2241.6131,1779.2380,1757.0791,1565.5560,1753.3008,1943.9648,1660.2479,1639.7038,1454.5496,1635.8815,1818.7378,1397.0153,1393.9363,1174.8643,1347.1458,1638.6902,1094.6021,1105.4725,888.6616,1043.8037,1338.6870,1038.5598,1059.7578,802.7160,971.3349,1323.8873,948.4421,979.0726,693.7613,861.6974,1262.2613,838.2198,864.1417,606.0048,756.4696,1130.9928,772.2075,794.8759,549.7440,684.9305,1062.7860,672.1623,694.2238,465.1350,581.2808,960.7239,553.8811,575.4862,366.6584,462.8914,832.4768,11.00000000000,08,085
08,014,01945881,08014,Broomfield,Broomfield County,06,H6,G4020,216,19740,,C,85557538.00000000000,1466175.00000000000,+39.9533825,-105.0521250,08014,4787.8204,4774.4422,4735.8917,4774.3456,4813.7990,5505.2996,5480.7849,5380.0364,5480.7572,5579.6409,5878.9121,5842.0267,5649.6973,5842.8332,6033.0587,6947.1252,6887.8571,6556.5580,6885.8693,7220.3722,8130.9801,8049.8917,7468.2003,8042.3096,8631.0940,9040.4861,8939.2934,8134.9162,8924.9986,9738.3627,9341.9538,9231.3717,8217.8788,9212.7131,10230.8322,9870.2620,9748.5071,8687.0820,9727.7863,10784.1463,10380.7812,10251.8385,9093.7054,10227.8375,11371.6880,9730.3226,9708.5468,8182.4287,9382.5691,11413.5281,10538.0210,10641.1009,8552.6251,10047.0012,12887.6348,10793.8003,11012.4980,8339.8389,10093.0970,13759.0261,10789.9020,11136.7335,7889.7408,9801.0048,14359.9060,11005.9200,11344.6021,7954.0200,9930.3999,14849.9122,11107.9521,11432.3743,7904.9904,9850.4017,15287.6966,10950.4266,11308.2299,7574.8275,9467.8281,15651.3692,10654.5292,11068.5771,7050.3273,8902.3370,16013.5365,11.00000000000,08,014
08,121,00198176,08121,Washington,Washington County,06,H1,G4020,,,,A,6521670287.00000000000,15207421.00000000000,+39.9654130,-103.2096046,08121,254.8362,254.1005,252.0365,254.0964,256.2156,199.1122,198.1847,194.5199,198.1865,201.7892,220.4070,218.9339,211.7058,218.9745,226.1354,256.2580,253.9622,241.7465,253.8964,266.2673,282.2912,279.4456,259.2500,279.1812,299.6342,351.5833,347.6284,316.3357,347.0688,378.7179,338.6525,334.5227,297.6882,333.8189,370.8611,299.4889,295.6194,263.2569,294.9548,327.2083,359.1380,354.3750,314.0320,353.4823,393.3832,317.4492,316.4320,266.3973,305.7246,372.2889,280.3273,282.7970,227.0356,266.9240,342.7863,287.2233,292.7682,221.4424,268.2318,366.0949,284.2731,293.1402,207.4015,257.8800,378.3053,280.7314,289.1069,202.4309,252.9627,378.7577,271.7793,279.4631,192.9677,240.6886,374.0252,251.7612,259.7505,173.7333,217.3777,359.8240,232.9936,241.8350,153.7968,194.4150,350.1714,11.00000000000,08,121
08,107,00198169,08107,Routt,Routt County,06,H1,G4020,,,,A,6117619255.00000000000,15825586.00000000000,+40.4831597,-106.9852885,08107,1639.8799,1635.2730,1622.0563,1635.2411,1648.7742,1667.7840,1660.2703,1629.7048,1660.2680,1690.2802,1617.6233,1607.3628,1554.4207,1607.5976,1659.9753,1862.1310,1846.3769,1757.5683,1845.8349,1935.4575,1912.4756,1893.5341,1756.7174,1891.7557,2030.1931,2117.6272,2094.3722,1906.2021,2091.1091,2281.2269,2002.9746,1979.9991,1763.2737,1976.1650,2193.6403,2178.4291,2152.0878,1918.2974,2147.6232,2380.1602,2164.0398,2138.0003,1897.3364,2133.1706,2370.7122,1822.9496,1819.6486,1534.3574,1758.7615,2138.4825,2164.8825,2187.0129,1758.6834,2065.2055,2647.7315,2191.9888,2237.3629,1695.3250,2050.9011,2794.2788,2155.4350,2225.6644,1577.7047,1959.0740,2868.6771,2172.1972,2239.9590,1571.4390,1961.0927,2930.9535,2186.4175,2251.1572,1557.5123,1940.0093,3009.2023,2131.6538,2202.1264,1475.9994,1844.0747,3046.8157,2058.5233,2139.2563,1363.4814,1720.8925,3093.9634,11.00000000000,08,107
08,007,00198119,08007,Archuleta,Archuleta County,06,H1,G4020,,,,A,3496937899.00000000000,13827529.00000000000,+37.2023952,-107.0508634,08007,639.6764,637.8770,632.7203,637.8646,643.1455,646.0433,643.1215,631.2756,643.1214,654.7543,700.9649,696.5242,673.5838,696.6253,719.3204,838.7611,831.4615,791.4685,831.2313,871.6596,807.1273,798.9384,741.1942,798.1804,856.6794,864.7533,854.8639,777.8074,853.4566,931.4465,778.9165,769.3076,684.5004,767.6638,852.9850,696.2075,687.4635,612.4561,685.9701,760.6601,734.5422,725.0795,642.8209,723.3112,804.6174,734.9302,733.3896,618.2054,708.7932,862.0878,649.6663,655.8161,526.9080,619.1381,794.4861,637.8935,650.6091,492.5030,596.2201,813.1075,624.7523,644.6285,456.4760,567.2354,831.4429,598.5418,616.7620,432.2255,539.7985,807.5743,575.5117,592.1315,409.2332,510.1175,792.0524,540.7691,558.2651,373.7636,467.3359,772.9053,509.8176,529.4773,337.0853,425.7884,766.2359,11.00000000000,08,007
08,047,00198139,08047,Gilpin,Gilpin County,06,H1,G4020,216,19740,,A,388229109.00000000000,941918.00000000000,+39.8610823,-105.5289473,08047,495.5637,494.1396,490.1292,494.1314,498.2470,582.6923,580.0200,569.3167,580.0224,590.5385,485.8112,482.6638,466.7513,482.7420,498.4935,465.9606,461.7738,439.5623,461.6549,484.1528,471.1281,466.0830,432.3729,465.6306,499.8774,520.2363,513.9306,467.3781,513.0162,560.2553,542.3380,535.4998,476.3353,534.3218,593.8928,625.1649,617.0409,549.4448,615.6441,683.0247,666.6062,657.8520,583.0492,656.2127,730.1800,567.7980,566.1519,476.7974,547.0414,665.9278,627.8739,633.5329,508.7349,598.0131,767.7896,613.1414,625.0764,472.8897,572.7236,781.5219,593.5379,612.1352,433.1798,538.5362,789.8764,599.9355,617.9291,432.7674,540.7132,809.4306,606.9606,624.2373,431.1559,537.6741,835.3140,601.4047,620.6361,415.2724,519.4536,859.5542,583.0885,605.3717,385.1709,486.7346,876.3467,11.00000000000,08,047
08,031,00198131,08031,Denver,Denver County,06,H6,G4020,216,19740,,C,396268588.00000000000,4225359.00000000000,+39.7618487,-104.8806251,08031,42524.2091,42404.0231,42060.9274,42403.2275,42754.7488,52350.5427,52115.8730,51157.0450,52115.7157,53057.0179,61046.1155,60660.8535,58663.2870,60669.4847,62645.4951,84231.0972,83516.6570,79499.6008,83492.2742,87546.7646,96062.4573,95108.1487,88235.8831,95018.7100,101973.4302,92460.8447,91423.2334,83195.0718,91276.5286,99597.5454,89674.9749,88605.9636,78871.3962,88425.1541,98206.6060,97849.0615,96636.8469,86109.7585,96430.3687,106908.5771,105598.5024,104283.5376,92499.4214,104038.7065,115678.1006,101158.8472,100930.2095,85062.5127,97540.7380,118657.3176,114442.9731,115564.0662,92884.4429,109112.5537,139960.0625,117380.4050,119760.3650,90696.9878,109762.4937,149626.8413,117134.3667,120901.1799,85653.2302,106401.0222,155890.2100,118193.2847,121831.9507,85421.3840,106645.1548,159474.2998,118285.0535,121741.1624,84180.2515,104895.6238,162793.9443,117151.1895,120980.4468,81040.3523,101291.5818,167443.4868,115140.3000,119616.0520,76193.0173,96206.4312,173053.5703,11.00000000000,08,031
08,093,00198162,08093,Park,Park County,06,H1,G4020,216,19740,,A,5682034441.00000000000,43530574.00000000000,+39.1189141,-105.7176479,08093,1333.3529,1329.6419,1318.9136,1329.6143,1340.5897,1175.4365,1170.2202,1148.7185,1170.2130,1191.3142,993.7146,987.4072,954.8837,987.5519,1019.7292,1051.3199,1042.3423,992.2066,1042.0420,1092.6654,1025.2136,1014.8762,941.5305,1013.9159,1088.1971,1186.0179,1172.5447,1066.9103,1170.6317,1277.5145,1061.2239,1048.1931,932.6961,1045.9673,1162.1444,1036.0675,1023.0732,911.4664,1020.8544,1131.9842,1025.8593,1012.7392,897.9443,1010.2893,1123.7378,786.0407,783.7089,659.9670,757.2404,921.8755,821.7980,829.5428,666.4540,783.1381,1004.9827,766.1701,781.3942,591.4576,716.0554,976.6127,701.4688,723.7193,512.4152,636.8058,933.5342,663.7301,683.8636,479.1773,598.4985,895.5223,628.0521,646.1132,446.4607,556.5916,864.3554,565.9214,584.1484,391.0014,488.9688,808.8491,514.7708,534.5370,340.2095,429.8214,773.6751,11.00000000000,08,093
29,063,00758486,29063,DeKalb,DeKalb County,06,H1,G4020,,41140,,A,1091307336.00000000000,11563121.00000000000,+39.8946645,-094.4071901,29063,847.6931,845.1344,838.2115,845.1260,852.2655,804.9996,801.1214,786.2389,801.1377,815.7860,751.9960,746.8594,722.1768,747.0109,771.4785,734.9482,728.1403,693.1158,727.9667,763.5119,745.6581,737.6580,684.3046,736.9414,791.1499,870.7366,860.0030,781.9882,858.4385,937.6655,1142.8859,1127.0323,1001.2246,1124.2228,1251.3630,1075.6578,1059.9112,942.0299,1057.1461,1175.1083,1135.3759,1118.6540,989.5945,1115.4876,1243.4361,1038.1772,1033.2648,868.3643,997.8732,1217.1388,972.5595,979.4092,784.6601,923.9047,1188.9736,941.1058,957.5140,722.4892,876.6635,1199.3205,896.2621,922.4758,650.9165,810.8636,1192.5747,866.8608,891.0380,622.1693,778.9710,1169.4023,833.9405,855.9210,589.3156,736.5143,1147.5483,787.0344,810.5658,540.5551,677.7373,1124.7497,742.3312,769.2373,487.7536,617.8672,1115.5883,11.00000000000,29,063
29,011,00758460,29011,Barton,Barton County,06,H1,G4020,,,,A,1533067694.00000000000,12435199.00000000000,+37.5007989,-094.3440893,29011,630.9731,629.2091,624.1282,629.1964,634.3966,605.9692,603.2556,592.1584,603.2536,614.1476,600.9706,597.1848,577.5211,597.2690,616.7197,619.1126,614.0115,584.4787,613.8220,643.5792,570.3761,564.8782,524.0764,564.3536,605.5838,646.3504,639.1984,581.7347,638.1921,696.2693,591.7894,584.9786,520.9283,583.8407,648.1200,550.2246,543.4836,484.3550,542.3380,601.1724,540.4618,533.9112,473.7630,532.6952,592.0718,459.3274,458.5319,386.6763,443.1988,538.8408,441.0317,445.5683,358.3298,420.7607,539.4027,436.3620,445.4246,337.5428,408.3131,556.2642,423.5641,437.3929,310.0825,385.0124,563.7256,410.7657,423.6094,297.2130,370.8835,554.2503,402.5169,414.4654,286.7886,357.1915,553.9931,384.9166,397.6697,266.5729,333.0227,550.1710,366.8221,381.2323,243.0103,306.6866,551.3357,11.00000000000,29,011
29,035,00758472,29035,Carter,Carter County,06,H1,G4020,,,,A,1314058615.00000000000,4298919.00000000000,+36.9447832,-090.9456257,29035,377.7444,376.6998,373.6639,376.6917,379.7955,365.8897,364.2460,357.5427,364.2452,370.8264,379.2216,376.8597,364.4569,376.9097,389.1747,385.0151,381.7440,363.3825,381.6329,400.1673,421.2044,417.1418,387.0109,416.7542,447.2024,409.2934,404.7488,368.3520,404.1086,440.8993,365.5028,361.2742,321.6979,360.5663,400.2914,373.4892,369.0306,328.9988,368.2769,408.0791,432.8515,427.5875,379.3991,426.6100,474.1834,343.2261,342.5425,288.7780,331.0639,402.6197,321.3664,324.5497,260.8897,306.4422,393.0265,324.1232,330.7328,250.5084,303.1354,413.1700,307.0514,316.9663,224.5976,278.9665,408.6480,298.0229,307.2374,215.4575,268.9549,402.1160,282.1153,290.3982,200.8438,250.2316,388.2742,266.5124,275.2610,184.4282,230.4794,380.9271,248.1964,257.8775,164.3008,207.4233,373.0364,11.00000000000,29,035
29,205,00758555,29205,Shelby,Shelby County,06,H1,G4020,,,,A,1297230497.00000000000,3764583.00000000000,+39.7975309,-092.0887194,29205,304.1161,303.2736,300.8287,303.2672,305.7672,313.4575,312.0507,306.3088,312.0499,317.6872,378.2014,375.7573,363.3706,375.8174,388.0779,387.5262,384.2641,365.7815,384.1502,402.7966,313.0323,309.8803,287.4854,309.5872,332.2661,350.2373,346.2561,315.0604,345.6907,377.2560,283.3063,279.8722,249.0738,279.2881,310.2534,274.4408,270.9283,241.3024,270.3262,299.8438,308.9566,304.8460,270.1280,304.0753,338.4152,251.7215,251.0161,211.4221,242.5496,295.2312,204.2330,206.1281,165.5751,194.5881,249.7531,193.8800,197.7078,149.6257,181.1674,247.1297,178.8532,184.5080,130.6187,162.3430,238.0212,160.6910,165.5501,115.9838,144.8788,216.8071,149.4939,153.7808,106.2489,132.4689,205.7397,135.5163,139.8748,93.6188,117.0814,193.6876,123.2510,127.9812,81.4517,102.9087,185.2400,11.00000000000,29,205
29,225,00758565,29225,Webster,Webster County,06,H1,G4020,,44180,,A,1534729111.00000000000,3111540.00000000000,+37.2808043,-092.8760795,29225,2392.8449,2386.1402,2366.8640,2386.0927,2405.8257,2197.0391,2187.2555,2147.0489,2187.2444,2226.7068,2194.5576,2180.6846,2108.8694,2180.9977,2252.0410,2526.1126,2504.8472,2384.3674,2504.1048,2625.6531,2662.1557,2635.3819,2444.9273,2632.8909,2825.7495,2903.6526,2870.7034,2612.1055,2866.0270,3127.6688,2880.4105,2845.4537,2532.2896,2839.5056,3154.3799,2829.7596,2794.3262,2489.5511,2788.2779,3091.7355,3109.4393,3070.4379,2723.1877,3063.1705,3406.2076,2961.7884,2954.5935,2489.6090,2855.2362,3473.9975,2315.4178,2337.5487,1878.2787,2206.8817,2831.5916,2333.9182,2380.6827,1802.3864,2181.7471,2975.0186,2312.0325,2385.8338,1689.7086,2099.4860,3076.9580,2223.9864,2291.9170,1606.4070,2006.0084,3000.7035,2148.3382,2210.5911,1528.0065,1904.4967,2956.6839,2022.4428,2088.0641,1398.1837,1748.0417,2890.6313,1881.5068,1954.2073,1244.2890,1571.5711,2827.8399,11.00000000000,29,225
29,163,00758536,29163,Pike,Pike County,06,H1,G4020,,,,A,1736425445.00000000000,36979764.00000000000,+39.3441784,-091.1710415,29163,1020.7570,1017.8282,1009.5698,1017.8110,1026.2846,1055.4051,1050.5589,1031.1694,1050.5638,1069.6150,1057.5289,1050.7442,1016.1182,1050.9066,1085.1736,1097.5012,1088.1386,1035.8002,1087.8245,1140.6688,1021.2322,1010.9950,937.9350,1010.0407,1084.0106,1180.6935,1167.1414,1061.9051,1165.2106,1271.7388,1211.7347,1196.2262,1063.8562,1193.5421,1326.8962,1286.3210,1269.1072,1129.5799,1266.1314,1405.3426,1366.8620,1348.4953,1194.7336,1345.0481,1497.1684,1272.8294,1268.5939,1067.8519,1225.6250,1492.6740,1065.7565,1074.7555,862.4667,1014.3103,1303.1515,1046.9382,1066.7123,806.3994,977.1633,1334.3746,1002.9025,1033.7284,730.9212,909.2159,1334.6034,949.9249,977.7946,684.1623,855.3636,1281.5794,910.2679,935.5489,645.5096,805.5597,1252.6824,848.6844,875.2090,584.9330,732.2675,1212.9342,797.2983,827.2062,525.6702,664.8574,1198.2562,11.00000000000,29,163
29,021,00758465,29021,Buchanan,Buchanan County,06,H1,G4020,,41140,,A,1056784404.00000000000,17173359.00000000000,+39.6603695,-094.8081728,29021,5175.8288,5161.3660,5119.6911,5161.2616,5203.9126,5189.0326,5165.8761,5070.8896,5165.8536,5259.0890,5387.6413,5353.5699,5177.2609,5354.3400,5528.7556,6389.9247,6335.1608,6030.4450,6333.3496,6641.0962,6625.1879,6558.6082,6084.6335,6552.4111,7032.3497,5804.1835,5737.5996,5220.2871,5728.1148,6251.7648,5289.0498,5223.3067,4647.0547,5212.0325,5791.9374,5719.1446,5645.2283,5027.2045,5632.5331,6248.4824,6082.2320,6003.2287,5321.5101,5988.4522,6662.3973,5494.5981,5478.7870,4614.1946,5293.8813,6444.2317,5012.1180,5057.7943,4061.9494,4774.3783,6129.1019,4907.8463,5003.9259,3786.1683,4585.0126,6255.7018,4684.9183,4832.2272,3420.0621,4251.4260,6234.7050,4463.7025,4597.9026,3220.4779,4023.4805,6022.4387,4226.1887,4346.6118,3002.3068,3743.9178,5816.1945,4024.6335,4153.3595,2779.0755,3476.2478,5752.1860,3837.3667,3984.0132,2534.8473,3203.2494,5767.3293,11.00000000000,29,021
29,031,00758470,29031,Cape Girardeau,Cape Girardeau County,06,H1,G4020,164,16020,,A,1498398199.00000000000,20174852.00000000000,+37.3838819,-089.6849079,29031,4237.0201,4225.2252,4191.1323,4225.1378,4260.0163,4325.6819,4306.5160,4227.4044,4306.4876,4384.1216,4340.7445,4313.4319,4171.4088,4314.0362,4454.5160,5032.9188,4990.9451,4750.8882,4989.4390,5231.4909,4844.9394,4797.4410,4450.8463,4792.9541,5143.4779,4666.9019,4615.0058,4199.9557,4607.6916,5027.2611,4186.6580,4136.6703,3682.1310,4128.2111,4584.9653,5822.1525,5751.0629,5125.6128,5738.9900,6361.2662,6304.1042,6226.3959,5523.6225,6211.9439,6905.9406,5905.4589,5892.3732,4966.2563,5694.5639,6927.0495,6241.4753,6303.1336,5066.6234,5951.4128,7633.2065,6309.2429,6437.6845,4875.9054,5900.4291,8042.5637,6254.0441,6455.6709,4574.0729,5681.6073,8323.3431,6253.3915,6446.3995,4520.3411,5643.0281,8437.5386,6293.7274,6478.0958,4479.9066,5581.9040,8662.0005,6288.1456,6494.1270,4350.6651,5437.4303,8987.6394,6282.2208,6526.8252,4157.9156,5249.6537,9442.0768,11.00000000000,29,031
29,203,00758554,29203,Shannon,Shannon County,06,H1,G4020,,,,A,2599881132.00000000000,464007.00000000000,+37.1519796,-091.3983635,29203,504.7742,503.3380,499.2604,503.3290,507.5094,462.9749,460.9085,452.4336,460.9065,469.2253,401.8257,399.2739,386.1222,399.3326,412.3445,460.3616,456.3412,434.3913,456.2158,478.4094,519.1575,514.0033,476.8631,513.5201,551.1048,490.0078,484.4756,440.8512,483.6918,527.8200,433.0263,427.8732,380.8736,427.0022,474.2253,384.2049,379.3916,338.0092,378.5699,419.7740,395.3067,390.3324,346.1715,389.4052,433.0332,342.7218,341.9328,288.1622,330.4460,402.0024,297.1941,300.0656,241.1396,283.3018,363.4523,280.6779,286.3288,216.8028,262.4117,357.7802,264.2101,272.6704,193.1388,239.9544,351.6252,248.6814,256.3039,179.6710,224.3414,335.5346,225.1440,231.6969,160.1843,199.6262,309.8603,202.1262,208.7135,139.7880,174.7384,288.8963,181.1036,188.1280,119.8159,151.3035,272.1942,11.00000000000,29,203
29,183,00758546,29183,St. Charles,St. Charles County,06,H1,G4020,476,41180,,A,1451520382.00000000000,83325897.00000000000,+38.7811023,-090.6749153,29183,25575.1927,25503.9032,25298.0670,25503.3806,25713.9874,25873.4198,25758.7022,25285.4669,25758.5376,26222.9456,27204.7483,27033.7516,26143.6870,27037.5197,27917.8896,32591.4609,32316.5406,30762.1555,32307.0010,33875.3574,31931.2986,31614.5131,29330.1691,31584.7996,33896.3959,32745.0562,32377.5679,29463.5495,32325.6078,35272.5167,33336.1123,32939.9803,29322.2073,32873.0529,36507.8381,34322.2374,33898.2658,30206.8093,33826.0922,37500.0880,35546.8260,35104.6509,31138.2823,35022.3329,38939.9006,33267.3774,33192.6357,27974.6978,32078.0704,39022.0822,33939.4452,34271.5143,27545.2927,32358.1379,41506.7809,33997.8494,34686.7446,26268.5550,31790.8673,43337.5964,33321.7987,34392.9204,24365.4443,30267.8763,44346.8281,32841.4827,33852.0800,23734.6219,29632.1172,44311.8879,32525.7798,33475.6896,23146.9368,28843.4204,44764.7068,31720.7303,32757.1434,21942.3391,27425.9318,45338.2164,30446.3821,31629.5012,20146.9010,25439.2393,45760.2775,11.00000000000,29,183
29,169,00758539,29169,Pulaski,Pulaski County,06,H1,G4020,,22780,,A,1416979227.00000000000,11347396.00000000000,+37.8248346,-092.2070224,29169,2124.2887,2118.4008,2101.3210,2118.3558,2135.8218,2114.7560,2105.3896,2066.7149,2105.3754,2143.3272,2183.3065,2169.6431,2098.2229,2169.9386,2240.5730,2705.4420,2682.4132,2553.3919,2681.6355,2811.8867,2216.5076,2195.2219,2036.6656,2193.1860,2353.3786,1235.3688,1222.2110,1112.6613,1220.3850,1330.9276,1326.8429,1312.1756,1169.0408,1309.7609,1453.2103,3101.4301,3060.6434,2724.8699,3053.6152,3388.4433,3340.7796,3296.8526,2921.9193,3288.6261,3659.3815,3056.7948,3047.3036,2565.7512,2944.2713,3584.9331,2712.9685,2737.0114,2197.4667,2583.4310,3317.4610,2771.9146,2825.6186,2137.4172,2588.8745,3533.1053,2737.0414,2822.6541,1997.3140,2483.2221,3642.4242,2688.9056,2769.4216,1939.4333,2423.3048,3627.8492,2675.0056,2751.0518,1900.0287,2369.5235,3681.4004,2745.1071,2832.9088,1895.5429,2371.0672,3923.4298,2742.8232,2847.7491,1812.0175,2289.7095,4122.3036,11.00000000000,29,169
29,001,00765805,29001,Adair,Adair County,06,H1,G4020,,28860,,A,1469361117.00000000000,5468982.00000000000,+40.1906655,-092.6035922,29001,1164.9350,1161.6849,1152.3077,1161.6612,1171.2565,1028.2987,1023.7782,1004.9900,1023.7689,1042.2011,956.2086,950.3121,919.0495,950.4313,981.3384,1160.9848,1151.3658,1095.9870,1151.0140,1206.8316,950.0097,940.9620,873.0049,940.0923,1008.7233,391.2595,386.2382,351.0741,385.4974,421.2759,133.6758,132.0720,117.5529,131.8001,146.3925,1130.7699,1116.6187,994.8379,1114.2034,1235.4557,1195.9954,1181.2555,1047.9299,1178.5142,1310.1742,902.5664,900.7516,759.3559,870.5630,1058.7471,1195.9283,1207.9515,971.1811,1140.6113,1462.6317,1186.1954,1210.5556,917.0860,1109.6015,1512.1012,1137.0577,1173.9266,831.9804,1033.2464,1513.2988,1124.7967,1159.7186,813.4280,1015.2722,1517.6774,1131.3821,1164.7226,805.6697,1003.6732,1557.1269,1263.7812,1305.3570,874.7046,1093.0290,1806.3334,1471.6516,1529.1028,974.2884,1229.9514,2211.8780,11.00000000000,29,001
29,173,00758541,29173,Ralls,Ralls County,06,H1,G4020,,25300,,A,1216726347.00000000000,36397428.00000000000,+39.5534554,-091.5247867,29173,640.1538,638.3490,633.1863,638.3368,643.6249,627.5351,624.7642,613.2922,624.7594,636.0158,642.8051,638.7814,617.7539,638.8685,659.6649,639.2279,633.8065,603.3211,633.6214,664.3907,593.0973,587.2651,544.8361,586.7151,629.6315,719.1939,711.0965,647.0803,709.9503,774.6980,643.5977,635.8452,565.9176,634.5294,704.8200,586.2061,578.9387,515.8672,577.7007,640.4806,669.3962,661.0299,586.3015,659.4715,733.2877,497.9288,496.6949,418.5034,479.9855,584.0343,502.8682,507.7058,407.9838,479.3351,614.9772,486.0098,495.7738,375.3701,454.3546,619.5143,441.6175,455.7291,322.7739,401.0380,587.7261,415.4453,428.1468,300.1008,374.7417,560.5388,391.8249,403.1879,278.7013,347.3632,539.2559,351.0482,362.4421,242.6980,303.4232,501.7454,315.1848,327.3637,208.4404,263.2656,473.7119,11.00000000000,29,173
29,117,00758513,29117,Livingston,Livingston County,06,H1,G4020,,,,A,1378726390.00000000000,16155419.00000000000,+39.7785870,-093.5482013,29117,872.0339,869.6446,862.6475,869.6249,876.7723,864.4827,860.7772,845.0310,860.7629,876.1975,873.5151,868.2888,839.7608,868.3792,896.5617,1004.3213,996.2815,948.3629,995.9581,1044.1612,950.1798,941.4726,873.5087,940.6156,1009.1293,1123.5727,1112.0592,1012.6719,1110.4847,1210.6157,1078.3534,1067.2449,951.5510,1065.4664,1181.1483,1066.8563,1055.3519,942.0998,1053.4510,1165.7326,1100.6122,1088.9932,968.0767,1086.8727,1205.9213,968.4503,968.0397,817.5519,936.0103,1136.4044,972.2159,983.8139,792.7054,929.5325,1189.3259,1024.6562,1047.5245,795.3908,960.7910,1306.4001,1028.5439,1063.6806,755.6395,936.8802,1369.0367,1042.5914,1076.6911,756.9663,943.2723,1406.9133,1061.6427,1094.5900,758.9173,943.9147,1461.2776,1039.6568,1075.4348,722.3689,901.1616,1486.1010,992.6988,1032.8974,659.7806,831.4345,1492.1060,11.00000000000,29,117
29,127,00758517,29127,Marion,Marion County,06,H1,G4020,,25300,,A,1131627516.00000000000,19114256.00000000000,+39.8075383,-091.6353791,29127,1661.8504,1657.2207,1643.8470,1657.1865,1670.8695,1663.6298,1656.2048,1625.7511,1656.1975,1686.0900,1646.8896,1636.4932,1582.6029,1636.7265,1690.0358,1818.4754,1803.1749,1716.4446,1802.6401,1890.1367,1698.0382,1681.1715,1559.6947,1679.5907,1802.5243,1460.3619,1443.9216,1313.9344,1441.5946,1573.0666,1626.4138,1606.6297,1429.7668,1603.2607,1781.1044,1744.3676,1722.3904,1534.3958,1718.6344,1905.8513,1813.6421,1791.1714,1588.8843,1786.9899,1986.7719,1548.7375,1545.3674,1302.5379,1493.5056,1816.6700,1278.6407,1290.9953,1037.4732,1218.8709,1563.7085,1258.3137,1283.6527,971.9636,1176.4308,1603.9732,1201.6994,1240.1708,878.4336,1091.3675,1599.2864,1109.0002,1142.9707,801.2085,1000.4275,1496.3221,1038.5311,1068.7091,738.8033,920.7623,1429.3014,983.6529,1015.6492,680.1745,850.2932,1405.9182,905.0889,940.1303,598.6822,756.0811,1360.3217,11.00000000000,29,127
29,189,00758549,29189,St. Louis,St. Louis County,06,H1,G4020,476,41180,,A,1315195242.00000000000,39414600.00000000000,+38.6407022,-090.4459541,29189,60487.1253,60320.1832,59834.2179,60318.8706,60815.6208,57189.2478,56939.4889,55895.4265,56938.8602,57962.9078,57892.0562,57533.5526,55640.5199,57540.9473,59412.6517,68357.9943,67789.8267,64529.2463,67769.2404,71056.2677,66794.7360,66144.2173,61365.9592,66082.5225,70913.3828,69476.4641,68708.1340,62531.5864,68600.0530,74842.3903,60843.1133,60129.8887,53534.5845,60009.9510,66633.0831,60119.6838,59388.9979,52933.5970,59265.0229,65686.7826,60537.3029,59799.2827,53058.1504,59662.1970,66317.6377,57597.3160,57483.5615,48462.0330,55557.5604,67564.4928,61486.2268,62106.6277,49935.2446,58645.0355,75198.6080,59779.4100,61009.5426,46221.7303,55922.5104,76204.0361,57294.0267,59154.1392,41925.8461,52066.1536,76252.2644,55693.7440,57425.3005,40280.6559,50273.7682,75147.2483,54111.9836,55709.2717,38538.4204,48007.2871,74474.8115,51543.1179,53242.8599,35681.9122,44584.1333,73671.3135,49328.2190,51259.0745,32666.3135,41233.0044,74140.1509,11.00000000000,29,189
29,069,00758489,29069,Dunklin,Dunklin County,06,H1,G4020,,28380,,A,1401361859.00000000000,15838797.00000000000,+36.1530246,-090.0622538,29069,1781.8709,1776.9404,1762.6179,1776.9022,1791.5462,1668.8971,1661.6243,1631.1646,1661.6049,1691.4786,1552.1260,1542.5211,1491.7689,1542.7185,1592.8981,1487.1701,1474.8992,1403.9592,1474.4453,1545.9301,1488.7349,1474.5003,1368.0056,1473.1352,1580.7063,1495.8305,1479.3706,1346.4343,1477.0592,1611.3830,1384.4204,1368.3940,1218.4830,1365.7108,1516.1883,1267.6767,1252.3665,1116.3349,1249.7722,1385.0696,1349.6898,1333.6568,1183.7467,1330.6875,1478.6145,1285.3802,1283.1076,1081.9899,1240.1884,1507.8789,1022.7047,1033.4115,831.2555,975.9328,1250.8467,981.7028,1002.2836,759.7217,918.8421,1251.4753,936.2950,967.0586,685.7755,851.3202,1246.1414,886.7520,914.6668,641.9416,800.8945,1196.5203,841.7320,866.8994,600.0415,747.1785,1158.5091,792.5777,819.0026,549.1899,685.9306,1132.8628,728.8105,757.5915,483.0870,609.5168,1095.4155,11.00000000000,29,069
29,047,00758478,29047,Clay,Clay County,06,H1,G4020,312,28140,,A,1028998027.00000000000,29455718.00000000000,+39.3155512,-094.4215023,29047,15479.9816,15436.9236,15312.3837,15436.6028,15564.0033,16577.0779,16504.1312,16201.2139,16503.9880,16801.1766,17071.0192,16964.7899,16406.4794,16967.0300,17519.1182,19770.3430,19604.7283,18661.7692,19598.8631,20549.9071,19838.9514,19644.0464,18224.8117,19625.6588,21061.1306,20625.8555,20395.8511,18561.1409,20363.4016,22218.3116,20420.5229,20178.6724,17963.1828,20137.8575,22363.5022,21724.8102,21457.0757,19121.0650,21411.5206,23736.3182,22977.7283,22693.8333,20131.7061,22641.0212,25171.2717,21184.3467,21138.5490,17817.2537,20429.2286,24849.3236,21867.9641,22084.1757,17752.0112,20851.9146,26744.1374,21996.4149,22444.4019,16999.5902,20571.3751,28039.4528,21592.1865,22288.5047,15792.3992,19616.0880,28736.4916,21498.5812,22162.3235,15540.8562,19400.4611,29007.4952,21438.7082,22066.9338,15260.5300,19014.2345,29505.9179,21036.1616,21725.4492,14554.9382,18190.4618,30066.9760,20431.7248,21227.4618,13523.1979,17073.7523,30708.5668,11.00000000000,29,047
29,091,00758500,29091,Howell,Howell County,06,H1,G4020,,48460,,A,2401562178.00000000000,2913505.00000000000,+36.7743685,-091.8873677,29091,2403.3239,2396.6709,2377.3518,2396.6196,2416.3732,2509.4845,2498.5709,2452.7809,2498.5401,2543.4462,2346.9771,2332.3909,2255.6363,2332.6967,2408.5936,2489.1620,2468.5154,2349.7840,2467.7629,2587.4431,2525.7848,2501.1192,2320.4324,2498.7838,2681.4839,2388.2419,2361.9433,2149.6872,2358.2494,2572.7273,2265.5401,2238.8844,1993.2263,2234.3962,2481.1227,2104.1947,2078.5853,1852.6143,2074.2390,2299.0416,2176.5112,2149.6168,1906.9225,2144.6136,2384.2890,1854.4953,1850.3554,1559.5019,1788.2300,2175.2986,1597.5821,1613.2325,1296.6334,1523.1718,1953.7915,1507.4435,1538.0014,1164.7537,1409.6034,1921.5636,1398.7594,1443.7281,1022.8059,1270.5713,1861.5610,1292.5074,1332.2808,934.0990,1166.2003,1743.9361,1185.4868,1220.1066,843.6466,1051.2709,1631.5663,1075.5581,1110.6988,743.9992,929.9326,1537.2876,963.6792,1001.1245,637.6789,805.1917,1448.3896,11.00000000000,29,091
29,199,00758552,29199,Scotland,Scotland County,06,H1,G4020,,,,A,1130971492.00000000000,6798720.00000000000,+40.4476855,-092.1428235,29199,233.6091,232.9611,231.0825,232.9561,234.8773,226.3141,225.2877,221.1365,225.2878,229.3648,231.3510,229.8833,222.3115,229.9169,237.4080,270.6848,268.3288,255.4223,268.2546,281.3017,283.2385,280.2781,260.0130,280.0088,300.5702,292.8757,289.4873,263.3683,289.0033,315.4521,295.3088,291.6702,259.5208,291.0479,323.3908,271.4019,267.9423,238.6568,267.3497,296.5245,315.8802,311.8567,276.5243,311.1057,346.0207,300.6965,299.8677,252.5813,289.7572,352.6748,192.2527,194.0652,155.9125,183.2094,235.1074,196.1595,200.0619,151.4367,183.3347,250.0389,191.3719,197.4501,139.8086,173.7407,254.6837,179.5986,185.0596,129.6830,161.9642,242.3204,173.5773,178.5868,123.4213,153.8501,238.8869,161.7970,167.0314,111.8286,139.8254,231.2517,146.8155,152.4780,97.0745,122.6183,220.6580,11.00000000000,29,199
29,177,00758543,29177,Ray,Ray County,06,H1,G4020,312,28140,,A,1473198814.00000000000,13288734.00000000000,+39.3084005,-093.9957462,29177,1435.3252,1431.3468,1419.8064,1431.3163,1443.1178,1342.0032,1336.0040,1311.4331,1335.9989,1360.1184,1243.8873,1235.9863,1195.2737,1236.1681,1276.4480,1236.4107,1225.8576,1166.8951,1225.5042,1285.0385,1242.0762,1229.6028,1140.7431,1228.4413,1318.4159,1338.4930,1323.2626,1204.0341,1321.0990,1441.7452,1211.4245,1196.8727,1065.2815,1194.4052,1326.6661,1055.5723,1042.2565,928.4802,1039.9803,1153.2902,1024.7445,1011.8685,897.4082,1009.4687,1122.5444,889.0073,886.8745,747.3266,857.0578,1042.7580,821.2579,829.1533,666.2887,782.8185,1004.3475,779.7150,795.3908,602.2332,728.9440,993.9001,730.5958,753.9775,534.0471,663.5078,972.3156,695.8196,717.1475,502.7258,627.7154,938.8381,660.6834,679.9139,470.0614,585.8030,909.2827,609.7487,629.6267,421.7059,527.1367,871.5064,561.0650,582.8414,371.2200,468.7615,843.2674,11.00000000000,29,177
29,019,00758464,29019,Boone,Boone County,06,H1,G4020,,17860,,A,1775212930.00000000000,14419681.00000000000,+38.9896570,-092.3107786,29019,9015.6499,8990.5913,8918.0676,8990.4035,9064.5871,10022.7688,9978.4785,9795.2340,9978.4045,10158.2097,10857.8100,10789.7288,10434.5227,10791.2134,11142.5280,13196.6190,13085.6949,12456.2908,13081.8053,13716.7338,13873.9777,13737.7526,12745.2402,13724.8966,14728.7359,12931.5230,12786.3637,11635.5556,12765.8380,13929.6463,9544.4581,9429.0426,8391.6758,9409.4278,10452.3244,15074.4017,14889.7750,13269.8885,14858.3999,16470.2131,16298.0454,16098.3008,14282.4702,16061.1767,17854.1172,15822.1403,15790.3554,13311.6876,15261.1510,18560.0207,18517.7101,18703.2245,15036.5871,17660.3650,22647.2302,18790.1158,19175.2393,14525.9180,17575.8643,23952.5873,18721.1273,19327.2395,13696.6011,17010.7732,24915.6821,19046.6216,19636.9527,13772.3424,17190.7094,25699.3336,19297.8277,19865.5046,13740.4327,17118.2372,26559.6172,19468.5414,20108.4691,13473.8502,16837.4192,27826.5178,19867.0626,20642.5576,13152.5838,16604.0410,29859.9965,11.00000000000,29,019
29,121,00758514,29121,Macon,Macon County,06,H1,G4020,,,,A,2075167141.00000000000,28864245.00000000000,+39.8297950,-092.5643400,29121,926.3198,923.7279,916.2676,923.7094,931.3454,860.2793,856.4600,840.7225,856.4548,871.8994,846.3551,841.0516,813.3643,841.1670,868.5505,887.5387,880.0659,837.7359,879.8052,922.5110,834.6153,826.2919,766.5834,825.5136,885.9502,909.1138,898.7195,817.7115,897.2405,979.2290,829.1742,819.0591,728.8688,817.3351,908.0349,808.6839,798.6521,711.6380,796.9429,883.5563,834.7133,824.3881,731.3025,822.4671,914.3968,748.8438,746.9416,629.3107,721.8010,878.3281,601.7634,607.5434,488.2032,573.5910,735.9185,583.6259,595.3452,450.7538,545.6054,743.9442,544.3495,561.7466,397.8645,494.3336,724.4469,508.9588,524.5284,367.6668,459.1047,686.7125,483.5817,497.6204,343.9930,428.7269,665.5389,447.1825,461.7194,309.2010,386.5440,639.1496,412.3892,428.3550,272.7794,344.4958,619.8087,11.00000000000,29,121
53,033,01531933,53033,King,King County,06,H1,G4020,500,42660,42644,A,5479291809.00000000000,495471264.00000000000,+47.4935537,-121.8323748,53033,148158.2324,147742.0801,146548.0288,147739.1973,148961.8203,158192.0771,157487.3516,154592.2358,157486.5728,160328.1499,171128.6299,170048.7598,164449.0752,170072.9521,175612.1953,217268.4668,215423.5361,205061.8926,215360.7700,225819.6636,242950.3257,240525.6870,223144.9565,240299.0723,257892.3701,246335.2236,243552.4912,221620.8931,243158.1582,265343.5703,235061.1963,232240.8164,206709.7769,231762.7461,257422.7051,246103.2188,243041.0928,216552.2832,242519.0664,268888.3115,269824.2959,266453.5713,236333.1025,265825.7646,295578.2803,264869.3096,264258.4229,222701.4414,255380.7139,310683.4629,290505.8213,293334.3262,235750.6074,276953.2168,355276.4180,295206.2539,301174.2021,228067.9883,276025.4883,376302.4063,294506.3340,303959.8027,215324.9775,267498.2432,391947.0996,297818.7012,306970.4980,215212.4287,268698.8594,401835.4414,299338.1084,308068.1992,213002.5791,265433.7100,411973.2324,297046.5674,306740.9814,205458.0205,256814.4238,424565.7988,293051.1543,304429.2715,193899.9336,244844.8418,440449.1934,11.00000000000,53,033
17,063,00424233,17063,Grundy,Grundy County,06,H1,G4020,176,16980,16974,A,1082725907.00000000000,32126847.00000000000,+41.2924096,-088.4010545,17063,3394.9564,3385.4650,3358.1269,3385.3969,3413.3765,3215.7153,3201.4963,3142.6996,3201.4731,3259.1677,3212.8282,3192.6885,3087.5842,3193.1272,3297.0796,3333.6757,3305.8419,3146.8359,3304.8466,3465.1847,2988.9735,2959.2710,2745.4412,2956.4879,3172.8868,3424.7305,3386.0850,3081.1991,3380.6106,3689.0105,3243.7445,3205.1588,2853.1027,3198.6373,3552.3622,3266.6675,3225.7248,2873.8587,3218.7347,3569.0896,3218.8115,3178.4963,2819.0849,3170.9853,3526.0254,2716.9249,2710.5409,2284.1714,2619.4489,3186.8399,2530.6552,2555.2640,2053.6172,2412.5569,3094.8800,2456.1034,2505.7133,1897.4402,2296.4658,3130.8148,2311.8352,2385.9869,1690.1751,2099.7542,3076.7270,2200.9985,2268.5651,1590.3864,1985.7037,2969.7175,2134.0511,2196.2158,1518.4153,1892.2447,2937.0472,1997.5586,2062.6711,1381.5088,1726.9081,2855.0857,1838.7872,1910.0983,1216.5033,1536.2095,2763.6501,11.00000000000,17,063
17,003,00424203,17003,Alexander,Alexander County,06,H1,G4020,164,16020,,A,609965908.00000000000,44268323.00000000000,+37.1836828,-089.3495061,17003,325.3948,324.5177,321.9142,324.5097,327.1650,292.3715,291.1576,285.8523,291.1500,296.3448,251.7073,250.2714,242.0644,250.2893,258.3876,230.9545,229.2175,218.1930,229.1355,240.1875,189.1648,187.4838,173.9542,187.3152,200.9352,154.7683,153.1839,139.4944,152.9673,166.7586,123.8337,122.4897,109.1504,122.2700,135.6304,116.5412,115.2090,102.7703,114.9859,127.3379,109.9110,108.6686,96.5186,108.4399,120.4176,126.5991,126.5221,106.8312,122.3296,148.5490,87.5689,88.5096,71.2180,83.5941,107.1074,81.0738,82.7912,62.7726,75.9048,103.3551,77.2139,79.7768,56.5985,70.2387,102.7685,71.3823,73.6473,51.7064,64.4937,96.3198,67.8264,69.8704,48.3790,60.2276,93.3535,65.0427,67.2309,45.1039,56.3153,92.9695,61.9228,64.3908,41.0855,51.8149,93.0724,11.00000000000,17,003
17,007,00424205,17007,Boone,Boone County,06,H1,G4020,466,40420,,A,727059777.00000000000,3380831.00000000000,+42.3189831,-088.8242951,17007,3762.7626,3752.2304,3721.9240,3752.1553,3783.1764,3626.3776,3610.2420,3543.8848,3610.2229,3675.3503,3053.5083,3034.3715,2934.4799,3034.7879,3133.5840,2871.3131,2847.2033,2710.2567,2846.3553,2984.4954,2943.9842,2914.6252,2704.0122,2911.8800,3125.0610,3630.6180,3590.2100,3267.3023,3584.5131,3910.9491,3344.5268,3305.2784,2942.7032,3298.6758,3662.7948,3039.4585,3002.7714,2676.6335,2996.5557,3320.9280,2626.4050,2594.2386,2301.6405,2588.2606,2877.1663,2010.2878,2006.2654,1691.3501,1939.0308,2358.1541,2002.9657,2023.2406,1626.7963,1910.4927,2449.6687,1852.0813,1890.2980,1432.2218,1732.7190,2360.9606,1673.7296,1728.2108,1225.0219,1521.1856,2227.5689,1579.2422,1628.4974,1142.4599,1425.7522,2130.8764,1482.6783,1526.6099,1056.2498,1315.6186,2040.6368,1281.1021,1323.5439,887.2172,1108.3810,1831.1112,1068.1283,1110.1612,707.7378,893.1126,1605.4071,11.00000000000,17,007
17,017,00424210,17017,Cass,Cass County,06,H1,G4020,,,,A,973365036.00000000000,20581547.00000000000,+39.9692024,-090.2457045,17017,754.7253,752.6242,746.5513,752.6086,758.8215,755.7298,752.3430,738.5019,752.3407,765.9287,639.6893,635.6969,614.7735,635.7822,656.4740,696.8708,690.9597,657.7253,690.7580,724.3022,602.2376,596.2688,553.1852,595.7086,639.3040,600.9580,594.5826,541.3050,593.6992,647.4509,496.0026,490.3539,436.7173,489.4136,543.2224,483.8559,478.1340,426.3211,477.1687,528.6703,519.8473,513.6062,455.8066,512.4489,569.4960,410.1863,409.4360,345.2359,395.7339,481.1833,299.3472,302.5135,243.3665,285.6976,366.1300,284.6076,290.6003,220.2982,266.4163,362.8211,263.6303,272.3140,193.1292,239.7313,350.8749,238.2206,245.7408,172.4901,215.1823,321.4399,215.2477,221.7070,153.4837,191.0983,296.2558,182.1639,188.2503,126.2473,157.6687,260.3750,158.5505,164.8130,105.0963,132.6001,238.3044,11.00000000000,17,017
17,025,00424214,17025,Clay,Clay County,06,H1,G4020,,,,A,1212932408.00000000000,3304659.00000000000,+38.7473124,-088.4837894,17025,823.6437,821.3244,814.6835,821.3087,828.1102,794.2487,790.7094,776.1731,790.7055,804.9732,769.5757,764.7149,739.5318,764.8241,789.7360,828.0171,821.0403,781.5494,820.7975,860.6407,781.8351,774.0851,718.1533,773.3579,829.9546,828.4362,819.2527,745.5917,817.9598,892.4130,698.2204,690.0593,614.3917,688.6883,764.6674,684.8265,676.3612,602.7009,674.9199,748.2333,676.9683,668.6252,593.1590,667.0736,741.5969,616.9600,615.5944,518.8417,594.9291,723.6888,488.9630,493.8085,396.9505,466.2582,597.9950,467.5803,477.1144,361.3818,437.3021,596.0392,436.2242,450.2970,319.0607,396.3078,580.5601,404.1008,416.5822,292.1247,364.6699,545.2436,377.1910,388.2487,268.5009,334.5410,519.1253,339.6474,350.7793,235.0071,293.7045,485.4581,306.3752,318.3093,202.7848,256.0246,460.4773,11.00000000000,17,025
17,073,00424238,17073,Henry,Henry County,06,H1,G4020,,19340,,A,2131522072.00000000000,6884367.00000000000,+41.3500209,-090.1308378,17073,2981.5810,2973.2594,2949.2573,2973.1989,2997.7603,3005.9880,2992.6228,2937.6229,2992.6063,3046.5854,3007.0468,2988.1125,2889.7237,2988.5328,3085.8544,3143.6401,3116.9019,2966.9822,3115.9969,3267.3388,2923.6950,2894.7707,2685.6128,2892.0532,3103.6769,3351.1680,3313.6240,3015.4354,3308.3187,3609.8502,2811.3343,2778.0587,2473.0636,2772.4442,3078.8307,2832.1652,2796.9861,2492.2053,2790.9909,3094.3804,2815.8152,2780.4419,2465.9326,2773.8497,3084.5531,2448.7534,2443.3524,2059.3496,2361.3349,2872.3715,2164.5766,2185.7045,1756.6842,2063.6611,2647.1949,2074.7887,2116.7720,1602.9912,1940.0302,2644.7589,1949.4548,2012.0561,1425.3647,1770.7089,2594.4563,1834.7419,1891.1323,1325.8546,1655.3587,2475.5483,1731.4447,1781.9394,1232.0551,1535.3306,2382.9537,1568.9829,1620.1713,1085.1873,1356.4577,2242.5310,1422.5054,1477.7099,941.1667,1188.4740,2137.9915,11.00000000000,17,073
17,057,00424230,17057,Fulton,Fulton County,06,H1,G4020,426,15900,,A,2241880276.00000000000,43974299.00000000000,+40.4656878,-090.2067925,17057,2082.6440,2076.7989,2060.0168,2076.7581,2093.9406,1991.5822,1982.6696,1946.2005,1982.6627,2018.4631,1952.8848,1940.7439,1876.8768,1940.9989,2004.1528,1879.7553,1863.9447,1774.2915,1863.3914,1953.8351,1757.7874,1740.6073,1614.8605,1738.9814,1866.1346,1772.8197,1752.7724,1594.9242,1749.9305,1909.6126,1861.9269,1838.8682,1636.0743,1834.9186,2038.9703,1826.2265,1802.3836,1604.8235,1798.2806,1995.2397,1748.6214,1725.5923,1529.3121,1721.2788,1915.3786,1575.3068,1570.6157,1322.6098,1517.5658,1847.5293,1371.3932,1383.4332,1110.6104,1305.7702,1676.9429,1282.5645,1307.1852,988.5832,1197.5846,1634.7397,1169.5452,1205.8214,852.9333,1060.7034,1556.3907,1078.7069,1110.6461,777.4176,971.6963,1455.3501,992.5362,1020.3393,704.2648,878.6656,1365.9165,901.2694,929.6314,621.5189,777.8823,1288.1020,807.1860,837.5941,532.4200,673.2615,1213.1245,11.00000000000,17,057
17,075,00424239,17075,Iroquois,Iroquois County,06,H1,G4020,,,,A,2893835594.00000000000,4172263.00000000000,+40.7488665,-087.8336010,17075,1601.4268,1596.9928,1584.1194,1596.9587,1610.1219,1503.7762,1497.0698,1469.5451,1497.0630,1524.0797,1491.6855,1482.3185,1433.5164,1482.5241,1530.7934,1595.4650,1582.1761,1506.0760,1581.6976,1658.4245,1562.4200,1547.1684,1435.3979,1545.7240,1658.7377,1764.8540,1745.3156,1588.4062,1742.5661,1901.1540,1471.4014,1454.1618,1294.6708,1451.2632,1611.4244,1355.4129,1339.0075,1193.5296,1336.2263,1480.9284,1323.9848,1307.9604,1160.6343,1304.9863,1450.4181,1215.1911,1212.8294,1022.5234,1172.2036,1425.4884,1094.9349,1105.9609,889.1987,1044.3119,1339.1188,1076.5216,1098.6375,832.3076,1007.0195,1372.2957,1032.1098,1065.5700,755.1806,937.8729,1373.6242,984.8274,1015.3883,712.1790,888.9126,1328.8167,942.1081,969.8507,670.8502,835.7385,1296.6265,876.2108,905.0310,606.4449,757.8174,1252.3754,818.4073,850.3679,541.8360,684.0078,1230.0589,11.00000000000,17,075
09,007,00212797,09007,Middlesex,Middlesex County,06,H4,G4020,278,25540,,N,956486234.00000000000,180684001.00000000000,+41.4345251,-072.5242267,09007,12270.8386,12236.7604,12138.0662,12236.5039,12337.4495,10016.4066,9972.4037,9789.4086,9972.3117,10151.8357,8576.0471,8522.5318,8242.0222,8523.6744,8801.0772,9948.6920,9865.3578,9390.8486,9862.4061,10340.9821,9976.7066,9878.1161,9164.3950,9868.8471,10590.9424,9833.6475,9723.4957,8848.5028,9707.9313,10592.7282,9801.5674,9685.5729,8622.2396,9666.0031,10734.1809,10010.3550,9887.1605,8810.9270,9866.2045,10937.2274,9049.4436,8938.0349,7929.3430,8917.3182,9913.3869,7786.8847,7770.3621,6549.7786,7509.7055,9134.1224,7714.5818,7791.1848,6263.1297,7356.5506,9434.8520,7429.9601,7581.5767,5742.6470,6948.9812,9471.2163,7099.8885,7329.1122,5193.2658,6450.4416,9449.0841,6830.1095,7041.2023,4937.7204,6163.8177,9215.7147,6566.1285,6758.7191,4674.2278,5823.8042,9036.9231,6245.7214,6450.5098,4321.6606,5400.9922,8927.0164,5841.5336,6069.1285,3866.5107,4881.5823,8779.7402,11.00000000000,09,007
17,001,00424202,17001,Adams,Adams County,06,H1,G4020,,39500,,A,2214963578.00000000000,41793038.00000000000,+39.9860525,-091.1949607,17001,3891.4316,3880.6014,3849.2907,3880.5209,3912.5525,3692.0448,3675.6446,3608.1000,3675.6232,3741.9122,3637.6602,3614.7279,3495.7004,3615.2394,3732.9792,4283.6548,4247.6903,4043.3822,4246.4250,4452.5121,4264.8892,4222.7508,3917.6462,4218.7888,4527.4707,4067.4709,4022.1344,3660.3364,4015.7393,4381.5134,3498.7297,3457.2056,3077.5491,3450.1929,3831.6181,3659.2985,3614.2138,3220.7500,3606.5428,3998.1149,3900.3056,3852.2013,3417.3761,3843.2544,4272.6543,3607.0515,3598.9624,3033.2137,3478.1179,4231.0151,2861.4944,2889.8453,2323.0116,2728.6148,3499.5672,2793.6589,2850.6149,2159.1401,2612.7461,3561.1632,2675.9202,2762.2706,1957.2477,2431.0921,3561.3190,2491.3694,2568.3292,1801.0291,2248.2814,3361.5457,2319.7097,2387.7152,1651.2720,2057.4155,3192.5998,2136.8569,2206.8938,1478.5265,1847.8139,3054.2099,1970.7395,2047.5031,1304.3980,1646.8602,2961.9915,11.00000000000,17,001
17,097,01784796,17097,Lake,Lake County,06,H1,G4020,176,16980,29404,A,1149099822.00000000000,2395243697.00000000000,+42.3264435,-087.4361178,17097,48640.2786,48504.6552,48113.1627,48503.6614,48904.2382,45086.3585,44886.6359,44062.0803,44886.3362,45695.4857,41835.3174,41572.8629,40204.2205,41578.5981,42932.2643,42801.8837,42440.2533,40398.9281,42427.7650,44487.6343,38060.8464,37684.8682,34962.0472,37649.5132,40404.2322,41383.7054,40929.7402,37252.6968,40866.0637,44580.9957,42412.3425,41915.7725,37318.8055,41832.3020,46448.4695,43945.0519,43404.5850,38680.2801,43312.6619,48014.0052,42262.7990,41740.9900,37028.8112,41643.9269,46297.4136,35260.0049,35182.8079,29653.9473,34001.9601,41359.8917,33683.9254,34016.7795,27343.6683,32118.6409,41194.8218,32257.2277,32914.0149,24929.1947,30167.2202,41119.1802,30177.0381,31150.0505,22071.0439,27415.0665,40161.8367,28865.1452,29756.1765,20865.7357,26047.9128,38947.0031,27938.5561,28757.1048,19887.0099,24778.8428,38451.5936,25958.2715,26808.7036,17960.3073,22446.5537,37102.1357,23653.9225,24575.1624,15655.9022,19766.3928,35551.4802,11.00000000000,17,097
06,101,00277315,06101,Sutter,Sutter County,06,H1,G4020,472,49700,,A,1560235601.00000000000,15747004.00000000000,+39.0352571,-121.7027576,06101,5629.8595,5614.2047,5568.9134,5614.0877,5660.4177,5455.6550,5431.4918,5331.7191,5431.4554,5529.3633,5503.0776,5468.4966,5288.4522,5469.2575,5647.3395,6011.6539,5961.2791,5674.5500,5959.4967,6248.6892,6122.1721,6061.7805,5623.8099,6056.0967,6499.1672,6444.7770,6373.3022,5800.2419,6363.2379,6942.4719,5769.3531,5702.2903,5077.3443,5691.0459,6318.4433,5812.9697,5742.3092,5118.1276,5730.3198,6351.2516,5989.2601,5916.2834,5249.3850,5902.7290,6561.1423,5255.1492,5244.4045,4420.9921,5068.5907,6164.4605,4301.5939,4345.2317,3493.8945,4103.1170,5260.9541,4320.5045,4409.6166,3340.9947,4042.0090,5507.6047,4191.1560,4327.4221,3067.2822,3808.9734,5578.0005,3996.2838,4120.7529,2890.7066,3607.6578,5392.1827,3826.7386,3939.9339,2725.8085,3395.3220,5266.7939,3548.7990,3666.0814,2457.1861,3069.9828,5072.3668,3260.1130,3387.9897,2159.3983,2725.4250,4899.9555,11.00000000000,06,101
06,065,00277297,06065,Riverside,Riverside County,06,H1,G4020,348,40140,,A,18664696661.00000000000,251073334.00000000000,+33.7298275,-116.0022389,06065,150958.7954,150536.5420,149320.8291,150533.5171,151777.8306,155336.2803,154650.6860,151811.1284,154649.4771,157435.6245,160839.2979,159833.9272,154572.7822,159855.5537,165058.6563,190325.3936,188722.4834,179645.1768,188666.6025,197824.6377,207406.2095,205353.9614,190516.3438,205161.1694,220173.8428,220133.9795,217669.2617,198082.4648,217321.0527,237126.9297,200954.5508,198571.3789,176766.6851,198169.0117,220074.6831,201659.1978,199174.8843,177491.8232,198752.2061,220330.9521,212810.8892,210177.8306,186445.0020,209687.9360,233126.1860,197045.8945,196617.1230,165721.9238,190018.7329,231134.9429,204552.0605,206569.8672,166043.4878,195042.1704,250162.8369,206063.7871,210255.8950,159245.0469,192708.0474,262674.7881,202696.7505,209228.8418,148243.3389,184140.3408,269763.5449,201851.7339,208079.2056,145906.5415,182146.6680,272353.0664,199657.2803,205503.7480,142113.0459,177073.0474,274786.3369,193156.7944,199482.2280,133638.8208,167022.5796,276078.6523,186438.2070,193696.0166,123392.5657,155792.9448,280213.5464,11.00000000000,06,065
06,105,00277317,06105,Trinity,Trinity County,06,H1,G4020,,,,A,8234229734.00000000000,73407861.00000000000,+40.6477241,-123.1144043,06105,670.2634,668.3513,662.9344,668.3396,673.8946,631.0267,628.1828,616.6175,628.1820,639.5381,628.2696,624.2977,603.7380,624.3874,644.7261,721.5804,715.3981,680.9881,715.1934,749.9451,566.8833,561.3407,520.7876,560.8163,601.8237,604.8260,598.2210,544.4971,597.2960,651.5633,518.1924,512.2144,456.1185,511.2148,567.5159,462.1694,456.3697,406.5812,455.3793,504.9558,454.0076,448.3736,397.7270,447.3250,497.3459,422.8273,421.8756,355.5545,407.7092,495.9690,345.9562,349.3536,280.8003,329.8531,423.0947,327.7570,334.4020,253.2490,306.4851,417.7975,301.4946,311.1834,220.4531,273.8594,401.2485,273.5399,281.9440,197.6651,246.7919,369.0768,249.6956,256.9711,177.6662,221.4054,343.6507,219.0030,226.1380,151.4558,189.3256,313.0180,190.1824,197.5517,125.8096,158.8797,285.8389,11.00000000000,06,105
06,013,01675903,06013,Contra Costa,Contra Costa County,06,H1,G4020,488,41860,36084,A,1854268836.00000000000,227485306.00000000000,+37.9194790,-121.9515431,06013,82439.8118,82210.1909,81546.7800,82208.4944,82887.2278,84208.0103,83835.2520,82295.3625,83834.6746,85345.7546,87320.5105,86773.6621,83917.1575,86785.5205,89610.6450,102300.5215,101439.4155,96560.3130,101409.3496,106331.6865,106036.5430,104987.2109,97401.4707,104888.6406,112563.9277,115422.0029,114131.9502,103863.3184,113949.8027,124332.5073,110099.3218,108796.2778,96851.9556,108576.4277,120575.1997,111951.4570,110574.4316,98538.9534,110340.2178,122317.2393,117850.9795,116397.9419,103259.7622,116127.6997,129101.8604,111094.8066,110857.3350,93441.9878,107138.1602,130315.3091,114954.4185,116092.8823,93321.1924,109615.6675,140587.5537,115217.8677,117566.3691,89047.7361,107755.8994,146871.7129,113052.0015,116699.6782,82688.8364,102707.9680,150458.2012,112238.6963,115705.7979,81138.1394,101287.3142,151441.0200,111293.0527,114556.1497,79223.9897,98709.4089,153171.8623,107859.1296,111395.1116,74630.9839,93270.5557,154163.1284,103723.6160,107764.9060,68654.7671,86678.5781,155895.0952,11.00000000000,06,013
47,051,01639744,47051,Franklin,Franklin County,06,H1,G4020,,46100,,A,1436257485.00000000000,54890094.00000000000,+35.1559259,-086.0992032,47051,2343.2967,2336.7660,2317.9070,2336.7180,2356.0137,2590.1039,2578.7119,2531.3850,2578.6890,2625.1201,2321.8048,2307.3981,2231.4712,2307.6981,2382.7734,2318.5024,2299.0262,2188.4462,2298.3421,2409.8885,2415.3448,2391.7466,2218.9602,2389.5128,2564.2286,2058.3889,2036.0017,1853.2144,2032.8711,2217.4753,2614.1489,2583.3717,2299.8974,2578.1883,2862.9021,3079.7334,3042.3899,2711.7787,3036.0569,3364.9227,2821.3115,2787.1373,2473.1717,2780.7941,3090.7280,2585.6080,2580.7992,2176.0508,2494.4091,3033.1179,2735.1124,2763.0004,2221.7950,2609.0908,3345.1321,2703.0082,2758.9120,2090.4722,2528.9678,3445.7044,2641.5150,2727.5401,1933.4266,2400.8192,3515.5993,2674.2140,2757.5897,1934.5343,2414.2621,3608.3224,2685.3259,2764.7948,1912.8377,2382.6357,3695.8547,2690.0107,2778.8759,1862.4986,2327.0206,3844.8817,2623.7419,2726.5725,1737.7347,2193.3206,3943.4836,11.00000000000,47,051
18,083,00450366,18083,Knox,Knox County,06,H1,G4020,,47180,,A,1336514262.00000000000,20755159.00000000000,+38.6886629,-087.4201823,18083,2024.6479,2018.9043,2002.5579,2018.8673,2035.6213,1974.5288,1965.7076,1929.5585,1965.6997,2001.1838,1980.9052,1968.4209,1903.6046,1968.6991,2032.8137,2310.9786,2291.3934,2181.1799,2290.7232,2401.9582,2139.8216,2118.5650,1965.4832,2116.5728,2271.4910,1748.4120,1729.0701,1573.6305,1726.3490,1883.4464,1449.3537,1432.6678,1275.7976,1429.8796,1587.3125,1899.6694,1876.0414,1671.5821,1872.0137,2075.5479,2048.7961,2023.1873,1794.4670,2018.4173,2244.3463,2034.8548,2030.0147,1710.6362,1961.7771,2386.7858,1689.1494,1705.5484,1370.6916,1610.2882,2065.7511,1653.2870,1686.6575,1277.1905,1545.7998,2107.4554,1588.7099,1639.6501,1161.4707,1442.9445,2114.3477,1489.1038,1534.8007,1075.9619,1343.4242,2009.1856,1407.7733,1448.7651,1001.6269,1248.2396,1937.4859,1357.6845,1401.9309,938.9573,1173.7200,1940.5210,1333.1507,1384.8557,881.9907,1113.7810,2003.6914,11.00000000000,18,083
19,127,00465252,19127,Marshall,Marshall County,06,H1,G4020,,32260,,A,1482770678.00000000000,1803086.00000000000,+42.0416910,-092.9814523,19127,2314.9147,2308.3545,2289.6682,2308.3120,2327.4622,2243.3651,2233.2887,2192.1901,2233.2834,2273.6338,2244.3097,2229.9798,2156.5090,2230.3165,2303.0164,2569.0394,2546.8296,2424.3287,2546.1144,2669.8989,2567.4184,2541.4469,2357.7677,2539.0389,2725.0911,2797.2619,2765.2500,2515.9794,2760.6937,3012.9914,2626.4447,2594.4092,2308.7311,2588.9492,2876.2398,2735.4869,2701.1677,2406.4870,2695.3073,2988.7313,2987.2437,2949.2824,2615.2289,2942.1989,3272.2898,2866.8962,2859.6740,2409.3808,2763.4392,3362.6323,2802.7083,2829.4208,2273.4380,2671.2350,3427.5010,2894.1753,2952.1241,2234.9767,2705.4234,3689.1668,2924.5347,3017.8757,2137.3251,2655.6658,3892.1029,2986.0124,3077.2684,2156.9116,2693.4097,4028.8679,3050.4143,3138.9103,2169.7896,2704.3163,4198.1887,3064.2330,3163.8149,2118.6886,2648.6821,4379.6491,3055.7188,3173.9917,2021.1848,2552.6057,4592.6527,11.00000000000,19,127
47,021,01639731,47021,Cheatham,Cheatham County,06,H1,G4020,400,34980,,A,783308267.00000000000,11964151.00000000000,+36.2551800,-087.1008163,47021,2887.1241,2879.0534,2855.8051,2878.9954,2902.7890,2768.8649,2756.5483,2705.8841,2756.5335,2806.2582,2306.2983,2291.7913,2216.3334,2292.1119,2366.7494,2591.6209,2569.8107,2446.2062,2569.0486,2693.7469,2735.2803,2707.9286,2512.2452,2705.3753,2903.4714,3131.9177,3096.7480,2818.0236,3091.7742,3373.6519,2819.5336,2785.8944,2479.8014,2780.2033,3087.7795,2560.1134,2528.8731,2253.8672,2523.5681,2797.1733,2609.3451,2577.2838,2286.4915,2571.3232,2858.4649,2261.4880,2256.4140,1901.7085,2180.6484,2652.6896,2218.8812,2240.8364,1801.2763,2115.8065,2713.6556,2136.0435,2179.5699,1650.8484,1997.6886,2722.8780,2043.9004,2109.8393,1494.9412,1856.8769,2720.1773,1975.8300,2036.8600,1428.3342,1783.0386,2665.9403,1904.9272,1960.7794,1356.0231,1689.5416,2621.7381,1762.5377,1820.3259,1219.5640,1524.1521,2519.1969,1631.0143,1694.5719,1079.5877,1362.9997,2451.3915,11.00000000000,47,021
18,175,00451665,18175,Washington,Washington County,06,H1,G4020,350,31140,,A,1330542331.00000000000,7444213.00000000000,+38.6006125,-086.1047514,18175,1848.9302,1843.7694,1828.8851,1843.7319,1858.9631,1764.9294,1757.0903,1724.8019,1757.0800,1788.7680,1633.3596,1623.1584,1569.7319,1623.3770,1676.2130,1532.1185,1519.2109,1446.1389,1518.7613,1592.4847,1594.7154,1578.9733,1464.8897,1577.4924,1692.9084,1713.7762,1694.4970,1541.9610,1691.7688,1846.0424,1543.9073,1525.5493,1357.9890,1522.4471,1690.7991,1393.0295,1375.6923,1225.7524,1372.7365,1522.0007,1214.6062,1199.4880,1063.9518,1196.6733,1330.5437,1107.2094,1104.7486,931.1060,1067.6598,1298.7447,1023.5720,1033.5840,830.7275,975.8783,1251.7930,946.8085,965.9857,731.5409,885.3361,1206.9109,864.2219,891.9910,631.9142,785.0025,1150.1620,809.3836,834.2771,584.9213,730.2719,1092.0725,750.0236,771.9120,533.7256,665.0906,1032.2442,675.8941,697.9577,467.5045,584.3572,966.0493,602.9212,626.3304,398.9282,503.7419,906.1769,11.00000000000,18,175
18,081,00450365,18081,Johnson,Johnson County,06,H1,G4020,294,26900,,A,829903198.00000000000,3528917.00000000000,+39.4959859,-086.0946003,18081,9758.1780,9730.8879,9652.3056,9730.6924,9811.1222,10488.8779,10442.3876,10250.5498,10442.3201,10630.5770,10753.7835,10686.3263,10334.5172,10687.7995,11035.7585,12400.2098,12296.0349,11704.6126,12292.3762,12888.9708,12847.7832,12721.5397,11802.4376,12709.6308,13639.2568,13945.0360,13790.2594,12550.2197,13768.4592,15021.9000,14000.9979,13835.1036,12316.0320,13807.1030,15333.1622,14315.5297,14138.5988,12598.8356,14108.4765,15640.9810,14897.5854,14713.4850,13052.2980,14679.2367,16319.7624,14400.9468,14369.7708,12111.9468,13887.5705,16892.3576,14490.8620,14634.1402,11763.4226,13817.5797,17722.0716,14603.1470,14900.5626,11285.8217,13657.0841,18615.0452,14468.3262,14934.9033,10582.0392,13144.1895,19255.5259,14452.2200,14898.4055,10447.1803,13041.7669,19500.0167,14396.3817,14818.2368,10247.6392,12768.3058,19813.6214,14029.3251,14489.0196,9706.8994,12131.4842,20052.1074,13550.0982,14077.8251,8968.4428,11323.1305,20365.5889,11.00000000000,18,081
47,029,01639734,47029,Cocke,Cocke County,06,H1,G4020,314,35460,,A,1125518964.00000000000,22196995.00000000000,+35.9161984,-083.1192234,47029,2341.7771,2335.2991,2316.4771,2335.2489,2354.4928,2310.9253,2300.7404,2258.5043,2300.7216,2342.1612,1966.9588,1954.9751,1890.6949,1955.2036,2018.7337,1856.9821,1841.9204,1753.3281,1841.3357,1930.5203,1905.7750,1887.7651,1751.4415,1886.0258,2023.6504,2013.5409,1991.8590,1813.1735,1988.8379,2169.2244,1797.2641,1776.6732,1582.2256,1773.2386,1968.3508,1683.9780,1663.7150,1483.0780,1660.2840,1839.9267,1679.4894,1659.2339,1472.4146,1655.4760,1839.8801,1478.4770,1476.1110,1244.9786,1426.8028,1734.4609,1428.9534,1443.7270,1161.1285,1363.3688,1747.6900,1359.5751,1387.9089,1051.8545,1272.3058,1733.1667,1264.8929,1306.3187,926.2220,1149.9271,1683.4698,1214.8374,1252.9503,879.2265,1097.0486,1639.2038,1165.9921,1200.7307,830.9779,1034.8564,1604.7912,1090.7621,1127.0205,755.6154,943.8565,1559.0620,1023.8322,1064.1585,678.4523,856.1193,1538.8319,11.00000000000,47,029
47,007,01639725,47007,Bledsoe,Bledsoe County,06,H1,G4020,,,,A,1052635810.00000000000,838365.00000000000,+35.5936682,-085.2059790,47007,1234.2762,1230.5930,1220.5345,1230.5787,1240.9399,1405.5168,1398.7251,1372.7300,1398.7550,1424.3440,1652.3756,1640.9205,1586.6527,1641.2730,1695.0903,2024.5188,2005.0297,1908.5831,2004.6018,2102.7317,2308.6420,2282.3749,2117.1629,2280.0993,2448.5024,2550.2216,2517.3613,2288.0907,2512.5086,2745.8294,2306.3235,2274.6418,2021.0068,2269.0425,2525.2642,2268.4284,2235.2395,1986.6590,2229.4119,2478.1584,2222.6390,2189.2787,1936.0581,2182.9510,2434.1046,2085.7963,2075.0013,1742.9603,2003.6775,2445.1223,2085.7789,2099.7225,1681.4970,1980.4969,2549.7854,2004.4480,2038.5393,1537.3206,1866.1155,2554.3122,1886.4620,1940.6738,1368.4072,1705.5065,2510.0589,1809.8898,1859.3365,1297.2247,1625.0747,2441.4638,1720.6942,1764.9328,1214.0012,1518.2576,2367.6812,1598.9228,1645.5659,1096.1223,1375.4190,2284.9367,1468.9552,1521.0160,963.0789,1221.2096,2207.4985,11.00000000000,47,007
47,155,01639789,47155,Sevier,Sevier County,06,H1,G4020,314,42940,,A,1534567408.00000000000,13514945.00000000000,+35.7912836,-083.5219545,47155,6855.1455,6836.1278,6781.0022,6835.9835,6892.3608,7248.6517,7216.6775,7084.1815,7216.6201,7346.6214,6677.8790,6636.3864,6417.9971,6637.2556,6853.2022,7339.6908,7278.6752,6928.5829,7276.4659,7629.4012,7965.1992,7887.2637,7317.4557,7879.8930,8456.1048,8652.6710,8557.4414,7788.4593,8544.0684,9321.0821,8083.9423,7990.1655,7114.6484,7974.4533,8853.3425,7998.7523,7902.7828,7045.0203,7886.5430,8739.5115,8603.4317,8499.7143,7542.7454,8480.4733,9425.0623,8237.1692,8222.1839,6933.0134,7947.0433,9662.9173,8386.9651,8473.3302,6814.4134,8001.5960,10257.6718,8326.0217,8499.0709,6440.7272,7790.9980,10613.8364,8204.8140,8472.8308,6006.8130,7458.2095,10919.8807,8197.8544,8454.2775,5931.7909,7402.0268,11061.4559,8155.8507,8398.0450,5811.1121,7237.5778,11225.0876,7922.0088,8184.5732,5486.5281,6854.0894,11323.1329,7647.8522,7948.3876,5066.6845,6394.2120,11494.7693,11.00000000000,47,155
47,045,01639741,47045,Dyer,Dyer County,06,H1,G4020,,20540,,A,1326920403.00000000000,36780572.00000000000,+36.0541962,-089.3983056,47045,2341.5619,2335.0638,2316.2329,2335.0145,2354.2735,2234.9663,2225.0940,2184.2346,2225.0772,2265.1693,1992.5565,1980.1757,1915.0123,1980.4350,2044.8697,2038.8784,2022.0955,1924.8365,2021.4704,2119.4628,2159.5446,2138.6792,1984.1957,2136.6909,2292.8146,2405.2707,2378.6531,2164.8115,2374.9080,2591.0334,2050.7983,2026.7982,1804.5259,2022.7645,2245.9616,2048.7738,2023.5238,1803.2237,2019.2274,2238.4705,2095.1773,2069.2039,1835.5021,2064.3703,2295.1805,1977.7663,1973.4638,1663.3669,1907.2354,2319.9213,1802.3461,1820.0896,1462.9773,1718.5079,2204.2254,1746.4632,1781.9617,1349.6035,1633.2295,2226.2576,1683.2754,1737.4937,1231.0264,1529.1419,2240.2227,1628.4728,1678.6928,1177.0889,1469.4718,2197.2523,1566.5133,1612.3688,1114.9926,1389.2969,2155.9755,1478.7575,1527.1737,1023.0865,1278.6688,2113.5847,1405.6811,1460.3975,930.3293,1174.6200,2112.7153,11.00000000000,47,045
47,061,01639748,47061,Grundy,Grundy County,06,H1,G4020,,,,A,933778866.00000000000,1522451.00000000000,+35.3872730,-085.7221882,47061,792.6859,790.4532,784.0615,790.4380,796.9845,825.4891,821.8397,806.7466,821.8337,836.6437,732.7879,728.2051,704.2347,728.3038,752.0101,683.4237,677.6706,645.0755,677.4698,710.3538,699.2958,692.5153,642.4906,691.8705,742.4350,726.4092,718.2616,653.6203,717.1099,782.4792,686.6494,678.3932,603.7995,676.9927,751.9688,666.3197,657.8793,586.0280,656.4353,728.0012,595.9202,588.3396,521.6927,586.9249,652.7826,533.2114,531.7986,447.9934,513.8836,625.3960,468.7465,473.2619,380.3111,446.8179,573.2494,429.7195,438.3577,331.9030,401.7370,547.7619,388.7652,401.1957,284.1581,353.0520,517.3883,364.2924,375.4399,263.1671,328.6132,491.5217,334.6337,344.3487,238.0404,296.6752,460.5464,302.5089,312.3410,209.1642,261.4860,432.3703,269.7768,280.2150,178.4357,225.3546,405.4661,11.00000000000,47,061
18,075,00450362,18075,Jay,Jay County,06,H1,G4020,,,,A,994310208.00000000000,458542.00000000000,+40.4349719,-085.0033804,18075,1361.2142,1357.4031,1346.4391,1357.3760,1368.5989,1310.8161,1305.0806,1281.1444,1305.0669,1328.5458,1117.8968,1110.8194,1074.2350,1110.9801,1147.1726,1231.1125,1220.8051,1162.0862,1220.4395,1279.6599,1246.8207,1234.4253,1145.2281,1233.2640,1323.5347,1458.8417,1442.7870,1313.1371,1440.5325,1571.5363,1354.0172,1338.4586,1191.9303,1335.8606,1482.9047,1290.6734,1275.1363,1136.6823,1272.5053,1410.1988,1262.9333,1247.6742,1107.1657,1244.8427,1383.5398,1283.6108,1281.1504,1080.1567,1238.2452,1505.7569,961.9007,971.7010,781.3610,917.5712,1176.4349,924.7992,943.9198,715.2172,865.2458,1178.9023,912.7676,942.4999,668.1011,829.6042,1214.8054,872.2302,899.4374,630.9965,787.4601,1176.9031,840.5041,865.3933,598.7434,745.7821,1156.7997,768.7013,794.1106,532.2570,664.9916,1098.7200,690.5888,717.6626,457.3993,577.3085,1037.9553,11.00000000000,18,075
47,023,01639732,47023,Chester,Chester County,06,H1,G4020,297,27180,,A,740052043.00000000000,575590.00000000000,+35.4166392,-088.6055046,47023,993.2459,990.4841,982.4938,990.4635,998.6371,1086.0518,1081.2633,1061.4128,1081.2546,1100.7311,963.4572,957.5431,926.0487,957.6601,988.7927,962.0775,953.9630,908.0785,953.6813,999.9779,994.2827,984.7724,913.6477,983.8606,1055.7055,423.1765,418.5388,380.9410,417.8885,455.8723,600.6065,593.6725,528.6509,592.5127,657.7739,966.8076,955.3258,851.7534,953.3871,1056.3499,970.7634,959.1585,851.2689,957.0077,1063.4835,945.6235,943.9400,795.9732,912.3626,1109.3077,900.4870,909.8065,731.7280,859.1694,1101.3475,870.1387,888.2824,673.2123,814.2980,1109.2416,831.5047,858.7366,608.8716,755.9291,1106.6653,822.5553,848.3562,595.3076,742.7952,1109.8895,795.2846,818.9808,566.7864,705.8440,1094.5750,827.0569,854.5191,572.8825,715.6296,1182.1374,824.8630,857.3122,546.5318,689.6937,1239.7765,11.00000000000,47,023
18,039,00450348,18039,Elkhart,Elkhart County,06,H1,G4020,515,21140,,A,1199605640.00000000000,12432308.00000000000,+41.6006928,-085.8639864,18039,12297.7836,12263.4243,12164.4069,12263.1764,12364.5115,12313.6083,12259.0542,12033.8550,12258.9732,12479.9657,11986.9391,11911.6879,11519.5258,11913.3373,12301.2150,13052.9154,12942.9372,12320.3991,12939.1082,13567.1991,13211.2909,13081.2932,12136.1827,13069.0403,14025.0375,14093.4677,13935.6212,12681.6039,13913.3189,15181.3796,14195.1801,14026.4483,12485.8888,13997.9378,15545.7582,14786.5813,14604.5549,13014.7730,14573.5898,16155.6879,16102.9771,15903.5426,14107.5471,15866.4328,17640.1723,14836.3165,14804.4761,12478.6156,14307.7627,17403.1153,12721.8808,12847.6218,10327.3148,12130.7321,15558.6307,12838.2541,13099.6776,9921.7676,12006.4700,16365.2809,12726.6833,13137.0489,9308.1325,11561.8823,16937.6143,12508.3654,12894.5047,9041.9544,11287.5789,16877.2197,12316.3942,12677.2756,8767.0199,10923.5125,16950.9496,11929.7471,12320.6273,8254.1680,10315.9079,17051.1811,11356.9041,11799.2057,7516.8133,9490.3798,17069.2506,11.00000000000,18,039
47,173,01648583,47173,Union,Union County,06,H1,G4020,314,28940,,A,578990181.00000000000,61092965.00000000000,+36.2841401,-083.8360878,47173,1242.4155,1238.9457,1228.9429,1238.9205,1249.1570,1124.4104,1119.3643,1098.7672,1119.3614,1139.5828,1080.7052,1073.8603,1038.4925,1074.0160,1109.0054,1152.6236,1142.9001,1087.9280,1142.5627,1198.0292,1261.1820,1249.0652,1158.8474,1247.9067,1339.0575,1129.5839,1117.3225,1017.0274,1115.6091,1216.8929,1027.9798,1015.9077,904.4593,1013.8764,1125.8022,1064.8947,1051.9735,937.6487,1049.7819,1163.5054,1044.9174,1032.4633,916.3664,1030.1559,1144.7246,792.2827,791.1960,667.4824,764.8157,929.5027,686.0611,693.4058,557.9154,654.8885,839.1321,672.7277,686.9962,520.9007,629.8593,857.6137,634.8084,655.8403,465.2543,577.4140,844.8998,588.3601,607.0722,426.2575,531.6361,793.9084,517.7611,533.4638,369.4824,459.8815,712.6329,457.3513,472.8343,317.3215,396.1056,653.7269,407.9447,424.2804,270.8061,341.4485,613.1623,11.00000000000,47,173
47,067,01648577,47067,Hancock,Hancock County,06,H1,G4020,,,,A,575858117.00000000000,2984311.00000000000,+36.5214195,-083.2274526,47067,379.0050,377.9334,374.8753,377.9264,381.0597,393.0734,391.3387,384.1533,391.3356,398.3858,349.0622,346.8620,335.4404,346.9110,358.2090,356.4290,353.4557,336.4551,353.3491,370.4913,324.6440,321.5800,298.3577,321.2838,344.7263,394.9622,390.6531,355.5727,390.0499,425.4837,312.8987,309.1483,275.1660,308.5128,342.6653,304.0271,300.2471,267.5263,299.6028,332.1751,321.0587,317.0106,281.1368,316.2559,351.6983,275.7904,275.2607,232.0753,266.0421,323.5194,243.3769,245.7585,197.5256,232.0379,297.6417,227.3174,231.9206,175.6325,212.5574,289.7648,212.4812,219.3069,155.3620,193.0018,282.7835,197.6851,203.7610,142.8549,178.3575,266.7291,181.5632,186.8557,129.1916,160.9950,249.8817,159.6490,164.8522,110.4118,138.0172,228.1842,145.7293,151.3789,96.4078,121.7466,219.0273,11.00000000000,47,067
47,131,01639779,47131,Obion,Obion County,06,H1,G4020,542,46460,,A,1410839429.00000000000,27916074.00000000000,+36.3581749,-089.1501746,47131,1834.8624,1829.7890,1815.0427,1829.7496,1844.8259,1764.2823,1756.5592,1724.3408,1756.5411,1788.1445,1528.3113,1518.8203,1468.8404,1519.0187,1568.4390,1581.6555,1568.4973,1493.0551,1568.0218,1644.0799,1543.8858,1528.7221,1418.2760,1527.2913,1638.9995,1672.1012,1653.4333,1504.6847,1650.7986,1801.1925,1526.3332,1508.4860,1343.0688,1505.4873,1671.5878,1345.1684,1328.6472,1184.0552,1325.8381,1469.7213,1249.4749,1233.8953,1094.4432,1230.9941,1368.7373,1201.4347,1198.5003,1009.8690,1158.1928,1409.2059,1133.0019,1143.9474,919.3004,1080.0376,1385.5998,1065.4696,1086.9297,823.0123,996.1414,1358.1553,1002.4914,1034.6025,732.8433,910.4709,1334.1710,961.9307,991.4353,695.0240,867.8059,1297.8917,924.9197,951.8501,658.0751,820.1026,1272.9455,874.5711,903.0799,604.8544,756.0765,1250.0137,822.6685,854.5857,544.2831,687.3117,1236.4505,11.00000000000,47,131
47,139,01639782,47139,Polk,Polk County,06,H1,G4020,174,17420,,A,1125806416.00000000000,19834205.00000000000,+35.1094371,-084.5411124,47139,1276.3034,1272.7443,1262.4714,1272.7182,1283.2296,1308.8452,1303.0665,1279.1397,1303.0565,1326.5335,1083.8461,1077.1540,1041.7167,1077.2901,1112.3255,1050.9162,1042.3454,992.2107,1042.0177,1092.5034,1176.1246,1164.6833,1080.5478,1163.5975,1248.6545,1250.4982,1236.6557,1125.4774,1234.7078,1347.0749,1183.3499,1169.5199,1041.2790,1167.1966,1295.9650,1054.7541,1041.7659,928.3603,1039.5563,1152.4148,1015.8604,1003.3799,890.1711,1001.0597,1112.8469,845.5000,843.8557,711.4445,815.5890,991.8194,917.1017,926.3791,744.8540,874.7535,1121.6335,858.6180,876.3136,663.9350,803.2550,1094.5300,801.5011,827.5507,586.5596,728.4021,1066.7152,771.3856,795.3968,557.9556,696.3523,1040.8288,729.9163,751.4915,519.8961,647.6074,1004.5927,674.6335,696.9097,467.0816,583.5854,964.2653,616.3344,640.4888,408.2034,515.2242,926.3503,11.00000000000,47,139
19,011,00465195,19011,Benton,Benton County,06,H1,G4020,,16300,,A,1855117342.00000000000,5760770.00000000000,+42.0925474,-092.0576300,19011,1700.3094,1695.6042,1681.9373,1695.5679,1709.5417,1464.1997,1457.7248,1430.9528,1457.7143,1483.9846,1429.4786,1420.5598,1373.8040,1420.7502,1466.9880,1427.7676,1415.7916,1347.6941,1415.3692,1484.0559,1269.5722,1257.2238,1166.4034,1256.0518,1347.8661,1611.4467,1593.5894,1450.3096,1591.0755,1735.8940,1437.9817,1421.1733,1265.3358,1418.3496,1574.8289,1441.1483,1423.8677,1269.3326,1420.9439,1574.6127,1381.7606,1365.0556,1211.3177,1361.9556,1513.7134,1195.7813,1193.6896,1006.6090,1153.7675,1402.7760,1156.1833,1167.9964,939.2370,1102.9421,1414.0540,1127.9833,1151.3314,872.4014,1055.3791,1437.9176,1083.0472,1118.3314,792.7463,984.3760,1441.4315,1062.5510,1095.6904,768.6725,959.2784,1433.7033,1048.7529,1079.7991,747.0748,930.5496,1443.4153,990.8412,1023.5828,686.0505,857.1483,1416.2282,934.3721,970.9955,618.8511,781.0935,1404.3612,11.00000000000,19,011
19,041,00465625,19041,Clay,Clay County,06,H1,G4020,,43980,,A,1469139214.00000000000,13866941.00000000000,+43.0798220,-095.1497261,19041,897.2042,894.6630,887.4214,894.6465,902.0675,924.9683,920.8645,903.9451,920.8588,937.4630,1006.7806,1000.4715,967.5360,1000.6087,1033.1829,1067.9893,1058.9581,1008.0235,1058.6470,1110.0470,955.8623,946.3988,878.0174,945.5101,1014.7003,1029.5444,1018.0062,926.3947,1016.3756,1109.0155,955.9164,944.7922,841.2360,942.9263,1046.8930,985.3568,973.5384,867.8752,971.5387,1076.6103,1026.3869,1013.8789,899.5901,1011.5557,1124.3908,933.0916,931.3139,785.2148,900.1275,1094.5783,888.2532,897.2863,721.5070,847.2968,1086.3589,889.2477,907.6108,687.6831,831.9553,1133.5798,861.7376,889.7746,630.6931,783.1822,1146.8864,846.8711,873.2560,612.5970,764.5258,1142.6832,848.0260,873.1044,604.0429,752.4137,1167.1496,830.3304,857.7488,574.8799,718.2708,1186.8057,799.8468,831.1860,529.7323,668.6223,1202.1689,11.00000000000,19,041
19,165,00465271,19165,Shelby,Shelby County,06,H1,G4020,,,,A,1530110414.00000000000,1486135.00000000000,+41.6790143,-095.3089173,19165,818.9472,816.6695,810.0810,816.6526,823.3922,743.2555,739.9623,726.3690,739.9574,753.2968,665.0835,660.9658,639.2182,661.0507,682.5531,690.2191,684.4274,651.5074,684.2233,717.4288,692.2544,685.3632,635.8394,684.7182,734.8413,874.6518,865.1314,787.4572,863.7997,942.2487,791.9492,782.5357,696.5878,780.9451,867.2980,758.1812,748.6653,666.9867,747.0402,828.3715,761.8294,752.3499,667.3412,750.5851,834.5484,680.9752,679.4275,572.6033,656.6084,798.7683,681.3615,688.0036,552.9510,649.5848,833.2778,668.6292,682.1526,516.5749,625.1935,852.3092,643.3154,663.9699,470.3603,584.3249,856.1641,636.0367,655.5851,459.6243,573.8511,858.1805,630.5844,648.9779,448.7150,559.1650,867.8614,591.9688,611.2888,409.4476,511.7929,846.0954,565.8588,587.8286,374.4048,472.7756,850.4728,11.00000000000,19,165
19,043,00465210,19043,Clayton,Clayton County,06,H1,G4020,,,,A,2016405612.00000000000,36586071.00000000000,+42.8409979,-091.3235108,19043,971.2113,968.5026,960.6853,968.4828,976.4818,951.6453,947.3519,929.9079,947.3510,964.4800,867.2749,861.7863,833.4042,861.9107,889.9886,976.2169,967.9220,921.3660,967.6403,1014.6352,858.6506,850.2054,788.7792,849.4091,911.5415,979.0091,968.0610,880.9593,966.5149,1054.5863,887.7024,877.0247,780.5866,875.2132,972.1469,821.7040,811.6705,723.3978,809.9664,897.7913,848.8059,838.1321,743.3159,836.1427,929.8136,752.5036,750.8310,632.8165,725.6240,882.6786,637.7504,643.9891,517.5969,608.0349,779.9466,619.8877,632.4516,478.9640,579.6516,790.1810,603.3691,622.7732,441.2086,548.0819,803.0039,579.2616,597.1033,418.6626,522.6757,781.5794,561.4533,577.8726,399.5963,497.9172,772.7210,530.7638,548.1331,367.1968,458.9361,758.6188,501.7582,521.2861,332.0756,419.2770,754.1340,11.00000000000,19,043
47,167,01639795,47167,Tipton,Tipton County,06,H1,G4020,,32820,,A,1187161824.00000000000,38714600.00000000000,+35.5002966,-089.7637081,47167,3966.8559,3955.7745,3923.8358,3955.6944,3988.3802,3583.6535,3567.8705,3502.3785,3567.8404,3632.0957,3351.9975,3331.1147,3221.4825,3331.5573,3439.9710,3577.4136,3547.6253,3376.9902,3546.5518,3718.5891,3842.7739,3805.4630,3530.5663,3801.9179,4079.7993,4228.2301,4181.1562,3805.0886,4174.5188,4554.7006,3930.9414,3884.3022,3457.7564,3876.4265,4304.9545,3529.4962,3485.9818,3106.4492,3478.5772,3856.2925,3508.9091,3465.2418,3073.6948,3457.1118,3843.8451,3010.2220,3003.1324,2530.7226,2902.2030,3530.8612,2807.0034,2834.3655,2277.9885,2676.0916,3432.8524,2698.6767,2753.2523,2084.9537,2523.3559,3440.0328,2524.9406,2605.9934,1846.0883,2293.3924,3360.3460,2395.0324,2468.6210,1730.7036,2160.8412,3231.5253,2226.2242,2291.1278,1584.0923,1974.0421,3063.9073,2003.3893,2068.7347,1385.6172,1732.0025,2863.4225,1801.2817,1871.1736,1191.7535,1504.9189,2707.2824,11.00000000000,47,167
18,045,00450351,18045,Fountain,Fountain County,06,H1,G4020,,,,A,1024743543.00000000000,5759793.00000000000,+40.1212817,-087.2348063,18045,1055.1452,1052.1642,1043.6515,1052.1443,1060.8657,945.1951,941.0138,923.7307,941.0072,957.9665,841.5902,836.3379,808.8106,836.4501,863.6726,938.5802,930.6486,885.8855,930.3749,975.5452,867.8790,859.3109,797.2241,858.5049,921.3172,1027.8616,1016.2161,924.6851,1014.5641,1107.1661,926.2606,915.2662,814.7542,913.4094,1014.3901,787.5374,777.7209,692.9402,776.0467,860.4493,776.1927,766.4614,679.7832,764.6482,850.2739,691.3046,689.4818,580.8361,666.2571,810.8234,648.5267,654.7311,526.0982,618.1340,793.1031,609.1703,621.3760,470.4362,569.4523,776.5023,558.8301,576.6617,408.4000,507.4483,743.7159,520.4798,536.3722,375.9383,469.4595,702.2545,485.3749,499.4351,345.2150,430.2779,668.0044,434.1907,448.2749,300.1642,375.2759,620.5785,381.7688,396.5169,252.4677,318.8770,573.7851,11.00000000000,18,045
19,097,00465237,19097,Jackson,Jackson County,06,H1,G4020,,,,A,1647332960.00000000000,35141529.00000000000,+42.1642812,-090.5745965,19097,1237.7066,1234.2476,1224.2816,1234.2227,1244.4222,1064.9599,1060.2664,1040.8024,1060.2577,1079.3546,1004.0401,997.7539,964.9092,997.8901,1030.3738,1153.2932,1143.6402,1088.6327,1143.2974,1198.7738,1005.0191,995.0474,923.1490,994.1122,1066.8687,1275.8953,1261.4906,1147.9003,1259.4497,1374.3517,1159.0266,1144.9196,1018.8758,1142.5169,1269.2624,1056.9927,1043.7320,929.8675,1041.4676,1154.8464,1054.5957,1041.4019,923.6596,1038.9441,1155.2516,970.5505,968.1567,815.7567,935.5897,1138.3879,897.0214,905.6208,727.7131,855.0052,1096.9976,864.3377,881.6779,667.5293,808.0102,1101.7639,821.5095,847.7510,600.4175,746.0108,1093.3039,776.8911,800.6450,561.1977,700.7769,1048.2189,753.8178,775.6908,536.2048,668.2951,1037.4558,696.6002,719.2362,481.6432,602.1291,995.6371,645.7061,670.6920,427.0866,539.3851,970.4763,11.00000000000,19,097
19,079,00465228,19079,Hamilton,Hamilton County,06,H1,G4020,,,,A,1493777716.00000000000,1965344.00000000000,+42.3907681,-093.7091980,19079,842.3326,839.9640,833.1740,839.9477,846.9009,786.8677,783.3146,768.8895,783.3141,797.4792,723.4209,718.9341,695.2774,719.0273,742.4184,794.3735,787.6110,749.7277,787.3827,825.6274,731.2930,724.2515,671.9387,723.5791,776.4385,810.4084,801.6046,729.6451,800.3741,873.0453,789.5965,780.5183,695.0663,779.0021,864.7567,661.1975,653.1830,582.2056,651.8239,722.4258,747.4893,738.4201,655.2233,736.7365,818.8677,711.2068,709.8409,598.4748,686.0679,834.2901,602.2807,608.2775,488.9940,574.3496,736.5855,618.6601,631.2979,478.1885,578.6280,788.6281,609.9946,629.6997,446.2040,554.2106,811.8293,595.1085,613.5096,430.2391,537.0653,802.9675,583.5091,600.6296,415.3924,517.5485,803.0805,563.1420,581.6075,389.6617,486.9785,804.8995,535.6544,556.5218,354.5452,447.6262,805.0807,11.00000000000,19,079
19,173,00465275,19173,Taylor,Taylor County,06,H1,G4020,,,,A,1377618597.00000000000,7133648.00000000000,+40.7379489,-094.6971082,19173,319.7601,318.8458,316.2605,318.8403,321.4921,297.3446,296.0435,290.6138,296.0404,301.3664,313.5173,311.5667,301.3131,311.6078,321.7470,411.5419,408.0267,388.4010,407.9093,427.7261,382.4444,378.6873,351.3280,378.3328,406.0050,449.6321,444.5467,404.5119,443.8258,484.3259,445.3942,440.0030,391.5899,439.0865,487.7594,407.5635,402.3721,358.3976,401.4829,445.2901,444.4252,438.6535,388.8417,437.5741,486.8177,437.8201,436.5910,367.7233,421.8646,513.4962,391.3562,395.0511,317.3902,372.9540,478.5934,393.2920,401.1314,303.6511,367.5979,501.3198,392.0274,404.5074,286.4486,355.9457,521.7249,387.7539,399.5788,280.0459,349.7253,523.1735,386.0557,397.2376,274.5737,342.2313,531.3148,376.2353,388.4525,260.1214,325.2005,537.7451,364.4296,378.5328,241.0456,304.4249,547.7266,11.00000000000,19,173
19,139,00465258,19139,Muscatine,Muscatine County,06,H1,G4020,,34700,,A,1133040484.00000000000,30198875.00000000000,+41.4837760,-091.1186992,19139,2553.3521,2546.2168,2525.6574,2546.1654,2567.2064,2427.8663,2417.1506,2372.7691,2417.1318,2460.6785,2445.4561,2430.0785,2350.0685,2430.4179,2509.5572,2707.5572,2684.6272,2555.4997,2683.8409,2814.1598,2606.3946,2580.3504,2393.8878,2577.9180,2766.6730,3033.9337,2999.6117,2729.4690,2994.7455,3268.0316,2848.6111,2814.8254,2505.7326,2809.1210,3119.6462,2846.4256,2811.2138,2505.0270,2805.2179,3109.9695,3100.6866,3062.8229,2717.4886,3055.7885,3396.7444,2801.8363,2795.7767,2356.5011,2701.9616,3286.5646,2989.3743,3018.8542,2426.5849,2850.3833,3655.9401,3062.8901,3125.1807,2366.9510,2864.3481,3904.3419,3032.6583,3130.3603,2217.9025,2754.9903,4036.0792,3083.7327,3178.8318,2228.9779,2782.6441,4160.7935,3170.4308,3263.2201,2256.5792,2811.7456,4363.4287,3172.2204,3276.0429,2194.6477,2742.9415,4534.0448,3141.1466,3263.3626,2078.8256,2624.7495,4721.0875,11.00000000000,19,139
47,091,01639760,47091,Johnson,Johnson County,06,H1,G4020,,,,A,773046157.00000000000,11001626.00000000000,+36.4532035,-081.8612367,47091,1083.3376,1080.2949,1071.5642,1080.2738,1089.2135,1000.6524,996.2034,977.8946,996.1978,1014.1667,980.7193,974.3619,942.2381,974.5200,1006.3193,759.4704,753.1395,716.9147,752.9121,789.4370,942.0133,932.4512,865.0568,931.5665,999.8435,827.8344,818.3581,744.5865,817.0092,891.6776,883.5346,872.4495,776.1064,870.5429,967.5301,849.6691,838.5179,746.5494,836.5970,928.3007,886.3126,874.5535,774.9872,872.3492,970.8252,764.4237,761.8713,641.3046,736.0634,896.4538,721.2277,727.4876,583.9536,686.6257,881.9072,679.1549,692.1201,523.3569,634.0648,865.6332,636.5508,656.2354,464.1259,577.2366,847.0947,609.5678,627.5755,439.2413,549.0450,822.4019,579.2097,595.4101,410.9415,512.7276,797.0996,547.2248,564.4429,377.3640,472.3046,782.0982,518.1710,537.7179,341.8328,432.2310,778.7639,11.00000000000,47,091
47,107,01639773,47107,McMinn,McMinn County,06,H1,G4020,174,11940,,A,1114018337.00000000000,5331264.00000000000,+35.4244708,-084.6199625,47107,3689.0080,3678.6635,3648.9418,3678.5908,3709.0191,3487.9897,3472.5394,3408.7503,3472.5162,3535.1133,3089.6660,3070.4423,2969.3947,3070.8474,3170.7685,3249.5656,3222.4596,3067.4643,3221.4877,3377.7728,3353.0812,3320.0887,3080.2158,3316.9789,3559.6145,3691.1016,3650.0269,3321.7431,3644.2361,3976.1047,3371.3998,3331.6418,2966.0012,3324.9421,3692.2028,3437.3272,3395.0160,3025.4540,3387.8184,3755.5935,3399.5702,3357.6671,2978.6896,3349.8741,3724.1185,3159.2035,3152.2779,2656.8996,3046.4750,3705.7351,3187.3767,3219.1020,2587.8239,3039.5467,3898.1402,3117.7594,3181.4773,2409.8983,2916.0526,3974.3230,3022.0608,3119.7377,2210.6934,2745.7597,4022.0032,3013.3085,3106.5598,2178.6336,2719.5081,4065.8010,3009.6851,3098.0921,2142.7316,2669.5946,4142.2219,2924.2606,3020.2833,2023.6595,2528.9325,4179.6587,2845.4970,2956.5012,1883.6831,2378.0619,4276.7492,11.00000000000,47,107
47,069,01639750,47069,Hardeman,Hardeman County,06,H1,G4020,,,,A,1729510170.00000000000,6768412.00000000000,+35.2181307,-088.9890374,47069,1405.0223,1401.0393,1389.6971,1401.0136,1412.6377,1262.3706,1256.6661,1233.5216,1256.6655,1279.3933,1263.0321,1254.9977,1213.6563,1255.1837,1296.0874,1187.9854,1177.7286,1121.0806,1177.3970,1234.6339,1187.9124,1175.8538,1090.8670,1174.7381,1260.8379,1238.6848,1224.1636,1113.5919,1222.0802,1334.1136,1281.3584,1264.9371,1124.9446,1262.0939,1403.1343,1195.5466,1179.4999,1049.7762,1176.7242,1306.1663,1145.1625,1129.5844,1000.5883,1126.6569,1254.3106,1022.5369,1018.7874,857.2423,984.1861,1199.0665,948.7758,956.5523,767.3885,902.6823,1160.0754,885.5386,901.9938,681.6087,826.1800,1128.6300,809.5856,834.1823,589.5388,733.5975,1077.3232,759.4094,781.4233,546.4880,683.4744,1024.5239,712.7347,732.2771,504.9884,630.4284,980.8232,659.2455,679.6258,453.9715,568.5342,942.1737,602.7844,625.1883,397.0544,502.3999,905.9094,11.00000000000,47,069
47,081,01639756,47081,Hickman,Hickman County,06,H1,G4020,400,34980,,A,1586365395.00000000000,332916.00000000000,+35.8023956,-087.4671144,47081,1575.3466,1570.9344,1558.2446,1570.9031,1583.8929,1465.7830,1459.3136,1432.5190,1459.3022,1485.5928,1210.1146,1202.6085,1163.0362,1202.7645,1241.8927,1317.1268,1306.1648,1243.3404,1305.7692,1369.1081,1431.4890,1417.4857,1315.0810,1416.1611,1519.7156,1442.8409,1426.6472,1298.2465,1424.3574,1554.2077,1448.1429,1430.6126,1273.2024,1427.6323,1585.8877,1344.6539,1327.5745,1182.5349,1324.6509,1469.1264,1333.5265,1316.2450,1166.8150,1313.0136,1460.7323,1308.8689,1305.4729,1099.8144,1261.5139,1535.1711,1127.2262,1137.6718,913.8361,1073.9753,1378.4642,1065.6603,1086.6698,822.3638,995.7476,1358.3435,1030.3661,1062.9150,752.4414,935.2163,1371.2280,987.7013,1017.5439,712.8628,890.4793,1332.6223,936.6727,963.5050,665.6663,829.9650,1289.0856,883.6724,912.0711,610.4289,763.4346,1262.9936,829.8354,861.6682,548.3785,692.8545,1247.1998,11.00000000000,47,081
19,197,00465287,19197,Wright,Wright County,06,H1,G4020,,,,A,1503286817.00000000000,4703964.00000000000,+42.7330073,-093.7347352,19197,630.0803,628.2700,623.1713,628.2596,633.4920,631.5647,628.7514,617.1931,628.7483,640.0928,614.7615,610.9062,590.7946,610.9903,630.8817,690.4638,684.6095,651.6806,684.4095,717.6446,590.9011,584.9667,542.6929,584.4141,627.2185,653.3210,645.7527,587.4834,644.6711,703.6795,599.9344,592.6546,527.4293,591.4159,656.9971,614.4580,606.6700,540.4070,605.3375,671.3384,694.5445,685.8687,608.3374,684.2528,760.8369,602.3773,600.7350,506.0219,580.4852,706.5085,509.3548,514.1094,412.9918,485.3359,622.8863,509.8161,519.9249,393.5233,476.4423,649.8438,487.3593,502.8298,356.0304,442.4479,648.5923,457.0252,470.9147,329.9926,412.1419,616.6328,448.0637,460.9953,318.5944,397.1414,616.6505,435.5629,449.6658,301.0670,376.4294,622.5380,413.6234,429.5945,273.5200,345.4747,621.6611,11.00000000000,19,197
19,045,00465211,19045,Clinton,Clinton County,06,H1,G4020,,17540,,A,1799821282.00000000000,39523759.00000000000,+41.8980732,-090.5342431,19045,2800.2178,2792.4014,2769.8586,2792.3445,2815.4127,2573.7918,2562.4192,2515.3634,2562.4000,2608.5725,2519.8172,2504.1110,2421.6950,2504.4447,2585.9456,2624.2644,2602.4258,2477.2533,2601.6374,2727.8340,2450.8548,2427.1186,2251.7952,2424.8599,2602.0652,2417.0070,2390.5515,2175.8265,2386.8435,2603.7611,2122.0582,2097.6756,1868.0330,2093.6043,2324.0549,2073.1727,2048.4160,1826.1997,2044.2309,2265.1746,2136.9142,2111.3631,1873.8638,2106.6275,2341.0157,1926.4103,1923.1338,1621.8205,1858.8410,2259.9024,1780.2561,1798.8640,1446.9418,1698.8013,2177.3856,1753.7480,1790.4526,1357.0852,1641.3738,2235.6717,1701.9743,1757.7973,1246.4176,1547.3858,2265.1970,1659.5839,1711.6970,1201.1888,1498.7331,2239.3131,1623.4873,1671.8749,1157.0580,1440.9223,2234.4576,1575.1886,1627.5330,1091.1672,1363.0183,2251.4675,1532.1971,1592.5018,1015.2455,1281.1544,2302.9075,11.00000000000,19,045
19,095,00465236,19095,Iowa,Iowa County,06,H1,G4020,,,,A,1518916014.00000000000,2686847.00000000000,+41.6839184,-092.0591226,19095,1014.9060,1012.0603,1003.8836,1012.0403,1020.4114,900.4729,896.4741,880.0009,896.4688,912.6356,922.3538,916.5455,886.3665,916.6745,946.5262,1042.4966,1033.6459,983.9286,1033.3446,1083.5280,941.0556,931.7687,864.4471,930.8949,999.0020,1232.1975,1218.4222,1108.7969,1216.4771,1327.3214,1065.6881,1052.9794,937.2912,1050.8297,1167.0766,986.7343,974.5383,868.4057,972.4619,1078.0944,1057.0393,1043.8047,925.7802,1041.3390,1157.9272,1006.6810,1004.2923,846.2944,970.5353,1180.7893,899.1065,907.7007,729.3605,856.9611,1099.5435,885.6650,903.4058,683.9526,827.9133,1128.9463,860.9056,888.3769,629.1619,781.7503,1145.7316,828.6443,853.9465,598.5235,747.4164,1118.0437,805.4720,828.8061,572.8814,714.0411,1108.5429,741.7062,765.7630,512.7507,641.0616,1060.1031,687.1710,713.7148,454.4293,573.9651,1032.7939,11.00000000000,19,095
19,021,00465200,19021,Buena Vista,Buena Vista County,06,H1,G4020,,44740,,A,1489022575.00000000000,13758158.00000000000,+42.7415220,-095.1414325,19021,1022.2634,1019.3980,1011.1623,1019.3778,1027.8089,970.6479,966.3358,948.5778,966.3302,983.7580,986.0785,979.9157,947.6607,980.0482,1011.9473,1208.3469,1198.0952,1140.4682,1197.7456,1255.9105,1254.1677,1241.7518,1152.0299,1240.5857,1331.3684,1185.1752,1171.8490,1066.3651,1169.9636,1276.6468,1122.1169,1108.8045,987.0447,1106.5566,1228.8819,1349.5298,1332.7388,1187.4852,1329.8762,1474.4740,1500.3771,1481.8435,1314.5479,1478.3959,1643.6094,1518.9881,1515.5446,1277.2691,1464.6463,1781.7404,1415.6047,1429.4143,1148.8348,1349.5976,1731.2294,1458.8423,1488.3602,1127.1052,1364.0876,1859.6042,1474.8039,1522.1673,1078.3258,1339.5841,1962.7616,1484.7710,1530.4129,1072.9658,1339.6145,2003.3465,1496.3360,1539.9867,1064.7792,1326.8676,2059.3792,1496.5071,1545.3557,1035.1034,1293.8302,2138.9438,1479.0897,1536.5234,978.6638,1235.7899,2223.0384,11.00000000000,19,021
19,193,00465285,19193,Woodbury,Woodbury County,06,H1,G4020,512,43580,,A,2260629616.00000000000,12793293.00000000000,+42.3932198,-096.0532956,19193,5907.8678,5891.3043,5843.7071,5891.1877,5939.9155,6054.2367,6027.5341,5916.8719,6027.4857,6136.0639,6081.3330,6043.3487,5844.4303,6044.1631,6240.8830,6701.9773,6645.4138,6325.7778,6643.4544,6965.9736,6576.4339,6511.5357,6041.0675,6505.4292,6981.3848,5898.2699,5831.5493,5306.3674,5822.0898,6353.3808,5611.3673,5544.7506,4935.8310,5533.4992,6145.2615,6193.6460,6117.3166,5451.3308,6104.3289,6767.1181,6630.7716,6548.9507,5809.6826,6533.7321,7263.7835,6159.7437,6145.6841,5179.3614,5939.2607,7225.2237,5743.5141,5800.0149,4661.9777,5476.2949,7024.1709,5807.8782,5925.8830,4488.0382,5431.2612,7403.4326,5737.5505,5922.3159,4195.9612,5212.1252,7635.9365,5689.4406,5864.8564,4112.3609,5133.8850,7676.5978,5658.5718,5824.1707,4027.5139,5018.3776,7787.8285,5661.4140,5846.7200,3916.7823,4895.3061,8091.8424,5581.3822,5798.5769,3693.8451,4663.8576,8388.7201,11.00000000000,19,193
19,109,00465243,19109,Kossuth,Kossuth County,06,H1,G4020,,,,A,2519332852.00000000000,4154729.00000000000,+43.2124777,-094.2139830,19109,801.0966,798.8616,792.4131,798.8453,805.4438,672.6243,669.6385,657.3341,669.6344,681.7097,717.4279,712.8785,689.3985,712.9825,736.2120,897.4350,889.9035,847.1004,889.6383,932.8130,774.3858,766.6296,711.2294,765.9062,821.9941,1113.8372,1101.5084,1002.4807,1099.7735,1199.8597,982.3827,970.7592,864.1862,968.7983,1075.8561,944.0323,932.5824,831.2373,930.6405,1031.4513,998.4387,985.7122,874.0249,983.3367,1093.7061,880.3937,878.3876,740.2767,848.8849,1032.6803,830.5175,838.6458,674.0532,791.8250,1015.6949,841.7976,858.8574,650.4222,787.1552,1073.0530,841.0593,868.0964,614.9989,763.9785,1119.3368,826.0112,851.4369,596.9737,745.3008,1114.5093,834.2150,858.5867,593.6831,739.7814,1148.1174,788.6162,814.4005,545.5449,681.8646,1127.1649,752.8874,782.1667,498.2393,629.0972,1131.5755,11.00000000000,19,109
47,111,01639768,47111,Macon,Macon County,06,H1,G4020,400,34980,,A,795498380.00000000000,246691.00000000000,+36.5378383,-086.0012306,47111,1634.9330,1630.3813,1617.2257,1630.3476,1643.8064,1524.2912,1517.5597,1489.6937,1517.5481,1544.8906,1375.6580,1367.2234,1322.2565,1367.3894,1411.8385,1523.1469,1510.6841,1438.0233,1510.2120,1583.3954,1653.1895,1637.4809,1519.2238,1635.9688,1755.3856,1837.2993,1817.9220,1655.0994,1815.2427,1979.4745,1807.2904,1786.8285,1591.4869,1783.4299,1979.3596,1715.6889,1695.7988,1512.4324,1692.4576,1874.6182,1866.1445,1844.3413,1637.4017,1840.3113,2044.4461,1861.3550,1858.6548,1567.8893,1796.6432,2183.6981,1633.7371,1651.3941,1328.8724,1559.7139,1998.2765,1671.7305,1707.2928,1294.6238,1565.3346,2131.1856,1701.4924,1757.8512,1247.0091,1547.6396,2264.6043,1718.5637,1773.0667,1244.8066,1552.6808,2318.9440,1717.8398,1769.5681,1225.2285,1525.3353,2364.3603,1672.6834,1728.7872,1159.6235,1448.0325,2390.8564,1628.5501,1693.1379,1079.9648,1362.3230,2447.7575,11.00000000000,47,111
47,105,01639767,47105,Loudon,Loudon County,06,H1,G4020,314,28940,,A,593665426.00000000000,47019542.00000000000,+35.7374500,-084.3162040,47105,3270.7945,3261.7008,3235.3884,3261.6328,3288.5482,3295.7196,3281.2317,3221.0156,3281.2019,3340.2771,2930.0147,2911.9272,2816.1289,2912.2950,3007.0067,3254.7370,3227.9678,3072.7087,3226.9685,3383.3910,3487.7384,3454.0624,3204.5666,3450.8521,3702.9888,3786.5849,3745.1489,3408.7572,3739.3418,4079.1647,3611.9508,3570.1837,3179.1017,3563.1935,3955.7384,3545.2704,3502.7282,3122.5389,3495.5292,3873.5953,3824.6525,3778.9452,3353.8906,3770.4744,4189.9566,3754.4881,3748.2835,3161.1824,3623.0228,4404.4934,3771.7855,3811.0993,3065.4074,3599.0709,4613.1564,3805.1487,3884.6838,2944.3188,3561.1973,4850.7773,3846.7794,3972.8325,2816.9357,3497.2337,5119.7573,3904.9917,4027.4923,2826.1813,3526.3565,5269.0805,3956.6202,4074.4245,2819.6668,3511.5343,5445.6131,3945.9736,4077.0014,2733.2857,3414.3458,5640.0998,3914.0056,4067.9898,2593.3347,3272.6366,5882.7857,11.00000000000,47,105
19,195,00465286,19195,Worth,Worth County,06,H1,G4020,,32380,,A,1036314948.00000000000,4709127.00000000000,+43.3734910,-093.2485332,19195,484.8880,483.5337,479.6298,483.5239,487.5191,471.3209,469.2724,460.6729,469.2665,477.6998,419.2091,416.5973,402.8863,416.6527,430.2112,529.9722,525.4364,500.1634,525.2858,550.8081,407.5660,403.6164,374.4609,403.2407,432.7100,651.0271,643.8119,585.9262,642.7962,701.3038,595.3744,588.5620,524.1547,587.4261,652.0507,471.4474,465.8053,415.2616,464.8511,515.1086,494.6282,488.6382,433.5954,487.5264,541.8621,452.4060,451.3617,380.3803,436.1981,530.6580,493.5094,498.4281,400.6907,470.6288,603.5598,486.6790,496.6288,376.1887,455.1972,620.3881,469.7483,484.9335,343.6336,426.8030,625.1792,467.2681,481.7287,337.8371,421.7094,630.4761,472.0342,485.8996,336.0622,418.6947,649.6594,445.3721,459.9901,308.1968,385.1545,636.5719,415.0414,431.2214,274.7327,346.8483,623.8018,11.00000000000,19,195
18,137,00450385,18137,Ripley,Ripley County,06,H1,G4020,,,,A,1156236700.00000000000,4237505.00000000000,+39.1002301,-085.2605409,18137,1833.3411,1828.1796,1813.3981,1828.1444,1843.2831,1677.7487,1670.3687,1639.7123,1670.3540,1700.4303,1613.1421,1603.0154,1550.2402,1603.2372,1655.4359,1702.3024,1688.0117,1606.8207,1687.5087,1769.4063,1607.3142,1591.5002,1476.5161,1590.0096,1706.3177,1902.4020,1881.1423,1711.8951,1878.1408,2049.2671,1816.5100,1795.0413,1597.9974,1791.4208,1989.3532,1696.9831,1676.1017,1493.6583,1672.5498,1854.1093,1652.2823,1632.0737,1448.0241,1628.3186,1810.0406,1372.5742,1369.7679,1154.7037,1323.8477,1610.0741,1365.5840,1379.3064,1108.9424,1302.4115,1670.1213,1324.1585,1351.3477,1023.7422,1238.6508,1687.9690,1252.0429,1292.6349,916.1055,1137.7271,1666.3311,1207.6076,1245.0979,873.3105,1090.0162,1629.4130,1167.0644,1201.4607,831.0870,1035.3332,1606.2370,1088.5759,1124.4260,753.5068,941.5440,1555.9137,1001.6084,1040.7774,663.2228,837.1898,1505.4118,11.00000000000,18,137
47,079,01639755,47079,Henry,Henry County,06,H1,G4020,,37540,,A,1455823082.00000000000,81118140.00000000000,+36.3253983,-088.3003844,47079,2056.8664,2051.1355,2034.5825,2051.0933,2068.0291,1963.1271,1954.5026,1918.6372,1954.4846,1989.6699,1873.8921,1862.1039,1800.7934,1862.3646,1923.0086,1935.6014,1919.6616,1827.3294,1919.0687,2012.0994,2017.6585,1997.9160,1853.5784,1996.0489,2142.0090,2123.4766,2099.8627,1911.0112,2096.5344,2287.4425,1993.6581,1969.7093,1753.1474,1965.6482,2183.3126,1916.9357,1893.1461,1686.8759,1889.0926,2094.4158,2016.4928,1991.5856,1766.7434,1986.9523,2208.9959,1675.3521,1671.7254,1409.0589,1615.6282,1965.1936,1628.6571,1644.4965,1321.6524,1552.6548,1991.7764,1587.6465,1619.7207,1226.5324,1484.4630,2023.7864,1517.6011,1566.2883,1109.5310,1378.3939,2019.7142,1454.3931,1499.0584,1050.9393,1312.1520,1962.3549,1395.5260,1436.1963,992.9744,1237.4247,1920.6331,1312.8429,1355.6590,908.0004,1134.9933,1876.4316,1237.5173,1285.5366,818.7628,1033.9127,1859.9584,11.00000000000,47,079
19,183,00465280,19183,Washington,Washington County,06,H1,G4020,,26980,,A,1473276393.00000000000,5399692.00000000000,+41.3294011,-091.7250523,19183,1330.3970,1326.7119,1316.0164,1326.6835,1337.6203,1186.1757,1180.9925,1159.3359,1180.9797,1202.2216,1234.5964,1226.8617,1186.4739,1227.0297,1266.9742,1476.7563,1464.3163,1393.8846,1463.8829,1534.9419,1418.1548,1404.3689,1302.9195,1403.0600,1505.6169,1739.5131,1720.1238,1565.3953,1717.3887,1873.8178,1718.4115,1698.0835,1511.6662,1694.6544,1881.9183,1647.4835,1627.1571,1449.9870,1623.6977,1800.0233,1715.4255,1694.2365,1502.9634,1690.2949,1879.1873,1768.1285,1764.4660,1487.3858,1705.3012,2074.0607,1505.4499,1520.4352,1222.2730,1435.6285,1841.1552,1523.2879,1554.4128,1177.4264,1424.7287,1941.7904,1540.4859,1590.2610,1126.8678,1399.6231,2050.2020,1524.8065,1571.9774,1102.4125,1376.1155,2057.3915,1512.7737,1557.1945,1076.9847,1341.8123,2082.0255,1455.6689,1503.4532,1007.3321,1258.8598,2080.5930,1386.3987,1440.4728,917.7605,1158.6400,2083.7407,11.00000000000,19,183
19,161,00465269,19161,Sac,Sac County,06,H1,G4020,,,,A,1489272900.00000000000,8596902.00000000000,+42.3875259,-095.1052244,19161,573.3456,571.7329,567.1109,571.7218,576.4550,477.0178,474.9375,466.2305,474.9321,483.4718,483.5556,480.5080,464.6858,480.5759,496.2269,497.7141,493.5796,469.8393,493.4296,517.3617,475.9855,471.3229,437.2722,470.8823,505.3176,589.3900,582.9732,530.6311,582.0756,634.9402,575.4054,568.8677,506.6567,567.7804,630.1861,517.3800,511.3540,456.0335,510.3407,565.3048,573.1001,566.2899,502.6335,565.0286,627.8433,512.4922,511.5272,431.2927,494.4010,601.1901,453.1575,457.8491,368.2348,432.3671,554.2380,457.2072,466.7383,353.7296,427.8632,582.8416,448.0370,462.7048,328.0669,407.3079,596.3004,442.4077,456.2794,320.1745,399.5024,596.9487,442.5231,455.6948,315.3551,392.7380,609.0573,422.0307,436.0414,292.3257,365.1682,603.2211,396.4335,412.0270,262.6630,331.4683,595.8430,11.00000000000,19,161
47,071,01639751,47071,Hardin,Hardin County,06,H1,G4020,,,,A,1495246952.00000000000,49148746.00000000000,+35.2018926,-088.1856958,47071,1713.7599,1708.9559,1695.1492,1708.9220,1723.0565,1595.5461,1588.4892,1559.3150,1588.4779,1617.1055,1468.7931,1459.5796,1411.5283,1459.7808,1507.3064,1424.8678,1412.9206,1344.9611,1412.4987,1481.0445,1552.8951,1537.3926,1426.2979,1535.9439,1648.3989,1677.2488,1658.3642,1509.0704,1655.6911,1806.6911,1414.4400,1397.5569,1243.9970,1394.7001,1549.0066,1326.4034,1310.1511,1167.6103,1307.3889,1449.2210,1351.5704,1334.8089,1184.0453,1331.6896,1480.5890,1297.9803,1294.9050,1091.1914,1251.3808,1522.4707,1152.5441,1163.7514,935.2846,1098.7578,1409.5107,1087.4741,1109.4526,840.1411,1016.8088,1386.2135,1026.8865,1059.8523,750.8022,932.7188,1366.6439,978.9663,1009.0617,707.4507,883.2615,1320.8831,928.6574,955.7625,660.8498,823.5003,1278.0949,855.8569,883.8185,592.0229,739.9766,1223.2701,794.6956,825.5845,525.8777,664.0112,1194.4114,11.00000000000,47,071
18,131,00446852,18131,Pulaski,Pulaski County,06,H1,G4020,,,,A,1123145988.00000000000,2291536.00000000000,+41.0452718,-086.6925383,18131,755.7779,753.6828,747.6060,753.6668,759.8811,726.6609,723.4119,710.1071,723.4092,736.4696,682.2561,677.9669,655.6452,678.0615,700.1402,748.2022,741.9001,706.2156,741.6805,777.6825,658.7578,652.2338,605.1069,651.6212,699.3063,770.7958,762.1261,693.5215,760.8993,830.2849,685.1147,676.8730,602.4429,675.4747,750.2876,620.9411,613.1658,546.2883,611.8386,678.4271,618.1540,610.2213,541.0245,608.7395,677.1295,518.0581,516.7747,435.4225,499.3898,607.6446,504.8738,509.7269,409.6043,481.2421,617.4292,474.6301,484.1632,366.5770,443.7132,605.0083,436.9700,450.9362,319.3824,396.8215,581.5412,406.2710,418.6987,293.4852,366.4748,548.1609,385.0732,396.2511,273.9177,341.3913,529.9646,347.8115,359.1157,240.4873,300.6448,497.1204,313.0015,325.1131,207.0269,261.4629,470.4316,11.00000000000,18,131
47,055,01639746,47055,Giles,Giles County,06,H1,G4020,,,,A,1582292854.00000000000,642569.00000000000,+35.2027228,-087.0353190,47055,1852.7572,1847.6299,1832.7375,1847.5903,1862.8172,1834.4703,1826.4295,1792.9239,1826.4113,1859.2788,1646.7602,1636.4697,1582.6038,1636.6908,1689.9621,1762.8267,1748.2005,1664.1149,1747.6679,1832.4266,1786.7291,1769.5771,1641.7648,1767.9363,1897.0652,1683.4865,1664.8488,1515.1735,1662.2260,1813.5025,1556.3886,1538.0912,1369.3394,1535.0111,1704.4920,1597.0036,1578.0890,1407.0505,1574.8970,1744.9154,1664.0267,1644.3525,1459.6135,1640.7108,1822.9887,1440.3983,1438.1120,1212.9476,1390.0783,1689.7938,1436.2692,1451.0826,1167.0105,1370.3040,1756.6317,1416.5357,1445.9950,1095.8150,1325.5327,1805.7720,1379.9378,1425.0296,1010.2898,1254.3880,1836.5762,1361.0759,1403.6549,984.8547,1228.9530,1836.5154,1342.2117,1382.0610,956.3219,1191.0802,1847.3166,1330.3721,1374.4344,921.3178,1150.9935,1901.5332,1313.6900,1365.2661,870.2319,1098.2909,1974.4812,11.00000000000,47,055
47,179,01639797,47179,Washington,Washington County,06,H1,G4020,304,27740,,A,845539916.00000000000,8632655.00000000000,+36.2956649,-082.4950374,47179,8097.0161,8074.3864,8009.1886,8074.2233,8140.9494,8421.9777,8384.5995,8230.5387,8384.5483,8535.7401,7381.5592,7335.3760,7093.9129,7336.3735,7575.1785,7787.1345,7721.8949,7350.4827,7719.5852,8094.1842,7739.3610,7663.1668,7109.5075,7655.9875,8216.0391,7940.8736,7852.2023,7145.7796,7839.6864,8553.9281,7384.8167,7296.4771,6494.5878,7281.5181,8087.3692,8719.3097,8612.9267,7676.3181,8594.8622,9526.6968,9023.2986,8912.0722,7906.1672,8891.3864,9884.7291,8523.5961,8505.5734,7169.5622,8220.2716,9998.3104,9114.5406,9204.6744,7399.0463,8691.0736,11146.9266,8928.6803,9110.5574,6900.4494,8350.2756,11381.6456,8719.8028,9001.0389,6377.6719,7921.8169,11604.9668,8712.6021,8981.6243,6298.2049,7862.3493,11755.6982,8707.4794,8962.6668,6198.2209,7722.7999,11984.0340,8595.5344,8877.2072,5947.3010,7432.7908,12285.5956,8464.1539,8793.8157,5602.2192,7073.0816,12721.4930,11.00000000000,47,179
47,187,01639801,47187,Williamson,Williamson County,06,H1,G4020,400,34980,,A,1508925443.00000000000,3028823.00000000000,+35.8949720,-086.8969580,47187,17470.1895,17421.4452,17280.8152,17421.0898,17564.9919,19170.3796,19085.5135,18734.9474,19085.3827,19429.3914,19819.0894,19695.0646,19046.7445,19697.7462,20338.9332,22414.5440,22226.1870,21157.1373,22219.5774,23297.9925,22434.9032,22213.3332,20608.3720,22192.4957,23816.2412,27320.6518,27015.6006,24585.1604,26972.5444,29429.8787,29529.8384,29179.5994,25975.4176,29120.4646,32339.4959,31606.4471,31218.5089,27821.3561,31152.5546,34532.9922,33998.9517,33580.0562,29790.0756,33502.1541,37244.7657,33298.7126,33227.4564,28007.4473,32112.6799,39059.7006,35188.7544,35538.0054,28567.9203,33555.4537,43035.4485,35906.2936,36638.8870,27751.9232,33581.7534,45770.9288,36009.8386,37172.3510,26339.5176,32715.8110,47924.6871,36824.3566,37962.4135,26621.5120,33232.0046,49686.2825,37734.3701,38841.1602,26861.9640,33468.3715,51933.5885,37633.4628,38867.5313,26040.2903,32543.7176,53789.5565,36988.4879,38429.8679,24483.1306,30910.4044,55593.1764,11.00000000000,47,187
47,141,01639783,47141,Putnam,Putnam County,06,H1,G4020,,18260,,A,1038852585.00000000000,3784351.00000000000,+36.1408072,-085.4969279,47141,4429.5723,4417.2719,4381.6454,4417.1791,4453.6179,4425.0697,4405.5352,4324.6429,4405.5013,4484.8727,4358.5304,4331.2570,4188.6813,4331.8464,4472.8531,4993.7426,4951.8639,4713.6863,4950.3857,5190.6210,4859.7082,4812.4038,4464.7578,4807.9159,5159.3801,4951.3539,4897.5224,4457.8475,4889.9959,5334.0341,4043.8834,3996.4927,3558.1519,3988.5242,4428.7104,5441.0725,5373.9735,4788.8702,5362.5548,5944.8609,5697.4990,5627.5506,4992.6584,5614.5473,6241.4585,5485.1372,5473.9754,4614.5694,5290.4797,6434.2569,5645.7076,5702.2537,4584.3533,5384.3016,6904.7199,5672.7400,5789.0057,4385.3721,5306.1530,7231.2908,5611.5773,5793.2617,4105.5051,5098.9118,7468.3687,5631.0124,5805.5587,4071.7375,5082.3474,7597.8459,5676.8427,5843.8589,4042.0636,5035.7015,7813.0454,5609.2535,5793.6685,3882.1408,4851.2276,8017.3469,5607.7691,5826.7162,3712.6022,4686.7975,8428.4239,11.00000000000,47,141
19,091,00465234,19091,Humboldt,Humboldt County,06,H1,G4020,,,,A,1124967281.00000000000,3406139.00000000000,+42.7822212,-094.2027754,19091,520.5510,519.0890,514.8938,519.0788,523.3744,481.3011,479.1188,470.2909,479.1191,487.7892,568.3566,564.7168,546.1087,564.8033,583.2175,661.4907,655.8640,624.3176,655.6736,687.5193,628.8094,622.6118,577.6278,622.0283,667.5341,645.8033,638.6405,581.2163,637.6319,695.6749,571.4327,564.6783,502.6921,563.5392,625.8052,588.3642,581.3413,518.2792,580.1542,642.8543,620.5852,613.0355,543.9447,611.6335,679.8430,514.3494,513.3986,432.8875,496.2145,603.3730,491.7887,496.8830,399.6312,469.2294,601.4866,506.6891,517.2429,391.9971,474.1582,645.9193,490.6271,506.6843,359.2444,446.0203,652.9839,470.2598,485.0117,340.3433,424.6622,634.5305,455.5400,469.1132,324.6560,404.3083,626.9740,431.4677,445.8151,298.9037,373.3630,616.7113,409.3891,425.5229,271.3017,342.3385,615.3172,11.00000000000,19,091
47,159,01639791,47159,Smith,Smith County,06,H1,G4020,400,34980,,A,814004493.00000000000,28706391.00000000000,+36.2556502,-085.9420775,47159,1321.2496,1317.5654,1306.9310,1317.5385,1328.4197,1242.7133,1237.2462,1214.5385,1237.2353,1259.5135,1150.2147,1143.0172,1105.3915,1143.1727,1180.3843,1330.7952,1319.5096,1256.0427,1319.1242,1383.1819,1297.7386,1284.8572,1192.0178,1283.6493,1377.5989,1388.9549,1373.2472,1249.5769,1371.0204,1496.1279,1309.7183,1294.1582,1152.0247,1291.5295,1434.3303,1257.4273,1241.7442,1106.3700,1239.0692,1373.8421,1247.8030,1232.3394,1093.1607,1229.4618,1366.9175,1183.3683,1180.4520,994.6365,1140.7445,1388.0089,1053.9654,1064.1965,855.2576,1004.7575,1288.9504,1014.8419,1035.3284,783.9859,948.8659,1293.6257,968.8984,999.9641,708.3387,880.0000,1289.4663,926.6524,955.0953,669.5697,836.0056,1250.2939,886.2659,912.0850,630.5978,785.8472,1219.7484,830.8409,857.9306,574.6218,718.2792,1187.5111,766.0711,795.7953,506.8429,640.0299,1151.3862,11.00000000000,47,159
47,115,01639770,47115,Marion,Marion County,06,H1,G4020,174,16860,,A,1290227262.00000000000,36501967.00000000000,+35.1334215,-085.6183990,47115,1874.9738,1869.7171,1854.6111,1869.6800,1885.1448,1880.3934,1872.1792,1837.8492,1872.1587,1905.8309,1710.2637,1699.6244,1643.6905,1699.8484,1755.1584,1733.0134,1718.6000,1635.9381,1718.0787,1801.4141,1965.3441,1946.3194,1805.7275,1944.5086,2086.6060,1986.7291,1964.9569,1788.4430,1961.9040,2140.2293,1911.9347,1889.7553,1682.6865,1886.0392,2093.9057,1815.5754,1793.9812,1599.4528,1790.3338,1983.7257,1810.0866,1788.3687,1587.1253,1784.3420,1982.9630,1782.6384,1779.7800,1501.0933,1720.3267,2091.2834,1660.5853,1678.0505,1349.8663,1584.7416,2031.0369,1610.1543,1644.0068,1246.2379,1507.1740,2052.6374,1576.1834,1628.0566,1154.5978,1433.2412,2097.7945,1564.6997,1614.0223,1132.8389,1413.2857,2111.3007,1521.3460,1566.9050,1084.6397,1350.5406,2093.8945,1459.7477,1508.4921,1011.6168,1263.4229,2086.4808,1389.1015,1444.0225,920.8719,1161.8091,2087.8488,11.00000000000,47,115
47,099,01639764,47099,Lawrence,Lawrence County,06,H1,G4020,,29980,,A,1598355330.00000000000,2229584.00000000000,+35.2204764,-087.3965460,47099,2734.2211,2726.5631,2704.5383,2726.5088,2749.0544,2498.6068,2487.5781,2441.9029,2487.5588,2532.3749,2318.0334,2303.5951,2227.7808,2303.9008,2378.8720,2429.3802,2408.9363,2293.0696,2408.2219,2525.1136,2652.2436,2626.2187,2436.4835,2623.7617,2815.6561,2942.9173,2910.3533,2648.7140,2905.7716,3170.2043,2636.2857,2605.0727,2319.0609,2599.8058,2887.1252,2801.7534,2767.6933,2466.8455,2761.9140,3061.1960,2794.9163,2760.2340,2448.4501,2753.7791,3061.7115,2725.4006,2719.8820,2292.8908,2628.7150,3196.9962,2046.2984,2066.8797,1661.7592,1951.6591,2502.6440,2011.1888,2052.5046,1554.9380,1881.3408,2563.7622,1985.6864,2050.0710,1452.9169,1804.3958,2642.7303,1926.0516,1985.8584,1392.8918,1738.5170,2598.8036,1840.5185,1894.7860,1310.7054,1632.8009,2533.1174,1704.8004,1760.9780,1180.1136,1474.5781,2436.6926,1594.0722,1656.4426,1055.5853,1332.4379,2395.8837,11.00000000000,47,099
18,105,00451680,18105,Monroe,Monroe County,06,H1,G4020,,14020,,A,1021773228.00000000000,43542811.00000000000,+39.1607509,-086.5233253,18105,6987.5948,6968.1653,6911.9517,6968.0200,7025.5226,7205.2896,7173.4787,7041.7607,7173.4237,7302.6651,7965.5983,7915.7717,7655.2054,7916.8468,8174.5430,9052.3421,8976.0744,8544.3368,8973.4187,9409.0058,9647.0481,9550.5262,8860.3700,9541.5183,10240.2045,3476.5837,3437.7037,3128.3935,3432.2130,3744.9671,2344.0741,2314.9108,2059.4987,2309.9080,2566.9478,9254.2341,9141.7542,8148.0689,9122.6700,10111.1785,9722.2416,9603.1265,8519.9680,9580.9887,10650.4867,9028.1076,9009.4939,7594.7848,8707.4172,10590.2256,12512.2045,12637.5485,10160.0394,11932.8985,15302.4730,12486.0890,12742.0392,9652.5772,11679.2587,15916.5717,12139.1415,12532.2478,8881.2980,11030.2294,16155.8191,12369.1978,12752.6541,8944.1391,11164.0458,16689.5883,12581.3784,12951.5535,8958.3175,11160.4694,17315.7682,13297.5480,13734.6085,9202.9607,11500.3844,19006.2737,14127.3461,14678.6929,9352.5383,11806.9055,21233.2532,11.00000000000,18,105
47,125,01639777,47125,Montgomery,Montgomery County,06,H1,G4020,,17300,,A,1396461566.00000000000,12050596.00000000000,+36.5003535,-087.3808865,47125,10360.0056,10331.2274,10247.8981,10331.0109,10416.2429,11597.8962,11546.8015,11334.8398,11546.7050,11754.6667,13205.7078,13122.6061,12690.5324,13124.4460,13551.8260,18114.4955,17959.8366,17095.9855,17954.6613,18826.9053,21554.8905,21337.4418,19795.3623,21317.2482,22879.0328,22331.9584,22074.9959,20084.1769,22038.3540,24053.8295,21698.6786,21431.3991,19069.1913,21385.6972,23762.0891,23091.4486,22796.7064,20304.6880,22746.2051,25228.9023,26002.3411,25670.1331,22760.7564,25608.1074,28483.2968,26172.1583,26103.6157,21990.7589,25224.4623,30697.1449,25116.0618,25352.0226,20367.0945,23933.5978,30714.4944,26148.7217,26668.7484,20186.7030,24438.9045,33331.0001,26662.9899,27510.4361,19479.9304,24207.2656,35483.9984,27173.6015,28000.4669,19622.3353,24506.2607,36663.5770,27557.8373,28353.7156,19595.8459,24426.5679,37926.6899,27669.5532,28565.3018,19125.3076,23912.8533,39547.3153,27695.3856,28764.1953,18313.3077,23131.5704,41625.1283,11.00000000000,47,125
47,149,01639787,47149,Rutherford,Rutherford County,06,H1,G4020,400,34980,,A,1604145428.00000000000,12143221.00000000000,+35.8433688,-086.4172127,47149,20606.1514,20548.7230,20382.8837,20548.3008,20717.9801,23975.1324,23869.2895,23431.0089,23869.1054,24299.1456,25532.1522,25373.3220,24538.2988,25376.6657,26202.3771,29370.6566,29125.7102,27724.8088,29116.9224,30529.4665,30038.4157,29744.0968,27595.2271,29716.2848,31889.4541,35971.6495,35574.1541,32376.3968,35518.2535,38749.9639,35651.9401,35233.3688,31368.2454,35162.9431,39044.5862,39513.0454,39030.2708,34785.2626,38948.2689,43171.8162,43512.7471,42979.6785,38131.9437,42880.6074,47667.1945,42257.8887,42170.6301,35548.6915,40756.6672,49569.6670,46551.6024,47016.2452,37797.4077,44394.1689,56932.5062,47945.2311,48926.0493,37061.3450,44844.5684,61117.6693,48313.5971,49875.8470,35343.4772,43897.2492,64299.7064,49774.8110,51315.5280,35988.0026,44922.1807,67160.2584,51367.0213,52875.9752,36570.6725,45562.7297,70696.3077,51612.4717,53307.0526,35716.7402,44634.7834,73769.9215,51494.7365,53503.2429,34088.2753,43035.1937,77395.9781,11.00000000000,47,149
47,165,01639794,47165,Sumner,Sumner County,06,H1,G4020,400,34980,,A,1371267673.00000000000,35658276.00000000000,+36.4700152,-086.4585173,47165,12530.6190,12495.6471,12394.7747,12495.3927,12598.6152,13515.0967,13455.5510,13208.5481,13455.4389,13697.7804,13669.1059,13583.6040,13136.4684,13585.4489,14027.6592,15490.0513,15360.4100,14621.5970,15355.8066,16100.9144,16084.8530,15927.1279,14776.4581,15912.2309,17075.9576,17966.7243,17767.0585,16169.2600,17738.9236,19354.0774,18094.8504,17881.5693,15919.2016,17845.6352,19816.6638,18398.9511,18173.4088,16196.0917,18135.0732,20102.5872,19719.3479,19476.4355,17278.2947,19431.2622,21601.9224,19081.4380,19040.5614,16049.2623,18401.7418,22382.6935,19630.5837,19825.8865,15937.8698,18720.0087,24008.0578,19808.7155,20213.3658,15310.9940,18526.9398,25250.8777,19709.8554,20346.6541,14417.6988,17907.5104,26231.4492,19911.4257,20527.2992,14395.4915,17969.6418,26866.0883,20086.9094,20676.5988,14300.1747,17816.6740,27645.5343,19831.3786,20482.1847,13723.1095,17149.9059,28345.0509,19371.1848,20126.5045,12822.8374,16188.6016,29114.6462,11.00000000000,47,165
47,005,01639724,47005,Benton,Benton County,06,H1,G4020,,,,A,1020822586.00000000000,109009079.00000000000,+36.0692530,-088.0712118,47005,1086.6781,1083.6432,1074.8943,1083.6212,1092.5745,1011.0714,1006.5833,988.0878,1006.5772,1024.7285,879.7537,874.2460,845.4671,874.3653,902.8278,912.9548,905.2182,861.6782,904.9534,948.8967,906.3789,897.2417,832.3977,896.3928,962.0631,1046.1019,1034.3743,941.2875,1032.7167,1126.8500,927.9749,916.6913,815.7829,914.7700,1016.2365,799.7100,789.6856,703.5444,787.9741,873.7456,847.5494,836.8413,742.1196,834.8444,928.4310,805.7748,803.9387,677.5335,776.9364,945.1542,685.0779,691.8004,556.0443,653.1832,837.8300,646.1747,659.2874,499.3029,604.2524,823.6914,615.7040,635.5147,450.2455,559.2990,819.4208,589.4575,607.6151,426.0349,531.8779,795.3365,568.7108,585.3382,404.7545,504.3483,782.7089,520.6373,537.6651,360.1731,450.1674,744.1444,485.5954,504.4807,321.3546,405.7545,729.8407,11.00000000000,47,005
18,111,00450376,18111,Newton,Newton County,06,H1,G4020,176,16980,23844,A,1040550429.00000000000,4349521.00000000000,+40.9623985,-087.4021716,18111,840.4300,838.0599,831.2818,838.0439,844.9870,815.4421,811.7639,796.8169,811.7630,826.4400,782.5154,777.5628,751.9545,777.6751,803.0090,791.2378,784.4625,746.7306,784.2379,822.3431,811.6815,803.4895,745.4202,802.7290,861.5417,909.7409,899.4739,818.4837,898.0194,979.9435,859.5310,849.0537,755.5678,847.2683,941.2798,763.9128,754.1731,671.7418,752.5046,834.6248,810.7087,800.5259,709.9762,798.6282,888.0819,679.5352,677.6201,570.7254,654.7618,796.9892,716.1910,722.8832,580.7094,682.4273,875.8258,704.2289,718.1837,543.5736,658.1172,897.6536,658.3235,679.1807,480.8557,597.6066,876.1130,640.1294,659.5350,462.1181,577.2020,863.6786,622.2975,640.1945,442.3723,551.4934,856.4358,582.4363,601.2137,402.4445,503.2612,832.4544,546.2111,567.2137,361.0402,456.1090,820.9302,11.00000000000,18,111
18,067,00450360,18067,Howard,Howard County,06,H1,G4020,316,29020,,A,759012945.00000000000,2240090.00000000000,+40.4835368,-086.1141178,18067,5041.8797,5027.7613,4987.1496,5027.6608,5069.2325,5077.7151,5055.3773,4962.5942,5055.3327,5146.3606,4818.5247,4788.3150,4630.6809,4788.9732,4944.8801,4929.7950,4888.6729,4653.5353,4887.1985,5124.2931,5020.5972,4971.2369,4612.0739,4966.5822,5329.8676,5687.8652,5623.7161,5117.3737,5614.6304,6126.7971,5162.6798,5101.0245,4540.5089,5090.5901,5653.8415,4864.4159,4803.5748,4279.7221,4793.1918,5314.7620,4912.6085,4850.9108,4302.2171,4839.4127,5381.4635,4683.6365,4672.1624,3936.7803,4515.0207,5493.5972,4316.1500,4357.6022,3501.6299,4114.0771,5278.3772,4128.4919,4211.3529,3188.5029,3859.4897,5262.5577,3921.3529,4046.6155,2866.0077,3560.9744,5218.7231,3757.5719,3872.4277,2714.2734,3389.3887,5069.8942,3584.2471,3688.1743,2549.4124,3177.5100,4932.8812,3317.8797,3425.5783,2293.8426,2867.7724,4742.1728,3054.3622,3172.4119,2019.9833,2551.2630,4590.6031,11.00000000000,18,067
47,129,01639778,47129,Morgan,Morgan County,06,H1,G4020,,,,A,1352440400.00000000000,809723.00000000000,+36.1386970,-084.6392616,47129,1408.7268,1404.7506,1393.3874,1404.7240,1416.3647,1368.1556,1362.1100,1337.0964,1362.0999,1386.6439,1123.8923,1116.8400,1080.0715,1116.9942,1153.3605,1183.6465,1173.8782,1117.4168,1173.5171,1230.4128,1084.4347,1074.0242,996.4500,1073.0283,1151.4018,1176.4396,1163.5168,1058.9775,1161.7032,1267.3258,1216.1134,1201.3782,1069.1784,1198.8723,1331.7864,1134.3423,1119.7405,997.2135,1117.2346,1239.3352,1128.3735,1114.0461,987.8745,1111.3728,1236.0456,998.5897,995.9019,838.9192,962.3409,1171.2214,949.9123,958.8446,770.3160,905.2005,1161.6514,890.8164,908.4906,687.6336,832.5151,1135.4923,833.8376,860.2649,609.0716,756.9450,1109.6924,789.4380,813.3578,569.8851,711.8176,1065.1284,749.0298,770.5383,532.4041,663.7640,1030.8482,692.7653,715.0503,478.5909,598.5305,990.1401,639.3231,663.8461,422.4797,533.7880,960.8694,11.00000000000,47,129
47,185,01639800,47185,White,White County,06,H1,G4020,,,,A,975578971.00000000000,7128063.00000000000,+35.9270621,-085.4557657,47185,1723.2353,1718.4553,1704.5983,1718.4190,1732.5905,1660.3443,1653.0541,1622.7224,1653.0386,1682.7944,1537.3017,1527.9334,1477.6939,1528.1122,1577.7657,1732.5077,1718.1490,1635.5090,1717.6245,1800.9207,1986.1799,1966.6520,1824.5649,1964.8105,2108.5288,2049.2208,2026.4666,1844.2377,2023.2613,2207.4629,1953.9152,1930.8969,1719.0065,1927.0195,2139.8412,1933.2599,1909.5265,1701.7302,1905.4914,2112.2665,1996.6032,1972.1103,1749.6398,1967.5576,2187.2280,1983.7684,1979.3902,1668.3021,1912.9461,2326.9466,1762.5319,1780.0314,1430.9190,1680.7310,2155.5575,1750.7509,1786.4831,1353.1734,1637.4237,2231.7409,1715.5553,1770.9528,1254.8725,1558.6410,2283.1953,1690.2814,1742.5413,1221.9963,1525.4158,2280.6608,1646.0512,1694.3669,1171.8359,1460.0042,2265.4534,1574.8451,1626.5343,1089.7899,1361.9140,2250.9314,1502.7328,1561.3496,994.7801,1255.8692,2258.5899,11.00000000000,47,185
19,035,00465207,19035,Cherokee,Cherokee County,06,H1,G4020,,,,A,1494180371.00000000000,423187.00000000000,+42.7427375,-095.6332616,19035,582.1061,580.4631,575.7676,580.4520,585.2622,550.4097,547.9283,537.8400,547.9276,557.8335,581.1569,577.3869,558.3504,577.4809,596.3255,658.4035,652.4933,621.1081,652.3249,684.1128,616.4463,610.0278,565.9229,609.4427,654.1838,652.4584,644.8088,586.5664,643.7112,702.7239,543.7231,536.9955,477.7800,535.8435,595.4243,517.3471,510.6234,454.6844,509.4673,565.2282,550.9208,543.6984,481.8886,542.3463,603.4634,533.5525,531.7574,447.5933,513.7408,625.7036,459.1627,463.2128,371.8820,437.2149,561.4684,447.5562,456.1927,345.0489,417.9587,570.4547,426.4954,439.7985,311.1645,386.8976,567.5721,415.6221,428.0333,299.7178,374.5250,560.7509,403.1885,414.6144,286.3173,357.0991,554.8738,383.8410,396.0738,264.9704,331.4845,548.5996,364.2323,378.1201,240.5446,304.0050,547.4170,11.00000000000,19,035
47,121,01639775,47121,Meigs,Meigs County,06,H1,G4020,,,,A,505362806.00000000000,56013385.00000000000,+35.5033973,-084.8238876,47121,829.5745,827.2628,820.5865,827.2458,834.0766,805.1770,801.5848,786.8464,801.5812,816.0478,697.1802,692.7979,669.9881,692.8945,715.4559,663.8917,658.2807,626.6182,658.0871,690.0379,688.8405,682.1518,632.8749,681.5163,731.3284,734.4232,726.2489,660.9291,725.0965,791.1302,735.8605,727.3373,647.6514,725.9100,805.8986,683.6835,675.5036,602.2078,674.1202,747.0003,630.1842,622.5120,552.3474,621.0871,690.3579,582.7442,581.6619,490.4409,562.1916,683.6043,572.1946,577.9167,464.6105,545.6899,699.7945,540.9551,552.0399,418.1869,505.9942,689.5790,513.5665,530.1959,375.7352,466.6501,683.4986,503.5232,519.1349,364.1001,454.4667,679.3971,483.2407,497.4659,344.0943,428.6738,665.0854,452.5365,467.4262,313.2192,391.3960,646.8145,414.3658,430.5602,274.3581,346.3337,622.7889,11.00000000000,47,121
18,051,00450354,18051,Gibson,Gibson County,06,H1,G4020,,21780,,A,1262582226.00000000000,30247794.00000000000,+38.3174127,-087.5805656,18051,2080.6448,2074.8558,2058.1156,2074.8127,2091.9377,2066.3474,2057.2569,2019.4993,2057.2388,2094.2821,1975.9463,1963.5033,1898.8512,1963.7796,2027.7305,2295.5930,2276.1625,2166.6819,2275.4953,2385.9825,2222.7922,2200.9066,2041.8922,2198.8444,2359.6956,2335.1001,2309.1124,2101.4290,2305.4486,2515.4008,2022.4657,1998.4935,1779.0545,1994.4468,2214.8979,2073.2179,2047.5791,1824.5725,2043.2135,2265.1728,2097.6933,2071.6183,1837.5718,2066.7645,2297.9281,1966.3191,1962.0133,1653.6887,1896.1616,2306.4868,1597.6192,1613.3576,1296.8170,1523.3170,1953.8510,1530.7236,1561.8456,1182.9028,1431.4885,1951.2503,1467.2906,1514.5584,1073.0817,1332.9424,1952.7752,1361.9580,1403.9639,984.4559,1228.9853,1837.6518,1255.3491,1292.1000,893.5229,1113.3390,1727.7238,1122.6728,1159.4327,776.7313,970.7682,1604.6339,1009.6543,1048.9567,668.2274,843.6926,1517.4936,11.00000000000,18,051
47,059,01639747,47059,Greene,Greene County,06,H1,G4020,,24620,,A,1611399661.00000000000,5056718.00000000000,+36.1789979,-082.8477460,47059,4643.3063,4630.4047,4593.0549,4630.3077,4668.5110,4628.3807,4607.9115,4523.2830,4607.8782,4690.9208,3941.9901,3917.5046,3788.5896,3918.0166,4045.4888,3955.0137,3921.9544,3733.3143,3920.7762,4111.0095,4161.5565,4120.9971,3823.2938,4117.1524,4418.1437,4185.8384,4139.4047,3767.1997,4132.8658,4509.0842,3753.4799,3709.6914,3302.9847,3702.3402,4110.6942,3926.2848,3878.7002,3457.2321,3870.6311,4289.8677,3969.7291,3920.9639,3478.5770,3911.8980,4348.7290,3285.5696,3278.4102,2763.2515,3168.3855,3853.9726,3495.8645,3531.0692,2839.0005,3334.2392,4275.4852,3306.4100,3374.4088,2556.4622,3093.0338,4214.8544,3064.1095,3163.5834,2242.2025,2784.5133,4078.0038,2968.7524,3061.0560,2147.1635,2679.8445,4005.7210,2836.1194,2919.8571,2019.9131,2516.1859,3903.3784,2668.2724,2756.2962,1847.2295,2308.0612,3813.8021,2493.9098,2591.5751,1651.6084,2084.6929,3748.3411,11.00000000000,47,059
47,147,01639786,47147,Robertson,Robertson County,06,H1,G4020,400,34980,,A,1233577495.00000000000,451694.00000000000,+36.5275304,-086.8693774,47147,4607.0841,4594.2003,4557.0997,4594.1080,4632.0805,4729.8778,4708.7935,4622.2242,4708.7711,4793.7416,4560.0173,4531.4206,4382.2420,4532.0446,4679.5897,5033.0417,4990.8854,4750.8310,4989.3918,5231.5027,4794.4068,4747.0657,4404.0806,4742.6130,5089.6087,5084.9536,5028.2414,4575.9204,5020.2401,5477.5439,5130.6450,5070.1489,4513.7188,5059.9553,5618.8486,5058.7621,4996.9166,4453.4057,4986.4110,5527.1837,5127.2793,5064.0580,4492.4584,5052.2999,5616.7646,4801.9884,4791.8551,4039.1949,4631.1277,5632.8117,4449.8937,4494.0063,3612.5447,4243.2838,5442.1608,4389.9052,4479.4338,3392.8845,4105.6587,5595.9513,4266.8362,4404.5586,3120.9495,3876.4931,5678.6343,4134.0153,4261.7745,2988.6081,3730.7235,5577.9342,4067.9912,4187.3219,2895.9019,3608.1063,5598.7527,3923.4996,4052.1803,2714.8854,3392.8928,5607.8646,3707.8309,3852.3498,2454.3134,3098.5845,5572.8195,11.00000000000,47,147
18,013,00451684,18013,Brown,Brown County,06,H1,G4020,294,26900,,A,808026819.00000000000,12043068.00000000000,+39.1925851,-086.2394102,18013,1007.7582,1004.9644,996.8615,1004.9431,1013.2294,960.7827,956.5273,938.9566,956.5209,973.7632,863.7538,858.3777,830.1282,858.4912,886.4259,926.8390,919.0577,874.8523,918.7839,963.3741,921.8448,912.9751,847.0313,912.1278,978.7582,1113.9514,1101.8873,1002.9954,1100.2029,1200.0602,976.6157,965.3356,859.6033,963.4486,1069.5721,912.1136,901.4161,803.8229,899.6146,996.5982,880.1033,870.0313,772.6277,868.1742,964.2187,703.2569,702.3067,592.5058,678.8940,825.0615,802.9773,811.5635,652.9756,766.4795,982.1324,793.1122,809.9185,614.0886,742.5529,1011.0816,754.6218,779.6022,553.0300,686.3683,1004.3639,743.2364,766.8101,538.3525,671.4993,1002.8863,724.2523,746.0799,516.5968,643.1148,996.8310,669.3692,691.8677,464.1378,579.5281,956.7688,626.3826,651.2864,415.4924,524.0604,941.4748,11.00000000000,18,013
18,047,00450352,18047,Franklin,Franklin County,06,H1,G4020,178,17140,,A,995668709.00000000000,17145544.00000000000,+39.4097621,-085.0669641,18047,1491.6481,1487.4869,1475.4799,1487.4565,1499.7427,1422.6676,1416.3413,1390.3106,1416.3335,1441.8812,1257.1947,1249.3154,1208.1878,1249.4869,1290.1635,1289.5888,1278.5736,1217.0753,1278.2054,1340.3028,1291.7209,1278.9824,1186.5747,1277.7832,1371.2656,1672.0436,1653.4813,1504.7952,1650.8665,1801.1609,1572.4856,1553.5951,1382.7824,1550.3917,1722.0743,1512.5033,1493.5828,1330.6975,1490.3538,1652.5301,1394.2807,1377.0370,1221.5525,1373.8288,1527.3821,1225.0657,1222.0680,1029.7220,1180.9664,1436.9223,1170.7952,1182.1760,950.0883,1116.1522,1431.8304,1129.9493,1152.7665,872.9212,1056.4990,1440.3547,1071.8736,1106.2471,783.6318,973.5346,1426.5123,1046.9834,1079.1209,756.5188,944.5669,1412.6518,1007.3447,1036.6839,716.7354,893.1979,1386.3858,913.3801,943.1400,631.6700,789.6098,1305.4819,831.7619,864.0036,550.2489,694.8742,1250.1159,11.00000000000,18,047
18,025,00451674,18025,Crawford,Crawford County,06,H1,G4020,,,,A,791610951.00000000000,7965600.00000000000,+38.2894327,-086.4408711,18025,631.4324,629.6510,624.5580,629.6390,634.8561,688.6030,685.5819,673.0035,685.5752,697.9145,600.0422,596.2628,576.6295,596.3468,615.7673,578.2860,573.3771,545.7983,573.2099,601.0471,647.0896,640.5910,594.2974,639.9859,686.8604,632.9091,625.7767,569.4373,624.7668,681.7523,562.1334,555.2004,493.9972,554.0144,615.5878,518.4167,511.9706,456.1757,510.8718,566.4138,518.4834,511.9828,454.0831,510.7716,567.9684,426.6405,425.7040,358.8036,411.4153,500.4476,407.7949,411.6888,330.7986,388.6745,498.7036,372.9799,380.4483,288.0281,348.6555,475.4325,340.2891,351.1454,248.6843,308.9988,452.8717,316.2484,325.9052,228.4243,285.2485,426.6964,286.4685,294.7687,203.7494,253.9526,394.2566,252.5413,260.7371,174.5934,218.2791,360.9516,226.1492,234.8906,149.5638,188.9001,339.8947,11.00000000000,18,025
47,033,01648574,47033,Crockett,Crockett County,06,H1,G4020,,,,A,687731312.00000000000,529234.00000000000,+35.8113116,-089.1353494,47033,864.6133,862.2147,855.2618,862.1965,869.3071,887.4224,883.5792,867.3949,883.5672,899.4368,805.6665,800.7230,774.3871,800.8207,826.8539,929.2466,921.5979,877.2707,921.3129,965.9742,927.5622,918.4876,852.1325,917.6294,984.7298,933.7007,923.5038,840.5672,922.0758,1005.8513,886.7856,876.5153,780.4866,874.7954,971.1886,906.1676,895.3773,798.2757,893.5543,990.0920,933.9754,923.0118,819.3948,920.9842,1023.2063,855.0404,853.5853,719.8463,825.0487,1003.0613,843.1955,851.9093,685.1511,804.4907,1031.2747,842.9205,860.4617,652.0929,788.7826,1074.5398,833.3469,860.5808,610.1208,757.5308,1109.1119,830.2583,856.2283,600.7573,749.6590,1120.2768,834.1763,858.9341,594.3336,740.2384,1148.0952,826.8207,854.1931,572.5737,715.3224,1181.7941,812.8288,844.7264,538.4189,679.5356,1221.6841,11.00000000000,47,033
47,013,01639728,47013,Campbell,Campbell County,06,H1,G4020,314,29220,,A,1243689525.00000000000,46503453.00000000000,+36.4015922,-084.1592495,47013,2725.1543,2717.4595,2695.4759,2717.4081,2739.9294,2700.4106,2688.4708,2639.0962,2688.4513,2736.9002,2323.4400,2308.7869,2232.7608,2309.1144,2384.3187,2200.8498,2182.4170,2077.4460,2181.7640,2287.6337,2258.7823,2236.5938,2075.0055,2234.5003,2397.9365,2438.3605,2411.4285,2194.6733,2407.6416,2626.6937,2085.3305,2060.5558,1834.2511,2056.3704,2283.7375,1952.1755,1928.2888,1718.5297,1924.2304,2132.9381,1882.5199,1859.4079,1649.6320,1855.1115,2062.2504,1647.9764,1644.4647,1386.1349,1589.2973,1933.0952,1536.2344,1551.6729,1247.5239,1465.1692,1878.8284,1413.4494,1442.4930,1092.8123,1322.2023,1801.7949,1303.5186,1345.8014,953.8073,1184.5303,1734.8414,1222.2146,1260.1832,883.9169,1103.2325,1649.1244,1136.8078,1170.3384,809.5863,1008.5248,1564.5967,1017.1109,1050.6326,704.0837,879.7632,1453.7698,921.1679,957.2126,609.9968,769.9803,1384.5115,11.00000000000,47,013
47,039,01639739,47039,Decatur,Decatur County,06,H1,G4020,,,,A,864654041.00000000000,28588845.00000000000,+35.6034221,-088.1073838,47039,728.1121,726.0591,720.1870,726.0452,732.0601,687.6643,684.5853,671.9922,684.5830,696.9454,676.3344,672.0748,649.9453,672.1694,694.0589,668.6767,663.1135,631.2188,662.9125,695.0677,612.3088,606.2901,562.4869,605.7225,650.0281,632.7221,625.7753,569.5531,624.8006,681.6043,536.5052,530.3387,472.2781,529.3089,587.5744,576.8065,569.7179,507.7131,568.5124,630.2144,576.0846,569.2197,505.2144,567.9479,631.1105,504.5656,503.6244,424.6380,486.7653,591.8938,461.0800,465.7990,374.5770,439.8578,563.9189,450.3890,459.7238,348.3599,421.4145,574.1432,422.7489,436.5424,309.4709,384.2606,562.6398,401.6132,414.1655,290.5815,362.6129,541.9003,387.6729,399.1766,276.2052,344.0137,533.5625,363.1609,375.1873,251.4958,314.1927,519.0746,340.7432,354.1241,225.7253,284.8771,512.1385,11.00000000000,47,039
47,101,01639765,47101,Lewis,Lewis County,06,H1,G4020,,,,A,730608109.00000000000,1031587.00000000000,+35.5232441,-087.4969827,47101,667.7803,665.9226,660.5500,665.9087,671.4048,746.2422,742.9614,729.3267,742.9547,756.3312,655.7779,651.6438,630.1861,651.7360,672.9616,602.6980,597.6643,568.9176,597.4845,626.4726,598.4905,592.7152,549.9022,592.1644,635.4294,649.4050,642.2636,584.5527,641.2610,699.5726,601.1300,594.0373,528.8397,592.8419,658.3296,539.5142,532.8811,474.8826,531.7530,589.4689,518.7744,512.4314,454.6462,511.2528,568.3067,455.6511,454.7989,383.4680,439.5736,534.5129,424.0588,428.3318,344.3838,404.4564,518.6295,397.3177,405.4871,307.1965,371.6750,506.4816,372.8166,384.9133,272.8024,338.7894,496.1786,360.1638,371.3522,260.4733,325.1017,485.9661,345.5777,355.7675,246.1002,306.5770,475.6209,323.2614,333.9093,223.7633,279.6015,462.0413,301.5488,313.3405,199.6716,252.0473,453.2261,11.00000000000,47,101
47,177,01639796,47177,Warren,Warren County,06,H1,G4020,,32660,,A,1120635730.00000000000,3508343.00000000000,+35.6782817,-085.7773633,47177,2552.5571,2545.3775,2524.8006,2545.3282,2566.4004,2563.7114,2552.2978,2505.3825,2552.2847,2598.3314,2496.1411,2480.4976,2398.8395,2480.8380,2561.6004,2460.1847,2439.7028,2322.3570,2438.9643,2557.2732,2489.6416,2465.4152,2287.3155,2463.1166,2643.1694,2691.3826,2661.2412,2421.7667,2656.9825,2899.1381,2631.6621,2600.4088,2314.8244,2595.1296,2882.0507,2745.6743,2711.8631,2416.6514,2706.1109,2999.8987,2658.2574,2625.5732,2329.3101,2619.4964,2912.0442,2424.7433,2420.0182,2040.2789,2338.9520,2844.3590,2236.4966,2258.7251,1815.7499,2132.7277,2735.2152,2193.9105,2238.7129,1695.7407,2051.9294,2796.6544,2124.4663,2193.0978,1554.0283,1930.1879,2827.4088,2070.5599,2134.6057,1496.9694,1868.6391,2793.7652,2018.2267,2077.4855,1436.8234,1790.1381,2777.6784,1940.1631,2003.8482,1342.5989,1677.8451,2773.0821,1836.4453,1908.0707,1215.6765,1534.7503,2760.1552,11.00000000000,47,177
19,189,00465283,19189,Winnebago,Winnebago County,06,H1,G4020,,,,A,1037261544.00000000000,3182052.00000000000,+43.3781243,-093.7434883,19189,535.8609,534.3493,530.0273,534.3391,538.7664,543.6574,541.2505,531.3086,541.2468,551.0028,499.6733,496.5521,480.2080,496.6191,512.7827,549.7040,545.0262,518.8110,544.8681,571.3328,545.4930,540.2449,501.2233,539.7436,579.1713,420.3901,415.6668,378.2529,414.9987,452.8367,429.8204,424.7234,378.0857,423.8628,470.7164,499.9191,493.8705,440.2155,492.8451,546.2134,540.9482,534.4179,474.2394,533.2062,592.6079,532.1474,531.4069,448.3046,513.6858,624.3104,481.2142,486.0696,390.8118,458.9779,588.5324,484.7423,494.7077,374.7883,453.4552,617.9260,495.7046,511.7786,362.7064,450.4487,659.7284,496.3257,511.7262,358.9161,447.9856,669.6866,491.2544,505.7142,349.7982,435.7809,676.1146,502.7329,519.2647,347.9455,434.7987,718.5601,504.2526,523.9418,333.8409,421.4402,757.8870,11.00000000000,19,189
47,053,01639745,47053,Gibson,Gibson County,06,H1,G4020,297,26480,,A,1561094821.00000000000,2353199.00000000000,+35.9916941,-088.9337756,47053,2836.2998,2828.4251,2805.6138,2828.3656,2851.6966,2920.0499,2907.2432,2853.9063,2907.2149,2959.5370,2812.4200,2794.8432,2702.8478,2795.2209,2886.2009,3105.9667,3080.0677,2931.9214,3079.1381,3228.5143,3047.5349,3017.7865,2799.7757,3014.9692,3235.4048,3369.1925,3331.9666,3032.4592,3326.7315,3629.4174,3119.0250,3082.0395,2743.6111,3075.7954,3415.7900,3072.8604,3035.5058,2705.5481,3029.1675,3357.4077,3070.0498,3032.1802,2689.9112,3025.1366,3363.1362,2893.3055,2886.8348,2433.0478,2789.9066,3393.8067,2599.7357,2625.5815,2110.6661,2479.1222,3179.4544,2527.4545,2579.0783,1953.5647,2363.9004,3221.8357,2434.7263,2513.3923,1781.0006,2212.0898,3240.3283,2347.2209,2419.8387,1697.0144,2118.3387,3167.0595,2264.2856,2330.7862,1612.0284,2008.4104,3116.3297,2127.8544,2197.7220,1472.5203,1840.1870,3041.3515,2001.8812,2079.9800,1325.2280,1673.0339,3008.8046,11.00000000000,47,053
19,119,00465248,19119,Lyon,Lyon County,06,H1,G4020,,,,A,1522007130.00000000000,334472.00000000000,+43.3835796,-096.2072011,19119,590.9284,589.2688,584.5065,589.2573,594.1335,596.4936,593.8258,582.9038,593.8236,604.5450,710.9616,706.4797,683.2164,706.5796,729.5912,753.8431,747.4144,711.4645,747.1985,783.4952,645.7893,639.4365,593.2381,638.8376,685.5677,804.4511,795.3937,723.7887,794.1117,866.5350,765.8429,756.6979,673.5507,755.1503,838.7031,828.3997,817.9636,728.6859,816.1801,905.0883,906.5492,895.2665,794.1070,893.1659,993.0819,842.7297,840.4674,707.9914,812.1461,988.4185,643.1579,649.4068,521.9109,613.1369,786.5530,660.8069,674.1511,510.4947,617.8529,842.3355,641.4699,662.0458,468.9779,582.6244,853.7062,626.2407,645.4700,452.5143,564.9900,844.9614,622.7334,640.8810,443.0989,552.1818,857.0548,595.2580,614.6717,411.6985,514.6195,850.7956,562.9640,584.8102,372.4694,470.3433,846.1213,11.00000000000,19,119
18,095,00450370,18095,Madison,Madison County,06,H1,G4020,294,11300,,A,1170454727.00000000000,2562276.00000000000,+40.1662030,-085.7224543,18095,8278.0171,8254.8740,8188.2148,8254.7077,8322.9313,8057.6631,8022.0812,7874.7772,8022.0199,8166.5558,7486.0393,7439.5763,7194.7677,7440.5447,7682.6093,7377.1085,7316.0825,6964.1918,7313.8413,7668.4878,7508.5233,7435.9801,6898.8561,7429.0670,7971.8923,7148.0816,7069.2228,6433.8538,7058.1391,7700.2098,6556.6770,6479.5599,5768.6245,6466.5769,7180.5959,6804.5374,6720.9123,5989.4469,6706.6914,7434.5856,6883.7685,6798.7682,6031.2411,6782.9569,7540.9258,6072.9003,6059.6284,5107.4010,5856.2542,7123.5017,5956.3906,6015.3607,4835.4253,5679.7375,7284.5744,5694.8421,5810.8257,4401.1712,5325.9015,7259.3765,5323.1945,5494.7824,3893.2202,4835.9227,7084.4973,5092.2671,5249.3447,3680.8472,4595.1171,6870.8557,4842.5614,4984.2552,3446.6717,4294.6570,6664.7607,4562.8961,4712.1566,3156.6277,3945.3287,6521.7278,4277.7685,4444.1068,2830.8662,3574.3888,6429.4036,11.00000000000,18,095
18,091,00450507,18091,LaPorte,LaPorte County,06,H1,G4020,176,33140,,A,1549587772.00000000000,38747148.00000000000,+41.5490111,-086.7447293,18091,6659.4147,6640.7810,6587.1477,6640.6478,6695.5447,6374.8777,6346.6366,6230.0496,6346.5943,6461.0031,6031.3948,5993.9159,5796.6684,5994.7011,6189.7434,6118.2444,6067.8774,5776.0236,6066.0016,6360.0580,5975.2156,5917.6832,5490.2481,5912.1893,6344.0903,6901.6265,6825.4160,6211.9146,6814.7011,7434.6975,7015.7687,6932.4835,6171.1682,6918.4173,7683.2853,6533.5004,6452.0503,5748.6904,6438.1593,7138.3854,6724.2936,6639.9907,5889.0829,6624.2826,7366.0726,6363.1083,6348.4835,5350.1767,6135.2210,7463.7407,6058.7981,6117.0622,4915.5476,5775.2330,7409.5376,5944.8387,6064.2522,4591.4684,5557.6105,7577.8533,5739.7189,5923.1754,4195.1865,5212.3658,7638.7007,5592.9132,5763.9840,4040.2263,5045.0415,7546.2340,5460.5286,5618.9896,3884.2058,4841.0374,7515.1561,5185.1424,5353.5923,3585.0372,4481.8955,7411.0200,4855.9612,5043.7766,3211.6997,4056.2770,7298.3536,11.00000000000,18,091
19,125,00465251,19125,Marion,Marion County,06,H1,G4020,218,37800,,A,1436237259.00000000000,41374638.00000000000,+41.3314552,-093.0938490,19125,1904.7326,1899.4037,1884.0638,1899.3656,1915.0666,1848.1179,1839.8772,1806.0504,1839.8686,1873.0709,1904.5928,1892.5162,1830.1827,1892.7921,1954.4604,2167.2656,2148.9218,2045.5612,2148.2917,2252.6025,2027.3529,2007.0924,1862.0547,2005.2004,2152.0219,1363.2451,1347.7369,1226.3059,1345.5341,1468.4078,1540.6949,1522.1249,1354.7175,1518.9724,1687.2524,2006.5181,1981.2374,1764.9896,1976.9168,2192.2702,2147.1082,2119.9783,1880.0161,2114.9191,2352.0064,1817.1022,1813.0490,1528.0627,1752.1771,2131.4379,1611.2794,1626.7565,1307.2119,1535.8458,1970.4927,1592.7632,1624.7460,1230.1442,1489.0019,2030.2853,1535.0750,1584.1318,1121.9793,1394.0253,2042.9527,1445.3529,1489.5468,1044.0725,1303.7495,1950.1399,1381.7259,1421.8053,982.8245,1224.9485,1901.6252,1380.7422,1425.6016,954.6587,1193.4799,1973.4674,1332.2840,1383.8281,881.1900,1112.9005,2002.3812,11.00000000000,19,125
19,107,00465242,19107,Keokuk,Keokuk County,06,H1,G4020,,,,A,1500067240.00000000000,1929331.00000000000,+41.3311823,-092.1677213,19107,518.6917,517.2288,513.0455,517.2189,521.5041,528.2306,525.8726,516.2028,525.8703,535.3620,530.2885,526.9577,509.6086,527.0309,544.1908,600.5387,595.4455,566.8052,595.2716,624.1786,449.9299,445.3496,413.1601,444.9265,477.5424,533.2546,527.2811,479.8323,526.4371,574.4176,471.4190,465.7179,414.4799,464.7489,516.2602,463.7808,457.7918,407.6791,456.7633,506.7065,454.1833,448.3933,397.5866,447.3125,497.5198,448.6495,447.4671,376.9576,432.3947,526.2160,366.9830,370.4319,297.5956,349.7069,448.7846,351.2099,358.1889,271.1228,328.2379,447.6762,330.3932,340.8845,241.3678,299.9509,439.6975,308.1194,317.4845,222.4778,277.8611,415.7245,300.0582,308.7139,213.3481,265.9513,412.9566,278.7952,287.8105,192.6863,240.9303,398.4735,262.3824,272.4983,173.4802,219.1333,394.3503,11.00000000000,19,107
19,103,00465240,19103,Johnson,Johnson County,06,H1,G4020,,26980,,A,1590355537.00000000000,23595204.00000000000,+41.6687365,-091.5888122,19103,7445.6343,7424.8358,7364.8883,7424.6855,7486.0349,8155.8540,8119.5787,7970.3465,8119.5348,8265.9995,9755.1255,9693.7231,9374.5455,9695.0842,10010.7967,11935.0386,11834.6174,11265.3879,11831.1064,12405.3664,11143.7364,11032.8872,10235.6670,11022.5063,11829.3442,10883.5676,10763.2836,9795.7620,10746.3672,11724.1676,9939.0255,9821.5424,8743.4047,9801.7294,10884.7342,15364.8789,15178.4897,13528.9877,15146.8769,16787.6914,17036.0075,16828.1260,14930.9053,16789.5083,18662.6469,17145.6952,17111.4920,14425.6702,16538.0746,20112.6635,20990.5071,21201.1660,17045.1778,20019.1403,25671.5309,21876.7424,22325.3940,16912.5333,20463.3603,27887.2784,22294.0780,23016.0338,16310.8987,20257.5087,29670.8859,23325.8853,24048.8917,16866.6933,21053.0553,31473.2855,24604.6544,25328.3147,17518.7787,21825.5256,33863.3964,25522.5511,26361.2449,17663.3253,22072.9592,36479.5396,26393.3734,27423.3646,17472.7438,22058.1412,39668.9602,11.00000000000,19,103
47,089,01639759,47089,Jefferson,Jefferson County,06,H1,G4020,314,34100,,A,709858548.00000000000,104186904.00000000000,+36.0484787,-083.4409664,47089,3768.0923,3757.5933,3727.2687,3757.5160,3788.5421,3834.8641,3817.8273,3747.6686,3817.8053,3886.6599,3369.1819,3348.0402,3237.8166,3348.5026,3457.5210,3728.3206,3696.7317,3518.9232,3695.6499,3875.1037,4117.8156,4077.3724,3782.7931,4073.5563,4371.5015,3590.1090,3549.3323,3229.5783,3543.5432,3867.0737,3180.8311,3142.8503,2797.5102,3136.4229,3483.4465,3489.7891,3446.7156,3071.4094,3439.3844,3812.9061,3722.9640,3676.1428,3260.2629,3667.4158,4078.2728,3437.5202,3429.8024,2890.6370,3314.6356,4032.1554,3408.9953,3441.8171,2765.8119,3249.4961,4168.9978,3265.8481,3331.4806,2522.4181,3053.1610,4162.9626,3133.2474,3233.4274,2290.1618,2845.4131,4169.8829,3034.2554,3127.1010,2191.9585,2737.0720,4093.9700,2872.8284,2956.2190,2043.5525,2546.9383,3953.7865,2765.4906,2855.3715,1912.1438,2390.4626,3952.6630,2647.3393,2749.7849,1751.0280,2211.4389,3978.8693,11.00000000000,47,089
18,019,00450340,18019,Clark,Clark County,06,H1,G4020,350,31140,,A,965691140.00000000000,9312549.00000000000,+38.4762174,-085.7111221,18019,7494.0496,7473.1523,7412.8337,7472.9994,7534.7176,8317.8690,8280.8345,8128.6178,8280.7924,8430.1915,8354.2721,8301.7130,8028.3743,8302.8752,8573.2426,9212.3873,9134.8328,8695.4594,9132.1259,9575.3960,9211.6774,9121.4351,8462.4560,9112.9067,9779.3321,9807.3589,9698.7322,8826.7528,9683.4433,10564.7681,9298.5867,9189.1023,8180.7709,9170.6628,10183.4061,9130.4339,9017.9204,8036.1571,8998.7765,9975.8247,9848.3883,9728.0545,8631.1395,9705.6967,10788.7173,9528.1808,9508.7000,8015.7600,9189.9295,11176.8652,9657.7342,9754.3181,7841.8919,9210.3819,11811.4181,9641.2993,9838.7681,7453.0738,9018.0849,12290.1716,9468.1844,9774.6134,6926.8462,8603.0354,12601.0621,9402.1474,9693.4911,6798.4449,8485.9129,12686.1765,9320.0776,9594.2142,6636.0286,8267.3864,12827.2285,9047.3124,9344.7260,6261.5460,7824.6296,12931.3870,8742.3566,9083.7030,5787.8696,7306.6050,13139.6807,11.00000000000,18,019
18,063,00450358,18063,Hendricks,Hendricks County,06,H1,G4020,294,26900,,A,1053895149.00000000000,4833743.00000000000,+39.7687487,-086.5102865,18063,10880.9481,10850.5277,10762.9084,10850.3088,10939.9848,11932.4641,11879.2448,11660.8341,11879.1903,12093.5710,12197.9518,12121.4008,11722.3396,12123.0763,12517.7745,13955.0734,13838.0293,13172.4398,13833.8988,14505.2437,13941.0249,13803.1164,12805.7915,13790.1592,14799.2382,16155.0576,15973.3618,14535.4903,15947.6522,17401.8882,16704.9713,16505.2343,14691.3774,16471.4171,18294.2046,17225.3522,17010.2429,15155.5302,16973.5446,18820.0893,18135.4473,17907.5814,15881.9241,17865.1135,19866.2662,16956.0105,16916.1417,14255.1984,16347.6410,19888.6884,17975.1394,18150.1152,14587.0750,17136.5187,21982.8342,18169.0538,18536.3148,14036.8121,16988.4755,23160.2713,17968.9111,18545.6414,13137.6622,16320.9724,23914.1236,18067.7549,18622.8995,13056.1671,16301.0572,24378.1289,18239.8218,18771.7220,12978.9639,16173.8230,25103.1095,17959.9050,18545.9796,12422.2019,15527.3248,25669.9150,17455.2599,18132.9085,11549.2938,14583.8123,26234.8521,11.00000000000,18,063
18,033,00450346,18033,DeKalb,DeKalb County,06,H1,G4020,258,12140,,A,939710824.00000000000,2657410.00000000000,+41.4011894,-085.0001854,18033,2713.4677,2705.8271,2683.9488,2705.7750,2728.1824,2666.6540,2654.8500,2606.0859,2654.8317,2702.6836,2500.7921,2485.0381,2403.2121,2485.3884,2566.3276,2450.8032,2430.4308,2313.5311,2429.6929,2547.5416,2592.2465,2566.8197,2381.3766,2564.4185,2751.9685,2938.1393,2905.3400,2643.9673,2900.7110,3164.9735,2794.2784,2761.0477,2457.7805,2755.4318,3060.1337,2599.5023,2567.3259,2287.6832,2561.8462,2840.1830,2479.8013,2449.0455,2172.4285,2443.3216,2716.5185,2130.5851,2125.8576,1791.7261,2054.4901,2499.1554,1884.4795,1903.0256,1529.6352,1796.8133,2304.6715,1788.2536,1824.5938,1381.8841,1672.3007,2279.5277,1667.8655,1721.5786,1219.7416,1515.1320,2219.7132,1559.8505,1607.9439,1127.4696,1407.5366,2104.6612,1438.6679,1480.7699,1023.9770,1275.9003,1980.0223,1264.8309,1306.2317,875.0603,1093.6742,1807.8191,1092.1667,1134.6702,722.8179,912.6286,1641.5076,11.00000000000,18,033
47,171,01648582,47171,Unicoi,Unicoi County,06,H1,G4020,304,27740,,A,482165202.00000000000,850686.00000000000,+36.1002148,-082.4182453,47171,1193.2863,1189.9495,1180.3401,1189.9256,1199.7606,1142.8593,1137.7789,1116.8688,1137.7726,1158.2946,993.4390,987.1192,954.6020,987.2655,1019.4384,1048.9413,1039.8662,989.8493,1039.5748,1090.1180,967.6395,957.9640,888.7385,957.0608,1027.1396,1044.6458,1032.7775,939.7341,1031.0924,1125.2358,1035.0555,1022.6222,910.1890,1020.5138,1133.5193,979.6043,967.3543,861.8620,965.2639,1070.2958,868.5825,857.5122,760.3518,855.4458,951.4596,730.3744,728.7157,614.1433,704.2415,856.7127,803.9928,811.7300,652.2952,766.3712,983.2347,747.1466,762.1754,577.0918,698.5061,952.3862,696.8559,719.1600,509.3877,632.8688,927.4129,675.3689,696.0685,487.9477,609.2645,911.2448,652.9859,671.9882,464.5776,578.9727,898.6885,617.1569,637.2709,426.8199,533.5344,882.0944,571.0203,593.1763,377.7945,477.0706,858.2296,11.00000000000,47,171
18,123,00451682,18123,Perry,Perry County,06,H1,G4020,,,,A,988668708.00000000000,11817628.00000000000,+38.0814361,-086.6265397,18123,1104.7938,1101.6524,1092.7289,1101.6326,1110.7806,1107.8307,1102.8804,1082.5980,1102.8760,1122.7854,1056.4957,1049.8082,1015.2334,1049.9599,1084.1642,1080.6718,1071.6125,1020.0694,1071.2923,1123.2795,966.3147,956.8029,887.6746,955.9065,1025.8325,1136.9968,1124.0478,1022.7617,1122.2077,1224.7021,1135.7251,1121.5931,997.8422,1119.1688,1243.7091,1190.5860,1175.2799,1046.6952,1172.6538,1300.7859,1288.0419,1271.4545,1127.2167,1268.3548,1410.9216,1064.4016,1061.3043,893.7898,1025.4767,1248.3541,1008.2156,1017.4430,817.1529,960.4423,1232.9095,978.8900,998.0826,755.2178,914.5362,1247.7289,921.0044,949.9786,672.3728,835.8032,1225.6771,874.1677,900.4560,630.7072,787.9635,1179.4298,840.3227,864.2765,596.9858,744.4411,1156.4754,785.9919,811.1267,542.7319,678.8888,1123.3744,733.2993,761.3059,484.3652,612.1025,1102.1034,11.00000000000,18,123
19,135,00465256,19135,Monroe,Monroe County,06,H1,G4020,,,,A,1123316981.00000000000,1522806.00000000000,+41.0288473,-092.8696415,19135,530.0419,528.5605,524.2926,528.5499,532.9178,499.4795,497.2590,488.1203,497.2562,506.2253,499.9359,496.8335,480.4847,496.8981,513.0636,514.6512,510.3839,485.8353,510.2282,534.9724,498.7626,493.8628,458.1824,493.4005,529.4890,568.2412,562.0005,511.5068,561.1247,612.1412,504.4445,498.4164,443.6456,497.3960,552.4354,520.2026,513.8861,458.0343,512.8146,568.3738,582.4159,575.4048,510.6313,574.1044,638.0381,479.2584,478.4926,403.5704,462.5093,562.2376,461.3962,466.1454,374.8811,440.1931,564.3099,469.3593,479.1070,363.0673,439.1892,598.3284,456.0722,470.9659,333.8870,414.5662,606.9913,448.5802,462.6106,324.5815,405.0321,605.2742,446.7658,460.0318,318.3226,396.4628,614.8941,428.9640,443.1827,297.0888,371.1395,613.1295,417.6548,434.0669,276.6948,349.1922,627.7378,11.00000000000,19,135
18,145,00450387,18145,Shelby,Shelby County,06,H1,G4020,294,26900,,A,1064866098.00000000000,4167863.00000000000,+39.5241345,-085.7921742,18145,2918.9734,2910.8423,2887.3521,2910.7822,2934.8151,2852.5743,2839.7848,2787.5372,2839.7763,2891.0692,2643.0709,2626.4170,2539.9350,2626.7878,2712.3331,2772.1208,2748.6186,2616.4130,2747.8152,2881.2490,2981.3995,2951.7593,2738.4709,2948.9826,3164.8380,3163.1928,3127.9269,2846.5589,3122.9519,3407.4150,2817.6367,2784.5622,2479.0988,2778.9975,3085.7643,2730.9169,2697.6395,2404.3280,2691.9901,2983.7956,2661.2914,2628.6286,2332.0809,2622.5570,2915.3753,2361.0945,2356.3927,1986.5410,2277.4308,2769.6708,2327.4642,2350.9191,1890.1685,2219.8786,2846.5201,2252.7259,2299.0580,1741.7762,2107.3520,2871.6681,2142.9556,2212.5126,1568.1148,1947.3980,2852.0449,2079.2478,2143.8822,1503.8030,1876.8868,2805.5163,1991.4162,2050.1997,1418.2827,1766.7533,2740.8041,1841.8479,1902.6046,1275.0935,1593.1972,2632.5807,1699.8093,1766.3787,1125.7140,1420.8964,2554.8100,11.00000000000,18,145
47,127,01648579,47127,Moore,Moore County,06,H6,G4020,,46100,,C,334684959.00000000000,3093426.00000000000,+35.2888885,-086.3586840,47127,425.9898,424.7782,421.3372,424.7705,428.2982,428.9870,427.0922,419.2495,427.0889,434.7843,368.6275,366.2867,354.2216,366.3405,378.2773,408.1601,404.6464,385.1832,404.5317,424.1938,403.6508,399.6343,370.7572,399.2583,428.4842,420.1476,415.4204,378.0243,414.7514,452.5737,393.0052,388.2766,345.5804,387.4744,430.3905,368.0709,363.5173,323.9240,362.7419,402.1497,336.1323,331.9768,294.4942,331.2037,368.2205,285.8933,285.0749,240.0920,275.4549,335.3054,331.0642,334.2580,268.6126,315.5824,404.8728,310.9801,317.2379,240.2036,290.7379,396.4060,287.5065,296.7077,210.1599,261.1057,382.6288,283.8117,292.5068,205.0452,256.0280,382.9339,273.6835,281.6413,194.7051,242.6543,376.6634,258.3457,266.7560,178.6525,223.3288,369.2495,244.1865,253.6495,161.5363,203.9964,367.0056,11.00000000000,47,127
47,047,01639742,47047,Fayette,Fayette County,06,H1,G4020,,32820,,A,1825386659.00000000000,3762451.00000000000,+35.1969933,-089.4138027,47047,2684.9390,2677.4626,2655.8574,2677.4073,2699.5111,2819.3503,2806.9169,2755.3844,2806.8944,2857.4562,2658.4085,2641.9484,2555.0207,2642.2877,2728.2357,2658.2072,2636.1684,2509.3732,2635.3642,2763.1690,2549.3511,2524.5464,2342.1753,2522.1926,2706.5628,2826.6074,2795.6359,2544.5044,2791.2933,3045.0004,2594.2394,2564.6009,2283.9928,2559.6620,2841.2020,2526.5393,2496.3341,2225.4922,2491.2267,2760.5267,2282.0391,2254.9173,2001.4389,2249.8941,2500.0217,1794.4568,1791.9529,1511.7172,1732.1935,2105.2387,1798.8757,1818.0275,1462.6872,1717.0067,2200.2156,1696.6302,1732.5693,1313.6391,1588.4571,2162.9101,1541.3397,1592.4171,1129.6746,1401.9976,2051.4509,1437.1437,1482.8524,1041.1914,1298.5908,1939.2216,1347.2419,1388.0139,961.2598,1196.5252,1854.3017,1194.1238,1234.4632,828.3599,1034.1061,1706.8456,1039.2614,1080.8302,689.8086,869.8003,1562.0615,11.00000000000,47,047
18,099,00450372,18099,Marshall,Marshall County,06,H1,G4020,515,38500,,A,1148992521.00000000000,15836354.00000000000,+41.3250032,-086.2690363,18099,2871.8437,2863.8307,2840.7133,2863.7723,2887.4278,2795.6841,2783.2711,2732.1279,2783.2546,2833.4462,2566.0648,2549.9183,2465.9603,2550.2757,2633.3214,2649.0572,2626.4189,2500.0907,2625.6636,2753.2265,2710.8860,2684.0227,2490.0882,2681.5013,2877.7383,3050.7607,3016.6696,2745.2594,3011.8565,3286.2795,2826.1500,2792.7487,2486.1853,2787.1160,3095.0617,2775.3252,2741.2040,2442.8535,2735.4010,3032.2983,2783.0705,2748.4257,2437.8632,2741.9754,3048.7217,2372.3707,2367.1231,1995.0864,2287.6604,2782.7715,2274.9712,2297.3901,1846.6499,2169.1765,2782.2379,2215.5984,2260.6472,1712.1600,2071.9664,2824.2770,2118.3841,2186.6240,1549.2452,1924.4172,2819.2968,2076.0729,2140.0938,1500.6179,1873.3661,2801.1863,2021.2983,2080.4538,1438.6715,1792.6170,2781.8901,1908.4732,1970.9340,1320.3437,1650.2090,2727.7748,1783.5278,1852.9210,1180.3465,1490.3196,2680.6104,11.00000000000,18,099
18,179,00450337,18179,Wells,Wells County,06,H1,G4020,258,23060,,A,953341217.00000000000,5596420.00000000000,+40.7352727,-085.2129742,18179,1613.2044,1608.6659,1595.6609,1608.6348,1621.9531,1511.1279,1504.3293,1476.6396,1504.3265,1531.5136,1588.9112,1578.8449,1526.8448,1579.0741,1630.5182,1780.4039,1765.2301,1680.3242,1764.7196,1850.4412,1745.7285,1728.3974,1603.5090,1726.7725,1853.1553,1889.5175,1868.3222,1700.1776,1865.3258,2035.3648,1595.2159,1576.0292,1402.7293,1572.7742,1746.9642,1599.4936,1579.4866,1407.2345,1576.0722,1747.5741,1748.6150,1726.9952,1532.0024,1722.9730,1915.5427,1646.6947,1642.9145,1384.5685,1587.7258,1931.5260,1294.8511,1307.5749,1050.9987,1234.5901,1583.5674,1293.0831,1319.3399,999.2017,1209.2117,1648.3201,1247.0536,1287.1934,911.9576,1132.8290,1659.6652,1176.2716,1212.5177,850.1805,1061.3863,1587.1075,1108.7475,1141.1741,789.1191,983.2804,1525.9550,1011.6653,1044.7596,699.8751,874.7420,1445.9690,938.6392,975.1486,621.1759,784.3154,1410.7573,11.00000000000,18,179
47,137,01648580,47137,Pickett,Pickett County,06,H1,G4020,,,,A,422113383.00000000000,29822854.00000000000,+36.5593638,-085.0757410,47137,353.8881,352.8870,350.0313,352.8804,355.8065,320.3655,318.9907,313.1545,318.9855,324.7064,332.8821,330.8545,319.9760,330.8931,341.6446,303.7806,301.3433,286.8495,301.2459,315.8276,325.7448,322.6020,299.2999,322.3023,345.8502,305.8880,302.6782,275.5791,302.2352,329.5631,382.1806,377.8208,336.4870,377.0947,418.5636,371.4936,367.0034,327.1361,366.2424,405.8955,329.1016,325.3234,288.8899,324.6265,360.5539,291.2832,291.0362,245.6747,281.3734,341.7692,313.1380,316.5536,254.7596,298.9893,383.0142,307.2579,313.8385,238.0248,287.7586,391.7095,297.1235,307.0236,217.8592,270.3301,395.4623,295.1553,304.5771,213.8953,266.7435,398.2732,294.9013,303.8405,210.4380,261.9289,405.8941,287.9584,297.6711,199.7293,249.3520,411.5983,272.2210,283.0722,180.6199,227.7871,409.1594,11.00000000000,47,137
47,063,01648576,47063,Hamblen,Hamblen County,06,H1,G4020,314,34100,,A,417450989.00000000000,37877929.00000000000,+36.2183967,-083.2660711,47063,4371.8495,4359.6041,4324.3877,4359.5172,4395.5666,4559.1444,4538.9461,4455.5655,4538.9159,4620.7387,4175.1734,4148.9192,4012.3167,4149.4987,4284.6146,4396.5247,4359.2977,4149.6204,4358.0204,4569.6298,3992.4532,3953.0792,3667.4657,3949.3732,4238.3091,4390.5034,4340.9973,3950.1539,4333.9861,4729.3212,4154.2020,4104.4683,3653.3482,4096.0444,4549.4062,4302.7284,4250.2612,3788.0987,4241.3531,4701.1521,4409.8375,4355.7915,3864.4738,4345.7466,4830.8710,4095.8902,4086.4888,3443.8957,3949.2162,4804.3629,3917.3310,3955.9463,3179.8139,3735.1750,4790.8085,3796.3862,3873.5968,2933.7894,3550.3010,4839.3480,3619.0195,3735.6282,2646.7591,3287.6849,4816.4521,3493.3218,3601.0838,2525.0908,3152.2820,4713.4433,3434.6719,3535.2355,2444.7262,3046.1434,4727.1041,3326.5100,3435.4335,2301.4814,2876.4163,4754.5739,3171.8161,3295.2812,2099.2225,2650.4457,4767.1866,11.00000000000,47,063
18,135,00446853,18135,Randolph,Randolph County,06,H1,G4020,,,,A,1171656456.00000000000,2420394.00000000000,+40.1644141,-085.0050040,18135,1503.3305,1499.0973,1486.9762,1499.0685,1511.4828,1449.4381,1442.9392,1416.3912,1442.9350,1468.9980,1347.2098,1338.7457,1294.6693,1338.9318,1382.5275,1178.9402,1168.9471,1112.7220,1168.6053,1225.3521,1233.5616,1221.3386,1133.0907,1220.1914,1309.4866,1249.2115,1235.2344,1124.0890,1233.2602,1345.6455,1175.7730,1161.6868,1033.9974,1159.3003,1287.6274,997.7319,985.5211,878.3136,983.4464,1090.1172,979.4428,967.5619,858.5506,965.3564,1072.9710,923.5614,921.8391,777.2621,890.9801,1083.4077,772.6232,780.3104,627.2858,736.7853,944.9125,722.6886,737.5094,558.6977,675.9979,921.2440,669.3913,691.1281,489.8453,608.3171,890.8892,627.2405,646.7702,453.7024,566.2351,846.3346,582.2563,599.4998,414.7801,516.6400,801.3690,528.7565,546.2854,366.2067,457.4829,755.7657,477.1013,495.8870,316.1449,398.9403,717.0885,11.00000000000,18,135
18,011,00450405,18011,Boone,Boone County,06,H1,G4020,294,26900,,A,1095338966.00000000000,878039.00000000000,+40.0508916,-086.4690137,18011,4486.6980,4474.1623,4438.0370,4474.0716,4511.0427,4874.2533,4852.7298,4763.6229,4852.6926,4940.1251,5240.6730,5207.7246,5036.2626,5208.4516,5378.0468,6545.6107,6490.5001,6178.3154,6488.5771,6803.5325,6835.0349,6767.4996,6278.5302,6761.1500,7255.8535,8067.1309,7976.7877,7258.9901,7964.0233,8689.8562,8102.5036,8006.2526,7126.9594,7989.9925,8873.4103,8157.5317,8056.2672,7178.4576,8039.0115,8912.7979,9005.1015,8893.2050,7888.5121,8872.3762,9864.6861,9019.4450,8998.5814,7583.4156,8696.2589,10579.5142,8979.2196,9067.1514,7287.6810,8560.9569,10981.2906,9189.4830,9375.7751,7100.4368,8593.0533,11713.9899,9248.6331,9546.0235,6762.9147,8401.1205,12308.6940,9333.9492,9621.2747,6745.8432,8421.9370,12593.9872,9413.9154,9688.9513,6699.5850,8348.2646,12956.2284,9258.7453,9561.3569,6404.7749,8005.2916,13233.4669,9007.4792,9357.5959,5960.5734,7526.2451,13538.0595,11.00000000000,18,011
47,093,01639761,47093,Knox,Knox County,06,H1,G4020,314,28940,,A,1316271254.00000000000,45715161.00000000000,+35.9927265,-083.9377209,47093,28535.2064,28455.8918,28226.3488,28455.2975,28690.0968,29316.0122,29187.0873,28651.4282,29186.8275,29712.3454,28950.3260,28770.1853,27823.3623,28773.9827,29710.2511,32933.9420,32660.6291,31089.7064,32650.6823,34234.2020,31438.6053,31132.8166,28883.8168,31103.7943,33377.4085,33397.0538,33027.1730,30057.8319,32975.1147,35976.2726,32772.7126,32386.6088,28832.5863,32321.5694,35891.2179,37923.4260,37460.6669,33386.9658,37382.0856,41435.0392,39720.6810,39233.8520,34808.3924,39143.3694,43513.0474,37934.3925,37856.0983,31911.6951,36586.8101,44498.0938,40467.5433,40871.6698,32857.8436,38592.3376,49491.7512,40594.3310,41425.1481,31379.8072,37969.5316,51747.2327,40130.2104,41428.3321,29357.8117,36462.5167,53408.6263,40307.5640,41555.8552,29144.0988,36378.7002,54386.3268,40724.5933,41921.6281,28995.0573,36123.7615,56049.2184,40523.6439,41854.8593,28044.3351,35045.9884,57920.6643,40006.9843,41568.1050,26484.8810,33435.4867,60130.0626,11.00000000000,47,093
18,041,00450349,18041,Fayette,Fayette County,06,H1,G4020,,18220,,A,556883990.00000000000,384034.00000000000,+39.6396552,-085.1850315,18041,1505.7502,1501.5125,1489.3731,1501.4835,1513.9160,1582.6223,1575.5892,1546.6341,1575.5802,1603.9974,1433.7054,1424.7771,1377.8862,1424.9660,1471.3351,1256.2994,1245.8326,1185.9100,1245.4560,1305.8730,1168.1622,1156.8198,1073.2542,1155.7422,1240.2153,1293.8146,1279.4088,1164.3334,1277.3774,1393.7123,1169.0907,1155.1681,1028.2699,1152.8141,1280.3190,1103.9443,1090.2030,971.3772,1087.8601,1206.1510,1070.2047,1056.9158,937.5222,1054.4423,1172.3625,829.4989,827.4432,697.1840,799.6069,972.9418,816.1650,824.1004,662.3127,778.0755,998.1338,744.2860,759.3122,574.9785,695.9009,948.7464,648.6180,669.4287,474.2134,589.1236,863.2198,593.7820,612.0335,429.0926,535.7300,801.1679,540.5664,556.3506,384.6883,479.3632,743.9726,476.8735,492.4574,329.8753,412.3114,681.5922,418.7001,434.9774,277.0737,349.8503,629.2979,11.00000000000,18,041
47,003,01639723,47003,Bedford,Bedford County,06,H1,G4020,,43180,,A,1226710123.00000000000,2983154.00000000000,+35.5136604,-086.4582939,47003,3093.8759,3085.2639,3060.3697,3085.2002,3110.6678,3206.3741,3192.4115,3133.8959,3192.3735,3249.7617,3109.5276,3090.2734,2988.5943,3090.6704,3191.2037,3355.8554,3328.4384,3168.3474,3327.3953,3488.6237,3318.5468,3286.7277,3049.3386,3283.6815,3523.5024,3789.2799,3748.3234,3411.9713,3742.6090,4082.2160,3566.9384,3525.9686,3139.9770,3519.1284,3906.4734,3701.3357,3656.7343,3259.6427,3649.1802,4044.1027,4088.1759,4038.6556,3583.7083,4029.4639,4478.5692,3646.4981,3640.0095,3069.4252,3518.2425,4277.6953,3586.7246,3623.5714,2914.0620,3421.8098,4386.7265,3602.1383,3676.8973,2786.3020,3370.5314,4591.9166,3559.4549,3675.6160,2605.7160,3235.4194,4737.3092,3539.3050,3649.9118,2560.7919,3195.5904,4775.6146,3561.4369,3667.0818,2537.3530,3160.3068,4901.6792,3466.7947,3581.5868,2400.7956,2999.3186,4955.1719,3364.6689,3496.7833,2228.8966,2813.0006,5057.1118,11.00000000000,47,003
47,049,01639743,47049,Fentress,Fentress County,06,H1,G4020,,,,A,1291399079.00000000000,829338.00000000000,+36.3760785,-084.9327026,47049,1241.0772,1237.6572,1227.6888,1237.6300,1247.8181,1188.9333,1183.7470,1162.0447,1183.7335,1205.0190,966.8001,960.8275,929.2165,960.9493,992.2022,1024.3481,1015.8986,967.0357,1015.5857,1064.8231,958.5661,949.2060,880.6332,948.3197,1017.6563,1031.5315,1020.1187,928.4114,1018.5131,1111.1990,1004.3566,992.3838,883.3571,990.3588,1099.9106,895.4299,884.5482,788.4018,882.7020,978.3471,838.0280,828.0209,734.8936,826.1665,918.0715,779.8392,778.4282,656.3845,752.3816,914.8211,678.4232,685.4321,551.2591,647.2792,829.7487,637.8449,651.1247,493.4550,596.8862,813.1139,606.8612,626.7069,444.3260,551.6670,807.6805,577.5896,595.6776,417.9682,521.5458,779.3500,556.6361,573.1835,396.6388,493.9865,766.1127,526.7460,544.2143,364.8250,455.7510,752.8924,497.5195,517.0730,329.6103,415.9691,747.7750,11.00000000000,47,049
18,153,00450391,18153,Sullivan,Sullivan County,06,H1,G4020,,45460,,A,1158091682.00000000000,18063039.00000000000,+39.0892251,-087.4158429,18153,1214.0148,1210.5651,1200.7607,1210.5433,1220.5938,1261.2681,1255.6108,1232.5082,1255.6073,1278.2881,1178.9006,1171.5576,1133.0001,1171.7131,1209.8417,1251.7077,1241.2414,1181.5395,1240.8688,1301.0760,1228.4849,1216.4442,1128.5616,1215.3067,1304.1845,1353.5114,1338.5649,1218.2480,1336.4635,1458.0544,1240.3617,1225.3387,1090.5075,1222.7841,1358.3419,1245.4327,1229.4795,1095.0228,1226.7442,1360.7126,1193.5326,1177.9305,1044.0647,1175.0105,1307.3679,1143.2555,1139.7443,959.6724,1101.2189,1340.7910,1061.5503,1071.1366,860.1538,1011.0877,1298.1096,1011.4882,1031.1771,780.1173,944.8115,1289.2624,944.0885,973.6422,688.9739,856.5677,1256.3846,893.1778,919.8923,644.1716,804.9138,1205.0653,842.6028,866.4706,598.3413,746.2695,1159.6013,766.6684,791.0297,529.1134,662.0033,1095.7456,704.3457,731.0994,464.9785,587.7538,1058.5787,11.00000000000,18,153
18,101,00451679,18101,Martin,Martin County,06,H1,G4020,,,,A,869555038.00000000000,12093384.00000000000,+38.7053220,-086.8018468,18101,617.6372,615.8845,610.8977,615.8733,620.9847,646.0636,643.1647,631.3302,643.1629,654.7815,548.0549,544.5589,526.6182,544.6407,562.3928,638.3945,632.8623,602.4220,632.6855,663.4492,546.8767,541.4810,502.3583,540.9732,580.5519,617.3934,610.5082,555.5896,609.5368,665.0602,571.2511,564.3470,502.2618,563.1739,625.5888,525.5390,518.9416,462.3243,517.8149,574.1918,512.1728,505.7357,448.5265,504.5360,561.0535,497.0479,495.8346,417.7961,479.1590,583.0055,390.8349,394.6225,317.1383,372.5795,477.9718,367.0219,374.4203,283.5133,343.1481,467.8439,348.9674,360.1462,255.1044,316.9362,464.4252,325.9924,335.9847,235.5278,294.0856,439.8469,303.9341,312.7712,216.2257,269.4749,418.2965,274.8446,283.7863,190.0518,237.5842,392.8308,248.1727,257.7808,164.1566,207.3150,372.9961,11.00000000000,18,101
18,169,00450399,18169,Wabash,Wabash County,06,H1,G4020,,47340,,A,1068200229.00000000000,22122011.00000000000,+40.8437166,-085.7951745,18169,1850.1632,1845.0000,1830.1063,1844.9625,1860.2030,1828.9751,1820.8961,1787.4589,1820.8823,1853.6915,1698.6245,1687.9517,1632.3782,1688.1865,1743.1542,1719.7602,1705.5430,1623.5094,1705.0199,1787.6928,1749.6791,1732.6205,1607.4544,1731.0038,1857.5544,1484.6301,1468.2191,1336.2376,1465.9110,1599.2957,1324.4675,1308.9211,1165.3349,1306.3057,1450.5045,1521.9801,1503.5422,1340.1718,1500.4160,1662.9194,1585.1399,1565.9627,1389.5840,1562.4037,1736.5130,1333.8180,1331.3175,1122.5073,1286.7475,1564.6668,1314.4505,1327.6936,1067.4793,1253.6868,1607.5901,1280.4720,1306.8001,990.0299,1197.8306,1632.2841,1212.4480,1251.7939,887.1987,1101.7945,1613.6380,1155.3599,1191.2697,835.5981,1042.9090,1558.9195,1105.4762,1138.1010,787.3054,980.7522,1521.4764,1062.1325,1097.1500,735.2705,918.7201,1518.1205,1020.1536,1060.0769,675.5545,852.7265,1533.2871,11.00000000000,18,169
47,163,01639793,47163,Sullivan,Sullivan County,06,H1,G4020,304,28700,,A,1070605281.00000000000,42330294.00000000000,+36.5102123,-082.2993965,47163,10735.7409,10705.8224,10619.4216,10705.6025,10794.0034,10449.2427,10403.0719,10212.0326,10402.9946,10590.4478,9019.0166,8962.7516,8667.7564,8963.9515,9255.6782,9555.5475,9475.6235,9019.8598,9472.7804,9932.4099,10461.7940,10359.2194,9610.8094,10349.5308,11106.4290,11061.4030,10938.3819,9954.6279,10921.0419,11915.5140,10004.0788,9886.6028,8802.0153,9866.8362,10956.0663,9698.0018,9579.4618,8537.5324,9559.3257,10596.0001,9865.9456,9745.6971,8647.1009,9723.3616,10807.9873,9013.2484,8994.7830,7582.4965,8693.2314,10572.8241,8970.4585,9061.0572,7285.3926,8556.0539,10971.0241,8661.6694,8840.0215,6697.4433,8102.9708,11041.5106,8328.3902,8598.8954,6094.6336,7568.5990,11084.2128,8162.9666,8416.8683,5904.0770,7368.7063,11014.2543,7888.4192,8121.4001,5618.3384,6998.6433,10856.9124,7471.4357,7717.9649,5172.5261,6462.8746,10679.0399,7065.9002,7342.6375,4679.4855,5906.5132,10620.0347,11.00000000000,47,163
18,059,00450357,18059,Hancock,Hancock County,06,H1,G4020,294,26900,,A,792577692.00000000000,2613781.00000000000,+39.8226041,-085.7729036,18059,5114.3331,5100.1267,5058.9905,5100.0198,5142.0949,4992.8905,4970.9472,4879.7245,4970.9016,5060.3951,4695.9750,4666.6048,4512.9938,4667.2383,4819.1569,5342.3971,5297.3327,5042.5375,5295.7688,5552.8541,5508.6045,5453.9406,5059.8584,5448.8141,5847.6026,6277.8423,6207.3102,5648.5959,6197.3339,6762.3811,6238.4961,6163.9240,5486.5522,6151.2995,6831.9996,5610.9796,5541.6821,4938.2165,5529.8860,6130.4936,5322.0688,5256.2730,4662.7997,5244.0322,5830.1294,4709.0625,4698.7219,3960.3039,4541.0093,5523.7105,4998.2127,5047.5246,4057.2709,4765.8478,6112.7094,4851.7538,4950.4703,3749.4347,4537.3114,6184.6565,4643.3233,4792.9768,3395.9502,4218.2609,6179.6731,4529.3058,4669.0634,3274.0001,4087.1747,6111.2715,4397.9975,4526.8045,3130.4677,3900.5466,6052.9225,4123.1325,4258.1807,2852.7042,3565.3022,5893.1877,3813.4805,3961.9626,2523.9701,3186.6847,5731.6000,11.00000000000,18,059
47,161,01639792,47161,Stewart,Stewart County,06,H1,G4020,,17300,,A,1189659929.00000000000,87232255.00000000000,+36.5117556,-087.8515483,47161,870.4878,868.0800,861.0836,868.0614,875.2145,791.7238,788.2634,773.8080,788.2549,802.4336,761.6788,756.8121,731.8767,756.9267,781.6009,842.3614,835.2376,795.0636,834.9922,875.5335,908.4628,899.3421,834.3496,898.4927,964.2997,993.5504,982.3385,893.8876,980.7502,1070.2207,854.5927,844.2111,751.2900,842.4440,935.8759,774.9387,764.9406,681.2146,763.2240,846.6645,730.9503,721.4874,639.5887,719.7181,800.6772,678.4887,676.8922,570.4145,654.1435,795.8385,657.5809,663.6836,533.1133,626.5278,804.1451,623.3076,635.6102,481.0275,582.4332,794.5004,602.0805,621.1147,439.7042,546.4995,801.2598,577.4991,594.9760,416.8526,520.6903,779.1735,551.9195,567.7730,392.3085,489.0982,759.5766,512.6927,529.2141,354.2407,442.9890,732.7720,482.0285,500.5692,318.6269,402.5213,724.4670,11.00000000000,47,161
47,143,01639784,47143,Rhea,Rhea County,06,H1,G4020,,,,A,816822960.00000000000,54463425.00000000000,+35.6005870,-084.9495522,47143,2170.3860,2164.3217,2146.8464,2164.2780,2182.1625,2165.7005,2156.1027,2116.4934,2156.0886,2194.9584,1962.0157,1949.7839,1885.6116,1950.0440,2013.5042,2008.6781,1991.8547,1896.0494,1991.2586,2087.8843,2156.9550,2135.7102,1981.4055,2133.7089,2289.7987,1834.6150,1813.8935,1650.5568,1810.9573,1976.1832,1939.4904,1915.9566,1705.0944,1911.9525,2123.9650,2213.9448,2186.3236,1947.9640,2181.6122,2418.9152,2203.5681,2176.4760,1930.8893,2171.4389,2413.9454,2032.1647,2027.7497,1709.1283,1959.7011,2383.7320,1834.3150,1852.1861,1488.5986,1748.7550,2243.2920,1809.0233,1845.6013,1397.6115,1691.4918,2305.9812,1764.3339,1820.9708,1289.9777,1602.5370,2348.0840,1734.1123,1787.4025,1253.1232,1564.5584,2339.7719,1694.9310,1744.3754,1206.0983,1502.9711,2332.7017,1683.9116,1738.8926,1164.7541,1455.8729,2406.8005,1651.3835,1715.5341,1092.7124,1379.7754,2481.9936,11.00000000000,47,143
18,151,00450390,18151,Steuben,Steuben County,06,H1,G4020,258,11420,,A,800149001.00000000000,35034127.00000000000,+41.6434372,-085.0024667,18151,2225.5473,2219.2943,2201.3571,2219.2511,2237.6181,2170.0869,2160.4153,2120.6979,2160.4050,2199.3884,1882.7675,1870.8748,1809.2645,1871.1423,1932.0893,2017.0903,2000.0410,1903.8415,1999.4531,2096.5289,2153.9230,2132.5461,1978.4558,2130.5415,2286.4732,1853.4921,1833.2837,1668.6642,1830.4553,1996.7282,1713.6514,1693.3282,1507.3870,1689.8969,1876.6993,1945.9759,1921.8357,1712.4491,1917.7226,2126.1453,1769.5139,1747.2226,1549.5220,1743.0670,1938.3865,1711.6160,1707.1615,1438.2099,1649.6729,2007.5495,1604.3907,1619.6733,1301.3983,1529.1187,1962.0474,1515.6966,1546.0055,1170.4017,1416.7967,1932.0336,1433.2305,1478.9145,1047.3392,1301.3905,1907.4027,1370.7816,1412.5983,990.0371,1236.3605,1849.5161,1291.0887,1328.4566,918.2099,1144.4909,1776.8774,1208.4474,1247.6287,835.3902,1044.4517,1727.2042,1133.6539,1177.4429,749.6881,946.8918,1703.8418,11.00000000000,18,151
19,141,00465259,19141,O'Brien,O'Brien County,06,H1,G4020,,,,A,1484154091.00000000000,447448.00000000000,+43.0837455,-095.6256244,19141,760.3073,758.1764,752.0513,758.1613,764.4318,694.3432,691.2359,678.5213,691.2335,703.7149,809.5792,804.4865,777.9985,804.5990,830.7991,854.1499,846.8387,806.1065,846.5959,887.7302,718.5527,711.3372,659.9311,710.6653,762.7162,863.7456,853.9174,776.9780,852.5212,930.3755,808.0792,798.3491,710.5530,796.6978,884.9483,806.4590,796.2733,709.3370,794.5317,881.1150,873.0096,862.2835,764.9936,860.2894,956.3577,749.7497,748.1542,630.6283,723.0562,879.4656,658.0814,664.5930,534.2272,627.5113,804.8229,674.5050,688.2469,521.2890,630.8130,859.8111,645.4505,666.2693,472.0856,586.3844,859.0139,623.9625,643.2295,451.0539,563.0715,841.8973,620.3708,638.5519,441.5969,550.2167,853.8114,598.9636,618.5900,414.4239,517.9382,856.0984,573.7605,596.1050,379.7541,479.4609,862.3531,11.00000000000,19,141
47,001,01639722,47001,Anderson,Anderson County,06,H1,G4020,314,28940,,A,873245292.00000000000,19771988.00000000000,+36.1167307,-084.1954177,47001,4955.6123,4941.8739,4902.0280,4941.7690,4982.5165,4886.7680,4865.1792,4775.8385,4865.1425,4952.8059,4741.2422,4711.5339,4556.4313,4712.1798,4865.5807,5088.8534,5046.3274,4803.6065,5044.8105,5289.5777,5484.2822,5430.2304,5037.8945,5425.1410,5822.0282,5962.4901,5896.0232,5365.6605,5886.6472,6422.8416,5284.8981,5222.2485,4648.8273,5211.6724,5787.7410,5293.7796,5228.2995,4658.8595,5217.1496,5783.9187,5258.6604,5193.8594,4607.6497,5181.8082,5760.6933,4936.3269,4925.6117,4151.6568,4760.3173,5790.3206,4753.7906,4800.6526,3858.7953,4532.7407,5813.7801,4633.3518,4727.5849,3580.5844,4333.0142,5906.2489,4456.6667,4600.2643,3259.3681,4048.6411,5931.2531,4324.6244,4458.0285,3125.9812,3902.4252,5835.0970,4169.5786,4291.6605,2967.8190,3697.9192,5738.5488,3907.4909,4035.4433,2703.4486,3378.7943,5584.9690,3677.0068,3820.1432,2433.5873,3072.6029,5526.4799,11.00000000000,47,001
19,061,00465219,19061,Dubuque,Dubuque County,06,H1,G4020,,20220,,A,1575501687.00000000000,21569071.00000000000,+42.4634808,-090.8787708,19061,5887.0107,5870.5623,5823.1619,5870.4435,5918.9536,5456.8457,5432.6432,5332.8312,5432.6091,5530.5603,5728.4801,5692.4749,5505.0548,5693.2681,5878.6465,7041.6333,6982.0221,6646.1952,6979.9756,7318.8932,7297.7139,7225.6176,6703.5490,7218.8386,7747.0257,6404.0101,6332.0694,5762.1310,6321.8942,6898.2896,6303.7839,6228.6094,5544.2876,6215.8930,6903.5194,7337.7885,7246.9012,6457.4817,7231.4209,8017.1703,7653.0327,7558.0660,6704.3398,7540.3909,8383.5710,7454.8107,7438.4839,6269.5459,7188.8229,8744.4714,7089.4555,7159.0012,5754.1280,6759.3706,8670.1909,7187.7923,7333.6244,5553.9989,6721.4292,9162.4150,7159.4476,7389.7748,5235.4278,6503.5247,9528.2773,7093.2228,7311.6797,5126.6086,6400.2870,9570.6592,7006.1560,7210.9466,4986.2331,6213.1884,9642.4737,6968.4981,7196.3505,4820.6547,6025.2180,9960.0375,6858.0554,7124.7118,4538.3772,5730.3897,10307.5243,11.00000000000,19,061
19,177,00465277,19177,Van Buren,Van Buren County,06,H1,G4020,,,,A,1255597645.00000000000,14839903.00000000000,+40.7541168,-091.9529430,19177,449.5602,448.2829,444.6523,448.2748,451.9965,413.3966,411.5163,403.9307,411.5169,418.9676,391.3347,388.8116,375.9960,388.8731,401.5575,452.7106,448.8285,427.2402,448.7003,470.5040,361.5031,357.9568,332.0957,357.6219,383.7769,366.7104,362.5519,329.8944,361.9619,395.0028,305.3032,301.6632,268.5209,301.0475,334.3495,294.3721,290.6302,258.8755,289.9895,321.6215,292.8703,289.1231,256.3492,288.4234,320.8132,251.4046,250.7712,211.2840,242.3322,294.8768,200.3500,202.2692,162.5323,190.9638,245.0145,184.8413,188.5477,142.7501,172.7932,235.6154,169.3569,174.7654,123.7759,153.7910,225.3881,151.3765,156.0053,109.3495,136.5462,204.2444,136.7124,140.6812,97.2495,121.2045,188.1531,122.0464,126.0138,84.3880,105.4967,174.4387,107.9358,112.1188,71.4028,90.1711,162.2246,11.00000000000,19,177
19,069,00465223,19069,Franklin,Franklin County,06,H1,G4020,,,,A,1507301318.00000000000,1428932.00000000000,+42.7365489,-093.2714247,19069,557.9185,556.3862,551.9076,556.3738,560.9495,508.1920,505.9280,496.6275,505.9255,515.0541,513.1144,509.9069,493.1226,509.9759,526.5751,567.1389,562.2496,535.2058,562.0908,589.4133,407.7188,403.7360,374.5691,403.3590,432.8514,502.9468,497.6023,453.0089,496.8612,541.8545,452.1782,447.0777,398.2187,446.2317,495.2315,447.7361,442.5845,394.7670,441.7206,489.2135,448.8333,443.4072,393.4691,442.4003,491.6951,371.4958,371.0873,313.1597,358.7417,435.8618,373.6801,377.6526,303.8335,356.6661,457.0494,363.8136,371.5429,281.7275,340.6464,463.8022,351.5937,363.2787,257.7470,319.8509,467.9577,343.3441,354.2987,248.8077,310.2867,463.2972,341.9330,352.3287,244.0533,303.7412,470.6298,330.7191,341.9037,229.4407,286.4168,472.7210,320.6332,333.4309,212.7715,268.3177,481.9259,11.00000000000,19,069
19,077,00465227,19077,Guthrie,Guthrie County,06,H1,G4020,218,19780,,A,1529699184.00000000000,6355537.00000000000,+41.6835728,-094.5012723,19077,600.9587,599.2938,594.4624,599.2810,604.2215,511.6100,509.3171,499.9469,509.3155,518.5144,508.9204,505.6787,489.0199,505.7541,522.2371,522.7857,518.3669,493.4341,518.2145,543.3745,465.1953,460.5409,427.2606,460.1066,493.7982,673.2892,665.6732,605.7236,664.5934,725.2403,631.4051,623.7660,555.1369,622.4675,691.4637,582.3900,575.0499,512.2821,573.7954,636.3042,556.0301,549.1229,487.0888,547.8372,609.1063,515.6782,514.4295,433.4741,497.1313,604.8601,479.5242,484.1549,389.0755,457.1057,586.4318,478.5217,488.1567,369.6242,447.3812,609.9718,468.8910,483.9035,342.7583,425.8423,624.0254,460.3755,474.4849,332.6157,415.3134,621.1637,459.8979,473.2747,327.1905,407.7621,632.9457,436.9264,451.1528,302.1499,377.7073,624.4924,411.8750,427.8368,272.4677,344.0858,619.0369,11.00000000000,19,077
19,101,00465239,19101,Jefferson,Jefferson County,06,H1,G4020,,,,A,1127964789.00000000000,3538407.00000000000,+41.0068799,-091.9671367,19101,837.9496,835.6502,828.9247,835.6313,842.5022,932.6707,928.6094,911.5886,928.5984,945.2914,996.0794,989.8554,957.2735,989.9890,1022.2112,1212.7966,1202.6095,1144.7657,1202.2516,1260.6007,1460.5323,1445.5126,1341.0187,1444.1335,1550.0663,1992.2002,1967.9616,1789.6428,1964.4427,2145.4231,2022.0937,1995.7494,1774.4926,1991.1649,2214.2170,1991.2143,1964.2630,1748.0045,1959.5942,2175.4411,2017.7123,1990.0380,1762.5473,1984.8332,2209.9976,1940.4002,1933.4374,1627.0057,1867.8128,2275.4258,2057.0302,2074.3992,1664.6577,1957.7331,2515.2293,2038.5945,2077.1203,1570.2564,1902.7565,2598.2921,1992.7519,2054.0690,1452.4430,1806.6815,2651.8424,1981.9119,2040.2378,1427.7371,1784.8479,2673.8879,1970.4878,2025.4745,1397.8118,1744.1524,2711.7450,1926.8626,1987.4341,1328.6573,1662.9868,2753.8840,1862.5031,1932.7387,1228.6353,1553.5734,2799.1710,11.00000000000,19,101
19,059,00465218,19059,Dickinson,Dickinson County,06,H1,G4020,,44020,,A,985764366.00000000000,60490800.00000000000,+43.3896107,-095.1960572,19059,988.6981,985.9033,977.9260,985.8848,994.0582,935.7365,931.5259,914.3791,931.5242,948.3598,1014.0052,1007.5995,974.4178,1007.7437,1040.5682,1124.1744,1114.5360,1060.9277,1114.2175,1168.3604,1082.5780,1071.6704,994.2209,1070.6567,1149.0911,1275.0519,1260.6272,1147.0957,1258.5820,1373.4347,1290.9651,1275.3371,1135.0115,1272.6802,1413.7594,1297.0571,1280.5881,1140.6878,1277.7693,1417.1238,1361.9351,1344.4482,1191.9836,1341.1816,1491.8706,1329.6175,1326.3135,1117.5116,1281.6922,1559.5425,1345.5910,1358.3564,1091.3823,1282.3957,1645.5467,1355.4799,1382.5426,1046.6102,1266.9809,1727.8028,1339.2667,1381.9205,978.6148,1216.0263,1782.3486,1344.5553,1385.5455,971.0497,1212.6724,1814.1281,1358.0132,1397.3048,965.7828,1203.7996,1868.9821,1330.0955,1373.2104,919.4659,1149.5780,1901.0721,1293.2974,1343.2464,855.2491,1080.2272,1943.7801,11.00000000000,19,059
19,067,00465222,19067,Floyd,Floyd County,06,H1,G4020,,,,A,1296631086.00000000000,1942569.00000000000,+43.0527410,-092.7873669,19067,904.9824,902.4865,895.2166,902.4668,909.8975,915.3070,911.2403,894.4945,911.2350,927.6696,867.1428,861.7078,833.3402,861.8261,889.8826,960.2517,952.0341,906.2421,951.7611,998.0045,901.4533,892.5214,828.0322,891.6830,956.9375,1020.5510,1009.0060,918.1359,1007.3692,1099.2966,912.1618,901.3703,802.4161,899.5499,998.9539,902.9306,891.8211,794.7476,889.9315,986.5343,953.8705,942.2297,836.0005,940.0672,1044.9483,861.2715,859.5740,724.6749,830.7747,1010.3148,829.2113,837.6339,673.5310,790.9646,1014.1473,843.7053,861.1167,652.4442,789.3331,1075.5226,839.2139,866.5042,614.1844,762.6942,1116.9085,846.0423,872.3853,611.9698,763.7572,1141.5635,864.3937,889.9390,615.6715,766.9143,1189.6752,865.4098,893.9695,599.1370,748.5946,1236.9441,861.0519,894.7700,570.2338,719.7625,1294.1590,11.00000000000,19,067
19,007,00465193,19007,Appanoose,Appanoose County,06,H1,G4020,,,,A,1287981483.00000000000,49083877.00000000000,+40.7446826,-092.8703450,19007,676.2097,674.3059,668.8538,674.2929,679.8767,668.9538,665.9966,653.7657,665.9918,677.9933,623.1536,619.2107,598.8178,619.3000,639.4742,719.1128,713.0190,678.7236,712.8105,747.4235,706.5754,699.6284,649.0815,698.9733,750.1005,703.3297,695.3859,632.7682,694.2603,757.6022,564.4667,557.6973,496.3906,556.5500,618.1651,577.1605,569.8822,507.6744,568.6381,630.5904,592.0809,584.4345,518.1123,583.0052,648.5630,555.6195,554.1757,466.8713,535.5145,651.6850,444.7755,448.9491,360.6682,423.8292,543.9162,417.9285,426.2238,322.6107,390.5806,532.7192,395.9279,408.4887,289.2244,359.4328,526.9120,363.9015,374.9459,262.7274,328.1446,490.9861,332.0421,341.5993,236.0522,294.2727,456.9730,299.1706,308.8211,206.7267,258.5088,427.5937,271.8075,282.2621,179.6680,226.9746,408.5143,11.00000000000,19,007
33,001,00873174,33001,Belknap,Belknap County,06,H1,G4020,148,29060,,A,1036596332.00000000000,177025146.00000000000,+43.5191091,-071.4253661,33001,4151.8800,4140.3058,4106.8896,4140.2208,4174.4118,3730.8865,3714.4334,3646.2395,3714.4035,3781.3128,3373.8151,3352.6931,3242.3273,3353.1506,3462.3031,3845.4816,3813.2862,3629.8727,3812.1441,3997.1241,3708.6475,3671.8703,3406.5563,3668.4200,3936.8934,4208.8588,4161.5740,3786.9955,4154.8858,4533.7092,3752.2031,3707.4223,3300.0665,3699.8454,4109.1798,3434.9231,3392.1806,3022.4665,3384.8937,3752.9399,3467.9499,3424.7361,3037.7083,3416.6895,3798.9695,2989.1277,2982.1516,2513.1030,2881.9444,3506.1340,2748.4126,2774.7918,2229.7184,2619.7172,3361.1313,2617.5847,2670.1027,2021.5723,2447.0065,3336.6135,2459.5593,2538.1031,1797.5830,2233.4923,3273.2966,2293.3855,2363.4488,1656.5569,2068.6218,3094.3410,2152.1158,2214.4737,1530.6854,1907.8399,2961.8827,1936.5322,1999.3381,1338.7414,1673.7524,2767.8391,1734.8143,1801.8047,1147.2026,1448.9914,2607.3635,11.00000000000,33,001
33,015,00873181,33015,Rockingham,Rockingham County,06,H1,G4020,148,14460,40484,A,1799316831.00000000000,260008473.00000000000,+42.9893596,-071.0994374,33015,23018.2740,22954.1039,22768.8429,22953.6329,23143.1914,19513.9366,19427.8087,19071.0929,19427.6570,19777.6643,16972.0640,16865.3999,16310.1230,16867.7488,17416.9754,20419.9197,20246.6040,19272.7645,20240.7000,21223.6538,22804.6887,22576.1275,20944.6594,22554.8202,24206.5941,25083.4202,24801.0208,22568.3297,24761.0479,27019.2485,23345.1584,23065.5742,20530.3606,23018.2127,25566.0559,21449.2647,21182.9468,18874.8020,21137.5637,23435.1449,20262.0800,20009.1381,17747.4464,19962.0304,22196.0616,18477.7277,18434.0892,15534.1864,17814.5230,21673.5528,18481.8596,18660.7795,14996.5539,17618.3592,22602.3713,17886.8937,18247.3834,13816.9542,16723.3040,22800.4707,17247.5336,17800.0188,12608.3706,15664.3837,22953.9741,16748.9316,17262.4410,12101.2338,15109.7749,22598.5910,16060.5114,16527.7183,11426.2282,14239.9118,22103.6755,14913.0578,15398.5733,10312.8044,12891.7369,21315.0067,13784.1787,14318.2401,9118.4138,11515.3248,20717.2362,11.00000000000,33,015
19,051,00465214,19051,Davis,Davis County,06,H1,G4020,,,,A,1300661956.00000000000,6904100.00000000000,+40.7480892,-092.4103453,19051,462.0120,460.7209,457.0007,460.7115,464.5188,462.7621,460.6946,452.2225,460.6928,469.0091,465.8825,462.9493,447.7059,463.0144,478.0923,520.6393,516.1832,491.3552,516.0352,541.1081,607.0355,600.8453,557.4157,600.2741,644.2827,608.6472,601.6714,547.4277,600.6780,655.5841,607.3566,600.1173,534.1871,598.8929,665.1403,559.0547,552.2195,492.1545,551.0584,610.8210,602.8211,595.5278,528.4515,594.1742,660.3876,547.3968,546.3891,460.7085,528.1020,642.1413,375.7438,379.5353,305.1558,358.3815,459.5406,384.2792,392.1861,297.1252,359.4849,489.8614,381.9202,394.3179,279.4734,347.0691,508.2951,365.3826,376.7394,264.2584,329.8204,493.0084,353.4616,363.8901,251.7257,313.5791,486.4719,334.8003,345.8345,231.7616,289.5897,478.5344,305.5752,317.5303,202.3484,255.4201,459.2781,11.00000000000,19,051
19,039,00465209,19039,Clarke,Clarke County,06,H1,G4020,,,,A,1116716080.00000000000,1524746.00000000000,+41.0291908,-093.7840961,19039,545.9289,544.3837,539.9779,544.3736,548.8882,524.9911,522.6880,513.0982,522.6829,532.0902,510.0553,506.8346,490.1441,506.9069,523.4175,598.3715,593.2858,564.7494,593.1133,621.9191,609.2414,603.1319,559.5462,602.5625,646.6919,603.5519,596.7476,543.0200,595.7840,650.1287,548.2836,541.8495,482.4108,540.7671,600.4588,564.9014,557.9558,497.2278,556.7745,617.2068,635.4987,627.6010,556.6978,626.1308,696.1603,568.4518,567.2027,478.0644,548.1644,666.7913,536.1354,541.4114,435.1813,511.1938,655.6802,547.5941,558.7203,423.1537,512.0851,698.0305,553.9290,571.7650,405.0934,503.1994,737.2075,556.1719,573.3153,401.9967,501.8579,750.4263,566.4039,582.9732,403.1290,502.3143,779.5347,570.2912,588.9500,394.5359,493.1094,815.1150,566.6718,588.7153,375.0179,473.5067,851.6973,11.00000000000,19,039
19,013,00465196,19013,Black Hawk,Black Hawk County,06,H1,G4020,,47940,,A,1465333940.00000000000,17900114.00000000000,+42.4728884,-092.3060590,19013,6967.5188,6948.0302,6891.9188,6947.8905,7005.3212,6981.5976,6950.6853,6823.0109,6950.6379,7075.9247,7858.4415,7809.1647,7552.0804,7810.2393,8064.5075,8984.1045,8908.3088,8479.8306,8905.6804,9338.0137,8341.8169,8259.4304,7662.6682,8251.6822,8855.4290,7285.8912,7203.0927,6554.1481,7191.3352,7847.9601,6176.4111,6100.0913,5427.5140,6087.0282,6763.7221,8576.6987,8469.8972,7546.6851,8451.6867,9370.7540,9187.4669,9072.1705,8046.0954,9050.6852,10064.3217,8855.8914,8834.0724,7443.5012,8536.9170,10387.3474,9515.1880,9606.7069,7719.7714,9069.8771,11636.4926,9498.5381,9689.4124,7336.2878,8879.9312,12107.7440,9186.7734,9480.5056,6714.8238,8342.8366,12226.2195,9083.6688,9361.6627,6562.1505,8194.0416,12256.1466,9078.4179,9342.0839,6458.0765,8048.7554,12494.3629,9089.5628,9385.1882,6285.1647,7857.1871,12991.5528,9169.1172,9524.2180,6065.2189,7659.7083,13780.9180,11.00000000000,19,013
33,013,00873180,33013,Merrimack,Merrimack County,06,H1,G4020,148,18180,,A,2419349805.00000000000,57836323.00000000000,+43.2994849,-071.6801295,33013,10172.5804,10144.2783,10062.4337,10144.0677,10227.7935,8914.5455,8875.1353,8712.1436,8875.0705,9035.0055,8157.5572,8106.6264,7839.7995,8107.7163,8371.5915,9468.4686,9389.0181,8937.4195,9386.2182,9841.7342,9598.3512,9503.5567,8816.9040,9494.6413,10189.3306,9881.0292,9770.3223,8891.1004,9754.6786,10643.7603,9098.1845,8988.4636,7999.8339,8969.8333,9963.6357,9563.9768,9446.7100,8418.8545,9426.7772,10449.5436,9113.9181,9001.3699,7985.1756,8980.4339,9983.9752,8255.4542,8237.8124,6943.6814,7961.4413,9683.7304,7748.4572,7825.2160,6290.3152,7388.6273,9476.2516,7529.9778,7683.5023,5819.7186,7042.3569,9598.6959,7237.9283,7471.5150,5294.0754,6575.7367,9632.7896,6954.1276,7169.0117,5027.3053,6275.6844,9383.0463,6670.1204,6865.7698,4748.2715,5916.0504,9180.0475,6285.6406,6491.7950,4349.3835,5435.5840,8984.0769,5926.0428,6157.0226,3922.6120,4952.3173,8906.7620,11.00000000000,33,013
19,163,00465270,19163,Scott,Scott County,06,H1,G4020,,19340,,A,1186444226.00000000000,26215864.00000000000,+41.6416793,-090.6222899,19163,10915.9092,10885.3990,10797.5031,10885.1796,10975.1368,10991.4584,10942.5302,10741.3916,10942.4734,11139.8869,12098.3442,12022.4389,11626.6411,12024.0985,12415.5670,14443.9959,14322.6930,13633.7908,14318.4290,15013.3407,13793.7914,13659.0791,12672.3141,13646.3243,14644.0877,13394.3812,13245.0822,12053.6612,13224.0222,14428.5373,12779.3318,12628.3299,11242.1319,12602.8672,13995.3049,13856.3581,13687.1104,12198.5241,13658.3647,15139.4119,14569.5189,14390.6437,12767.1084,14357.3918,15960.5202,14011.4278,13981.9413,11785.8650,13512.9835,16435.6558,14808.6450,14956.2589,12023.4857,14122.0944,18110.9084,15040.3585,15347.8764,11625.8105,14067.4785,19172.5164,14844.2192,15324.1015,10858.9900,13487.1650,19755.8972,14815.1879,15273.7295,10711.5477,13370.7746,19989.8635,14874.6829,15311.6531,10590.0297,13193.9123,20471.9910,14823.3243,15310.0419,10258.0487,12819.3354,21187.0409,14689.9814,15262.9851,9724.4757,12276.7572,22078.8696,11.00000000000,19,163
19,149,00465263,19149,Plymouth,Plymouth County,06,H1,G4020,,,,A,2234881736.00000000000,2177308.00000000000,+42.7375854,-096.2158638,19149,1500.8846,1496.6252,1484.5067,1496.5979,1509.0190,1432.2210,1425.8285,1399.6108,1425.8223,1451.5569,1519.5159,1509.9381,1460.2184,1510.1516,1559.3332,1599.6339,1586.0992,1509.8097,1585.6339,1662.6231,1379.6748,1365.9213,1267.2192,1364.6349,1464.5385,1874.7565,1853.6706,1686.8087,1850.6870,2019.4481,1766.0087,1744.8860,1553.1241,1741.3093,1934.0178,1656.2476,1635.5327,1457.1704,1631.9976,1809.5825,1784.7804,1762.6734,1563.6110,1758.5597,1955.1557,1637.3620,1633.9485,1377.3428,1579.1541,1920.6628,1546.4931,1561.7364,1255.3320,1474.5795,1891.3264,1572.1464,1604.1163,1214.9233,1470.2331,2004.0536,1557.5881,1607.7660,1139.1216,1414.9736,2072.9497,1550.5665,1598.3837,1120.7765,1399.1719,2092.1356,1575.0461,1621.1457,1121.0562,1396.8573,2167.7186,1532.4347,1582.5930,1060.1961,1325.0636,2190.3044,1485.2642,1543.0567,982.9614,1241.0949,2232.3259,11.00000000000,19,149
19,131,00465254,19131,Mitchell,Mitchell County,06,H1,G4020,,,,A,1215049026.00000000000,1118418.00000000000,+43.3485643,-092.7844663,19131,625.0185,623.2944,618.2733,623.2808,628.4130,575.3587,572.8150,562.2953,572.8109,583.1333,569.7754,566.2024,547.5624,566.2803,584.7160,703.7287,697.8306,664.2660,697.6221,731.4755,701.5701,694.7867,644.5997,694.1406,744.8623,804.2198,795.4462,724.0159,794.2180,866.3676,740.5827,732.0005,651.8000,730.5631,811.0697,703.7055,695.4179,620.0931,694.0210,768.8843,729.5481,720.7478,639.5945,719.1151,799.2196,676.2248,674.9112,569.0109,652.3040,793.2504,585.7789,591.8746,476.0572,558.9430,716.4468,594.9125,607.3351,460.3053,556.7567,758.3889,590.9698,610.3289,432.7475,537.2625,786.5333,576.1489,594.2303,416.9922,520.2939,777.4095,559.5534,576.2334,398.7980,496.6337,770.1314,524.7137,542.1721,363.5192,454.0647,749.9916,491.9643,511.3633,326.0437,411.4028,739.4296,11.00000000000,19,131
19,049,00465213,19049,Dallas,Dallas County,06,H1,G4020,218,19780,,A,1524070766.00000000000,8421379.00000000000,+41.6853206,-094.0407065,19049,5689.4285,5673.4552,5627.6068,5673.3444,5720.2881,6744.4081,6714.4207,6591.0198,6714.3837,6835.4949,8273.8171,8221.3872,7950.6083,8222.5820,8490.4673,10517.3667,10428.0840,9926.5047,10425.0442,10931.3234,10568.6849,10463.5824,9707.5017,10453.7384,11218.9308,11350.7279,11222.6887,10212.2166,11204.5528,12226.6556,12471.3415,12322.2876,10968.1758,12297.0555,13657.8145,13200.4671,13037.1649,11617.2007,13009.3571,14422.6674,14943.3470,14757.7720,13090.6533,14723.2309,16369.7817,15080.2830,15046.3290,12680.9512,14541.0732,17688.9041,15233.2632,15382.7432,12364.0966,14524.0601,18629.8306,15870.9062,16192.9608,12263.5224,14841.2248,20230.9512,16151.1689,16670.8255,11810.8231,14671.5273,21495.0731,16488.7024,16996.5841,11917.2740,14878.0033,22247.6866,16887.3884,17381.0763,12018.7570,14976.1346,23241.8799,17026.8884,17583.6913,11778.9468,14722.1527,24336.4462,16868.6679,17524.6202,11163.0945,14095.0383,25353.2849,11.00000000000,19,049
19,147,00465262,19147,Palo Alto,Palo Alto County,06,H1,G4020,,,,A,1460349241.00000000000,14480046.00000000000,+43.0758537,-094.6672965,19147,430.5012,429.3055,425.8430,429.2965,432.8381,484.3815,482.2284,473.3661,482.2257,490.9235,499.4666,496.3163,479.9730,496.3867,512.5535,591.0542,586.0330,557.8454,585.8624,614.3153,529.7928,524.5334,486.6323,524.0402,562.3947,496.5215,490.9237,446.7237,490.1309,534.8386,415.6559,410.7723,365.7071,409.9504,455.2094,520.6557,514.2786,458.3291,513.1949,568.8657,564.7016,557.8387,494.9759,556.5643,618.6240,512.2221,511.2141,430.9872,494.0868,600.8627,478.2479,483.0442,388.3516,456.1120,584.8999,485.8833,495.8468,375.6262,454.4907,619.3774,480.9814,496.5553,351.8946,437.0413,640.1315,472.5342,487.1769,341.6775,426.4863,637.5834,472.1070,485.9884,336.1383,418.7768,649.7607,471.5275,487.0187,326.3224,407.7920,673.9569,467.8585,486.1146,309.7247,391.0082,703.1862,11.00000000000,19,147
19,071,00465224,19071,Fremont,Fremont County,06,H1,G4020,,,,A,1323872918.00000000000,14214133.00000000000,+40.7437257,-095.5995159,19071,357.6535,356.6551,353.7759,356.6479,359.5943,377.6410,375.9731,369.0693,375.9703,382.7444,330.5541,328.5020,317.6920,328.5448,339.2336,345.1327,342.2182,325.7580,342.1174,358.7267,292.9155,289.9579,269.0022,289.6834,310.9079,314.4930,310.9741,282.9929,310.4771,338.7706,261.2675,258.2172,229.9060,257.7050,286.1317,241.6935,238.7037,212.7050,238.1945,264.0713,269.4443,266.1866,236.2075,265.5821,295.1751,202.7981,202.3129,170.4807,195.5115,237.8716,183.0156,184.8528,148.6172,174.5469,223.8294,174.3966,177.9765,134.8289,163.1337,222.3116,155.6075,160.6520,113.8556,141.3995,207.0964,144.2834,148.7629,104.3423,130.2340,194.6803,138.4557,142.5365,98.5970,122.8278,190.5574,126.8787,131.0573,87.8250,109.7416,181.3492,114.5320,119.0112,75.8387,95.7314,172.1410,11.00000000000,19,071
19,159,00465268,19159,Ringgold,Ringgold County,06,H1,G4020,,,,A,1386933932.00000000000,8721518.00000000000,+40.7353342,-094.2442514,19159,260.9906,260.2605,258.1586,260.2553,262.4066,262.2003,261.0182,256.2124,261.0179,265.7368,260.4448,258.8158,250.2963,258.8509,267.2766,309.8331,307.1989,292.4229,307.1096,322.0254,291.9025,289.0233,268.1411,288.7523,309.8776,308.6708,305.3340,277.9348,304.8684,332.5329,321.7705,317.8818,282.9110,317.2210,352.3775,312.9525,309.0921,275.4379,308.4351,341.9287,315.5375,311.5565,276.2972,310.8142,345.6499,254.8554,254.2262,214.2071,245.6743,298.9274,238.3283,240.6330,193.3800,227.1901,291.4629,236.9152,241.6881,183.0050,221.5010,301.9961,225.8289,233.0628,165.0865,205.1001,300.5456,218.2350,224.9276,157.6795,196.8793,294.4549,210.0643,216.1783,149.4554,186.2556,289.1064,194.4948,200.8330,134.5096,168.1406,277.9889,181.2140,188.2431,119.8898,151.3964,272.3600,11.00000000000,19,159
19,023,00465201,19023,Butler,Butler County,06,H1,G4020,,,,A,1502533262.00000000000,4209738.00000000000,+42.7347076,-092.7800664,19023,890.6054,888.1389,880.9792,888.1199,895.4410,857.5775,853.7635,838.0720,853.7588,869.1592,922.4806,916.6837,886.5028,916.8113,946.6631,1082.9575,1073.9540,1022.2986,1073.6281,1125.7032,880.1024,871.5136,808.5539,870.7000,934.3591,1010.3252,999.1259,909.2923,997.5492,1088.3487,969.1180,957.6382,852.4938,955.7007,1061.3278,978.4145,966.1894,860.8342,964.1035,1068.9965,1138.1636,1124.0516,997.0954,1121.4253,1246.8111,917.7788,915.5383,771.4434,884.7476,1076.4960,875.3624,883.8935,710.3863,834.5354,1070.5328,884.1219,902.0031,683.0610,826.6865,1127.0000,842.2234,869.2624,615.7892,764.9914,1120.8829,795.0322,819.4623,574.5121,717.2954,1072.7066,777.1628,799.8261,553.0082,689.1348,1069.5939,732.9036,756.8176,506.9180,633.6324,1047.5317,685.5739,712.1851,453.6034,572.7897,1030.4014,11.00000000000,19,023
19,137,00465257,19137,Montgomery,Montgomery County,06,H1,G4020,,,,A,1098405666.00000000000,2410460.00000000000,+41.0217348,-095.1577896,19137,594.4853,592.8287,588.0444,592.8165,597.7116,595.0545,592.4302,581.5536,592.4254,603.0971,512.0675,508.8913,492.1460,508.9573,525.5146,539.2999,534.7421,509.0217,534.5849,560.5394,457.5287,452.9865,420.2552,452.5607,485.6836,593.2868,586.6733,533.9006,585.7404,639.0933,550.4435,543.9646,484.2766,542.8735,602.8220,472.1814,466.2750,415.4248,465.2670,515.8958,476.9043,470.9009,417.6223,469.7818,522.4180,455.0407,454.1332,382.8526,438.9150,533.7831,413.3630,417.3698,335.4199,394.0564,505.5227,392.2831,400.1967,303.0373,366.7736,500.0453,375.9263,387.9766,274.8257,341.4306,500.3043,360.0885,371.1386,260.1841,324.8608,485.8523,353.7307,364.0336,251.6835,313.6484,486.8316,332.4161,343.2539,229.9026,287.3797,475.1183,307.9125,319.8588,203.7174,257.2507,462.7849,11.00000000000,19,137
19,181,00465279,19181,Warren,Warren County,06,H1,G4020,218,19780,,A,1475844938.00000000000,9125380.00000000000,+41.3367685,-093.5643662,19181,3267.4578,3258.3504,3232.0531,3258.2835,3285.1900,3318.2459,3303.6149,3242.9647,3303.5882,3363.0957,3426.2011,3404.6841,3292.5917,3405.1565,3516.0256,3975.6533,3942.1509,3752.5384,3940.9849,4132.2902,3823.9831,3786.3785,3512.8187,3782.8329,4059.5357,3450.3696,3411.5376,3104.4257,3406.0418,3716.6580,3867.4669,3821.4220,3401.6399,3813.6376,4235.4225,4269.4803,4216.6170,3757.3114,4207.6138,4664.7788,4656.0230,4598.1330,4078.6319,4587.3564,5100.4610,4341.0354,4331.1795,3650.2124,4185.7163,5091.9377,4419.4506,4462.5277,3586.5447,4213.3345,5404.8104,4437.8567,4527.6159,3428.6371,4149.5646,5656.9861,4372.3487,4512.7358,3196.8572,3971.4235,5818.9933,4349.2792,4482.9603,3142.9675,3924.0580,5868.3199,4340.1632,4466.7691,3088.4137,3848.6103,5973.2847,4334.0988,4475.5733,2997.8110,3747.1198,6194.6874,4229.1722,4393.3965,2798.3072,3533.5078,6356.3504,11.00000000000,19,181
19,053,00465215,19053,Decatur,Decatur County,06,H1,G4020,,,,A,1377566066.00000000000,4142102.00000000000,+40.7363787,-093.7845799,19053,334.9834,334.0460,331.3480,334.0393,336.8008,308.9897,307.5955,301.9316,307.5952,313.1569,253.6894,252.1006,243.8017,252.1351,260.3428,301.5406,299.0119,284.6298,298.9226,313.4289,237.5848,235.2074,218.2104,234.9855,252.1927,153.2045,151.2748,137.5257,150.9917,164.9685,221.4432,218.6601,194.5096,218.1812,242.4947,398.9118,394.0234,351.1541,393.1925,435.8488,417.5537,412.2423,365.5439,411.2511,457.3965,328.2932,327.4824,275.9316,316.4663,385.0648,289.7153,292.5921,235.2072,276.2698,354.3187,291.2868,297.2318,225.1384,272.4315,371.3131,284.9152,294.1150,208.4053,258.8547,379.1874,278.8980,287.5188,201.6269,251.6924,376.3110,282.6299,290.9192,201.1949,250.6770,388.9818,304.5001,314.4869,210.7003,263.3200,435.2226,308.2597,320.2729,204.0423,257.6064,463.3101,11.00000000000,19,053
19,187,00465282,19187,Webster,Webster County,06,H1,G4020,,22700,,A,1853443769.00000000000,7277623.00000000000,+42.4343970,-094.1791565,19187,2013.0410,2007.3772,1991.1487,2007.3384,2023.9581,1869.8561,1861.6291,1827.4614,1861.6129,1895.1343,1983.4931,1971.1374,1906.2644,1971.3991,2035.5508,2153.0355,2135.0635,2032.3703,2134.4204,2237.9726,1910.2172,1891.8531,1755.2067,1890.0979,2028.1615,1805.9742,1786.4370,1626.1218,1783.7101,1945.5828,1775.2864,1754.3462,1561.8064,1750.8173,1944.2118,2206.4198,2178.3026,1940.2275,2173.4864,2410.6591,2231.9342,2203.5833,1954.0045,2198.2933,2444.9093,2115.1399,2109.7926,1777.5599,2038.7879,2480.8797,1971.3707,1989.9252,1598.6814,1878.6010,2410.7996,1947.2947,1986.0105,1503.2847,1819.9513,2482.1575,1883.1541,1942.9549,1375.7385,1709.6451,2506.1599,1821.7128,1877.0554,1315.3216,1642.7800,2457.9108,1779.4472,1830.7252,1265.1329,1577.1136,2448.9690,1721.9487,1777.5655,1189.9915,1487.9990,2461.1240,1658.4402,1722.3069,1096.3866,1384.9863,2492.5653,11.00000000000,19,187
19,025,00465202,19025,Calhoun,Calhoun County,06,H1,G4020,,,,A,1476209027.00000000000,5560503.00000000000,+42.3861699,-094.6436829,19025,514.0814,512.6419,508.5011,512.6317,516.8704,459.3083,457.2261,448.8017,457.2264,465.5001,473.3514,470.3200,454.8224,470.3921,485.7282,521.4600,517.0744,492.2038,516.9208,542.0106,534.2989,528.9600,490.7360,528.4614,567.1553,600.0263,593.1445,539.6665,592.1643,646.2969,530.5764,524.0514,466.2989,522.9363,581.0321,538.7264,531.7545,473.5304,530.5568,588.5879,541.6307,534.5604,473.8207,533.2374,593.2909,537.9331,536.3998,451.7660,518.3006,630.9079,439.2182,443.2618,356.0255,418.4361,537.1075,432.4240,440.9322,333.6693,404.0334,551.1869,421.5341,434.8364,307.8083,382.5899,560.9833,403.4002,415.5814,291.1373,363.6833,544.2734,389.6200,400.7822,276.8934,345.2349,536.2104,368.9583,380.8185,254.8766,318.7593,527.3358,349.1438,362.5409,230.7309,291.5154,524.7453,11.00000000000,19,025
19,123,00465250,19123,Mahaska,Mahaska County,06,H1,G4020,,36820,,A,1478527687.00000000000,6564800.00000000000,+41.3307969,-092.6363663,19123,1199.8250,1196.4769,1186.8184,1196.4525,1206.3358,1178.3722,1173.1362,1151.5775,1173.1295,1194.2877,1282.3252,1274.2697,1232.3164,1274.4468,1315.9425,1337.4933,1326.2158,1262.4265,1325.8240,1390.1851,1308.6523,1295.7980,1202.1800,1294.5852,1389.2734,1163.3897,1150.4204,1046.9369,1148.5910,1253.2124,1150.9445,1137.3836,1012.5689,1135.0992,1260.4630,1257.4055,1241.6808,1106.2719,1238.9974,1373.8158,1288.6037,1272.5307,1128.7064,1269.5376,1411.6004,1175.7544,1173.1075,988.6879,1133.7145,1379.1392,1032.1378,1042.3872,837.9484,984.2374,1262.2937,1017.9058,1038.6839,786.7552,952.0199,1297.5590,975.3825,1006.8874,713.4749,886.1792,1298.1162,938.6890,967.7233,678.6500,847.1470,1266.5543,904.1200,930.6694,643.6693,801.9450,1244.3374,878.6422,907.4863,608.0286,759.8500,1255.8466,837.9327,870.6178,554.6953,700.2801,1259.4031,11.00000000000,19,123
19,015,00465197,19015,Boone,Boone County,06,H1,G4020,112,14340,,A,1480356844.00000000000,5364798.00000000000,+42.0386005,-093.9391375,19015,1584.2618,1579.7907,1567.0118,1579.7608,1592.8516,1642.4678,1635.0766,1604.9793,1635.0738,1664.6249,1823.7466,1812.2129,1752.5312,1812.4736,1871.5144,2079.6962,2061.9159,1962.7396,2061.3233,2161.4715,2003.6869,1983.6487,1840.3038,1981.7781,2126.8914,2118.6576,2094.8569,1906.3023,2091.4905,2282.1814,1804.5575,1783.6264,1588.1891,1780.1197,1976.3089,1752.7667,1731.3321,1543.0100,1727.6907,1915.0658,1838.9298,1815.8922,1610.5532,1811.6002,2014.4427,1669.8925,1666.1968,1404.3216,1610.2632,1958.7698,1726.6723,1743.5886,1401.4083,1646.2510,2111.6646,1709.0466,1743.6985,1320.5387,1598.1305,2178.5513,1634.2973,1686.8510,1195.0586,1484.5396,2175.0314,1582.8827,1631.6091,1143.9844,1428.2217,2135.7311,1538.9077,1583.8674,1095.1903,1364.7030,2117.9751,1458.2344,1505.8929,1008.7356,1260.8151,2084.2452,1372.9572,1426.3203,908.5296,1147.1775,2063.5268,11.00000000000,19,015
19,113,00465245,19113,Linn,Linn County,06,H1,G4020,,16300,,A,1856710588.00000000000,19748575.00000000000,+42.0779506,-091.5976735,19113,14096.6631,14057.1260,13943.5461,14056.8480,14173.1295,14372.7741,14309.0457,14046.1606,14308.9546,14566.9358,15287.1043,15191.1782,14691.0568,15193.2767,15687.9287,17402.8554,17255.8357,16425.8510,17250.7566,18088.2759,16915.5356,16748.0708,15537.9503,16732.3438,17956.7738,16414.2576,16230.9498,14770.7220,16205.0750,17681.4724,15870.7873,15681.9761,13959.4402,15650.0634,17380.7704,16899.0274,16691.4508,14874.9540,16656.1539,18463.7546,17738.1759,17519.1182,15541.3187,17478.3696,19431.5436,16735.5896,16698.2558,14073.5168,16137.6217,19630.6337,17476.1652,17647.7990,14184.8042,16662.7230,21372.8568,17560.4348,17916.9125,13569.2714,16421.3139,22384.6424,17198.0882,17751.5580,12576.6215,15622.6985,22888.3959,17133.0351,17660.8835,12383.1767,15459.5473,23117.0749,17154.5699,17656.1807,12209.1069,15213.2197,23609.6073,16987.1593,17542.7643,11751.6426,14687.9288,24279.6687,16716.0869,17366.1958,11062.2824,13967.6558,25123.9637,11.00000000000,19,113
19,099,00465238,19099,Jasper,Jasper County,06,H1,G4020,218,35500,,A,1891779160.00000000000,6565706.00000000000,+41.6856863,-093.0529712,19099,2231.4348,2225.1711,2207.1893,2225.1274,2243.5383,2076.7525,2067.3690,2029.2942,2067.3680,2104.7573,2003.2526,1990.4292,1924.8434,1990.7334,2055.6353,2285.2474,2265.6057,2156.6318,2264.9617,2375.0386,2117.4104,2095.9702,1944.4852,2093.9835,2247.4331,2385.1593,2357.5713,2144.8640,2353.6306,2569.0217,2319.0452,2290.2010,2037.5221,2285.2534,2539.5399,2366.7109,2336.2474,2080.6064,2331.0194,2585.7699,2350.0423,2319.6790,2056.4256,2314.0032,2574.2253,2215.5960,2209.7514,1861.5450,2135.3169,2598.6471,2031.6977,2050.7119,1647.4143,1935.9536,2484.5562,2005.5153,2045.2874,1548.0530,1874.2372,2556.3573,1970.8065,2033.3110,1439.6366,1789.1214,2622.8033,1933.8352,1992.5319,1396.1867,1743.8232,2609.1852,1920.3415,1975.6518,1365.2557,1701.9520,2642.8730,1867.5201,1927.8260,1290.5693,1613.7766,2669.1834,1810.7690,1880.5030,1197.0923,1512.1995,2721.5092,11.00000000000,19,099
19,145,00465261,19145,Page,Page County,06,H1,G4020,,,,A,1385494422.00000000000,1359125.00000000000,+40.7390902,-095.1442898,19145,774.6344,772.4249,766.1645,772.4113,778.8311,839.8316,836.0913,820.7219,836.0871,851.1722,874.9015,869.3007,840.6566,869.4336,897.7790,924.5742,916.6716,872.5805,916.4081,960.9304,882.9022,874.2198,811.0588,873.4012,937.2878,1035.6079,1024.1579,932.0924,1022.5473,1115.5925,829.3470,819.6279,729.7302,817.9937,908.2699,861.9639,851.0020,758.0152,849.1252,941.7537,958.1505,945.8202,838.5325,943.5162,1049.5595,858.7885,856.4081,721.3476,827.5293,1007.2352,790.7542,798.0116,640.9372,753.3105,966.9874,768.6854,783.7755,593.0771,718.1745,979.7967,732.9837,756.0633,535.1446,665.2017,975.4600,701.8298,722.9538,506.3981,632.6437,946.9126,666.8823,685.8989,473.7815,590.7991,917.7825,604.2276,623.5339,417.1943,521.8725,863.5877,559.9841,581.3494,369.8466,467.4053,841.6200,11.00000000000,19,145
19,093,00465235,19093,Ida,Ida County,06,H1,G4020,,,,A,1117599646.00000000000,1406468.00000000000,+42.3918601,-095.5074206,19093,337.0657,336.1336,333.4245,336.1263,338.8960,299.2683,297.9189,292.4336,297.9186,303.3047,331.4213,329.3094,318.4606,329.3586,340.0930,399.0789,395.6218,376.5927,395.5112,414.7421,335.7658,332.4264,308.4058,332.1136,356.4238,417.2201,412.5585,375.4411,411.9005,449.4297,413.5141,408.5937,363.7123,407.7621,452.8567,408.8793,403.7541,359.7116,402.8791,446.7325,489.8479,483.7325,429.0544,482.5936,536.6030,390.7602,389.9989,328.8020,376.9347,458.3835,357.1061,360.6293,289.8789,340.5044,436.7333,374.7945,382.4203,289.6411,350.5040,477.7603,376.2589,388.3851,275.1805,341.8144,500.7527,376.1129,387.7170,271.8701,339.3967,507.4790,378.5382,389.6228,269.4379,335.7199,520.9784,367.3513,379.3805,254.1570,317.6476,525.0545,354.9924,368.8105,234.9464,296.6399,533.5476,11.00000000000,19,093
19,047,00465212,19047,Crawford,Crawford County,06,H1,G4020,,,,A,1849742893.00000000000,2194275.00000000000,+42.0431192,-095.3890903,19047,975.3733,972.6304,964.7679,972.6115,980.6631,1040.7099,1036.0247,1016.9533,1036.0230,1054.7486,1073.7871,1066.9290,1031.7766,1067.0903,1101.8741,1147.1806,1137.1809,1082.4830,1136.8672,1192.1660,1169.7222,1157.5965,1073.9072,1156.4884,1241.3652,1145.3083,1132.2450,1030.2077,1130.3877,1233.6491,1079.8311,1066.6041,949.1072,1064.3465,1182.5249,1233.4575,1217.8129,1084.7873,1215.1356,1347.6379,1325.8728,1309.1274,1160.9541,1306.0049,1452.4016,1159.3076,1156.5050,974.5110,1117.6177,1359.8006,1168.5783,1179.6951,947.8646,1113.7349,1429.0798,1200.4519,1224.4518,926.9648,1122.1154,1530.1957,1187.4834,1225.3285,867.7487,1078.2420,1580.3517,1207.1089,1243.9312,871.8232,1088.7360,1628.6819,1240.4662,1276.3791,882.2255,1099.6293,1707.2084,1247.8796,1288.3535,862.6744,1078.5503,1783.5647,1253.9296,1302.3860,829.2653,1047.3795,1884.6133,11.00000000000,19,047
19,003,00465191,19003,Adams,Adams County,06,H1,G4020,,,,A,1096700733.00000000000,5353423.00000000000,+41.0216555,-094.6969059,19003,187.4156,186.8962,185.3894,186.8923,188.4332,178.2566,177.4374,174.1622,177.4382,180.6564,181.1224,180.0316,174.1150,180.0512,185.8971,209.8090,208.0178,198.0123,207.9578,218.0605,187.7597,185.9394,172.5079,185.7663,199.3427,188.8516,186.9276,170.2286,186.6651,203.4852,147.9248,146.2233,130.2138,145.9390,162.0054,122.5543,121.1088,107.9885,120.8650,133.9055,154.0167,152.2382,135.1782,151.9099,168.7348,139.0954,138.9008,117.1783,134.2685,163.1852,105.8890,107.0536,86.1649,101.1166,129.5195,107.2715,109.5787,83.1174,100.4760,136.7569,99.2817,102.5978,72.8099,90.3390,132.1417,93.0133,95.9908,67.4200,84.0704,125.5099,87.9006,90.5732,62.7390,78.0829,120.9846,76.4756,79.0636,53.0590,66.2333,109.3123,71.3722,74.2224,47.3651,59.7287,107.2756,11.00000000000,19,003
19,031,00465205,19031,Cedar,Cedar County,06,H1,G4020,,,,A,1500731293.00000000000,6385840.00000000000,+41.7723547,-091.1321900,19031,1150.4084,1147.1953,1137.9331,1147.1720,1156.6507,1051.1441,1046.4221,1027.1647,1046.4197,1065.3265,1156.7933,1149.4700,1111.6128,1149.6362,1187.0880,1284.5236,1273.6108,1212.3515,1273.2401,1335.0762,1175.3624,1163.6062,1079.5201,1162.5089,1247.6329,1311.6403,1296.7105,1179.8713,1294.5894,1412.8196,1101.7683,1088.7261,969.1968,1086.5255,1206.6005,1106.4491,1092.9968,974.1867,1090.7141,1208.9063,1120.5633,1106.7561,981.8422,1104.1883,1227.5412,910.6077,908.7280,766.0336,878.2590,1068.1681,911.0309,920.2363,739.9048,868.9497,1114.2070,900.6680,919.2119,696.4186,842.5706,1148.1312,840.7101,868.0220,615.2332,764.0201,1118.8973,794.3463,819.0679,574.5561,717.0741,1071.8091,763.3435,785.9034,543.6994,677.2610,1050.5987,708.4044,731.7971,490.4653,612.8003,1012.5347,658.2797,684.0808,435.9890,550.2917,989.3943,11.00000000000,19,031
33,009,00873178,33009,Grafton,Grafton County,06,H1,G4020,180,30100,,A,4425640635.00000000000,105662058.00000000000,+43.9264884,-071.8422643,33009,5280.1780,5265.5890,5223.1588,5265.4750,5308.8513,4789.0254,4768.0104,4680.5295,4767.9647,4853.7833,4456.1131,4428.3293,4282.5809,4428.9204,4573.0517,5231.2105,5187.3297,4937.8264,5185.7818,5437.4445,5796.3507,5739.8032,5325.1516,5734.4459,6153.6975,3288.7430,3252.8045,2960.6674,3247.7704,3542.8703,3159.2569,3122.3859,2780.0543,3116.1951,3459.9177,4422.9632,4369.8670,3895.5354,4360.8811,4832.5692,4452.4776,4398.7131,3903.3790,4388.7373,4877.6798,4055.4451,4047.5347,3412.4052,3911.9476,4757.2611,3866.8230,3906.3495,3141.2838,3688.7816,4729.2674,3771.0819,3849.1676,2916.6679,3528.3865,4807.2600,3593.2842,3710.3908,2630.2098,3265.9705,4782.3189,3429.2365,3536.2553,2480.8983,3096.0227,4627.0850,3208.4457,3303.5069,2285.6663,2846.9306,4415.8411,3236.4969,3343.5046,2241.0307,2799.8760,4625.9906,3197.9709,3323.3692,2118.1644,2673.4246,4806.5533,11.00000000000,33,009
19,027,00465203,19027,Carroll,Carroll County,06,H1,G4020,,,,A,1474835105.00000000000,2145362.00000000000,+42.0394920,-094.8676471,19027,1130.9160,1127.7129,1118.5849,1127.6921,1137.0461,1013.1845,1008.6679,990.1239,1008.6632,1026.8647,1035.1844,1028.6603,994.7885,1028.8056,1062.3108,1117.9697,1108.4102,1055.0966,1108.0917,1161.9281,984.9208,975.1533,904.6928,974.2370,1045.5367,1211.0594,1197.6433,1089.9659,1195.7549,1304.5872,1071.4042,1058.6355,942.3331,1056.4761,1173.3374,1039.9187,1027.1219,915.3191,1024.9451,1136.2063,1160.7432,1146.2529,1016.6884,1143.5543,1271.5341,1044.8857,1042.6119,878.7822,1007.6222,1225.6514,892.2152,900.9747,724.1754,850.6827,1091.1535,897.7835,916.0053,693.7283,839.5415,1144.4225,884.6339,913.0997,646.9092,803.5947,1177.3311,871.6369,898.4869,629.9824,786.4936,1176.0723,867.4230,892.7826,617.3473,769.2528,1193.8225,829.6763,856.8078,573.9577,717.3725,1185.8521,802.2444,833.4397,530.8961,670.3346,1205.7579,11.00000000000,19,027
19,009,00465194,19009,Audubon,Audubon County,06,H1,G4020,,,,A,1147264459.00000000000,1152260.00000000000,+41.6791780,-094.9043119,19009,331.7583,330.8290,328.1566,330.8224,333.5581,253.6228,252.5192,247.8910,252.5161,257.0549,243.2286,241.6624,233.6974,241.7004,249.5835,243.2400,241.1928,229.5917,241.1213,252.8251,229.0873,226.8472,210.4590,226.6353,243.2072,323.4614,319.8933,291.1421,319.3918,348.4461,255.0105,251.9743,224.2949,251.4610,279.2724,211.6011,208.9281,186.1170,208.4710,231.1896,229.2073,226.3067,200.6863,225.7657,251.0799,205.0912,204.5430,172.3047,197.6511,240.5474,172.7989,174.4345,140.1472,164.6788,211.3182,166.5364,169.8609,128.5872,155.6626,212.2806,160.2330,165.3389,117.0883,145.4916,213.2446,151.2906,155.9088,109.2736,136.4586,204.1279,142.6422,146.7774,101.4575,126.4543,196.3137,129.1069,133.3055,89.2729,111.6019,184.5303,120.4136,125.0804,79.6577,100.5954,180.9784,11.00000000000,19,009
19,055,00465216,19055,Delaware,Delaware County,06,H1,G4020,,,,A,1496381153.00000000000,3082496.00000000000,+42.4730031,-091.3594425,19055,1032.4988,1029.5899,1021.2641,1029.5701,1038.0976,925.7326,921.5926,904.6423,921.5892,938.2282,904.8590,899.1472,869.5379,899.2753,928.5652,989.7910,981.3789,934.1756,981.0935,1028.7424,820.2252,812.0775,753.3990,811.3139,870.6962,1108.6085,1096.3180,997.7444,1094.5875,1194.2215,967.9160,956.6596,851.8091,954.7719,1060.0354,915.6716,904.5041,806.1487,902.6079,1000.4608,912.6134,901.4214,799.7369,899.3411,999.7451,835.1121,833.4920,702.7110,805.5736,979.6348,744.1607,751.6737,604.3681,709.7795,910.1208,738.6210,753.8194,571.1040,690.9650,941.5598,721.6762,745.1006,528.0889,655.8188,960.4738,704.4072,726.2990,509.4495,635.8450,950.4519,703.8420,724.6035,501.2490,624.4189,968.7028,668.6278,690.6598,462.8421,578.3325,955.6780,630.7986,655.4733,417.7000,527.2583,948.0872,11.00000000000,19,055
19,083,00465230,19083,Hardin,Hardin County,06,H1,G4020,,,,A,1474498672.00000000000,1773894.00000000000,+42.3899554,-093.2410810,19083,1001.3353,998.5180,990.4456,998.4987,1006.7657,1043.6482,1039.0053,1019.9086,1038.9998,1057.7424,1080.1376,1073.3133,1037.9674,1073.4669,1108.4325,1281.9553,1271.2952,1210.1480,1270.9095,1332.5543,1209.7901,1197.8801,1111.3340,1196.7578,1284.3030,1320.7377,1306.1622,1188.7635,1304.1134,1422.7519,1033.8137,1022.1799,910.4952,1020.2518,1132.2496,1126.0990,1112.5703,991.7949,1110.2803,1230.3853,1112.6756,1099.1169,975.2205,1096.5985,1218.9189,903.3292,901.4938,759.9633,871.2752,1059.6373,932.4107,941.7045,757.0451,889.1821,1140.3342,923.8541,942.7463,714.1205,864.0986,1177.6722,882.4798,911.0133,645.5686,801.8098,1174.4765,838.0493,863.9926,605.9278,756.3497,1130.7651,807.4755,831.2021,574.8918,716.2415,1111.3272,746.4974,771.0148,516.6032,645.5854,1066.9725,691.6201,718.6045,457.8508,578.0112,1039.4973,11.00000000000,19,083
19,167,00465272,19167,Sioux,Sioux County,06,H1,G4020,,,,A,1989969635.00000000000,1707495.00000000000,+43.0828542,-096.1779289,19167,1681.0048,1676.2413,1662.6720,1676.2103,1690.1163,1703.4988,1695.9120,1664.7370,1695.9035,1726.5018,2009.3509,1996.6247,1930.8655,1996.9141,2061.9696,2333.0145,2313.1217,2201.8628,2312.4534,2424.7844,1973.2567,1953.7566,1812.5923,1951.9233,2094.7441,927.3631,916.2999,833.4136,914.7038,998.7518,1250.5746,1235.0475,1098.8087,1232.3857,1369.4824,2368.2274,2338.8548,2084.0394,2333.8506,2587.4916,2689.0936,2655.3218,2354.9751,2649.0280,2945.7385,2480.2181,2474.0538,2084.5619,2390.8186,2909.1111,1868.1959,1885.9551,1515.3199,1780.5018,2284.6551,1949.5611,1988.5441,1505.4235,1822.3492,2485.0734,1944.6486,2006.6476,1421.0835,1765.7814,2588.0203,1862.8114,1919.6348,1345.3967,1680.1372,2513.3831,1832.7523,1885.7967,1303.4345,1624.6498,2522.3488,1943.4801,2006.5377,1343.5912,1679.7904,2777.7715,1976.6970,2053.1171,1307.3147,1651.1320,2970.9102,11.00000000000,19,167
33,003,00873175,33003,Carroll,Carroll County,06,H1,G4020,,,,A,2411436914.00000000000,158956015.00000000000,+43.8675668,-071.2016650,33003,3006.4176,2998.0631,2973.8798,2998.0005,3022.7368,2461.1498,2450.2841,2405.2924,2450.2652,2494.4108,2001.3624,1988.8454,1923.3783,1989.1153,2053.8610,2324.6459,2305.1607,2194.2857,2304.4718,2416.3014,2263.6651,2241.4517,2079.5145,2239.3547,2403.1352,2720.3151,2689.9260,2447.9191,2685.6361,2930.3262,2430.3136,2401.4564,2137.7261,2396.5822,2661.5454,2006.9815,1982.4764,1766.8748,1978.3146,2192.8219,1900.2683,1876.3512,1664.0616,1871.8930,2081.6220,1742.4145,1738.7306,1465.6204,1680.4087,2043.8793,1575.9043,1591.3923,1279.1268,1502.5664,1927.2883,1471.2203,1501.1021,1136.8672,1375.8045,1875.3962,1398.7619,1443.7945,1022.9170,1270.6536,1861.5699,1315.9287,1356.4984,951.1562,1187.4290,1775.5443,1230.7252,1266.7535,875.9934,1091.4984,1693.8340,1104.2391,1140.4136,764.0100,954.8515,1578.2879,987.5975,1026.0694,653.6794,825.2958,1484.3443,11.00000000000,33,003
33,019,00873183,33019,Sullivan,Sullivan County,06,H1,G4020,180,17200,,A,1391635377.00000000000,38022493.00000000000,+43.3611883,-072.2220839,33019,2993.8525,2985.4371,2961.3056,2985.3790,3010.0898,2630.1231,2618.3765,2570.2267,2618.3657,2665.6292,2279.6349,2265.4495,2190.8937,2265.7486,2339.4734,2448.9760,2428.4111,2311.6079,2427.6879,2545.5095,2484.8998,2460.2935,2282.5263,2457.9831,2637.8544,2642.8935,2613.3065,2378.1527,2609.1268,2846.9092,2431.3463,2402.2221,2138.1805,2397.2881,2662.6471,2290.1440,2262.4834,2016.7317,2257.7962,2502.2220,2243.0597,2215.4743,1965.4792,2210.3452,2457.2065,1864.7556,1861.1600,1569.1512,1798.8249,2187.4715,1701.1013,1718.2109,1381.4317,1622.4273,2080.4645,1627.4841,1660.9269,1258.2956,1522.4210,2074.6360,1531.3556,1581.0348,1120.5298,1391.5773,2038.0682,1452.3294,1497.4578,1050.3573,1310.9599,1959.6174,1371.3201,1411.7860,976.6279,1216.5967,1887.3592,1260.8563,1302.4357,872.8568,1090.6244,1802.1599,1154.2001,1199.3919,764.3617,964.8012,1734.7598,11.00000000000,33,019
19,001,00465190,19001,Adair,Adair County,06,H1,G4020,,,,A,1474404167.00000000000,2597997.00000000000,+41.3285283,-094.4781643,19001,393.7840,392.6793,389.5064,392.6715,395.9200,340.6227,339.1009,332.8648,339.0995,345.2209,357.2047,354.9629,343.2768,355.0119,366.5703,359.9890,357.0212,339.8491,356.9111,374.2142,353.8579,350.3522,325.0375,350.0231,375.6380,366.0073,361.9462,329.4003,361.3743,394.2715,324.4307,320.7792,285.7299,320.1740,355.3217,324.2295,320.4272,285.7360,319.7869,354.2613,311.8628,308.2179,273.6339,307.5442,341.6598,248.0550,247.6847,208.9273,239.4182,291.0098,257.8106,260.5835,209.6781,246.1126,315.3343,256.3722,261.8176,198.5256,240.0451,326.8320,243.6698,251.7362,178.5754,221.6307,324.3123,237.4897,245.0142,172.0082,214.5569,320.4561,232.6103,239.6057,165.8906,206.5320,320.1540,222.1800,229.6186,154.0070,192.3229,317.5728,209.8619,218.1676,139.1379,175.5334,315.4273,11.00000000000,19,001
19,175,00465276,19175,Union,Union County,06,H1,G4020,,,,A,1097235730.00000000000,5575916.00000000000,+41.0285502,-094.2450907,19175,661.2410,659.3838,654.0547,659.3709,664.8275,718.8236,715.7059,702.5940,715.6965,728.5541,696.3563,692.0399,669.2687,692.1293,714.6445,855.5308,848.4062,807.5992,848.1495,889.2921,731.2682,724.1178,671.8050,723.4413,776.3403,738.8882,730.7608,665.0967,729.6197,795.9681,745.2936,736.8825,656.3482,735.4871,816.2549,800.5691,790.9726,705.1298,789.3490,874.7098,897.5935,886.6120,786.6251,884.5714,983.2945,683.5990,682.4462,575.5311,659.6338,801.9432,746.9997,754.7483,607.0364,712.7468,913.6266,745.8513,761.4079,577.0611,697.9924,950.8020,726.3710,750.1566,531.8817,660.3471,966.7406,714.5758,736.9889,517.1582,645.2850,964.1906,720.9743,742.4390,513.7962,639.8689,992.2981,713.8954,737.6017,494.5009,617.7160,1020.3924,688.3483,715.4390,456.1020,575.5640,1034.5943,11.00000000000,19,175
19,129,00465253,19129,Mills,Mills County,06,H1,G4020,420,36540,,A,1132956394.00000000000,8306523.00000000000,+41.0337028,-095.6191010,19129,978.8224,976.0851,968.2027,976.0654,984.1331,1018.3666,1013.8048,995.1544,1013.8015,1032.1104,988.9623,982.7582,950.4044,982.8938,1014.8936,982.6163,974.3467,927.4819,974.0578,1021.3374,812.2140,804.0559,745.9491,803.2963,862.1328,954.5027,943.7273,858.7504,942.2007,1028.1586,888.0978,877.5075,781.0983,875.7160,972.5906,875.5655,864.6084,770.3127,862.7383,956.6247,877.6220,866.8847,769.1222,864.8894,961.4161,757.5983,755.9460,637.1577,730.5757,888.6624,722.2316,729.4151,586.3691,688.7281,883.2836,699.1945,713.4740,540.4308,653.9468,891.2878,651.5497,672.5926,476.5932,591.9597,867.1337,623.3449,642.6140,450.6440,562.5412,841.0658,615.4164,633.4720,438.1048,545.8476,846.9943,582.7298,601.8401,403.2198,503.9203,832.8966,546.8080,568.1144,361.9357,456.9523,821.8446,11.00000000000,19,129
19,185,00465281,19185,Wayne,Wayne County,06,H1,G4020,,,,A,1360874542.00000000000,4441137.00000000000,+40.7399827,-093.3326126,19185,274.0203,273.2419,271.0289,273.2369,275.5053,290.8843,289.5717,284.2396,289.5715,294.8073,263.7115,262.0226,253.3886,262.0628,270.6068,370.7138,367.5691,349.8894,367.4617,385.3063,345.6616,342.2767,317.5490,341.9567,366.9634,403.4873,399.0142,363.1377,398.3845,434.6469,325.1996,321.5414,286.4105,320.9352,356.1641,353.7725,349.6259,311.7757,348.9277,386.5409,360.7161,356.4383,316.3801,355.6462,395.1732,384.8950,384.1542,323.8832,371.2882,451.5056,286.7667,289.7331,233.0215,273.6069,350.7320,296.5151,302.6876,229.3910,277.4735,377.9923,306.8809,316.9109,224.6795,278.9629,408.4318,298.9655,308.3245,216.3381,269.9523,403.3982,293.0915,301.8037,208.8453,260.1031,403.3893,280.5214,289.8273,194.2949,242.7165,400.9571,266.5977,277.0821,176.6347,222.9067,400.6985,11.00000000000,19,185
19,133,00465255,19133,Monona,Monona County,06,H1,G4020,,,,A,1797638295.00000000000,12591879.00000000000,+42.0494317,-095.9565661,19133,423.1871,422.0017,418.5927,421.9933,425.4829,434.7723,432.8323,424.8738,432.8304,440.6422,408.8598,406.3117,392.9391,406.3658,419.5899,481.0494,476.9854,454.0430,476.8450,499.9957,424.5143,420.2224,389.8517,419.8244,450.5866,584.5919,577.9117,525.8227,576.9613,629.6794,542.3276,535.6460,476.6050,534.5035,593.8994,528.1887,521.4943,464.5347,520.3488,577.0831,513.6480,507.0260,449.5001,505.7885,562.6494,429.7387,428.5933,361.0456,414.1532,504.0327,428.3928,432.4312,347.4161,408.2413,523.8848,419.6104,427.9666,323.9573,392.1871,534.8662,402.6842,415.4925,294.2166,365.6080,535.9065,393.0342,405.0066,283.8361,354.4705,530.2967,392.4726,403.8213,279.1041,347.8955,540.1446,369.9713,381.9670,255.7586,319.7635,528.7909,349.4341,362.9379,231.0930,291.8750,525.1875,11.00000000000,19,133
19,085,00465231,19085,Harrison,Harrison County,06,H1,G4020,420,36540,,A,1804827800.00000000000,12417759.00000000000,+41.6885844,-095.8271491,19085,831.6622,829.3326,822.6333,829.3161,836.1739,833.9790,830.2524,814.9837,830.2491,845.2370,686.7889,682.4649,659.9937,682.5609,704.7883,732.8769,726.6664,691.7146,726.4539,761.7294,707.4051,700.3302,649.7220,699.6698,750.9024,818.5225,809.2503,736.3619,807.9351,881.6759,655.1529,647.2583,576.0729,645.9183,717.4741,612.6143,604.9270,538.9316,603.6142,669.3285,653.1211,644.7218,571.5945,643.1525,715.4305,527.1389,525.6914,442.7999,507.9684,618.2614,485.9846,490.5114,394.0260,463.0557,594.3054,455.3932,464.4059,351.4850,425.5607,580.4709,418.5873,431.8479,305.7444,379.9797,557.0661,387.7607,399.5171,279.9322,349.6440,523.1765,362.0238,372.4398,257.3592,320.8388,498.2350,323.5295,333.9695,223.5653,279.5616,462.4092,293.3033,304.5969,193.8985,244.9397,440.8224,11.00000000000,19,085
19,117,00465247,19117,Lucas,Lucas County,06,H1,G4020,,,,A,1115231642.00000000000,9852849.00000000000,+41.0333440,-093.3314666,19117,514.0878,512.6439,508.5008,512.6339,516.8762,461.3982,459.3275,450.8756,459.3263,467.6241,469.0967,466.1434,450.7949,466.2089,481.3909,449.2651,445.4068,423.9831,445.2800,466.9195,446.9263,442.4048,410.4306,441.9856,474.3730,539.4094,533.1569,485.0453,532.2632,580.9864,464.8694,459.1322,408.5160,458.1506,509.0743,414.2619,408.9680,364.2554,408.0607,452.6076,415.7521,410.4309,363.9041,409.4372,455.4190,375.6482,374.7029,315.7020,362.0935,440.6045,303.0904,305.9555,245.8126,288.8430,370.6529,290.0391,295.8184,223.9287,271.0882,369.7056,271.3068,279.9360,198.2266,246.3264,361.0648,256.0172,263.8114,184.8793,230.8916,345.4277,244.0640,251.1157,173.5546,216.3360,335.8952,224.0470,231.3016,154.8648,193.6299,320.2242,207.2162,215.2133,137.0203,173.0702,311.4382,11.00000000000,19,117
19,063,00465220,19063,Emmet,Emmet County,06,H1,G4020,,,,A,1025333118.00000000000,17196398.00000000000,+43.3779844,-094.6693702,19063,505.7595,504.3465,500.2744,504.3363,508.5037,508.1977,505.9481,496.6548,505.9446,515.0640,531.1017,527.7361,510.3546,527.8128,545.0086,592.5131,587.5144,559.2557,587.3411,615.8540,519.4392,514.1763,477.0142,513.6888,551.3340,471.3390,466.1538,424.2661,465.4257,507.7502,263.6989,260.4605,231.7608,259.9073,288.7762,386.7876,382.1058,340.5912,381.3121,422.6054,394.4356,389.5231,345.5059,388.6085,432.0852,334.7007,333.9281,281.4144,322.7097,392.5933,304.1855,307.2330,247.0022,290.1023,372.0201,290.8900,296.8481,224.8689,272.0871,370.8098,275.0448,283.9429,201.2146,249.9084,366.0526,261.8271,269.9353,189.3117,236.3058,353.2789,255.1126,262.6077,181.6286,226.2869,351.1109,242.1764,250.1245,167.5846,209.4316,346.1435,256.3992,266.3932,169.7183,214.2699,385.3645,11.00000000000,19,063
19,153,00465265,19153,Polk,Polk County,06,H1,G4020,218,19780,,A,1486121332.00000000000,45945876.00000000000,+41.6842807,-093.5697204,19153,30632.0571,30546.5123,30299.8942,30545.8917,30798.2712,31962.8605,31821.0753,31236.4249,31820.8762,32394.6295,35067.9841,34847.5376,33700.2041,34852.3969,35987.2367,42802.6760,42440.6816,40399.3353,42428.2179,44488.2288,43302.4446,42871.9293,39774.0876,42831.6012,45966.7329,43272.0870,42784.7374,38932.9650,42715.7462,46611.5878,43541.7582,43021.3539,38293.6764,42933.2572,47684.1437,46836.2261,46258.6714,41222.1846,46160.3870,51172.7878,51575.6538,50937.4365,45185.5974,50818.6899,56499.1470,50760.3901,50649.4099,42690.1699,48949.4934,59541.8394,52485.1333,53002.7776,42604.2158,50044.9119,64188.1921,53975.0554,55072.9604,41711.3909,50476.5527,68803.3652,54315.6028,56065.7729,39723.6631,49342.8884,72287.1245,55100.2393,56799.9365,39828.2517,49720.9668,74345.2388,56160.7788,57805.0049,39973.8652,49807.7683,77293.5005,56612.6458,58466.2065,39167.7639,48952.4578,80916.3281,56440.6531,58637.4158,37354.0549,47162.8838,84829.3438,11.00000000000,19,153
19,019,00465199,19019,Buchanan,Buchanan County,06,H1,G4020,,,,A,1478934897.00000000000,5427652.00000000000,+42.4703284,-091.8386658,19019,1219.2734,1215.8860,1206.0788,1215.8606,1225.8919,1150.1739,1144.9983,1123.9220,1144.9962,1165.6900,1215.2830,1207.5964,1167.8264,1207.7703,1247.1134,1509.7522,1496.8642,1424.8665,1496.4328,1569.1293,1410.4941,1396.4396,1295.5329,1395.1249,1497.2576,1428.6313,1412.5439,1285.3787,1410.2666,1538.8858,1319.7053,1303.7297,1160.2803,1301.0137,1445.2333,1376.5550,1359.1699,1210.7780,1356.1973,1503.9862,1467.6313,1449.4838,1285.8224,1446.1075,1607.7353,1320.4741,1317.4018,1110.2030,1273.1367,1548.8686,1048.2612,1058.3737,850.5180,999.2403,1281.9642,1060.9264,1082.2790,819.4748,991.8737,1352.3620,1024.4089,1057.1950,748.8194,930.3428,1363.3376,960.6117,990.0309,693.9934,866.5588,1296.1079,916.1834,942.8037,651.7617,812.2856,1260.9174,857.7964,885.6948,593.1405,741.4948,1226.0333,795.8113,826.6198,526.3953,664.7915,1196.0806,11.00000000000,19,019
19,037,00465208,19037,Chickasaw,Chickasaw County,06,H1,G4020,,,,A,1306338733.00000000000,3309332.00000000000,+43.0597409,-092.3172101,19037,719.2389,717.2052,711.4018,717.1918,723.1380,638.1345,635.2826,623.5993,635.2801,646.7486,636.8600,632.8728,612.0395,632.9592,653.5635,707.2889,701.3220,667.5893,701.1150,735.1512,625.1094,619.0285,574.3105,618.4514,663.6591,792.8729,784.0482,713.5298,782.8040,854.0930,679.6771,671.5801,597.8028,670.2109,744.3418,696.5008,688.2331,613.6215,686.8371,761.0085,764.1746,754.9318,669.9041,753.2165,837.1498,630.2639,629.1915,530.6104,608.1567,739.3725,556.1719,561.8982,451.8884,530.6155,680.2255,559.1472,570.7718,432.5429,523.2209,712.7894,542.0881,559.8036,396.8805,492.7700,721.4719,523.2478,539.6245,378.6280,472.4648,706.0249,512.3203,527.5467,365.0547,454.6539,705.1194,480.0296,495.9508,332.4729,415.3338,686.1196,454.0816,471.9372,300.8489,379.6626,682.4881,11.00000000000,19,037
19,057,00465217,19057,Des Moines,Des Moines County,06,H1,G4020,,15460,,A,1077754850.00000000000,35294123.00000000000,+40.9153392,-091.1869253,19057,2291.4050,2285.0077,2266.5606,2284.9612,2303.8388,2194.7548,2185.0391,2144.9040,2185.0241,2224.4082,2289.5522,2275.1214,2200.2058,2275.4431,2349.5480,2604.8493,2583.2011,2458.9533,2582.4166,2707.6711,2258.4708,2236.3515,2074.7865,2234.2608,2397.6492,2385.2196,2358.6942,2146.5641,2354.9555,2569.3959,2201.1303,2175.3157,1936.7068,2170.9739,2410.5935,2226.3837,2199.0978,1959.8361,2194.4603,2432.5342,2430.9573,2400.7786,2129.5841,2395.1616,2663.0085,2181.3210,2176.6050,1834.6159,2103.5672,2558.6982,2136.5910,2157.6667,1734.3592,2037.2572,2613.0055,2140.5634,2184.1162,1654.2266,2001.8331,2728.6317,2093.1280,2160.5946,1530.8436,1901.5242,2785.6878,2034.0323,2096.8121,1470.3259,1835.5007,2744.4670,2025.7399,2085.0899,1441.9458,1796.6379,2788.0083,1980.6314,2045.5271,1370.3949,1712.6944,2830.9153,1919.4531,1994.2111,1270.4382,1603.9926,2884.9086,11.00000000000,19,057
19,029,00465204,19029,Cass,Cass County,06,H1,G4020,,,,A,1461450856.00000000000,1758815.00000000000,+41.3338235,-094.9333023,19029,676.1423,674.2405,668.7900,674.2275,679.8092,730.3589,727.0637,713.6759,727.0630,740.2091,721.3709,716.8588,693.2617,716.9561,740.2932,798.7091,791.9500,753.8582,791.7177,830.1593,723.2778,716.0498,664.3061,715.3747,767.7548,768.4197,759.7094,691.2795,758.4736,827.7058,684.0349,675.7276,601.3534,674.3138,749.0961,722.2356,713.0466,635.1298,711.4732,789.0908,797.7988,787.5644,698.2615,785.6528,873.9139,620.1285,618.5448,521.1262,597.7235,727.3543,558.1364,563.3831,452.6089,531.8633,682.5469,544.2801,555.0977,420.1703,508.6823,693.7769,500.2441,516.1291,365.4525,454.1522,665.7403,462.7823,476.8433,334.1436,417.3292,624.4003,436.6123,449.1965,310.4223,386.9700,600.8891,401.0579,414.0138,277.1640,346.5716,573.2189,367.3652,381.5132,242.8647,306.7927,552.1343,11.00000000000,19,029
19,005,00465192,19005,Allamakee,Allamakee County,06,H1,G4020,,,,A,1655214493.00000000000,50995230.00000000000,+43.2749637,-091.3827510,19005,783.6754,781.4711,775.1537,781.4559,787.9254,666.6840,663.6734,651.4514,663.6729,675.6746,643.2844,639.2572,618.2138,639.3444,660.1564,690.7264,684.8193,651.8801,684.6226,717.8851,632.0192,625.6956,580.4806,625.1055,670.8794,686.6203,679.0497,618.0206,677.9858,739.6571,589.3330,582.3978,518.4939,581.2300,645.4122,548.7446,541.9631,482.9412,540.8085,599.5520,565.4889,558.4048,495.2611,557.0849,619.4609,513.6330,512.5508,432.0457,495.3594,602.5004,431.5464,435.8295,350.3500,411.5160,527.7764,422.3052,430.9215,326.3992,394.9656,538.3263,406.9937,420.1341,297.6992,369.7653,541.6589,391.4870,403.5890,283.0239,353.2999,528.2249,380.7447,391.9165,271.0479,337.7055,524.0170,360.4569,372.2810,249.4236,311.7119,515.2017,343.0097,356.3798,227.0486,286.6495,515.5390,11.00000000000,19,005
19,121,00465249,19121,Madison,Madison County,06,H1,G4020,218,19780,,A,1452999410.00000000000,2983842.00000000000,+41.3306216,-094.0151842,19121,1089.3009,1086.2736,1077.5113,1086.2510,1095.2138,1049.8334,1045.1986,1026.0070,1045.1905,1064.0214,1022.9327,1016.5398,983.0794,1016.6772,1049.7684,962.5451,954.4549,908.5469,954.1712,1000.4819,889.0003,880.2935,816.6968,879.4705,943.7850,1041.1409,1029.5459,936.9427,1027.9108,1121.5284,1098.4215,1085.4925,966.3839,1083.3152,1202.9437,1065.4725,1052.3055,937.7057,1050.0638,1164.1229,1055.8789,1042.8654,925.1591,1040.4452,1156.6812,850.6923,848.9779,715.7055,820.5234,997.8957,825.8513,834.1783,670.6941,787.6824,1010.0280,804.5504,821.0974,622.0667,752.6305,1025.6026,764.9108,789.7326,559.7158,695.1006,1018.0140,755.7050,779.1843,546.5380,682.1412,1019.6669,750.1534,772.2756,534.2207,665.4976,1032.4412,719.6665,743.3742,498.1619,622.4712,1028.6278,672.5818,698.8857,445.3586,562.1767,1010.8868,11.00000000000,19,121
19,033,00465206,19033,Cerro Gordo,Cerro Gordo County,06,H1,G4020,,32380,,A,1471923432.00000000000,17626527.00000000000,+43.0751708,-093.2512660,19033,2429.7163,2422.9027,2403.3268,2422.8549,2442.8964,2241.9876,2232.0997,2191.1198,2232.0817,2272.2898,2322.1866,2307.5829,2231.6057,2307.9053,2383.0558,2600.8893,2578.9158,2454.8732,2578.1568,2703.3260,2295.3647,2272.7369,2108.5304,2270.6065,2436.7198,2298.9222,2273.5961,2069.2723,2270.0382,2476.5048,1929.6044,1907.0122,1697.8672,1903.2146,2113.2332,1836.2816,1813.6095,1616.1216,1809.7503,2006.3011,2046.3002,2021.0709,1792.9473,2016.3787,2241.6544,1832.1901,1828.1864,1540.9003,1766.8286,2149.1559,1780.2408,1797.9564,1445.3666,1697.6686,2177.2219,1734.5530,1769.9865,1340.7097,1622.3145,2211.0968,1652.5110,1705.8955,1208.7968,1501.3917,2199.2931,1586.8956,1635.9680,1147.2686,1432.1254,2141.1654,1541.1461,1586.3736,1097.1377,1366.9448,2121.0721,1468.0902,1516.2472,1015.8654,1269.5576,2098.3444,1404.6703,1459.4173,929.7849,1173.8611,2111.2003,11.00000000000,19,033
19,065,00465221,19065,Fayette,Fayette County,06,H1,G4020,,,,A,1892791345.00000000000,1334074.00000000000,+42.8644496,-091.8393728,19065,1153.4256,1150.1446,1140.8276,1150.1239,1159.6757,965.6338,961.2862,943.5904,961.2846,978.6596,997.3968,991.0081,958.3529,991.1601,1023.4753,1077.4172,1068.1216,1016.7457,1067.8204,1119.7282,1124.8676,1113.4721,1032.9961,1112.4164,1193.9381,1085.1806,1072.7308,976.0108,1070.9573,1168.8625,954.5523,942.8834,839.0365,940.8931,1045.3346,970.7542,958.4080,853.6844,956.2940,1060.6144,1100.5263,1086.3862,963.1767,1083.7446,1205.5209,902.6063,900.2588,758.4307,869.9430,1058.6648,880.2705,888.6186,713.9650,838.9253,1076.4977,872.0072,889.4097,673.2921,815.0647,1111.5291,836.9834,863.6254,611.5663,759.9449,1113.8890,814.9530,839.7757,588.5283,734.9890,1099.5654,793.3911,816.3168,564.1867,703.2574,1091.9118,769.3481,794.2572,531.7817,664.8973,1099.6079,745.4757,774.2404,492.9309,622.6263,1120.4218,11.00000000000,19,065
19,017,00465198,19017,Bremer,Bremer County,06,H1,G4020,,47940,,A,1127880105.00000000000,10171939.00000000000,+42.7808902,-092.3275863,19017,1418.9512,1414.9529,1403.5106,1414.9257,1426.6456,1398.0724,1391.8122,1366.2092,1391.8076,1416.9415,1527.7572,1518.0082,1467.9958,1518.2366,1567.7235,1787.1751,1772.0277,1686.7951,1771.5095,1857.5325,1794.9752,1777.1638,1648.7524,1775.4933,1905.4380,923.8846,913.1897,830.7934,911.6616,995.1006,883.2254,872.3880,776.2693,870.5373,967.2195,1525.1145,1506.0807,1341.8767,1502.8337,1666.3116,1726.1669,1704.5183,1511.7490,1700.4845,1890.9145,1658.7775,1654.7208,1394.2802,1599.0684,1945.6385,1556.9484,1571.9946,1263.2931,1484.1723,1904.0642,1558.2556,1589.6415,1203.6608,1456.8631,1986.3102,1519.0686,1567.7124,1110.4488,1379.6132,2021.6593,1469.0037,1514.0257,1061.3380,1325.2166,1982.0602,1423.0249,1464.4075,1012.3849,1261.6951,1958.4720,1481.7668,1530.0197,1024.7051,1280.9426,2117.8676,1512.9835,1571.6355,1000.9157,1263.9883,2273.9740,11.00000000000,19,017
19,171,00465274,19171,Tama,Tama County,06,H1,G4020,,,,A,1867411117.00000000000,2769451.00000000000,+42.0748481,-092.5294115,19171,1143.4094,1140.2258,1131.0251,1140.2022,1149.6151,944.1573,939.9530,922.6746,939.9482,956.9068,921.9776,916.2183,886.0606,916.3418,946.1663,992.9331,984.3967,937.0480,984.1170,1031.9457,916.0656,906.9260,841.3904,906.0716,972.4076,1109.5842,1097.0581,998.2746,1095.2833,1195.2071,922.5246,911.3310,811.0340,909.4265,1010.2705,892.4264,881.1400,784.9230,879.2096,975.0396,870.1229,859.4930,762.5803,857.5181,953.2029,810.3332,808.5646,681.5066,781.4281,950.5200,708.6365,715.5465,575.0892,675.5903,866.6344,696.0546,710.1437,537.7828,650.8512,887.2700,666.6643,688.0918,487.4720,605.5621,887.2403,635.9812,655.5692,459.6557,573.8537,858.1092,610.6534,628.5244,434.6356,541.5661,840.4354,568.3214,586.9419,393.2192,491.4388,812.3014,534.6690,555.4950,353.8875,446.7990,803.5994,11.00000000000,19,171
19,143,00465260,19143,Osceola,Osceola County,06,H1,G4020,,,,A,1032587437.00000000000,1835265.00000000000,+43.3785421,-095.6337878,19143,341.5434,340.5861,337.8345,340.5794,343.3962,294.3364,293.0152,287.6234,293.0145,298.3080,279.4235,277.6885,268.5506,277.7247,286.7602,296.2603,293.7338,279.6054,293.6489,307.9135,259.4757,256.8614,238.2980,256.6184,275.4178,250.8923,248.0791,225.7533,247.6815,270.2584,188.0751,185.8723,165.4866,185.5019,205.9730,216.7346,213.9768,190.5946,213.5046,236.7971,226.4884,223.6514,198.3615,223.1228,248.1052,218.8596,218.2932,183.9057,210.9431,256.7005,152.1557,153.6409,123.4835,145.0620,186.0807,145.2246,148.1560,112.1885,135.7831,185.1187,134.9663,139.2864,98.6581,122.5737,179.6203,123.5185,127.3117,89.2538,111.4381,166.6586,116.5014,119.8972,82.8965,103.3034,160.3385,107.4193,110.9220,74.2932,92.8665,153.5332,99.0781,102.9228,65.5521,82.7773,148.9120,11.00000000000,19,143
19,087,00465232,19087,Henry,Henry County,06,H1,G4020,,,,A,1124904348.00000000000,5780284.00000000000,+40.9858640,-091.5442697,19087,1170.8743,1167.5574,1158.1066,1167.5359,1177.2209,1096.7265,1091.8492,1071.7820,1091.8432,1111.5380,1027.5251,1020.9727,987.3368,1021.1258,1054.4078,1173.6615,1163.5889,1107.6212,1163.2572,1219.7863,1039.3391,1029.0908,954.7382,1028.1261,1103.3429,980.8772,969.5095,882.0231,967.8847,1056.4826,1116.1605,1102.4471,980.9648,1100.1043,1222.3045,1160.9342,1145.9173,1020.4529,1143.3377,1268.3843,1171.8850,1156.6228,1025.2368,1153.7674,1283.6625,1097.4510,1094.5693,922.1030,1057.7028,1287.1908,998.7345,1008.0249,809.7308,951.5981,1221.3398,965.3389,984.4238,745.0398,902.0749,1230.4752,942.6659,972.5042,688.4992,855.6898,1254.5204,909.1163,936.6498,656.2578,819.7128,1226.6000,882.0519,907.3956,626.9822,781.6633,1213.9204,874.5709,902.7640,604.2954,755.6804,1249.9914,835.7343,867.8739,552.4203,697.8785,1256.0704,11.00000000000,19,087
19,157,00465267,19157,Poweshiek,Poweshiek County,06,H1,G4020,,,,A,1514967877.00000000000,2939136.00000000000,+41.6845262,-092.5228819,19157,985.1023,982.3307,974.3892,982.3117,990.4447,883.4610,879.5533,863.3993,879.5471,895.3984,875.4342,869.8971,841.2486,870.0223,898.3634,1028.9338,1020.2450,971.1725,1019.9445,1069.4613,975.6738,966.0174,896.2187,965.1104,1035.7334,568.4070,562.0980,511.5533,561.2094,612.3004,680.2108,672.2499,598.5260,670.9119,744.9426,994.9230,982.8110,875.9627,980.7553,1087.0520,1020.8585,1008.5352,894.9692,1006.2488,1118.3488,893.2512,891.6553,751.8790,861.8255,1047.8686,938.0213,947.5091,761.8423,894.7056,1147.2183,968.7917,988.7393,749.0953,906.3013,1234.9724,955.3924,986.4082,699.1206,868.2137,1271.5257,949.2028,978.6950,686.4804,856.8044,1280.7522,964.4735,992.9061,686.8310,855.6186,1327.4107,1051.9531,1086.5801,728.1266,909.8464,1503.5672,1084.7558,1127.1421,718.2184,906.6461,1630.3798,11.00000000000,19,157
19,081,00465229,19081,Hancock,Hancock County,06,H1,G4020,,,,A,1478894985.00000000000,5265572.00000000000,+43.0754105,-093.7436965,19081,535.5150,534.0030,529.6832,533.9930,538.4185,566.3563,563.8192,553.4470,563.8174,573.9998,584.5518,580.8469,561.7160,580.9314,599.8579,677.5773,671.6633,639.3565,671.4785,704.1429,551.7105,546.2428,506.7739,545.7297,585.6674,656.2093,648.7890,590.3616,647.7371,706.8432,641.7475,633.8328,563.9618,632.4789,702.7726,630.8153,622.8200,554.7930,621.4519,689.2098,634.6223,626.6991,555.8604,625.2234,695.1959,518.8144,517.5400,436.0777,500.1323,608.5343,522.8416,527.9660,424.3544,498.4925,639.4188,514.9566,525.4114,397.9185,481.5535,656.4258,483.0874,498.6464,353.2933,438.8508,642.9270,468.5040,482.9714,338.6764,422.7848,632.1410,454.5009,467.8418,323.5629,403.1306,625.5277,424.7577,438.7138,293.9576,367.3457,607.1087,399.8345,415.4547,264.7255,334.1805,600.9480,11.00000000000,19,081
19,191,00465284,19191,Winneshiek,Winneshiek County,06,H1,G4020,,,,A,1786750121.00000000000,698598.00000000000,+43.2929889,-091.8507880,19191,1123.2169,1120.0549,1110.9991,1120.0334,1129.3081,939.8339,935.6979,918.5239,935.6898,952.5391,1039.7385,1033.1400,999.1104,1033.2913,1066.9586,1172.5095,1162.6030,1106.6832,1162.2609,1218.6887,1155.1107,1143.5901,1060.9533,1142.5129,1226.1577,13.7057,13.5289,12.2966,13.5028,14.7569,113.4358,111.8271,99.3127,111.5402,124.1985,846.6923,836.5198,745.7106,834.7979,925.1032,846.2014,836.1532,742.1692,834.2924,927.0324,599.7325,598.6964,504.8783,578.6769,703.5518,645.2109,651.9400,524.3830,615.6709,789.1385,616.2735,629.1748,476.8904,576.7889,785.6236,548.7526,566.7965,401.9493,498.9670,730.3515,490.4888,505.9783,355.1617,443.0609,661.8351,440.8131,454.0665,314.3687,391.3886,606.7144,538.0271,555.9594,372.7974,465.6243,769.0231,580.7878,603.6664,384.8696,485.6529,872.9311,11.00000000000,19,191
19,105,00465241,19105,Jones,Jones County,06,H1,G4020,,16300,,A,1490851138.00000000000,3582593.00000000000,+42.1251175,-091.1169141,19105,1151.7653,1148.5470,1139.2733,1148.5238,1158.0147,1045.5150,1040.9280,1021.8301,1040.9180,1059.6528,1103.4868,1096.5676,1060.4678,1096.7185,1132.4229,1138.3986,1128.9158,1074.6168,1128.5744,1183.3209,1018.3496,1008.3088,935.4577,1007.3636,1081.0612,1214.8060,1201.3854,1093.3950,1199.4981,1308.6339,1132.6676,1119.1864,996.2477,1116.9075,1240.4313,1186.2959,1171.4411,1043.6725,1168.9055,1296.1218,1235.0903,1219.7093,1081.8803,1216.8455,1352.9820,1123.9035,1121.0032,944.4205,1083.2602,1318.2291,1069.4789,1079.8069,867.7521,1019.4793,1307.9139,1065.5326,1086.9865,823.0478,996.1909,1358.2347,1028.2637,1061.1825,751.6530,933.8552,1368.4686,1010.5780,1041.5455,730.1227,911.6559,1363.5266,1007.5842,1036.8861,716.8283,893.3541,1386.7119,970.0177,1001.5957,670.7908,838.5383,1386.4314,939.9550,976.3782,621.8016,785.2461,1412.7264,11.00000000000,19,105
19,151,00465264,19151,Pocahontas,Pocahontas County,06,H1,G4020,,,,A,1495047042.00000000000,3666526.00000000000,+42.7340333,-094.6782789,19151,334.6856,333.7536,331.0604,333.7467,336.5021,301.4274,300.0722,294.5494,300.0716,305.4941,316.3659,314.3629,304.0095,314.4084,324.6510,394.3099,391.0303,372.2224,390.9117,409.8729,358.6865,355.1744,329.5149,354.8424,380.7911,414.4256,409.8615,373.0289,409.2204,446.4387,370.6194,366.3172,326.1757,365.5962,405.8933,390.6610,385.8976,343.9363,385.0888,426.8354,442.5345,437.2320,388.0380,436.2490,484.8006,416.5720,415.8731,350.7241,401.9726,488.6895,384.2944,388.2308,312.2027,366.6104,470.0076,407.0351,415.4649,314.8159,380.8415,518.8761,419.4005,433.0649,306.9857,381.1921,558.1818,421.7759,434.9260,305.1141,380.7765,569.1031,433.1622,445.9763,308.5459,384.3300,596.1673,434.2914,448.6302,300.6786,375.6780,620.7400,433.0814,450.0434,286.8143,362.0209,650.9206,11.00000000000,19,151
19,073,00465225,19073,Greene,Greene County,06,H1,G4020,,,,A,1475188829.00000000000,4249897.00000000000,+42.0424940,-094.3887028,19073,477.0256,475.6717,471.8200,475.6630,479.6109,441.4542,439.4535,431.3568,439.4537,447.4054,475.6670,472.5957,457.0174,472.6710,488.0903,535.2628,530.6445,505.1209,530.4949,556.2828,478.0412,473.2635,439.0642,472.8174,507.4374,549.5355,543.4206,494.5455,542.5585,591.9672,531.1016,524.9055,467.3581,523.8653,581.6458,466.7279,461.0263,410.8851,460.0579,509.9454,462.3669,456.7157,405.2156,455.6657,506.5137,448.0073,447.2342,377.1518,432.2797,525.5618,382.2516,386.1573,310.5260,364.6493,467.5075,381.2262,389.1220,294.8552,356.6940,485.9757,382.2284,394.6866,279.7853,347.4125,508.7097,373.4670,385.1189,270.1810,337.1737,503.9205,367.0460,377.9192,261.4769,325.6864,505.1718,348.1125,359.6213,241.0403,301.1493,497.5643,324.7482,337.4775,215.0875,271.4758,488.0966,11.00000000000,19,073
19,115,00465246,19115,Louisa,Louisa County,06,H1,G4020,,34700,,A,1040569636.00000000000,40798459.00000000000,+41.2182111,-091.2569936,19115,682.4637,680.5353,675.0293,680.5226,686.1637,614.2963,611.5141,600.2483,611.5143,622.5782,678.2087,673.8689,651.6649,673.9718,695.9440,767.5003,760.8140,724.2191,760.6038,797.5994,670.7990,663.9930,616.0021,663.3631,711.9813,793.6402,784.4372,713.6479,783.1215,854.8120,721.1466,712.2263,633.6902,710.6990,789.7188,601.5894,593.7643,528.7108,592.4187,657.2668,585.6921,578.1518,512.5667,576.7428,641.5677,602.4238,600.7757,506.0507,580.5229,706.5616,577.9848,583.3404,468.5684,550.6799,706.8070,553.7598,564.6962,427.3665,517.4543,705.8520,537.2051,554.2601,392.4479,487.7030,714.9288,528.5886,544.6687,381.6918,476.6973,713.1899,524.8465,540.0046,373.2088,465.2111,722.3242,515.4859,532.1787,356.3147,445.5045,736.7699,503.7679,523.2162,333.1244,420.7627,757.1448,11.00000000000,19,115
19,179,00465278,19179,Wapello,Wapello County,06,H1,G4020,,36900,,A,1118443326.00000000000,10846138.00000000000,+41.0312631,-092.4094822,19179,2125.2223,2119.2492,2102.1194,2119.2078,2136.7486,2061.3048,2052.1421,2014.4280,2052.1306,2089.1444,2112.9452,2099.6186,2030.4799,2099.9165,2168.3081,2292.2268,2272.6269,2163.3156,2271.9740,2382.3573,2331.0455,2307.8100,2141.0469,2305.6368,2474.4292,2314.9981,2288.9422,2082.8867,2285.2544,2493.6616,2079.1740,2054.1342,1828.2332,2049.8844,2276.9563,2288.9480,2260.4265,2014.0233,2255.5627,2500.8643,2439.0436,2408.4438,2136.0543,2402.7417,2671.8277,2216.9196,2211.7102,1863.8069,2137.3822,2600.3545,2339.3435,2362.0355,1898.2697,2230.1025,2860.9052,2384.1792,2432.3064,1841.8235,2229.1787,3039.1288,2379.9876,2456.3283,1740.0062,2161.6582,3167.4286,2446.1689,2521.3023,1767.6104,2206.9439,3300.5195,2514.1291,2587.4368,1788.9726,2229.3472,3460.1459,2531.5077,2614.1240,1750.9629,2188.6366,3618.2595,2557.5224,2656.8300,1692.2226,2136.8255,3843.8981,11.00000000000,19,179
19,111,00465244,19111,Lee,Lee County,06,H1,G4020,,22800,,A,1340366450.00000000000,55293745.00000000000,+40.6475875,-091.4771574,19111,2012.9265,2007.2907,1991.0773,2007.2507,2023.8469,1877.1691,1868.8577,1834.5294,1868.8449,1902.5312,1879.0566,1867.2451,1805.7674,1867.5055,1928.3136,2035.1045,2018.0834,1921.0165,2017.4777,2115.3677,1953.9169,1934.9826,1795.2078,1933.1815,2074.4605,2025.7644,2003.4114,1823.3454,2000.2694,2182.2361,1828.7144,1807.1110,1608.7508,1803.4684,2002.7200,1688.0499,1667.3426,1485.9167,1663.8225,1844.3526,1792.2784,1769.9256,1569.8873,1765.7631,1963.3510,1789.0094,1785.4172,1505.1555,1725.5804,2098.5820,1635.1238,1651.5568,1327.8299,1559.4849,1999.7711,1575.5159,1607.8631,1218.0678,1473.7728,2008.3861,1516.1648,1565.3125,1109.3481,1377.7247,2017.8475,1454.9818,1500.1271,1052.1624,1313.2707,1963.1904,1397.3144,1438.4565,994.9816,1239.5429,1923.1280,1319.8802,1363.2943,913.5197,1141.5392,1886.5158,1248.6143,1297.3807,826.6691,1043.5725,1876.6565,11.00000000000,19,111
19,169,00465273,19169,Story,Story County,06,H1,G4020,112,11180,,A,1483592867.00000000000,2152172.00000000000,+42.0375379,-093.4660934,19169,3961.4081,3950.3145,3918.4054,3950.2357,3982.8990,4109.1319,4090.6517,4015.3595,4090.6436,4164.5677,4681.1160,4651.3965,4498.1857,4652.0790,4803.6599,5060.0333,5016.9966,4775.6844,5015.5397,5259.1409,5050.8988,5000.3183,4638.9731,4995.6007,5361.4278,5046.6686,4989.1260,4539.5213,4980.9459,5435.9376,5633.5830,5563.8760,4950.3355,5551.9396,6169.2659,10474.8068,10341.4895,9211.3962,10318.6597,11444.4267,11062.6596,10921.1183,9683.1414,10894.6871,12118.1541,10308.7889,10281.2836,8660.8901,9934.8795,12090.9842,13316.4217,13442.9780,10801.0822,12691.3026,16284.9210,13721.8000,13996.0929,10595.6295,12826.3237,17490.9411,13761.7689,14200.4578,10056.5306,12495.8954,18314.7359,14404.1056,14843.8061,10403.7667,12991.9877,19434.6495,15083.0124,15520.1329,10727.8985,13371.1270,20758.2363,15573.9821,16079.7200,10767.5604,13461.4557,22259.5654,15968.5431,16586.3098,10561.7469,13339.0091,24000.2173,11.00000000000,19,169
19,075,00465226,19075,Grundy,Grundy County,06,H1,G4020,,47940,,A,1299805924.00000000000,94406.00000000000,+42.4033232,-092.7902613,19075,725.6662,723.6175,717.7638,723.6038,729.6006,714.7905,711.5218,698.3969,711.5241,724.4182,739.5014,734.7535,710.5398,734.8675,758.8306,859.3819,852.0158,811.0345,851.7722,893.1614,818.5069,810.1976,751.6392,809.4288,868.7544,923.2545,912.8810,830.7130,911.4137,994.5133,818.5889,808.9466,720.1764,807.3225,896.4823,792.0417,782.4033,697.3465,780.7675,865.3843,933.3510,922.2322,818.5361,920.1723,1022.5024,770.2311,768.8962,648.4031,743.1844,903.5643,760.0774,767.9370,617.6204,725.1938,929.6174,792.6452,809.1342,613.1889,741.7288,1010.4491,785.3287,810.9944,574.9669,713.8825,1045.2041,779.4724,803.8682,564.0344,703.8215,1051.7522,786.0270,809.3778,560.0668,697.5393,1081.8280,761.5693,786.8198,527.4549,658.9183,1088.5315,735.4081,764.3155,487.2210,614.8698,1105.3235,11.00000000000,19,075
19,155,00465266,19155,Pottawattamie,Pottawattamie County,06,H1,G4020,420,36540,,A,2461213949.00000000000,22925740.00000000000,+41.3401835,-095.5449053,19155,5433.4767,5418.3356,5374.6075,5418.2241,5462.9642,5438.9081,5414.8417,5315.3868,5414.8036,5512.3965,5465.4411,5431.2275,5252.4400,5431.9682,5608.7900,6121.4416,6070.4557,5778.4763,6068.6195,6363.0030,5712.2770,5656.9190,5248.2874,5651.6534,6064.6839,5372.2937,5313.1354,4835.6703,5304.8264,5787.2895,4787.1366,4730.9058,4211.8977,4721.4433,5242.6785,5323.5763,5258.1964,4685.9692,5247.0797,5816.5012,5586.7349,5518.3687,4896.0224,5505.6642,6120.1463,5065.5842,5054.5872,4260.3651,4884.9642,5941.9395,4859.4979,4907.8148,3945.3244,4634.0501,5943.1250,4825.7395,4924.2706,3729.9332,4513.4161,6151.5367,4644.9592,4794.9648,3397.6591,4220.1224,6181.8767,4493.9472,4632.8505,3248.8498,4055.5686,6063.5841,4394.6353,4523.5227,3128.3879,3897.7919,6048.3092,4266.2195,4406.0822,2951.9291,3689.1907,6097.7106,4131.6545,4292.6130,2734.7119,3452.6707,6209.8158,11.00000000000,19,155
19,089,00465233,19089,Howard,Howard County,06,H1,G4020,,,,A,1225706425.00000000000,927963.00000000000,+43.3653125,-092.3219084,19089,510.8569,509.4285,505.3147,509.4183,513.6286,428.4428,426.5230,418.6762,426.5217,434.2249,511.9603,508.6763,491.9135,508.7548,525.3436,550.0742,545.4097,519.1761,545.2504,571.7281,466.4097,461.7260,428.3585,461.2899,495.0760,546.4039,540.1231,491.4166,539.2278,588.5354,484.1191,478.2258,425.5774,477.2221,530.1639,498.4159,491.9662,438.0991,490.8582,544.5466,561.8970,554.6105,491.6420,553.2479,615.4961,463.9255,462.7694,389.9123,447.1995,544.1493,369.4266,372.8642,299.5171,351.9925,451.7673,366.8085,374.0629,283.1038,342.7727,467.5550,351.4972,362.6273,256.7317,319.0711,467.7806,326.7541,336.6610,235.8905,294.6345,440.8650,312.1209,321.1021,221.8854,276.6142,429.5562,290.4672,299.8421,200.7218,250.9948,415.1546,270.5574,280.9761,178.8632,225.9456,406.6362,11.00000000000,19,089
28,163,00695802,28163,Yazoo,Yazoo County,06,H1,G4020,298,49540,,A,2390421148.00000000000,29316416.00000000000,+32.7656747,-090.3879282,28163,1371.0064,1367.1694,1356.1273,1367.1421,1378.4445,1166.6055,1161.4958,1140.1903,1161.4840,1182.3832,1130.1074,1123.1922,1086.2545,1123.3269,1159.8375,1150.5547,1141.1600,1086.2726,1140.8020,1196.0777,1130.9639,1119.9475,1039.0423,1118.9028,1200.6994,1454.7375,1437.9378,1308.2197,1435.5394,1566.8851,1494.9259,1475.8912,1312.6622,1472.6020,1637.0127,1417.7907,1398.9209,1245.2250,1395.6621,1548.9831,1551.3908,1530.5549,1356.0443,1526.6444,1699.2900,1356.2221,1351.8382,1138.0473,1306.0845,1590.5016,1155.7358,1165.4419,935.1904,1099.8801,1413.1649,1112.4524,1133.3833,856.7204,1038.2098,1417.8659,1053.1305,1085.4038,767.3626,954.6309,1401.4353,992.5120,1021.5236,714.6491,893.5745,1339.0257,941.8992,967.9362,667.7263,833.3971,1296.2026,875.3906,902.6218,603.1128,755.1497,1251.0936,810.6995,840.9759,534.2665,675.8678,1218.3886,11.00000000000,28,163
28,015,00695732,28015,Carroll,Carroll County,06,H1,G4020,,24900,,A,1627140835.00000000000,16426885.00000000000,+33.4407948,-089.9188870,28015,562.2054,560.6310,556.1025,560.6198,565.2554,527.6127,525.2752,515.6258,525.2717,534.7407,500.0894,496.9985,480.6471,497.0617,513.2282,473.1342,469.2340,446.6647,469.0893,491.8307,481.7862,477.0177,442.5513,476.5699,511.4435,505.1915,499.6383,454.7445,498.8588,544.2191,431.1971,425.9110,378.9889,425.0085,472.2042,438.3429,432.9245,385.7761,432.0020,478.9283,422.3116,416.9738,369.7745,415.9784,462.6125,333.7275,332.9024,280.4975,321.7037,391.4386,344.2743,347.5745,279.2938,328.1483,421.0246,321.7360,328.1858,248.4686,300.7628,410.1136,289.5533,298.7859,211.5977,262.9218,385.3498,267.9733,276.1527,193.5499,241.7014,361.5613,249.6667,256.9057,177.5831,221.3344,343.6081,224.1045,231.3890,154.9542,193.7148,320.3084,206.2379,214.2210,136.4156,172.2822,309.9693,11.00000000000,28,015
28,037,00695743,28037,Franklin,Franklin County,06,H1,G4020,,,,A,1460181336.00000000000,7728355.00000000000,+31.4777975,-090.8958836,28037,484.3526,483.0035,479.1057,482.9935,486.9812,469.7442,467.7010,459.1294,467.6952,476.1013,426.4771,423.8381,409.8930,423.8923,437.6801,459.3406,455.5724,433.6602,455.4307,477.5037,333.5016,330.1913,306.3328,329.8809,354.0246,335.7523,332.0023,302.1332,331.4729,361.6729,340.0117,335.9202,298.9807,335.2260,372.3559,303.6425,299.9377,267.3209,299.3086,331.7590,302.9336,299.1862,265.4034,298.4890,331.8523,237.4385,236.9142,199.6796,228.9614,278.5137,227.4924,229.7628,184.7112,216.9490,278.2227,207.1891,211.4292,160.1587,193.7921,264.1123,185.5589,191.5601,135.7461,168.5983,246.9572,166.3597,171.5132,120.2877,150.1461,224.4665,157.2698,161.8986,111.9835,139.5101,216.4508,145.6618,150.4550,100.8195,125.9827,208.1958,133.5453,138.7658,88.4245,111.6208,200.7177,11.00000000000,28,037
28,041,00695745,28041,Greene,Greene County,06,H1,G4020,,,,A,1846027833.00000000000,15386763.00000000000,+31.2128455,-088.6348108,28041,679.7407,677.8683,672.4090,677.8534,683.4328,688.8237,685.8457,673.2859,685.8361,698.1508,628.1187,624.3056,603.7813,624.3770,644.6599,583.7088,579.1000,551.2469,578.9076,606.9044,554.3651,549.3193,509.6676,548.8207,588.7807,647.1973,640.6353,583.4249,639.7417,697.3559,638.4143,631.2608,562.3157,630.0771,699.2053,571.6094,564.8331,503.6085,563.6894,624.5506,579.1884,572.4372,508.2245,571.1896,634.5291,456.5508,455.6859,384.2052,440.4279,535.5655,490.1611,495.2624,398.3506,467.7064,599.4999,472.9415,482.8351,365.9633,442.6311,602.9036,436.6986,451.0266,319.8185,397.0398,581.2127,419.4814,432.6666,303.6384,378.8408,566.0167,403.2766,415.3101,287.4393,357.9449,555.0436,370.5828,382.9044,256.7230,320.6758,529.6863,341.2686,354.7031,226.1321,285.3569,512.9303,11.00000000000,28,041
28,019,00695734,28019,Choctaw,Choctaw County,06,H1,G4020,,,,A,1083074478.00000000000,4345757.00000000000,+33.3459637,-089.2513319,28019,468.0818,466.7795,463.0135,466.7698,470.6223,495.3093,493.0850,484.0110,493.0838,501.9924,469.9377,466.9999,451.6280,467.0631,482.2656,491.6946,487.4197,463.9750,487.2844,510.9829,529.8084,524.3202,486.4144,523.8184,562.2607,552.0066,545.6631,496.4581,544.7590,594.5706,509.8529,503.4330,447.8192,502.3276,558.3207,422.5255,417.0025,371.2881,416.0519,461.6289,430.0921,424.5439,376.3726,423.5069,471.1219,367.1671,366.0373,308.2038,353.6640,430.6069,345.1707,348.3277,279.7552,328.8125,422.0961,327.4666,333.8855,252.6390,305.9364,417.4007,298.2012,307.5801,217.6957,270.6120,396.8474,283.9395,292.4786,204.8614,255.9399,383.0921,269.4203,277.1011,191.4042,238.6802,370.7837,245.3007,253.1452,169.3817,211.8750,350.5947,226.8620,235.5284,149.8525,189.3696,340.9596,11.00000000000,28,019
28,035,00695742,28035,Forrest,Forrest County,06,H1,G4020,,25620,,A,1207748039.00000000000,10150274.00000000000,+31.1885802,-089.2594467,28035,4003.0761,3992.1111,3959.9925,3992.0204,4024.8280,4138.7322,4120.5811,4044.9843,4120.5410,4194.6995,4327.2825,4300.3290,4158.7994,4300.8999,4440.8554,5047.6493,5005.7670,4764.9981,5004.2420,5246.9395,4775.0037,4728.6512,4387.0669,4724.2467,5069.5363,4016.6099,3972.6308,3615.7901,3966.4660,4326.9557,3470.8323,3429.7681,3053.2393,3422.8405,3801.0813,4466.7220,4413.1083,3934.0909,4404.0351,4880.3809,5012.3437,4951.7865,4394.1380,4940.5494,5491.0079,4395.1386,4387.0621,3699.1297,4240.2352,5155.8610,4602.3091,4648.9735,3738.1030,4389.9270,5628.7323,4579.4247,4673.8817,3541.2225,4284.2452,5837.6663,4418.7754,4562.4533,3233.8841,4015.8510,5880.9398,4272.9643,4406.0311,3090.8088,3857.4067,5765.5057,4158.6925,4281.6604,2962.1794,3689.7929,5723.6630,4070.3195,4204.7224,2818.0834,3520.9941,5817.7781,4013.6429,4170.8819,2658.1662,3355.1303,6032.5002,11.00000000000,28,035
28,151,00695796,28151,Washington,Washington County,06,H1,G4020,,24740,,A,1877071141.00000000000,94495559.00000000000,+33.2731314,-090.9444296,28151,2597.1072,2589.9611,2569.1067,2589.9037,2611.2147,2398.5859,2388.1532,2344.3859,2388.1239,2431.0463,2309.7879,2295.4532,2219.9187,2295.7518,2370.4395,2416.0178,2395.6800,2280.4509,2394.9700,2511.2205,2229.7432,2207.3249,2047.8059,2205.2389,2366.7689,2336.3233,2309.5420,2101.3223,2305.7279,2516.4914,1819.2327,1797.1027,1599.2715,1793.3343,1992.2626,1576.1080,1556.2871,1386.4586,1552.9008,1722.0173,1558.8449,1539.0631,1364.7679,1535.3723,1707.5949,1425.3245,1421.9076,1198.1759,1374.1039,1671.8300,1124.9089,1135.5740,912.3797,1072.0695,1375.6696,1033.5911,1054.2093,798.0381,966.0856,1317.4955,946.2574,976.3694,691.3963,859.1506,1259.3143,863.6399,889.9371,623.6736,778.8880,1165.2548,802.9001,826.0953,570.9393,711.6794,1104.9982,740.2359,764.1985,511.6521,639.7325,1057.9983,691.5450,718.2273,457.2677,577.5812,1039.3660,11.00000000000,28,151
22,049,00558592,22049,Jackson,Jackson Parish,15,H1,G4020,,40820,,A,1474178126.00000000000,28732791.00000000000,+32.3044796,-092.5566722,22049,901.0298,898.4750,891.2010,898.4585,905.9134,851.9564,848.1757,832.5914,848.1705,863.4646,823.4337,818.2058,791.2551,818.3258,844.9898,860.9058,853.7128,812.6505,853.4561,894.8641,822.7922,814.6759,755.8146,813.9120,873.4587,780.0246,771.2211,701.7787,769.9740,840.2172,768.3461,759.2351,675.8659,757.6969,841.4517,754.2775,744.6590,663.2658,743.0112,824.0976,832.3296,821.7503,728.6717,819.7762,911.7511,685.6146,683.9711,576.3509,660.9764,804.1896,621.3596,627.2806,504.0186,592.2106,759.8757,596.4224,608.3553,460.5612,557.5137,760.2507,559.6714,577.5201,408.9982,508.2000,744.8347,520.7900,536.6874,376.1547,469.7337,702.6726,490.3242,504.5273,348.7343,434.6647,674.8159,459.0578,473.9552,317.3669,396.7770,656.1210,419.7765,436.0023,277.6194,350.6350,630.9101,11.00000000000,22,049
22,003,00558397,22003,Allen,Allen Parish,15,H1,G4020,,,,A,1973174715.00000000000,10636650.00000000000,+30.6527435,-092.8196052,22003,1449.1267,1445.0059,1433.3010,1444.9799,1456.9794,1388.5736,1382.3695,1356.9475,1382.3639,1407.3183,1247.9683,1240.2129,1199.3999,1240.3755,1280.7322,1283.0796,1272.4998,1211.2949,1272.1077,1333.7803,1401.9061,1388.2354,1287.9477,1386.9399,1488.3379,1699.6301,1679.7860,1528.1123,1676.9427,1830.5939,1908.0839,1883.3995,1674.7543,1879.1132,2089.3951,1856.7628,1831.9275,1630.5352,1827.6345,2028.5674,2009.0329,1982.2534,1756.4494,1977.2312,2200.5853,1966.9893,1960.2827,1649.9336,1893.8420,2306.6909,1573.5859,1587.0497,1273.7390,1497.8474,1924.1275,1540.4770,1569.7851,1186.9171,1438.0766,1963.4399,1481.7683,1527.5736,1080.3675,1343.6751,1971.8727,1411.8882,1453.6234,1017.4199,1271.7372,1904.8594,1337.3562,1374.8377,948.9692,1183.9499,1840.4553,1254.3920,1293.9818,865.2380,1082.8058,1792.7959,1168.7456,1212.9584,771.2331,975.0588,1756.5258,11.00000000000,22,003
22,043,00558567,22043,Grant,Grant Parish,15,H1,G4020,,10780,,A,1665428895.00000000000,56014737.00000000000,+31.5977873,-092.5617156,22043,1214.4954,1211.0510,1201.2461,1211.0289,1221.0779,1078.8352,1074.0697,1054.3465,1074.0616,1093.4144,1107.5860,1100.6161,1064.3773,1100.7704,1136.6156,1242.9796,1232.5348,1173.2515,1232.1682,1291.9708,1312.5457,1299.5051,1205.6061,1298.2830,1393.3091,1449.1396,1432.3838,1303.1534,1429.9907,1560.8496,1445.3545,1427.1147,1269.4263,1423.9716,1582.7485,1318.4104,1301.0558,1158.3047,1298.0648,1440.4181,1390.3260,1372.3106,1216.5180,1368.9420,1522.9501,1191.2586,1187.6142,999.9926,1147.4745,1397.0918,1072.3454,1082.0704,868.9731,1021.4213,1311.3170,1050.1948,1070.7067,810.0919,981.0542,1338.6070,988.1365,1019.1548,721.2659,896.6398,1315.0108,931.6432,959.6010,672.0738,839.6963,1256.9707,874.1550,899.0142,620.9178,774.3382,1203.0317,807.0309,832.7868,557.1678,696.9960,1153.4407,746.4550,774.9231,492.9820,623.0336,1121.8730,11.00000000000,22,043
22,041,00558557,22041,Franklin,Franklin Parish,15,H1,G4020,,,,A,1617667724.00000000000,28107889.00000000000,+32.1382785,-091.6721010,22041,1112.4987,1109.4443,1100.5145,1109.4194,1118.5428,1070.5102,1065.8379,1046.2958,1065.8259,1084.9930,1090.0552,1083.3370,1047.6992,1083.4726,1118.7047,1176.7800,1166.9526,1110.8240,1166.6014,1223.2010,1216.5344,1204.8157,1117.7912,1203.6970,1291.6326,1208.3872,1195.0287,1087.6042,1193.1498,1301.7168,1158.9215,1145.0380,1019.1793,1142.6858,1269.1729,1149.1370,1134.9207,1011.3085,1132.4999,1255.5328,1231.1757,1215.9864,1078.7247,1213.1613,1348.7112,1037.4308,1035.2855,872.7145,1000.5720,1216.9341,923.1143,932.2189,749.3281,880.1957,1128.9490,904.7898,923.1940,699.2124,846.1439,1153.3584,859.5459,887.2367,628.6184,780.8455,1143.9451,821.4672,846.7934,593.7593,741.2521,1108.3819,775.1536,797.8246,551.6945,687.4372,1066.8341,726.1600,749.9057,502.3453,627.8671,1037.8968,679.6223,706.0420,449.7360,567.8656,1021.4588,11.00000000000,22,041
22,005,00558403,22005,Ascension,Ascension Parish,15,H1,G4020,132,12940,,A,751046853.00000000000,33164667.00000000000,+30.2029461,-090.9100234,22005,8596.3734,8572.4658,8503.3076,8572.2874,8643.0328,9024.1218,8984.1017,8819.0425,8984.0451,9146.0265,9498.1062,9438.7033,9128.0085,9439.9842,9747.2554,11586.9022,11489.4100,10936.7848,11486.0021,12043.5107,12116.8124,11996.9830,11130.1602,11985.7222,12862.7487,13162.0765,13015.5495,11844.8929,12994.8903,14178.3497,13374.4441,13215.9241,11764.7929,13189.1650,14646.9872,13841.8930,13671.3311,12182.9709,13642.3107,15123.5209,14979.4834,14793.7535,13122.8712,14759.1896,16409.4042,14745.4234,14712.3070,12399.5194,14218.2899,17296.1407,15000.9456,15148.7304,12176.5603,14303.2913,18345.8079,15312.4828,15623.7925,11833.0526,14319.7696,19519.1893,15327.9893,15821.7349,11209.8420,13924.4817,20399.5811,15470.3833,15947.4548,11182.2406,13959.8661,20873.7500,15607.5121,16064.3169,11108.8023,13841.7863,21480.4467,15419.0542,15923.7719,10667.5444,13332.5713,22038.4109,15075.1653,15661.8168,9977.0039,12596.9736,22657.7117,11.00000000000,22,005
22,039,00558551,22039,Evangeline,Evangeline Parish,15,H1,G4020,,,,A,1715550341.00000000000,44667621.00000000000,+30.7206932,-092.4040858,22039,1969.9079,1964.3757,1948.5001,1964.3372,1980.5925,1672.2651,1664.8845,1634.3155,1664.8715,1694.8655,1680.4125,1669.9099,1614.9429,1670.1357,1724.4962,1847.5287,1832.0701,1743.9502,1831.5207,1920.3900,1924.0322,1904.8264,1767.1806,1903.0316,2042.3623,2122.4853,2097.9894,1908.7368,2094.4930,2286.1148,2159.7595,2132.8021,1897.4050,2128.1730,2365.0986,2090.5260,2062.8662,1836.3880,2058.0945,2283.9781,2155.1111,2126.5842,1884.5442,2121.2381,2360.6156,1988.6713,1982.2928,1668.8444,1915.2147,2332.2149,1664.3142,1678.6365,1347.3230,1584.3120,2035.0804,1604.2437,1634.7765,1236.0688,1497.6191,2044.7160,1517.1470,1563.9836,1106.0555,1375.6784,2018.9477,1418.4536,1460.2466,1021.9158,1277.4775,1913.7049,1327.8461,1364.8587,941.8667,1175.2739,1827.3514,1221.6826,1259.9708,842.1996,1054.2331,1746.0283,1111.0529,1152.7829,732.6272,926.5583,1669.8000,11.00000000000,22,039
22,115,00559548,22115,Vernon,Vernon Parish,15,H1,G4020,256,22860,,A,3439271369.00000000000,35158568.00000000000,+31.1105625,-093.1815202,22115,2230.0743,2223.7733,2205.7815,2223.7315,2242.1645,2235.4493,2225.4792,2184.5618,2225.4690,2265.6314,2164.5900,2150.7978,2079.9422,2151.1191,2221.2275,2388.9354,2368.5851,2254.6586,2367.8995,2482.9173,2171.7400,2149.8926,1994.5230,2147.8603,2305.1930,2055.5145,2031.6517,1848.2940,2028.2391,2213.9405,2139.6059,2112.1025,1878.2784,2107.3360,2342.9371,2171.5261,2142.2549,1906.5207,2137.1879,2372.4424,2177.3261,2147.6404,1902.3160,2142.0605,2384.8440,1866.0698,1859.2699,1564.4938,1796.1347,2188.2364,1594.6530,1607.8022,1289.9249,1517.2804,1949.8072,1559.0287,1588.2390,1200.4218,1454.8277,1987.0306,1473.6846,1518.8087,1073.7353,1335.8038,1961.0772,1384.7027,1425.2297,997.1313,1246.7355,1868.1456,1330.0435,1366.9712,943.1695,1177.0334,1830.3637,1265.7015,1305.3371,872.4881,1092.1782,1808.9378,1203.2842,1248.5523,793.5761,1003.5650,1808.4189,11.00000000000,22,115
22,071,00558113,22071,Orleans,Orleans Parish,15,H6,G4020,406,35380,,C,438803381.00000000000,468240430.00000000000,+30.0686361,-089.9390074,22071,25927.5546,25855.8248,25647.4308,25855.2699,26068.3389,29620.7134,29490.9560,28949.9886,29490.6575,30021.3111,35656.4544,35435.9899,34270.1141,35440.5055,36593.2009,50112.1812,49697.8174,47307.4385,49682.5790,52091.6161,55405.8360,54874.6123,50911.2092,54823.7551,58827.7523,48366.2249,47840.3165,43545.4097,47766.7804,52104.3354,44861.8013,44342.0171,39483.8358,44254.9672,49131.6540,49912.3305,49312.6735,43959.5049,49211.1715,54534.6325,56262.5499,55584.7264,49326.9892,55458.9900,61635.6921,55259.4796,55156.2402,46505.6043,53309.8047,64823.5250,65562.5590,66228.7850,53254.0123,62538.8904,80184.7897,67691.3844,69088.0592,52345.8383,63328.7123,86290.3092,67885.4317,70092.3219,49681.2735,61694.7885,90348.5546,68771.7283,70912.0790,49743.1244,62081.8215,92793.4939,68970.0792,71007.5747,49123.1594,61191.2097,94924.2743,69395.0984,71684.1688,48041.4548,60026.6442,99187.4476,69647.2401,72373.2644,46121.7331,58217.2686,104679.5613,11.00000000000,22,071
22,121,00559570,22121,West Baton Rouge,West Baton Rouge Parish,15,H1,G4020,132,12940,,A,498298900.00000000000,29602065.00000000000,+30.4640516,-091.3098080,22121,1622.9142,1618.4394,1605.4028,1618.4040,1631.7286,1490.6858,1484.0457,1456.7646,1484.0383,1510.8147,1704.5763,1693.8736,1638.1067,1694.1083,1749.2663,2323.7118,2304.2074,2193.3782,2303.5207,2415.3133,2539.1292,2513.9281,2332.2804,2511.5650,2695.3837,2545.2256,2516.6235,2290.1004,2512.5776,2741.6704,2270.6753,2243.3600,1996.6766,2238.7258,2486.6777,2271.5793,2243.2472,1998.6897,2238.4147,2481.8860,2566.8389,2534.6877,2248.0735,2528.6976,2811.8262,2616.7924,2610.8169,2200.3001,2523.1231,3069.4307,2546.3099,2571.1469,2066.4541,2427.5764,3114.0374,2608.6319,2661.4156,2015.4375,2439.1976,3325.2552,2617.8771,2701.9570,1914.1129,2377.8611,3484.0356,2590.3033,2669.9435,1871.9001,2337.0840,3495.0015,2557.3643,2631.9854,1819.8294,2267.7518,3519.6540,2502.9430,2584.6605,1731.2645,2163.9823,3577.4347,2456.7626,2552.1771,1625.5877,2052.6637,3692.4598,11.00000000000,22,121
51,770,01498439,51770,Roanoke,Roanoke city,25,C7,G4020,,40220,,F,110234185.00000000000,884101.00000000000,+37.2778301,-079.9584716,51770,6415.5887,6397.7162,6346.0870,6397.5844,6450.4070,6564.3223,6535.4411,6415.4918,6535.3838,6653.0641,6802.1128,6759.9265,6537.4898,6760.8028,6980.7419,7687.5767,7623.5312,7256.8514,7621.2263,7990.9307,8214.5530,8135.1721,7547.5419,8127.6084,8721.4821,8210.6243,8120.0410,7390.2243,8107.3092,8844.8244,7485.3866,7397.5712,6586.1122,7382.7999,8197.7053,7810.2318,7714.8402,6875.7941,7698.6388,8533.4341,8978.5681,8868.7289,7868.5732,8848.3183,9835.8298,8666.7631,8649.7930,7292.4254,8360.0186,10166.5761,7771.7596,7849.8871,6311.2254,7412.2735,9504.9351,7832.3404,7993.1536,6055.3739,7326.5540,9984.2632,7742.4882,7993.4462,5664.9907,7035.4995,10304.3929,7601.7208,7837.6585,5497.2667,6861.4252,10256.9220,7394.6340,7612.5295,5265.7735,6559.9182,10177.2708,7136.0790,7371.0374,4939.4626,6172.1539,10199.6738,6876.0746,7144.8894,4552.9013,5747.2357,10334.6967,11.00000000000,51,770
51,015,01480098,51015,Augusta,Augusta County,06,H1,G4020,,44420,,A,2504515631.00000000000,9987990.00000000000,+38.1678073,-079.1466816,51015,5116.3511,5102.0554,5060.8599,5101.9523,5144.1122,4737.5295,4716.5353,4629.8898,4716.5047,4801.5324,4281.3237,4254.5388,4114.4897,4255.1172,4393.6243,4755.5784,4715.3916,4488.5868,4714.0044,4942.8719,4929.1381,4880.4237,4527.7994,4875.8442,5232.6074,5618.6107,5555.9395,5056.1441,5547.0970,6052.4008,5321.1219,5257.2678,4679.3101,5246.4437,5827.3221,5326.8012,5259.5700,4685.3817,5248.0758,5819.9195,5213.4438,5147.1184,4564.0483,5134.7405,5710.9073,4661.7963,4649.9866,3917.7219,4493.4856,5467.8855,4769.3417,4814.5756,3868.2978,4545.3359,5832.5091,4608.8985,4700.8389,3558.5438,4307.8860,5874.8605,4404.0207,4544.1551,3217.8408,3998.5991,5861.0320,4288.0689,4418.6278,3096.5920,3867.2536,5785.6199,4138.9746,4258.5075,2943.1415,3668.6797,5696.2960,3853.7594,3978.4137,2663.5506,3330.4038,5508.0628,3586.1714,3724.3924,2371.0092,2995.0053,5389.8709,11.00000000000,51,015
51,081,01501122,51081,Greensville,Greensville County,06,H1,G4020,,,,A,764632769.00000000000,4093693.00000000000,+36.6802247,-077.5602607,51081,749.8065,747.5947,741.4975,747.5849,753.8583,620.2900,617.4056,605.9913,617.4109,628.6312,588.2665,584.3443,565.0544,584.4517,603.5610,510.1538,505.5530,481.2356,505.4240,530.0606,635.8913,629.0948,583.5959,628.4847,674.7034,718.6316,709.7977,645.4245,708.5112,773.8762,937.9881,925.1691,822.0667,922.9069,1027.0394,943.0590,929.3582,826.1018,926.9554,1030.2561,942.2243,928.3899,821.3251,925.7710,1031.9063,949.1408,944.5722,793.7520,912.1976,1112.7354,828.2823,834.0639,668.1664,786.7802,1012.5833,789.7243,803.4193,606.1439,735.5549,1006.3950,749.4863,771.3421,544.2083,677.9915,997.2677,725.2897,745.4696,520.4757,651.6915,978.4174,693.1026,711.3297,489.7183,612.0776,953.7442,650.2293,669.6350,446.5312,559.8861,929.2392,604.9369,626.8319,397.4223,503.4711,909.1079,11.00000000000,51,081
51,089,01502770,51089,Henry,Henry County,06,H1,G4020,,32300,,A,990240760.00000000000,5299482.00000000000,+36.6205931,-079.9805844,51089,3415.2941,3405.8263,3378.3658,3405.7541,3433.8360,2905.2991,2892.4861,2839.3822,2892.4628,2944.5664,2301.6411,2287.2353,2211.9437,2287.5470,2362.0104,2384.8221,2365.1766,2251.4159,2364.4463,2479.0699,2411.0404,2387.6213,2215.1449,2385.3967,2559.7491,2339.0462,2313.1317,2105.1616,2309.4840,2519.6857,2128.5468,2103.5228,1872.7349,2099.3105,2331.0959,2050.4663,2025.3130,1804.9356,2021.0371,2240.3266,2056.8520,2031.3922,1802.0006,2026.6551,2253.2014,1721.1267,1717.5212,1447.7743,1659.9196,2018.9165,1614.6416,1630.6904,1310.8845,1539.7266,1974.6922,1506.6167,1537.4026,1164.5433,1409.1383,1920.5392,1414.1503,1459.8651,1034.4903,1284.8669,1882.0663,1325.8107,1366.8625,958.6053,1196.5717,1788.8938,1243.7553,1280.3276,885.5524,1103.2608,1711.7803,1166.7840,1205.1428,807.5236,1009.1047,1667.6928,1073.9731,1115.9217,711.0501,897.6138,1614.1724,11.00000000000,51,089
51,740,01498556,51740,Portsmouth,Portsmouth city,25,C7,G4020,,47260,,F,87159966.00000000000,33876240.00000000000,+36.8594298,-076.3562686,51740,5015.6338,5001.9150,4961.6821,5001.8005,5042.8906,4593.7202,4573.8321,4490.0575,4573.7696,4655.9143,5035.8854,5005.1747,4840.5962,5005.7630,5168.4247,6141.8038,6091.7891,5798.7870,6089.8689,6384.8975,6568.1602,6505.6088,6035.7685,6499.5959,6974.0947,6771.6583,6698.3283,6097.1715,6688.0895,7295.1113,5841.4142,5773.1212,5140.0630,5761.6478,6397.3177,6268.2861,6192.4237,5519.6478,6179.5634,6848.7496,6581.4955,6501.5840,5768.9977,6486.7472,7209.9614,6570.0883,6556.9980,5527.8264,6337.2732,7707.0099,5536.7935,5592.9712,4497.1805,5281.3360,6771.6348,5606.5391,5722.1754,4335.4683,5245.1460,7146.9900,5549.9412,5730.3508,4061.6453,5043.8108,7386.4020,5385.1653,5552.8336,3895.2498,4861.3994,7266.1943,5175.7271,5328.7686,3686.6013,4592.1567,7123.4209,4887.5355,5048.9839,3383.9899,4227.9958,6985.8435,4684.0139,4867.6119,3102.3134,3915.6329,7040.0730,11.00000000000,51,740
51,093,01702378,51093,Isle of Wight,Isle of Wight County,06,H1,G4020,,47260,,A,817432028.00000000000,122288802.00000000000,+36.9014184,-076.7075688,51093,2431.8517,2425.1267,2405.5820,2425.0745,2445.0567,2235.9102,2226.0585,2185.1944,2226.0399,2266.1329,2163.0612,2149.3585,2078.5683,2149.6704,2219.7034,2584.3937,2562.4275,2439.1775,2561.6824,2686.0964,2867.9780,2839.3849,2634.2096,2836.7110,3044.3851,3318.9125,3281.2114,2985.6089,3275.8587,3574.9541,3052.0587,3015.2217,2683.5544,3008.9652,3342.3777,2944.9303,2908.2919,2591.3235,2902.0457,3217.5823,2990.6095,2953.0473,2619.0207,2946.0470,3276.0303,2935.7864,2928.9297,2468.2473,2830.5096,3443.5655,2973.3797,3002.2347,2412.7833,2834.5470,3636.3029,2954.8119,3014.4366,2282.6105,2762.6866,3766.5154,2932.9077,3026.9344,2144.1605,2663.7937,3903.2831,2929.9323,3019.8424,2117.0381,2643.2929,3953.2351,2895.7615,2980.0835,2060.3308,2567.6071,3985.3700,2801.1443,2892.4218,1937.2167,2421.5795,4003.6389,2700.6700,2805.3878,1786.6740,2256.2442,4059.0367,11.00000000000,51,093
51,515,01793650,51515,Bedford,Bedford city,25,C7,G4020,,31340,,F,17814175.00000000000,61318.00000000000,+37.3381555,-079.5207054,,0.0000,0.0000,0.0000,0.0000,0.0000,0.0000,0.0000,0.0000,0.0000,0.0000,0.0000,0.0000,0.0000,0.0000,0.0000,0.0000,0.0000,0.0000,0.0000,0.0000,0.0000,0.0000,0.0000,0.0000,0.0000,0.0000,0.0000,0.0000,0.0000,0.0000,0.0000,0.0000,0.0000,0.0000,0.0000,0.0000,0.0000,0.0000,0.0000,0.0000,0.0000,0.0000,0.0000,0.0000,0.0000,0.0000,0.0000,0.0000,0.0000,0.0000,0.0000,0.0000,0.0000,0.0000,0.0000,0.0000,0.0000,0.0000,0.0000,0.0000,0.0000,0.0000,0.0000,0.0000,0.0000,0.0000,0.0000,0.0000,0.0000,0.0000,0.0000,0.0000,0.0000,0.0000,0.0000,0.0000,0.0000,0.0000,0.0000,0.0000,0.0000,0.0000,0.0000,0.0000,0.0000,0.00000000000,,
51,049,01494109,51049,Cumberland,Cumberland County,06,H1,G4020,,40060,,A,770419651.00000000000,5931713.00000000000,+37.5201891,-078.2528364,51049,667.0772,665.1946,659.8139,665.1820,670.6941,577.1084,574.5318,563.9670,574.5293,584.8995,499.5881,496.4533,480.1092,496.5219,512.6873,532.5386,528.0420,502.6439,527.8865,553.5144,534.3891,529.1316,490.9025,528.6360,567.3053,514.9416,509.1359,463.2961,508.3137,554.6801,408.5844,403.7896,359.4956,402.9830,447.4657,371.8682,367.3103,327.3465,366.5356,406.3010,388.7401,383.9955,340.7023,383.1140,425.8578,325.5811,324.9348,273.9359,314.0468,381.9219,311.2108,314.2888,252.6370,296.7523,380.6055,295.7515,301.7713,228.5607,276.5867,377.0023,276.6482,285.5609,202.3237,251.3185,368.1832,261.9192,269.9951,189.3175,236.3442,353.4000,247.5128,254.7520,176.1607,219.5044,340.6488,231.9587,239.5446,160.4665,200.5618,331.5374,217.8511,226.3203,144.1624,182.0283,327.4259,11.00000000000,51,049
51,097,01480136,51097,King and Queen,King and Queen County,06,H1,G4020,,40060,,A,816203901.00000000000,28872700.00000000000,+37.7209945,-076.8910903,51097,474.4556,473.1446,469.3319,473.1343,477.0321,445.8189,443.8242,435.6608,443.8227,451.8364,433.6063,430.8794,416.6927,430.9396,444.9720,494.2884,490.1399,466.5648,489.9938,513.7736,550.0310,544.4946,505.1445,543.9798,583.8282,584.3597,577.8142,525.8183,576.8893,629.4678,518.7372,512.5540,456.2437,511.5083,568.0897,512.5883,506.2532,451.1198,505.1746,560.0480,501.3775,495.0122,438.9504,493.8246,549.2203,472.2139,471.0858,396.9660,455.2492,553.8828,465.8089,470.2759,377.8925,443.9925,569.6536,458.7298,467.9337,354.2793,428.8362,584.7390,444.2155,458.4048,324.6638,403.3907,591.1830,431.1289,444.3082,311.4270,388.8865,581.6996,418.1107,430.2374,297.4006,370.6681,575.4323,394.5048,407.3160,272.7539,340.9928,563.8575,370.5693,384.8987,245.0862,309.5396,556.9536,11.00000000000,51,097
51,061,01480120,51061,Fauquier,Fauquier County,06,H1,G4020,548,47900,47894,A,1676885536.00000000000,9779829.00000000000,+38.7441032,-077.8215847,51061,5066.1149,5052.0586,5011.3182,5051.9519,5093.6175,4535.1771,4515.1554,4432.2495,4515.1206,4596.4678,4369.9095,4342.3380,4199.3462,4342.9552,4484.4032,5115.4406,5072.0846,4828.1232,5070.6015,5316.8251,5578.4761,5523.0185,5123.9364,5517.8232,5921.7081,6366.0305,6294.8326,5728.4472,6284.7778,6857.4709,6297.8824,6222.4620,5538.5345,6209.6863,6897.0200,6015.4319,5940.8588,5293.6441,5928.1552,6572.3776,6028.2374,5952.4102,5279.0032,5938.2766,6603.5527,5883.9666,5870.2285,4946.9221,5672.9737,6901.6693,5763.6956,5819.7167,4677.1710,5494.6875,7048.7419,5716.2952,5831.7467,4416.0548,5344.7451,7286.6059,5655.3348,5836.7549,4134.6415,5136.5638,7526.4565,5625.7360,5798.4946,4065.1178,5075.5192,7590.5814,5552.0295,5713.8316,3950.4936,4923.0280,7641.1407,5318.3220,5491.7641,3678.2963,4597.8468,7601.4178,5059.3274,5255.6361,3347.3238,4226.9231,7604.0458,11.00000000000,51,061
51,036,01480109,51036,Charles City,Charles City County,06,H1,G4020,,40060,,A,473494077.00000000000,55490534.00000000000,+37.3610475,-077.0541709,51036,510.8779,509.4443,505.3278,509.4343,513.6490,355.5550,353.9639,347.4532,353.9627,360.3540,303.6501,301.6650,291.7157,301.7159,311.5670,333.1266,330.2931,314.4063,330.1972,346.2347,337.9746,334.5655,310.3861,334.2488,358.7370,382.4185,378.0782,344.0198,377.4622,411.9218,317.5253,313.6930,279.1876,313.0421,347.7290,266.9468,263.5304,234.7136,262.9448,291.6562,223.6763,220.9689,196.0791,220.4664,245.0361,221.3139,220.8003,186.0745,213.3817,259.5935,213.0267,215.1874,173.0266,203.1972,260.5368,204.0613,208.2799,157.8153,190.9200,260.1303,195.4615,201.8353,143.0800,177.6614,260.1409,188.5470,194.4427,136.4252,170.2409,254.4084,182.0478,187.4600,129.7214,161.5588,250.5571,169.0854,174.7102,117.1396,146.3179,241.6796,158.9217,165.1962,105.3378,132.9073,238.8621,11.00000000000,51,036
51,197,01501379,51197,Wythe,Wythe County,06,H1,G4020,,,,A,1196118581.00000000000,7311859.00000000000,+36.9014709,-081.0842090,51197,2054.5832,2048.8391,2032.2945,2048.7978,2065.7308,2059.2130,2050.0440,2012.3602,2050.0336,2087.0199,1689.9639,1679.4707,1624.2046,1679.6897,1734.3369,1773.8955,1759.1558,1674.5432,1758.6213,1843.9186,1792.5285,1775.2195,1646.9908,1773.5696,1903.1560,1947.0365,1925.5708,1752.5131,1922.5545,2097.4327,1684.8209,1665.1083,1482.5056,1661.7956,1845.1566,1733.9557,1713.0734,1527.0595,1709.5370,1894.5315,1724.5749,1703.9042,1512.1871,1700.0720,1889.2869,1539.9563,1537.3880,1296.5615,1486.0050,1806.5595,1515.9213,1531.6746,1231.9374,1446.4462,1854.0697,1445.0591,1475.2664,1118.1515,1352.4185,1842.1517,1377.4877,1422.6771,1008.8001,1252.3836,1833.3310,1332.7378,1374.6325,964.6989,1203.6230,1798.2966,1275.2748,1313.3677,909.0337,1131.9732,1755.2082,1189.5008,1229.1539,824.2147,1029.4379,1700.2004,1117.5526,1161.6863,740.7640,934.6298,1679.7019,11.00000000000,51,197
51,103,01480139,51103,Lancaster,Lancaster County,06,H1,G4020,,,,A,345115848.00000000000,254201621.00000000000,+37.7038307,-076.4131985,51103,509.5457,508.1326,504.0354,508.1219,512.3120,412.7811,410.9374,403.3804,410.9357,418.3535,361.0813,358.8144,347.0014,358.8641,370.5482,427.3515,423.6823,403.3035,423.5616,444.1453,459.2723,454.6117,421.7540,454.1804,487.4679,489.9592,484.4058,440.7738,483.6179,527.7613,412.8549,407.9237,363.0992,407.0891,452.1326,410.3913,405.3031,361.1475,404.4362,448.3878,357.1238,352.4581,312.4059,351.5850,391.1854,321.8235,320.9712,270.3903,310.1586,377.4623,299.5195,302.2829,242.7976,285.3548,366.2750,283.7157,289.3020,218.9292,265.0935,361.6372,267.7019,276.1508,195.4804,242.9711,356.2614,251.5183,259.1091,181.5157,226.7497,339.3517,235.8770,242.6238,167.6132,208.9924,324.6223,213.7282,220.5791,147.6092,184.6249,305.4709,194.6487,202.0934,128.5900,162.4910,292.5456,11.00000000000,51,103
51,177,01480172,51177,Spotsylvania,Spotsylvania County,06,H1,G4020,548,47900,47894,A,1039870690.00000000000,33047780.00000000000,+38.1823112,-077.6562804,51177,9549.8760,9523.3088,9446.4753,9523.1110,9601.7098,8770.4506,8731.6279,8571.2458,8731.5679,8888.9494,8496.9238,8443.4159,8165.4003,8444.6042,8719.6047,9779.0833,9696.4074,9230.0218,9693.5579,10164.1985,10393.4329,10290.2612,9546.7210,10280.5876,11033.0204,11852.2195,11719.1153,10664.3243,11700.2909,12767.0187,10837.5311,10708.0983,9531.4561,10686.1930,11868.5806,10551.7698,10421.3497,9286.4069,10399.1454,11528.7397,10670.0635,10537.4801,9347.0299,10512.8005,11688.5778,10069.3209,10046.7404,8467.4166,9709.3954,11811.1566,9950.4491,10048.1017,8076.3145,9487.2086,12169.1067,9861.9506,10062.0768,7620.3852,9222.1293,12571.2200,9673.8148,9985.0673,7074.1484,8787.5794,12874.5704,9560.3825,9854.8576,6909.8010,8626.4741,12899.5222,9391.0181,9665.5505,6683.5795,8328.1692,12924.7283,8951.2599,9243.9682,6192.3300,7739.6173,12793.9898,8536.1461,8868.0694,5648.9020,7132.5764,12829.6631,11.00000000000,51,177
51,063,01494354,51063,Floyd,Floyd County,06,H1,G4020,,,,A,985283867.00000000000,2257557.00000000000,+36.9314381,-080.3503087,51063,1091.4123,1088.3083,1079.4926,1088.2887,1097.3265,1036.7988,1032.1286,1013.1276,1032.1272,1050.7841,951.3461,945.3140,914.1783,945.4517,976.2551,976.7228,968.3816,921.8034,968.1027,1015.1343,944.4589,935.0903,867.5244,934.2115,1002.5831,945.7967,935.2797,851.1657,933.7975,1018.8273,940.1874,928.9466,826.8600,927.0435,1029.6326,920.8566,909.1732,809.8576,907.1737,1006.0996,912.0813,900.6222,798.7471,898.4865,999.1291,751.9327,750.1550,632.1448,724.9419,881.9832,718.3602,725.4021,583.0454,684.9071,878.5321,679.4336,693.2164,524.9939,635.3475,866.0866,626.0247,646.1804,457.8148,568.6904,833.1575,590.1302,608.3225,426.5452,532.5027,796.2455,551.1923,567.3238,392.3149,488.8330,758.5998,500.5210,516.9078,346.2867,432.7951,715.3935,448.2311,465.6839,296.6647,374.5590,673.6841,11.00000000000,51,063
51,199,01480182,51199,York,York County,06,H1,G4020,,47260,,A,271379438.00000000000,285360315.00000000000,+37.2209139,-076.3955330,51199,4008.8888,3997.7443,3965.4949,3997.6609,4030.6489,3593.6967,3577.7048,3511.9447,3577.6860,3642.2276,4061.8595,4036.0358,3903.0862,4036.6321,4168.1720,5094.5302,5050.9329,4807.9875,5049.4843,5294.8243,5583.6978,5527.2460,5127.7754,5522.0103,5926.6302,6296.8588,6225.2364,5664.3487,6215.0630,6782.6107,5940.6373,5868.7618,5223.0562,5856.5444,6505.7048,5894.3386,5819.6937,5184.1062,5806.9237,6439.9808,5957.0409,5881.8421,5216.1443,5867.8201,6525.5291,5825.8452,5810.4298,4894.7938,5614.6956,6833.0555,6031.0739,6087.6737,4890.6063,5747.0546,7375.4052,6120.8610,6242.4608,4725.0559,5720.4687,7802.0646,6048.2987,6240.3326,4418.5282,5490.9816,8049.2601,6021.9034,6204.8921,4348.0431,5430.4774,8124.9411,5977.5057,6149.8483,4249.9821,5297.9421,8226.5659,5781.0971,5967.9049,3995.3088,4995.7652,8262.7357,5564.9670,5779.3522,3679.1108,4647.4764,8363.9142,11.00000000000,51,199
51,840,01789077,51840,Winchester,Winchester city,25,C7,G4020,548,49020,,F,23912611.00000000000,54101.00000000000,+39.1738688,-078.1763562,51840,1764.3750,1759.4657,1745.2701,1759.4292,1773.9513,1829.5538,1821.4158,1787.9392,1821.4060,1854.2619,2073.6254,2060.6034,1992.7623,2060.8892,2127.9898,2361.5759,2341.4745,2228.8520,2340.7956,2454.4916,2333.5126,2310.3086,2143.3698,2308.1352,2477.0850,1765.5109,1745.7017,1588.5893,1742.9009,1901.7850,1363.3428,1346.9245,1198.7986,1344.1380,1493.0314,2086.4906,2060.7109,1836.2973,2056.3222,2279.6758,2221.4424,2193.5453,1945.4324,2188.3464,2433.4552,2168.6080,2163.6595,1823.4557,2090.9861,2543.7227,2012.6816,2032.4966,1633.7094,1919.0603,2461.4607,1997.3854,2037.9810,1543.5017,1867.8791,2546.1136,1923.0892,1985.0260,1406.3990,1746.9892,2559.3834,1859.7278,1917.0701,1344.2280,1678.1358,2509.2773,1812.5895,1865.6351,1290.1187,1607.5184,2494.6465,1794.8919,1853.6394,1241.7715,1552.0031,2565.4337,1791.7555,1861.4762,1185.8046,1497.2037,2692.9770,11.00000000000,51,840
48,295,01383933,48295,Lipscomb,Lipscomb County,06,H1,G4020,,,,A,2414332816.00000000000,298741.00000000000,+36.2801998,-100.2726827,48295,170.9083,170.4072,169.0190,170.4048,171.8323,166.9255,166.1692,163.1078,166.1693,169.1759,184.1061,182.9317,176.9049,182.9591,188.9225,308.9921,306.1970,291.4687,306.1194,321.0439,298.5451,295.3737,274.0126,295.0879,316.7798,289.8189,286.4570,260.6058,285.9763,312.1571,316.5809,312.7087,278.2658,312.0481,346.6889,301.8814,298.0198,265.4335,297.3579,329.8244,395.8890,390.6411,346.1720,389.6574,433.6388,362.9081,361.6224,304.3245,349.3527,425.5711,349.5308,352.5924,283.0519,332.7964,427.4059,358.4888,365.3918,276.3555,334.7629,456.9277,352.3169,363.2866,257.0113,319.5814,468.8549,348.4350,358.8116,251.2185,313.9455,470.1005,347.7736,357.5981,246.9110,307.9794,478.6086,338.2647,349.0073,233.4418,292.0776,483.4576,321.9285,334.1606,212.5303,268.6438,483.8347,11.00000000000,48,295
48,319,01383942,48319,Mason,Mason County,06,H1,G4020,,,,A,2405588947.00000000000,8834406.00000000000,+30.7032322,-099.2376082,48319,209.8800,209.2857,207.5917,209.2818,211.0177,170.6409,169.8768,166.7518,169.8762,172.9439,179.8875,178.7622,172.8778,178.7864,184.6060,191.4243,189.7717,180.6439,189.7183,198.9411,204.0416,201.9528,187.3548,201.7605,216.5561,280.7683,277.4545,252.3793,276.9780,302.3923,273.7980,270.4382,240.6414,269.8644,299.8360,238.3604,235.2681,209.5000,234.7366,260.4213,253.0858,249.6397,221.1279,248.9920,277.2076,267.1514,266.2429,224.0940,257.2196,313.2893,261.0708,263.3276,211.3642,248.5341,319.2323,255.8845,260.7731,197.1911,238.9006,326.1442,250.8652,258.6431,182.9469,227.5147,333.8426,250.8799,258.3261,180.8387,226.0148,338.4791,247.8488,254.8262,175.9245,219.4578,341.0893,237.6546,245.1814,163.9727,205.1791,339.6614,224.7593,233.2859,148.3573,187.5413,337.7957,11.00000000000,48,319
48,213,01383892,48213,Henderson,Henderson County,06,H1,G4020,206,11980,,A,2262997188.00000000000,193170040.00000000000,+32.2116334,-095.8534183,48213,4853.0978,4839.5814,4800.5280,4839.4816,4879.4367,4756.9202,4736.1925,4649.3732,4736.1370,4821.2855,4484.9751,4457.4407,4310.8312,4457.9859,4602.9122,4806.2631,4766.6949,4537.4257,4765.2216,4996.2217,5071.1615,5022.3815,4659.6182,5017.7206,5384.2566,5184.2190,5127.6261,4667.1470,5119.7016,5584.8303,5001.9494,4943.9058,4402.1638,4934.1795,5478.0144,4823.8255,4765.8211,4248.4145,4756.0013,5270.5494,4838.5174,4781.0965,4243.7334,4770.4635,5300.7078,4448.2891,4441.0223,3745.4966,4292.6342,5218.4310,4210.8828,4255.0617,3422.7761,4018.4230,5150.2498,4112.2217,4198.5477,3182.5753,3849.0524,5242.2771,3963.0781,4093.4217,2902.9205,3603.5662,5274.5842,3847.5267,3968.7887,2785.5658,3475.1810,5191.5924,3691.1307,3801.6829,2631.6096,3276.7381,5080.2647,3477.2698,3593.4427,2409.8794,3009.6773,4970.2167,3244.8004,3373.1840,2151.2309,2713.9836,4877.0091,11.00000000000,48,213
48,195,01383883,48195,Hansford,Hansford County,06,H1,G4020,,,,A,2382296710.00000000000,1548341.00000000000,+36.2728469,-101.3569304,48195,317.1029,316.2076,313.6496,316.2016,318.8222,329.6891,328.1939,322.1465,328.1941,334.1334,315.4174,313.4265,303.1053,313.4712,323.6810,290.4449,287.9589,274.1083,287.8763,301.8636,276.5512,273.7191,253.9334,273.4584,293.5122,411.3805,406.6978,370.0525,406.0325,443.1142,355.4244,351.0815,312.4160,350.3409,389.2271,417.0345,411.8222,366.9147,410.9328,455.6437,413.6304,408.3188,362.0134,407.3265,453.0928,342.3819,341.4578,287.6319,329.9504,401.5707,326.2712,329.3444,264.5935,310.9204,398.9991,325.4857,331.9654,251.2853,304.2112,414.8878,311.2205,321.1242,227.3977,282.5714,414.1837,311.1955,320.6765,224.7375,280.6635,419.8769,313.4307,322.4984,222.9021,277.8370,431.3627,293.2229,302.7290,202.7009,253.4290,419.0962,280.1431,290.9682,185.2667,233.9964,421.0455,11.00000000000,48,195
48,071,01383821,48071,Chambers,Chambers County,06,H1,G4020,288,26420,,A,1546578832.00000000000,709774725.00000000000,+29.7039331,-094.6688749,48071,2656.9424,2649.4912,2628.0842,2649.4389,2671.3549,2754.1375,2741.8637,2691.4572,2741.8504,2791.3254,2884.0111,2865.6219,2771.2142,2866.0516,2959.4653,3560.8166,3530.4123,3360.6028,3529.3952,3700.8554,3876.8174,3838.0186,3560.6683,3834.3984,4115.1799,4535.8955,4484.5145,4080.5993,4477.2265,4885.8646,4481.4788,4427.7263,3940.9875,4418.6161,4907.8065,4599.4889,4541.7790,4046.2940,4531.9243,5025.2976,5089.3644,5025.7715,4457.6324,5013.9269,5575.1284,5029.1142,5017.3824,4228.2272,4848.7884,5898.9625,5346.2200,5398.1350,4338.3094,5096.6359,6538.1799,5503.9000,5615.0346,4251.9235,5146.1211,7015.8610,5581.6307,5760.6740,4080.7346,5069.6049,7428.3654,5715.8284,5891.3585,4130.2263,5156.8062,7712.1399,5831.8779,6001.8598,4149.6593,5171.2023,8026.2925,5812.8598,6002.4744,4020.4110,5025.4452,8308.2581,5741.4610,5964.2973,3798.7399,4796.8997,8629.2795,11.00000000000,48,071
48,217,01383894,48217,Hill,Hill County,06,H1,G4020,,,,A,2483445279.00000000000,69557248.00000000000,+31.9822401,-097.1298856,48217,2067.8684,2062.0919,2045.4426,2062.0501,2079.0887,1945.3786,1936.8067,1901.2523,1936.7906,1971.6741,1819.8372,1808.4428,1748.9112,1808.6897,1867.5670,2016.0355,1999.1098,1902.9553,1998.5142,2095.5058,2032.0027,2012.3288,1866.9684,2010.4564,2157.3749,1909.5062,1888.0138,1718.0505,1884.9720,2056.8751,1762.8395,1741.8926,1550.5828,1738.3537,1930.5629,1852.5972,1829.7429,1630.5174,1825.8533,2024.1285,1936.3403,1912.8209,1697.2790,1908.4540,2121.2400,1662.4823,1658.6527,1397.8193,1602.9318,1950.0412,1507.1416,1522.2112,1223.7646,1437.3263,1843.2352,1486.0836,1516.5158,1148.7877,1390.0167,1894.3729,1412.7722,1458.4915,1033.5661,1283.6763,1880.2367,1359.0835,1401.1938,982.7115,1226.6371,1833.7906,1290.4278,1328.3824,918.8005,1144.6737,1776.0164,1231.9782,1272.4746,852.6339,1065.4814,1760.8749,1168.2801,1213.8923,773.4526,976.4099,1755.9139,11.00000000000,48,217
48,375,01383973,48375,Potter,Potter County,06,H1,G4020,,11100,,A,2352666798.00000000000,35275220.00000000000,+35.3986751,-101.8938040,48375,6501.4453,6483.0059,6430.5173,6482.8871,6536.6828,6560.3413,6530.8142,6410.5967,6530.8028,6648.8395,6784.5866,6741.3174,6519.2233,6742.3291,6962.0859,7905.0833,7837.2764,7460.3098,7835.0394,8215.7750,8118.9698,8036.9202,7456.0708,8029.3084,8617.6326,8321.8378,8225.5496,7483.3937,8211.7942,8963.3252,7998.1895,7898.8630,7027.5162,7881.8345,8758.6750,8230.3846,8124.3782,7235.3098,8106.1833,8992.1725,8621.3689,8508.6422,7541.6505,8487.5436,9443.6444,8177.1242,8152.4581,6864.8528,7877.0112,9590.1040,6794.6117,6854.7042,5503.3259,6470.0321,8308.5391,6787.2580,6918.3729,5232.9679,6338.5863,8651.0490,6620.5181,6827.0376,4830.2532,6005.8553,8810.4619,6306.8370,6494.8456,4547.4938,5682.7984,8509.0570,5988.9746,6158.0897,4251.9069,5303.5925,8242.0646,5600.9153,5778.5578,3864.8688,4835.8689,8004.9734,5191.6196,5388.5799,3426.8588,4331.9478,7802.6004,11.00000000000,48,375
48,249,01383910,48249,Jim Wells,Jim Wells County,06,H1,G4020,,10860,,A,2240251330.00000000000,8739521.00000000000,+27.7335158,-098.0908142,48249,2149.1935,2143.3250,2126.0905,2143.2756,2160.8745,2247.7529,2237.8658,2196.7940,2237.8460,2278.1405,2236.2150,2222.2869,2149.1486,2222.5818,2294.9066,2760.8682,2737.6492,2605.9721,2736.8365,2869.6736,2870.2664,2841.8566,2636.5208,2839.1884,3046.9501,3187.0750,3151.6769,2868.2583,3146.6900,3433.1800,2977.7613,2942.5020,2619.4410,2936.5520,3261.0914,2682.8265,2649.5826,2360.9442,2643.9198,2931.2199,3196.0827,3156.8590,2800.7219,3149.5678,3501.2254,2967.0167,2961.1476,2496.4130,2861.9310,3480.4547,2961.9942,2991.5476,2404.9612,2824.7068,3622.5108,3016.3023,3078.0000,2331.5694,2821.2264,3844.9982,3024.3963,3122.1853,2212.4647,2747.9277,4025.1147,3013.1208,3106.3936,2178.5451,2719.3735,4065.5503,2998.3630,3086.4619,2134.7136,2659.5830,4126.6415,2900.0587,2995.3055,2006.9446,2508.0260,4145.0681,2810.8455,2920.5138,1860.7724,2349.1221,4224.6695,11.00000000000,48,249
48,119,01383846,48119,Delta,Delta County,06,H1,G4020,206,19100,19124,A,665173912.00000000000,54666393.00000000000,+33.3859329,-095.6733504,48119,345.1034,344.1431,341.3665,344.1360,346.9765,324.1973,322.7611,316.8321,322.7590,328.5773,314.6939,312.6933,302.3931,312.7395,322.9306,382.5453,379.2818,361.0388,379.1724,397.5918,418.8992,414.6284,384.6589,414.2343,444.6031,409.1872,404.4202,367.9104,403.7377,440.7199,342.1824,338.0406,300.8464,337.3365,374.7302,327.5025,323.4695,288.2568,322.7834,357.8262,353.5556,349.1241,309.6432,348.2984,387.2997,343.8887,343.1770,289.2873,331.6699,403.3905,290.0076,292.8484,235.3763,276.4997,354.6700,282.1928,287.9322,218.0746,263.9010,359.7182,277.8854,286.8448,203.2404,252.4511,369.8304,261.7213,269.8227,189.2292,236.2059,353.1358,250.0013,257.3580,178.0102,221.7681,344.0773,239.3387,247.2113,165.6522,206.9997,342.0888,226.3996,235.2477,149.9024,189.2283,340.2769,11.00000000000,48,119
48,433,01384002,48433,Stonewall,Stonewall County,06,H1,G4020,,,,A,2373240591.00000000000,10177654.00000000000,+33.1795797,-100.2538069,48433,62.5524,62.3638,61.8531,62.3632,62.8898,64.1910,63.8998,62.7223,63.8999,65.0563,52.9225,52.5980,50.8681,52.6044,54.3144,65.6849,65.1359,62.0030,65.1163,68.2757,53.9682,53.4165,49.5554,53.3657,57.2788,62.7426,62.0538,56.4787,61.9571,67.5899,46.6687,46.1702,41.1493,46.0892,51.1154,51.7094,51.0840,45.5344,50.9780,56.4979,41.8607,41.4138,36.8103,41.3321,45.8655,53.6373,53.5739,45.2067,51.7904,62.9295,39.5439,39.9645,32.1529,37.7437,48.3663,38.0367,38.8425,29.4506,35.6117,48.4902,38.5002,39.7700,28.2072,35.0121,51.2414,35.0821,36.1920,25.4064,31.6925,47.3378,34.2529,35.2821,24.4265,30.4116,47.1440,31.1190,32.1604,21.5698,26.9366,44.4799,28.2211,29.3379,18.7103,23.6046,42.4169,11.00000000000,48,433
48,135,01383853,48135,Ector,Ector County,06,H1,G4020,372,36220,,A,2324999033.00000000000,10597635.00000000000,+31.8653008,-102.5425068,48135,8702.7848,8678.2952,8608.1341,8678.1277,8749.9813,10344.4204,10298.0523,10108.5900,10298.0210,10484.0201,12216.4396,12137.9689,11737.9544,12139.8551,12535.7337,17200.1380,17050.7577,16230.6245,17046.0158,17874.9731,20913.6907,20698.9505,19202.6845,20679.2156,22195.9659,23774.5872,23496.6676,21374.8567,23456.8318,25606.4229,24141.9700,23841.3902,21210.6891,23789.8162,26437.3540,26414.2135,26073.6530,23220.0100,26015.1882,28859.0388,30537.4811,30142.8111,26721.8730,30069.0329,33450.5988,32415.0712,32326.5074,27229.6653,31236.7804,38018.5222,32135.5072,32433.0680,26051.6820,30617.1198,39297.8850,33801.2206,34469.1938,26086.9750,31585.6827,43084.9014,35162.2718,36275.9602,25682.8205,31918.8582,46794.7809,36433.4694,37538.5454,26302.8400,32852.6619,49156.9964,37548.2680,38629.4695,26694.2387,33277.7681,51675.8428,38108.3071,39339.1431,26335.5786,32930.7669,54466.9341,38348.1681,39825.5930,25352.9142,32025.8621,57635.7086,11.00000000000,48,135
48,061,01383816,48061,Cameron,Cameron County,06,H1,G4020,154,15180,,A,2307478146.00000000000,998531503.00000000000,+26.1029227,-097.4789584,48061,23006.4789,22943.2475,22758.5462,22942.7363,23131.4606,25541.3971,25429.5970,24963.1758,25429.3340,25886.8506,24024.5759,23874.7590,23088.9684,23877.9483,24655.0217,24029.7467,23826.9796,22680.9321,23819.9507,24976.3229,23669.5432,23432.5024,21739.1638,23410.3941,25124.7386,28291.5281,27969.8795,25449.9168,27924.1998,30474.0335,27309.0581,26978.4856,24010.0544,26922.2845,29906.6494,26510.4690,26179.3647,23324.8513,26122.8751,28964.8275,24343.7547,24036.5565,21316.2439,23979.2761,26666.9224,23813.6683,23754.5222,20014.8704,22955.3540,27931.6690,22817.6498,23035.7684,18509.8403,21748.0971,27904.3703,21184.6720,21608.6935,16359.2345,19802.8649,27003.8020,19789.7508,20420.7221,14461.7460,17969.5526,26337.0383,19057.7288,19639.1660,13764.4223,17188.9819,25713.4938,18345.9843,18876.9619,13047.4705,16262.8611,25248.8964,16714.6079,17256.2291,11554.1225,14445.9125,23889.7556,15035.0578,15615.2688,9941.7582,12557.4688,22597.1284,11.00000000000,48,061
48,323,01383944,48323,Maverick,Maverick County,06,H1,G4020,,20580,,A,3313264152.00000000000,32425873.00000000000,+28.7452172,-100.3113679,48323,3076.3215,3067.7883,3043.0506,3067.7235,3093.0223,3381.9092,3367.1247,3305.3761,3367.0886,3427.6557,3034.1706,3015.1946,2915.9434,3015.6038,3113.7616,3582.9281,3552.2422,3381.3824,3551.2250,3723.7771,3919.2334,3879.6064,3599.2154,3875.9314,4159.9379,4830.7441,4775.7768,4345.4711,4767.9685,5203.3908,4888.5221,4827.9287,4295.4484,4817.5468,5353.3468,4782.8205,4721.3390,4204.7935,4710.7903,5225.5158,4729.9598,4668.5873,4138.4967,4657.1099,5181.1439,5141.1725,5127.4168,4319.2678,4954.6501,6029.9751,4629.9850,4672.1473,3752.2036,4410.3315,5661.8030,4506.3955,4594.5375,3476.3309,4209.8700,5743.9897,4538.2712,4681.0362,3313.1224,4118.4322,6039.5524,4517.8506,4653.8468,3259.8349,4072.5020,6095.5104,4449.3524,4576.3812,3161.2751,3941.9280,6123.3383,4209.1340,4343.9404,2906.7932,3635.8335,6015.8951,3994.0374,4146.8008,2638.5706,3334.1899,6002.8038,11.00000000000,48,323
48,085,01383828,48085,Collin,Collin County,06,H1,G4020,206,19100,19124,A,2178761906.00000000000,116235513.00000000000,+33.1938849,-096.5781528,48085,73094.5842,72890.1062,72301.4417,72888.6428,73491.1582,86741.2026,86357.0620,84770.7612,86356.4800,87913.1245,88869.8418,88314.3984,85407.4282,88326.3418,91201.2349,100977.7559,100130.7881,95314.6387,100100.9053,104958.7139,102641.6157,101629.7773,94286.9673,101534.5112,108962.5811,116458.6768,115159.0874,104799.3525,114975.6943,125449.8115,124965.1318,123488.2241,109932.7847,123239.1621,136855.7207,134156.5127,132505.3750,118081.8354,132224.5049,146578.2393,142966.8311,141200.8643,125259.7598,140872.3564,156615.0518,137536.4639,137241.1904,115679.7891,132636.5117,161331.3242,150158.8037,151642.8682,121895.1396,143181.2627,183641.4951,152472.3105,155576.9453,117834.6943,142593.5332,194360.6904,152022.0898,156923.7783,111186.6797,138108.1377,202322.2500,154738.1064,159514.4590,111855.0908,139635.4131,208784.1514,157617.3838,162234.9443,112193.3984,139791.1904,216927.4160,156897.6934,162037.5264,108555.5234,135671.6055,224253.7168,153662.2480,159645.6543,101702.7847,128406.3135,230951.9121,11.00000000000,48,085
48,023,01383797,48023,Baylor,Baylor County,06,H1,G4020,,,,A,2246766775.00000000000,86983599.00000000000,+33.6181716,-099.1972280,48023,205.1160,204.5475,202.8983,204.5431,206.2296,160.8833,160.1603,157.2128,160.1600,163.0539,207.6923,206.3294,199.5231,206.3648,213.1044,206.6590,204.8571,195.0035,204.8006,214.7626,225.7165,223.4828,207.3353,223.2730,239.6111,237.1632,234.4553,213.3246,234.0702,255.4554,232.7327,229.8916,204.5754,229.4073,254.8671,247.6673,244.4559,217.6831,243.9040,270.5897,265.7503,262.2541,232.4274,261.5993,291.0940,218.0654,217.4514,183.1490,210.1162,255.7570,206.4395,208.3615,167.3751,196.6984,252.4525,207.3844,211.4879,160.0635,193.7977,264.3442,199.7169,206.0394,145.8696,181.2909,265.7876,195.6580,201.5842,141.2392,176.4174,263.9862,186.1809,191.5270,132.3355,164.9868,256.2305,174.6928,180.3152,120.6901,150.9334,249.6812,162.6321,168.8751,107.4797,135.7918,244.4280,11.00000000000,48,023
48,365,01383968,48365,Panola,Panola County,06,H1,G4020,,,,A,2076521423.00000000000,50644794.00000000000,+32.1639784,-094.3051563,48365,1290.8141,1287.2569,1276.8889,1287.2286,1297.8250,1412.2678,1406.0505,1380.2423,1406.0384,1431.3589,1445.7306,1436.7837,1389.5104,1436.9676,1483.7076,1491.3837,1478.8557,1407.7247,1478.4156,1550.1682,1329.9470,1316.8507,1221.7088,1315.6169,1411.8584,1331.1668,1316.4776,1198.1527,1314.4129,1433.9870,1217.4442,1203.5484,1071.8728,1201.2336,1333.3422,1356.4904,1340.1132,1194.5563,1337.3382,1482.1082,1240.4011,1225.2212,1087.0433,1222.4003,1358.8323,1192.5089,1190.2727,1003.5838,1150.4244,1398.9007,1012.1257,1022.3601,822.0233,965.3843,1237.8490,951.1517,970.7688,735.5128,889.8404,1212.4897,882.8192,911.5267,646.0959,802.3226,1174.9426,825.3184,851.0396,597.0200,745.0787,1113.6029,782.4311,805.6010,557.3749,694.2542,1076.8729,723.3697,747.3066,500.9148,625.8085,1033.9285,652.5329,678.1628,432.2794,545.5541,980.7602,11.00000000000,48,365
48,187,01383879,48187,Guadalupe,Guadalupe County,06,H1,G4020,,41700,,A,1842257555.00000000000,9104439.00000000000,+29.5832081,-097.9490268,48187,10863.3027,10832.9452,10745.4747,10832.7264,10922.2458,12060.1131,12006.6357,11786.0484,12006.5588,12223.0321,13142.2220,13059.6549,12629.6847,13061.4706,13486.7524,16376.8888,16237.9974,15456.9678,16233.2550,17021.5571,17450.6245,17276.4156,16027.9926,17260.1365,18523.8468,19368.5426,19149.4323,17424.8492,19118.3668,20863.0159,19787.7145,19550.4542,17401.3500,19510.2467,21670.1488,20809.8954,20551.2964,18311.7572,20507.2211,22736.5664,22675.0223,22391.6737,19860.3831,22338.8965,24839.2803,22174.8153,22124.9090,18646.7540,21381.9593,26010.6696,24769.8919,25012.3687,20103.4913,23615.9691,30292.7493,25454.4729,25970.4074,19667.7529,23802.2799,32447.2374,25658.5782,26483.5470,18762.2794,23307.2097,34148.1290,26340.3880,27151.1514,19036.6391,23766.6046,35540.2037,26994.2946,27782.9035,19210.8888,23938.4852,37151.8325,27105.3401,27991.2126,18750.1675,23435.7608,38741.4902,26916.9861,27963.2191,17811.9066,22490.6022,40455.6854,11.00000000000,48,187
34,003,00882271,34003,Bergen,Bergen County,06,H1,G4020,408,35620,35644,A,603490137.00000000000,35385294.00000000000,+40.9590904,-074.0745218,34003,69284.1871,69091.8080,68534.5717,69090.3553,69660.2919,67989.4091,67688.5884,66445.3606,67688.1140,68908.0635,68778.1365,68348.0366,66098.2279,68357.3054,70582.3149,77200.8640,76551.9912,72869.9451,76529.2366,80243.5864,76750.3616,75992.7004,70502.0906,75921.4253,81476.1738,82402.7158,81482.5298,74151.9412,81352.6482,88764.3914,82682.4949,81705.4771,72736.7275,81540.7253,90549.8542,82969.8342,81952.6350,73035.8428,81779.7385,90652.3518,86334.8486,85270.5303,75645.9426,85072.5876,94576.9990,81737.6667,81561.9211,68747.8112,78825.3079,95878.8430,88569.3979,89446.3538,71901.2081,84455.7788,108319.0293,88397.9124,90199.5269,68319.1875,82672.6433,112683.4773,86587.6726,89381.2302,63331.8129,78664.7769,115237.4365,86806.8892,89488.0591,62752.7347,78336.5234,117126.4563,87130.2188,89684.4331,62022.9172,77278.0673,119916.6863,85660.8409,88468.5648,59270.3888,74074.0571,122435.0642,83213.4192,86455.0164,55078.0309,69538.1495,125068.5281,11.00000000000,34,003
34,009,00882274,34009,Cape May,Cape May County,06,H1,G4020,,36140,,A,651187425.00000000000,955684066.00000000000,+39.0861425,-074.8477158,34009,5452.8763,5437.6722,5393.7836,5437.5608,5482.4678,4531.5544,4511.4442,4428.5509,4511.4168,4592.7663,4276.0893,4249.2397,4109.3430,4249.8287,4388.1979,4854.5418,4813.1505,4581.6427,4811.7597,5045.4978,4930.1486,4880.7183,4528.0104,4876.1110,5233.2150,5067.2985,5010.1829,4559.1030,5002.0952,5458.3512,4367.1297,4314.7846,3840.4932,4305.9148,4782.5833,4157.1355,4104.8996,3656.9996,4095.9769,4541.9876,4235.6763,4182.2474,3708.9484,4172.2857,4639.8974,4039.8680,4029.8287,3395.4113,3894.2526,4738.4645,3477.6632,3510.9531,2821.1860,3314.7093,4252.9434,3348.3462,3415.4957,2585.8896,3130.1089,4268.1053,3200.8715,3303.1052,2339.4039,2906.6888,4259.8708,3035.6084,3128.4293,2192.8215,2738.2082,4095.7898,2873.5865,2956.9856,2044.0683,2547.5934,3954.8287,2668.6489,2755.4020,1845.2193,2306.7782,3814.2503,2488.0269,2584.3488,1645.7276,2078.4089,3739.4303,11.00000000000,34,009
34,037,00882236,34037,Sussex,Sussex County,06,H1,G4020,408,35620,35084,A,1344239274.00000000000,43327484.00000000000,+41.1374239,-074.6918545,34037,11093.1383,11062.3074,10973.0728,11062.0763,11153.3528,8549.4965,8511.6770,8355.3481,8511.6165,8665.0172,7194.7268,7149.5116,6914.1211,7150.5072,7383.3326,7384.1030,7321.1354,6968.9957,7319.0205,7674.5551,7730.5427,7652.3061,7099.2437,7645.0544,8205.2745,9071.9635,8968.6537,8160.5091,8953.9738,9771.7567,7937.4776,7842.1009,6979.8670,7825.9256,8692.5582,6881.9925,6796.3232,6055.5584,6781.7170,7519.1487,6161.5777,6084.4860,5396.5607,6070.1251,6749.6687,5036.3112,5024.1182,4233.4782,4855.1780,5907.2964,5192.6367,5242.7384,4213.1169,4949.8191,6350.3023,4867.3219,4965.2579,3759.5447,4550.4895,6204.3687,4510.8670,4655.2049,3297.2851,4096.6174,6003.2978,4323.9049,4456.3323,3123.8129,3900.5617,5834.0407,4122.7991,4242.6162,2932.9550,3655.2955,5674.0948,3770.7874,3893.4746,2607.4723,3259.5982,5389.5238,3442.1460,3575.4794,2276.9693,2875.5362,5173.4475,11.00000000000,34,037
46,103,01266995,46103,Pennington,Pennington County,06,H1,G4020,,39660,,A,7191239757.00000000000,19966766.00000000000,+44.0023492,-102.8238015,46103,6086.6406,6069.5777,6020.5409,6069.4577,6119.6585,6570.4977,6541.3464,6421.1595,6541.3058,6659.2534,7081.5905,7036.8730,6805.1426,7037.8774,7267.1106,8452.7975,8381.0095,7977.8920,8378.5687,8785.4739,8674.9578,8588.0638,7967.4498,8579.9601,9208.2797,8226.6394,8134.0028,7401.7344,8120.8893,8861.5303,7768.0646,7674.3433,6830.2149,7658.4270,8506.9854,8378.8536,8272.8451,7369.4412,8254.7130,9154.4946,9235.2427,9118.2416,8085.8218,9096.4161,10116.5233,8870.8843,8848.0585,7454.3578,8550.1710,10404.6977,9500.4158,9590.6269,7705.7438,9054.3347,11618.2376,9610.2956,9802.2657,7420.5915,8982.9630,12250.0616,9573.4209,9878.4429,6995.5966,8692.6191,12740.6943,9601.7453,9894.5800,6934.6636,8660.0885,12955.0713,9686.3173,9966.6805,6888.8379,8586.4921,13330.9198,9749.2833,10065.4829,6739.7798,8426.3551,13934.4179,9835.9733,10216.1081,6504.9211,8215.8150,14783.1342,11.00000000000,46,103
46,137,01266993,46137,Ziebach,Ziebach County,06,H1,G4020,,,,A,5079670231.00000000000,24212483.00000000000,+44.9816662,-101.6692245,46137,187.2457,186.7153,185.2040,186.7119,188.2607,250.7985,249.6690,245.0727,249.6686,254.1815,263.5410,261.8462,253.2165,261.8871,270.4279,290.1473,287.5539,273.7224,287.4789,301.4840,232.3666,229.7863,213.1586,229.5596,246.4855,282.0468,278.4189,253.0658,277.8834,303.6823,284.9815,281.2299,250.0169,280.5750,312.0538,284.4836,280.6303,249.7310,279.9627,310.8038,261.7781,258.1765,228.6517,257.4990,286.7238,168.9838,168.4599,141.8396,162.7643,198.1802,229.7610,231.6148,185.7837,218.5619,280.9258,230.5610,234.9151,177.5874,215.1941,293.8613,208.2352,214.7698,151.9927,188.9511,277.1190,197.7314,203.7545,142.7948,178.3303,266.7866,203.1139,209.0544,144.5608,180.1295,279.5431,224.0026,231.3384,154.9805,193.6953,320.1665,240.1249,249.4720,158.9236,200.6543,360.9037,11.00000000000,46,137
46,091,01265759,46091,Marshall,Marshall County,06,H1,G4020,,,,A,2170582034.00000000000,124728714.00000000000,+45.7370535,-097.5808837,46091,267.5826,266.8189,264.6561,266.8142,269.0322,244.9863,243.8529,239.3478,243.8546,248.2824,274.3953,272.6019,263.6111,272.6478,281.5497,361.6347,358.4920,341.2487,358.3924,375.8219,328.5246,325.2310,301.7280,324.9240,348.7198,384.2753,380.0302,345.8701,379.4333,413.9556,302.0912,298.6739,266.0246,298.1065,330.8532,272.2536,269.0056,239.8265,268.4567,297.4679,311.3794,307.7723,273.2712,307.1062,341.1340,365.4615,364.9044,307.7936,352.7226,428.7443,323.2687,326.8008,263.0121,308.6697,395.4066,352.2997,359.8117,272.8594,329.9001,449.1271,379.7712,392.3471,278.3255,345.4273,505.4568,401.6173,414.3336,290.8675,362.8252,541.9204,428.0459,440.8927,305.2238,380.0240,589.1404,444.5509,459.3984,308.0824,384.7659,635.4161,470.0668,488.6228,311.5679,393.1163,706.5186,11.00000000000,46,091
46,095,01267177,46095,Mellette,Mellette County,06,H1,G4020,,,,A,3385906793.00000000000,9219683.00000000000,+43.5849297,-100.7605981,46095,114.3408,114.0183,113.0962,114.0162,114.9608,102.5160,102.0464,100.1636,102.0468,103.8965,102.3535,101.7125,98.3642,101.7264,105.0379,86.8441,86.1211,81.9788,86.0951,90.2713,116.6426,115.5192,107.1752,115.4120,123.8432,135.8760,134.3611,122.2749,134.1474,146.3667,105.8588,104.6305,93.1653,104.4246,115.9341,115.2528,113.7798,101.3402,113.5274,125.9210,113.4791,111.9986,99.2735,111.7216,124.3027,107.9101,107.5822,90.5882,103.9466,126.5561,100.4814,101.4126,81.4599,95.7347,122.8769,100.6458,102.6332,77.6734,94.0469,128.2885,100.4721,103.6518,73.3814,91.2013,133.7104,100.7826,103.8357,72.7526,90.8725,135.9782,98.0333,100.8509,69.6857,86.8770,134.9181,94.7726,97.8278,65.4844,81.8892,135.4550,94.5250,98.1617,62.4839,78.9349,142.0668,11.00000000000,46,095
46,045,01266972,46045,Edmunds,Edmunds County,06,H1,G4020,,10100,,A,2916212724.00000000000,65038303.00000000000,+45.4116802,-099.2053620,46045,206.1668,205.5980,203.9417,205.5935,207.2865,195.2554,194.3668,190.7838,194.3672,197.8866,223.7874,222.3230,214.9901,222.3606,229.6213,268.6717,266.4053,253.5916,266.3267,279.2556,245.8252,243.4192,225.8336,243.1917,260.9753,291.8894,288.7583,262.8620,288.3226,314.4612,252.2947,249.4643,222.2153,248.9957,276.3182,226.7322,224.0772,199.8214,223.6303,247.7335,217.4604,214.7827,190.5431,214.2848,238.2211,251.4972,251.1193,211.8220,242.7375,295.0475,220.4112,222.7176,179.1486,210.3297,269.5797,222.1273,226.7874,171.9060,207.9081,283.1684,231.0634,238.6669,169.2586,210.1073,307.5299,227.8761,235.0574,164.9786,205.8225,307.4806,226.4582,233.2372,161.4481,201.0298,311.6840,211.8369,218.9052,146.7950,183.3397,302.7873,200.8137,208.7452,133.1104,167.9456,301.8267,11.00000000000,46,045
46,021,01266974,46021,Campbell,Campbell County,06,H1,G4020,,,,A,1900214239.00000000000,96243759.00000000000,+45.7822414,-100.0279513,46021,64.6970,64.5167,63.9961,64.5154,65.0482,47.2805,47.0702,46.2051,47.0700,47.9190,63.5014,63.1020,61.0244,63.1108,65.1659,74.8334,74.2262,70.6561,74.2027,77.7967,53.9921,53.5161,49.6544,53.4681,57.3541,139.3631,137.9314,125.6019,137.7354,150.1585,97.0420,95.9695,85.5011,95.7929,106.2842,69.8084,68.9981,61.5364,68.8620,76.2749,72.5834,71.8133,63.8355,71.6726,79.5279,66.6735,66.5958,56.1959,64.3791,78.2244,79.6791,80.6030,64.9204,76.1475,97.4683,85.8432,87.7493,66.6188,80.4804,109.4459,88.5949,91.6371,65.1149,80.7190,117.9250,92.6171,95.6703,67.2855,83.8248,124.9833,95.4320,98.4229,68.2710,84.8865,131.3578,84.6798,87.6167,58.8770,73.4279,121.0442,81.2602,84.5687,54.0402,68.0814,122.1417,11.00000000000,46,021
46,061,01266979,46061,Hanson,Hanson County,06,H1,G4020,,33580,,A,1125383169.00000000000,2232493.00000000000,+43.6806116,-097.7968454,46061,191.1487,190.6138,189.0742,190.6100,192.1858,157.2055,156.5185,153.6482,156.5168,159.3320,185.1274,183.9618,177.9046,183.9877,189.9792,183.3561,181.8314,173.0856,181.7762,190.5932,131.5937,130.2773,120.8630,130.1544,139.6850,184.4990,182.4539,166.0491,182.1660,198.7472,170.4506,168.4277,149.9317,168.0861,186.6682,182.4647,180.1289,160.4314,179.7285,199.3541,193.1193,190.7192,169.1727,190.2725,211.5535,176.9669,176.5403,148.7601,170.6045,207.5722,136.5975,137.8915,110.7883,130.1799,167.0472,136.0216,138.7345,105.0218,127.1372,173.3836,125.1633,129.1447,91.4495,113.6395,166.5718,115.4982,119.0144,83.4053,104.1631,155.8344,115.3789,118.7115,82.0444,102.2694,158.7912,106.5777,110.0293,73.6694,92.1093,152.3286,97.5336,101.2976,64.4932,81.4614,146.5894,11.00000000000,46,061
46,029,01265791,46029,Codington,Codington County,06,H1,G4020,,47980,,A,1783194146.00000000000,74251733.00000000000,+44.9663237,-097.1988429,46029,1636.8686,1632.2432,1619.0370,1632.2126,1645.7428,1615.7373,1608.4872,1578.8905,1608.4830,1637.5398,1822.5887,1811.0884,1751.4497,1811.3460,1870.3409,2106.7767,2088.7695,1988.3016,2088.1689,2189.6197,2060.3394,2039.4797,1892.0778,2037.5467,2186.8593,2152.5610,2128.2351,1936.5841,2124.7875,2318.6597,1897.7931,1874.8214,1668.5365,1870.9161,2078.3081,1968.1416,1943.5358,1731.5944,1939.3369,2150.3521,2239.6768,2212.1494,1962.5465,2207.0316,2453.5026,1952.8547,1948.5478,1642.3100,1883.1398,2290.6857,1990.8803,2010.6122,1616.2437,1898.4381,2434.8195,2074.5307,2116.8251,1603.3456,1940.1870,2644.4683,2044.7731,2110.7567,1495.6078,1857.6905,2721.3401,2051.8199,2115.2076,1483.2855,1851.6270,2768.4725,2103.4687,2165.1427,1497.3559,1865.6353,2894.9895,2102.3202,2171.2373,1454.6517,1817.9642,3004.8475,2116.6990,2199.1601,1401.0274,1768.8468,3181.3674,11.00000000000,46,029
46,023,01266976,46023,Charles Mix,Charles Mix County,06,H1,G4020,,,,A,2842477063.00000000000,136616767.00000000000,+43.2061853,-098.5951429,46023,448.0021,446.7725,443.1767,446.7625,450.4361,429.7264,427.8223,419.9631,427.8195,435.5319,474.2555,471.3285,455.8226,471.3879,486.7179,528.1405,523.7676,498.5753,523.6074,548.9984,536.6217,531.4595,493.0725,530.9663,569.7526,654.7584,647.6072,589.4475,646.6057,705.3539,563.0883,556.7260,495.8744,555.6700,616.7005,558.0941,551.4884,491.7206,550.3739,609.7841,655.6256,647.8233,574.9900,646.3780,718.2504,714.6226,713.1700,601.2049,689.2639,838.2776,576.5748,582.4848,468.4194,550.0477,705.1749,606.3567,618.9183,468.9851,567.3411,772.9657,634.5268,655.1937,464.4389,576.7117,844.4936,642.0077,662.0253,464.4325,579.6018,866.2624,653.6204,672.9616,465.5899,579.9418,899.5875,652.9305,674.4980,452.0695,564.8213,933.2454,652.0178,677.5642,431.8252,545.0457,979.9822,11.00000000000,46,023
46,105,01266990,46105,Perkins,Perkins County,06,H1,G4020,,,,A,7434504648.00000000000,50539670.00000000000,+45.4833865,-102.4679947,46105,193.0590,192.5282,190.9782,192.5239,194.1078,181.4751,180.6765,177.3603,180.6749,183.9284,209.0964,207.8115,200.9761,207.8371,214.5942,252.6705,250.5728,238.5207,250.4966,262.6456,188.9626,187.2028,173.6863,187.0313,200.6673,268.1889,265.3098,241.5151,264.9091,288.9273,280.5468,277.3083,246.9367,276.7667,307.2500,249.8126,246.8282,220.0504,246.3236,272.9483,292.9990,289.5006,256.9409,288.8523,320.9846,261.2447,260.8267,219.9861,252.1141,306.4767,281.1877,284.0628,228.4294,268.2420,343.9031,293.7681,299.8462,227.2007,274.8561,374.4860,293.1667,302.7143,214.5803,266.4535,390.1764,293.6211,302.7770,212.4089,265.0810,396.1837,301.0282,309.9361,214.4301,267.0954,414.3096,295.3220,305.0796,204.4766,255.4732,422.1093,287.0521,298.3042,190.1212,239.9639,431.4394,11.00000000000,46,105
46,075,01266981,46075,Jones,Jones County,06,H1,G4020,,,,A,2511453417.00000000000,3147179.00000000000,+43.9519896,-100.6861386,46075,46.1472,46.0219,45.6522,46.0208,46.3981,57.0187,56.7607,55.7152,56.7607,57.7875,43.6607,43.3908,41.9632,43.3963,44.8077,33.0544,32.7694,31.1932,32.7601,34.3526,37.1961,36.8412,34.1804,36.8071,39.4945,36.2548,35.8829,32.6757,35.8320,39.0633,29.1048,28.7993,25.6722,28.7500,31.8786,26.1588,25.8427,23.0355,25.7891,28.5812,28.1771,27.8371,24.7027,27.7740,30.8680,19.5466,19.5020,16.4356,18.8470,22.9277,31.5684,31.8901,25.6433,30.1136,38.6092,32.3764,33.0444,25.0367,30.2897,41.2721,30.3000,31.2847,22.1741,27.5364,40.3261,34.5540,35.6274,24.9897,31.1901,46.6234,37.5956,38.7027,26.7709,33.3509,51.7429,38.3320,39.5924,26.5297,33.1521,54.7883,40.6516,42.2381,26.9120,33.9745,61.0990,11.00000000000,46,075
46,121,01266989,46121,Todd,Todd County,06,H1,G4020,,,,A,3596342315.00000000000,5854569.00000000000,+43.2081724,-100.7172035,46121,401.8002,400.7012,397.4781,400.6920,403.9838,425.4875,423.6417,415.8803,423.6362,431.2471,419.2090,416.6263,402.9211,416.6783,430.2275,674.1035,668.4835,636.3305,668.2817,700.7012,665.5685,658.9379,611.3232,658.3176,706.5104,602.4193,595.6406,542.0208,594.6813,648.9124,604.5307,597.3362,531.7216,596.1201,662.0468,696.1235,687.5906,612.7793,686.1403,760.5806,712.1048,703.3568,623.9995,701.7305,780.0913,731.2027,729.5435,614.8423,705.0419,857.6846,473.0319,477.7105,384.0015,451.0555,578.5100,519.7604,530.3526,401.7003,486.0960,662.5541,577.6764,596.3098,422.5162,524.8131,768.8152,535.5877,552.1503,387.2114,483.3522,722.6574,520.7095,536.0099,370.7253,461.8763,716.6516,536.1944,553.8092,371.0737,463.7168,766.3856,539.3434,560.3941,357.0574,450.7575,810.6276,11.00000000000,46,121
46,055,01266988,46055,Haakon,Haakon County,06,H1,G4020,,,,A,4689260217.00000000000,42451846.00000000000,+44.2843122,-101.5917895,46055,76.0549,75.8324,75.2149,75.8313,76.4661,81.7204,81.3572,79.8621,81.3568,82.8241,98.2548,97.6218,94.4042,97.6372,100.8218,88.8939,88.1154,83.8771,88.0914,92.3775,64.2215,63.5705,58.9759,63.5102,68.1646,128.7239,127.2677,115.8060,127.0612,138.6562,121.9296,120.4827,107.2520,120.2384,133.5307,126.0121,124.4580,110.9073,124.1935,137.6795,118.5486,117.0955,103.8873,116.8254,129.8671,104.6546,104.4713,88.0978,100.9773,122.7707,107.0162,108.1075,86.9320,102.0855,130.8843,111.0071,113.3050,85.8551,103.8622,141.5084,111.7132,115.3562,81.7756,101.5400,148.6798,119.0719,122.7870,86.1416,107.5007,160.6642,128.4230,132.2232,91.4789,113.9467,176.7505,127.3344,131.5411,88.1635,110.1521,182.0015,126.6117,131.5734,83.8554,105.8405,190.2974,11.00000000000,46,055
46,069,01266984,46069,Hyde,Hyde County,06,H1,G4020,,,,A,2228747897.00000000000,14541548.00000000000,+44.5373012,-099.4921478,46069,54.2579,54.1016,53.6623,54.1007,54.5516,52.2045,51.9728,51.0178,51.9725,52.9097,66.7774,66.3551,64.1698,66.3646,68.5264,61.7887,61.2464,58.3004,61.2297,64.2093,52.8336,52.2994,48.5195,52.2498,56.0784,77.1883,76.3726,69.5313,76.2598,83.1609,66.1549,65.4297,58.2979,65.3106,72.4561,55.6498,54.9833,49.0167,54.8706,60.8036,52.7481,52.1065,46.2341,51.9874,57.7849,64.6475,64.6058,54.5488,62.4644,75.8556,59.2391,59.9135,48.2445,56.5978,72.4628,59.7804,61.0879,46.3580,56.0208,76.2146,60.6409,62.6908,44.5138,55.2094,80.7137,63.5912,65.6508,46.1350,57.5077,85.8106,68.6532,70.7635,49.0413,61.0143,94.4948,66.3322,68.5952,46.0536,57.4712,94.8149,66.5468,69.2174,44.1860,55.7065,100.0237,11.00000000000,46,069
46,081,01266996,46081,Lawrence,Lawrence County,06,H1,G4020,,43940,,A,2072081513.00000000000,713642.00000000000,+44.3536690,-103.7965284,46081,1306.3194,1302.6450,1292.1144,1302.6198,1313.4040,1292.9695,1287.1402,1263.4416,1287.1386,1310.4087,1470.4853,1461.1213,1412.9875,1461.3390,1508.9643,1711.7434,1697.1836,1615.5509,1696.6908,1779.0981,1796.0621,1778.0572,1649.5652,1776.3789,1906.4715,1361.8183,1346.1710,1224.7819,1343.9409,1466.8257,948.7297,937.1393,833.9315,935.1628,1038.9591,1505.0051,1486.0305,1323.8208,1482.7872,1644.3292,1684.9197,1663.7734,1475.5965,1659.8327,1845.7288,1402.4678,1399.0452,1178.8530,1351.9939,1645.0055,1807.1396,1824.6227,1466.3293,1722.6929,2210.0376,1839.3208,1876.3920,1420.8096,1719.6704,2344.5872,1784.0163,1841.1667,1304.1656,1620.2659,2374.2682,1808.7006,1864.1691,1306.8263,1631.7088,2440.4010,1830.5903,1883.8723,1302.4221,1623.1140,2519.3975,1904.8447,1966.9185,1317.3587,1646.7352,2722.5697,2014.2807,2092.4138,1332.6349,1682.8448,3027.4132,11.00000000000,46,081
46,067,01265771,46067,Hutchinson,Hutchinson County,06,H1,G4020,,,,A,2105412805.00000000000,3928767.00000000000,+43.3367101,-097.7493828,46067,317.5961,316.6857,314.1167,316.6803,319.3161,348.1156,346.5262,340.1354,346.5271,352.8052,324.2386,322.1707,311.5568,322.2191,332.7214,404.6214,401.1396,381.8451,401.0259,420.5170,358.4776,354.9054,329.2599,354.5712,380.5284,506.5207,500.7530,455.6316,499.9334,545.5929,470.4936,464.8160,413.6883,463.8517,515.2482,365.5035,360.8970,321.5044,360.1096,399.3396,388.7028,383.7251,340.2229,382.7955,425.7886,482.0839,480.7852,404.9986,464.5829,565.4241,375.8439,379.2933,304.6361,358.0469,459.6072,372.4110,379.7243,287.3371,347.9427,474.6900,372.8522,384.6108,272.2476,338.3963,496.1961,361.3639,372.2724,260.7936,325.7815,487.5570,354.2403,364.3826,251.7390,313.8777,487.5189,329.9775,340.5739,227.9296,285.0686,471.6216,304.7973,316.4751,201.3930,254.4668,458.0938,11.00000000000,46,067
46,015,01265768,46015,Brule,Brule County,06,H1,G4020,,,,A,2116641810.00000000000,75721218.00000000000,+43.7298803,-099.0929410,46015,318.7887,317.8826,315.3079,317.8769,320.5163,284.4144,283.1314,277.9180,283.1311,288.2503,304.1877,302.2194,292.2563,302.2680,312.1300,351.1922,348.1038,331.3600,348.0096,364.9465,273.3909,270.6174,251.0582,270.3607,290.1754,362.5114,358.4144,326.1384,357.8337,390.4839,303.8134,300.0755,267.0045,299.4366,332.7047,308.7334,304.8319,271.5484,304.1647,337.3135,378.1424,373.3335,331.0438,372.4361,414.2247,358.7716,357.7799,301.3586,345.7161,420.7881,329.5677,332.5752,267.0973,313.9404,403.0147,341.4188,348.1179,263.4148,318.9797,435.1855,343.8841,354.7233,251.0859,312.0979,457.6444,343.7544,354.1252,248.0744,309.8981,463.7975,351.4654,361.5302,249.7704,311.4214,483.7001,346.4886,357.6254,239.3526,299.3454,495.2208,355.1749,368.8136,234.7345,296.5634,533.8104,11.00000000000,46,015
04,011,00042807,04011,Greenlee,Greenlee County,06,H1,G4020,,40940,,A,4773673819.00000000000,13745365.00000000000,+33.2388723,-109.2423231,04011,596.6608,594.9858,590.1776,594.9741,599.8972,646.4194,643.5316,631.6972,643.5290,655.1457,801.0608,796.0298,769.8220,796.1402,822.0620,1104.5023,1095.0033,1042.3345,1094.6925,1147.8964,1226.9157,1214.7241,1126.9511,1213.5817,1302.4090,1371.1027,1355.5900,1233.5054,1353.3905,1476.8963,1446.9513,1429.7734,1272.7570,1426.8721,1584.6216,1415.7821,1398.4647,1246.3459,1395.5227,1546.8775,1663.3857,1643.0768,1457.8228,1639.3038,1822.2084,1624.8915,1621.6148,1367.0522,1567.2639,1906.0615,1677.0442,1693.7638,1361.6360,1599.2972,2051.0182,1774.5667,1810.8423,1371.6813,1659.7700,2262.1066,1817.1963,1875.9257,1329.3047,1651.0477,2418.4715,1872.4543,1930.3839,1353.7634,1689.8675,2526.4663,1916.9073,1973.1915,1364.6924,1700.2696,2638.2329,1925.9384,1989.1474,1332.7392,1665.5322,2752.7501,1901.6497,1975.8017,1258.8103,1589.2224,2858.1558,11.00000000000,04,011
46,107,01265761,46107,Potter,Potter County,06,H1,G4020,,,,A,2230341155.00000000000,97192749.00000000000,+45.0642763,-099.9496314,46107,120.3274,119.9897,119.0201,119.9873,120.9801,96.8922,96.4471,94.6670,96.4476,98.1967,117.7492,117.0061,113.1530,117.0227,120.8342,107.6871,106.7697,101.6341,106.7388,111.9235,85.5371,84.6512,78.5313,84.5702,90.7766,130.6056,129.1683,117.5612,128.9665,140.6948,128.0541,126.5720,112.7059,126.3239,140.2422,143.8915,142.1705,126.7448,141.8794,157.2175,177.6557,175.5288,155.7815,175.1346,194.6237,160.4251,160.0033,134.7918,154.6141,188.1611,164.1019,165.7206,133.2082,156.4725,200.6932,175.2221,178.7863,135.4098,163.8647,223.3600,172.4990,178.0574,126.1572,156.7065,229.5742,179.1903,184.7178,129.5245,161.6964,241.7765,191.5568,197.1647,136.3449,169.8871,263.6377,191.8135,198.0934,132.7067,165.8591,274.1586,191.3426,198.7897,126.6356,159.8892,287.5846,11.00000000000,46,107
46,065,01265774,46065,Hughes,Hughes County,06,H1,G4020,,38180,,A,1920631032.00000000000,153258012.00000000000,+44.3922578,-099.9858456,46065,983.3047,980.5993,972.7036,980.5776,988.6461,936.5657,932.4254,915.3016,932.4186,949.2214,908.2232,902.5329,872.8219,902.6566,932.0416,1111.8203,1102.4158,1049.3909,1102.0922,1155.6025,964.2485,954.6557,885.6736,953.7574,1023.5722,1179.6779,1166.3023,1061.2467,1164.4044,1270.6928,1202.8750,1188.5623,1058.0065,1186.1430,1317.3190,1104.5325,1090.9743,972.2550,1088.6692,1206.8047,1328.9064,1312.4514,1164.2390,1309.3895,1455.7646,1353.4315,1350.3719,1138.0731,1305.0230,1587.5481,1244.7187,1257.1702,1010.6933,1187.0668,1522.2928,1305.8973,1332.6363,1009.4923,1221.4742,1664.6816,1367.1932,1411.4183,1000.1883,1242.2382,1819.5745,1406.8930,1450.4575,1017.2341,1269.7528,1898.2969,1497.6356,1541.6393,1066.2556,1328.4198,2061.1930,1561.2682,1612.5308,1080.4282,1350.1966,2231.5273,1594.1776,1656.3546,1055.3028,1332.2835,2396.0298,11.00000000000,46,065
46,019,01265793,46019,Butte,Butte County,06,H1,G4020,,,,A,5827210184.00000000000,42730857.00000000000,+44.8964345,-103.5017616,46019,557.5055,555.9310,551.4334,555.9205,560.5282,478.5275,476.4170,467.6702,476.4132,484.9952,548.1582,544.6461,526.6989,544.7297,562.4901,664.1805,658.4585,626.7871,658.2722,690.2687,615.7394,609.5142,565.4628,608.9369,653.5561,668.2851,660.6011,601.0288,659.5057,719.8138,585.1017,577.8280,514.0793,576.5806,640.7337,691.5455,682.6198,607.9006,681.0872,755.5524,699.8008,690.6845,612.2242,688.9790,766.5494,564.0700,562.8128,474.3474,543.9170,661.6472,554.3800,559.5803,449.5433,528.2698,677.9514,557.9230,569.0025,430.6860,521.4212,711.1659,556.9552,574.6366,406.8751,505.6324,741.2127,556.4116,573.3183,401.7485,501.7637,750.7279,562.5426,578.7666,399.9739,498.5950,774.2018,564.1821,582.4268,389.9303,487.5584,806.3682,578.3851,600.6925,382.4276,483.0588,869.2903,11.00000000000,46,019
04,023,00040472,04023,Santa Cruz,Santa Cruz County,06,H1,G4020,,35700,,A,3203598541.00000000000,3088171.00000000000,+31.5259036,-110.8451898,04023,2461.2957,2454.5338,2434.7753,2454.4789,2474.6670,2318.8243,2308.6731,2266.3275,2308.6494,2350.1866,1985.7314,1973.4199,1908.4850,1973.6753,2037.8805,2088.0863,2070.5391,1970.9490,2069.9234,2170.3862,2117.6004,2096.1411,1944.6422,2094.1534,2247.6233,2516.5243,2487.5239,2263.1601,2483.3865,2710.5442,2251.6923,2224.0955,1979.0757,2219.3845,2465.8304,1993.7859,1968.7037,1753.8619,1964.4183,2178.3616,1936.5735,1911.9071,1695.2946,1907.3032,2121.3566,1634.3545,1630.2998,1373.6476,1575.4532,1916.9779,1663.8503,1679.6284,1349.5046,1585.6998,2034.7504,1533.2611,1563.8460,1183.8333,1433.1205,1954.4136,1402.4876,1447.1169,1024.7457,1273.3818,1866.4821,1319.5208,1359.6991,952.8856,1190.0316,1780.3462,1243.5484,1279.4691,884.2749,1102.2582,1711.4439,1126.8701,1163.3386,778.8764,973.8600,1610.6030,1017.9245,1057.1820,673.0467,850.1529,1529.9008,11.00000000000,04,023
04,005,00025443,04005,Coconino,Coconino County,06,H1,G4020,,22380,,A,48222689085.00000000000,109964090.00000000000,+35.8296919,-111.7737277,04005,6591.4495,6573.0110,6519.9275,6572.8789,6627.2113,6390.1817,6361.6098,6244.6079,6361.5857,6476.4388,6258.2964,6218.9018,6014.1360,6219.7750,6422.3178,7269.1193,7207.0059,6860.3555,7204.9327,7554.9682,7221.1474,7148.7558,6632.1480,7142.0079,7665.0518,8077.3255,7986.2854,7267.2613,7973.3941,8700.6683,7066.1154,6981.8573,6214.7851,6967.6050,7738.3793,11162.9122,11027.4203,9828.9541,11004.4376,12196.6115,11178.7060,11043.4161,9799.5165,11018.3069,12246.2121,9762.0039,9743.4500,8214.9973,9417.1890,11451.4886,10949.3757,11060.6510,8893.7870,10444.4170,13391.3855,11347.1254,11581.2472,8774.7418,10615.8051,14464.8678,11402.0759,11772.7363,8344.4775,10362.2790,15174.9940,11729.6985,12094.6910,8484.0695,10588.5856,15826.8428,12094.8688,12452.0107,8614.1507,10730.5306,16646.2873,12196.6604,12598.8220,8443.3334,10549.8929,17432.8576,12280.6714,12761.1909,8132.2253,10265.0759,18457.7973,11.00000000000,04,005
46,027,01265764,46027,Clay,Clay County,06,H1,G4020,512,46820,,A,1067554320.00000000000,13079349.00000000000,+42.9129968,-096.9797951,46027,565.2992,563.7422,559.2021,563.7298,568.3697,546.1731,543.7289,533.7276,543.7270,553.5449,649.0154,644.9480,623.7163,645.0365,666.0354,723.0224,716.9456,682.4615,716.7325,751.5190,548.8191,543.4692,504.2086,542.9621,582.6567,102.1312,100.9511,91.8437,100.7826,110.0044,104.8408,103.5612,92.1571,103.3431,114.8118,524.2356,517.1848,460.2894,515.9648,572.7405,582.4348,574.3811,508.6539,572.8652,637.9321,556.4563,554.2462,466.1989,535.3764,652.4812,806.8419,813.8236,653.2351,768.1057,986.5916,770.5860,785.2783,593.7817,719.4025,982.1666,701.3320,722.9661,511.2675,635.9140,933.2980,687.6118,707.8865,495.4115,619.2912,927.6920,689.0329,708.3051,488.8598,609.9454,948.2366,865.4063,892.8966,597.2421,747.2510,1236.8641,1047.8738,1087.8963,692.1535,874.6872,1574.8893,11.00000000000,46,027
46,009,01266997,46009,Bon Homme,Bon Homme County,06,H1,G4020,,,,A,1459979006.00000000000,46518947.00000000000,+42.9860314,-097.8856131,46009,349.0974,348.0795,345.2468,348.0744,350.9855,289.8093,288.4881,283.1687,288.4887,293.7140,282.1927,280.3284,271.0783,280.3779,289.5391,359.9442,356.6935,339.5363,356.6028,373.9867,285.1134,282.0960,261.6962,281.8236,302.5353,351.6368,347.5732,316.2164,346.9929,378.7441,490.3943,484.1765,430.6515,483.1035,537.0074,472.3181,466.0404,414.8462,464.9565,516.0236,531.5249,524.4570,464.7321,523.1318,582.2056,482.7440,481.0479,404.8410,464.7300,566.1024,461.5971,465.5393,373.6270,439.3708,564.4241,474.9456,483.9908,365.9555,443.3861,605.3507,480.0948,494.9583,350.0790,435.3807,638.8912,491.4430,506.0134,354.2135,442.7152,663.0378,511.5281,525.9368,363.0997,452.9431,703.9653,514.8437,531.1718,355.2621,444.5183,735.8279,509.7249,529.0901,336.5052,425.3538,766.0785,11.00000000000,46,009
46,089,01265762,46089,McPherson,McPherson County,06,H1,G4020,,,,A,2943893701.00000000000,38569614.00000000000,+45.7842491,-099.2114212,46089,123.7268,123.3810,122.3848,123.3786,124.3981,115.9041,115.3920,113.2730,115.3911,117.4703,101.5608,100.9087,97.5833,100.9244,104.2154,131.8488,130.7048,124.4179,130.6683,137.0225,138.5282,137.2098,127.3004,137.0830,147.0903,168.7186,166.8411,151.8355,166.5765,181.7460,142.7243,141.0167,125.5187,140.7276,156.3023,112.4066,111.0638,99.0149,110.8368,122.8168,121.4645,120.0043,106.4975,119.7335,133.0649,169.8253,169.5401,142.9803,163.8731,199.2256,128.9685,130.2731,104.7459,123.0132,157.7310,128.2362,130.8812,99.1637,119.9704,163.4703,137.7871,142.2684,100.8414,125.2244,183.3807,137.7070,141.9958,99.6098,124.3151,185.8079,134.5204,138.4989,95.8186,119.3541,185.1422,130.9282,135.2536,90.6519,113.2610,187.1381,129.3874,134.4596,85.6969,108.1630,194.4693,11.00000000000,46,089
46,003,01266983,46003,Aurora,Aurora County,06,H1,G4020,,,,A,1834810993.00000000000,11201377.00000000000,+43.7247191,-098.5775872,46003,146.1178,145.6947,144.5106,145.6925,146.9085,144.0707,143.4301,140.7941,143.4293,146.0164,141.6745,140.7895,136.1554,140.8085,145.3914,177.8941,176.3306,167.8492,176.2829,184.8619,186.5485,184.6135,171.2666,184.4367,197.9734,254.7575,251.9756,229.3467,251.5860,274.4437,222.3346,219.7699,195.7016,219.3410,243.4973,204.1515,201.7079,179.8205,201.2946,223.0582,282.7546,279.0169,247.2655,278.3166,309.7178,256.8650,256.1684,215.7839,247.5344,301.2694,249.0627,251.4438,202.0420,237.3885,304.5861,267.0240,272.3731,206.2093,249.6126,340.3722,273.8676,282.6070,200.1469,248.6875,364.4753,290.3676,299.2399,209.7408,261.9120,391.7775,310.3566,319.3588,220.7570,275.1418,427.1338,308.5287,318.5585,213.3302,266.6921,440.9743,312.8916,325.0092,206.9725,261.3837,470.2670,11.00000000000,46,003
46,005,01266986,46005,Beadle,Beadle County,06,H1,G4020,,26700,,A,3260042792.00000000000,15808033.00000000000,+44.4182649,-098.2794224,46005,992.8105,990.0177,982.0142,989.9985,998.1947,944.0488,939.7918,922.4881,939.7907,956.7816,1122.0673,1115.0015,1078.2880,1115.1584,1151.4737,1380.0977,1368.4575,1302.6365,1368.0535,1434.4657,1378.8643,1365.4338,1266.7947,1364.1602,1463.8857,1347.0329,1332.2621,1212.5781,1330.1905,1451.1058,1276.5103,1261.7529,1123.5424,1259.2833,1398.0098,1445.1058,1427.4004,1272.1046,1424.3913,1578.9148,1831.2994,1808.4175,1603.9854,1804.1556,2006.0913,2041.0052,2036.7528,1716.8908,1968.4512,2394.1461,1912.8989,1931.6155,1552.5119,1823.7737,2339.4100,2074.1922,2116.2299,1602.6467,1939.5561,2644.0067,2257.1915,2329.7683,1650.5294,2050.3462,3004.0196,2381.0178,2454.3178,1720.8215,2148.3776,3212.6287,2517.1168,2590.6689,1791.3737,2232.1960,3464.2704,2683.5142,2771.2426,1856.3687,2320.2447,3835.5317,2835.0452,2945.2688,1876.0989,2368.8691,4261.0173,11.00000000000,46,005
46,013,01265785,46013,Brown,Brown County,06,H1,G4020,,10100,,A,4436601519.00000000000,46541281.00000000000,+45.5892542,-098.3521746,46013,2294.6799,2288.2094,2269.7030,2288.1658,2307.1224,2292.1497,2281.9190,2239.9599,2281.9092,2323.0950,2594.4434,2578.0640,2493.1669,2578.4315,2662.4134,3286.3405,3257.9753,3101.2689,3257.0573,3415.3901,3487.2617,3452.3097,3202.8277,3449.0513,3701.6385,3058.0347,3022.8267,2750.2019,3017.8053,3293.8138,3005.7302,2969.0239,2642.0561,2962.7653,3291.5931,3484.8740,3441.4645,3066.3334,3434.0623,3807.5129,4076.3018,4024.9169,3569.4574,4015.3369,4465.3173,3913.8201,3904.4829,3290.1708,3773.2286,4590.7141,4171.7757,4211.7704,3384.3768,3976.3733,5101.8051,4382.9871,4470.9779,3385.0921,4097.4302,5586.9638,4479.7759,4622.9761,3274.3140,4068.2024,5961.9078,4640.0528,4782.0670,3352.0492,4185.6344,6260.5957,4795.5054,4934.8249,3411.4337,4251.6598,6599.9182,5007.6343,5170.5793,3462.7704,4328.7906,7157.3296,5175.9866,5376.5328,3423.9918,4324.0337,7779.3637,11.00000000000,46,013
46,057,01265766,46057,Hamlin,Hamlin County,06,H1,G4020,,47980,,A,1313721910.00000000000,79873525.00000000000,+44.6806187,-097.1785980,46057,289.6062,288.7716,286.4267,288.7669,291.1740,311.4587,310.0425,304.3277,310.0430,315.6561,318.1242,316.0828,305.6665,316.1317,326.4400,333.7908,330.8950,314.9791,330.8027,346.8888,281.4362,278.5325,258.3969,278.2663,298.6826,387.4890,383.0192,348.4698,382.3813,417.3625,359.2752,354.9848,315.9783,354.2587,393.4556,424.1138,418.7327,372.9914,417.8118,463.3737,445.4339,439.6973,389.8164,438.6253,487.9285,441.7807,440.6639,371.2720,425.8335,518.1712,325.0688,328.1071,263.5770,309.7449,397.5249,338.9730,345.6957,261.6533,316.7848,432.0766,351.3274,362.4772,256.6506,318.9484,467.5567,358.0968,368.9830,258.5675,322.9331,483.1559,377.8083,388.7162,268.6463,334.8754,519.9614,382.5068,394.8945,264.3986,330.5797,546.7066,389.2914,404.3254,257.4341,325.1546,585.0911,11.00000000000,46,057
46,051,01265782,46051,Grant,Grant County,06,H1,G4020,,,,A,1764967869.00000000000,15746365.00000000000,+45.1726366,-096.7722606,46051,332.5489,331.6089,328.9258,331.6027,334.3517,369.2522,367.5557,360.7714,367.5574,374.2235,380.9471,378.5292,366.0612,378.5847,390.9200,357.0473,354.0349,337.0062,353.9304,371.1123,290.1467,287.1990,266.4410,286.9264,307.9571,366.2942,362.1304,329.5044,361.5390,394.5516,338.0540,333.9855,297.2583,333.2951,370.2118,312.5555,308.5526,274.8097,307.8663,341.4864,338.1494,333.7242,295.7932,332.8959,370.4005,308.0490,307.2997,258.9368,296.9655,361.3225,317.7852,320.8463,257.8304,302.9185,388.6326,306.8121,312.9779,236.9700,286.8310,391.0920,291.4530,300.7692,213.0252,264.6756,387.8801,294.5919,303.6038,212.8104,265.7358,397.4780,305.9446,314.8282,217.6350,271.2422,421.0625,305.1411,315.0612,210.9887,263.7644,436.1326,304.5834,316.3734,201.4663,254.4360,457.7797,11.00000000000,46,051
46,101,01265775,46101,Moody,Moody County,06,H1,G4020,,,,A,1345204308.00000000000,3679400.00000000000,+44.0124293,-096.6760536,46101,415.1253,413.9561,410.6089,413.9482,417.3764,306.3005,304.9237,299.3117,304.9231,310.4330,338.2976,336.1157,325.0368,336.1690,347.1345,375.9510,372.7755,354.8455,372.6658,390.7584,323.6064,320.3284,297.1767,320.0247,343.4771,383.0573,378.7796,344.7025,378.1758,412.6301,365.4055,360.9793,321.2582,360.2266,400.1619,350.9145,346.4010,308.4998,345.6265,383.3948,412.5134,407.3178,361.2303,406.3493,451.8816,409.3881,408.3400,344.0256,394.5939,480.1743,376.6121,380.1334,305.3724,358.8601,460.5572,401.8111,409.7925,310.1797,375.5254,512.1756,417.9896,431.2711,305.3759,379.4870,556.2742,431.2237,444.3413,311.3840,388.8899,581.8218,461.0243,474.3439,327.8343,408.6467,634.4888,483.7812,499.4525,334.4090,418.1105,691.4556,507.7949,527.4067,335.8015,424.1359,763.1977,11.00000000000,46,101
46,031,01265811,46031,Corson,Corson County,06,H1,G4020,,,,A,6396472290.00000000000,155287260.00000000000,+45.6983396,-101.1760168,46031,203.5939,203.0314,201.3954,203.0270,204.6995,181.0702,180.2430,176.9186,180.2435,183.5093,233.6202,232.1556,224.5129,232.1875,239.7465,278.5219,276.2587,262.9712,276.1713,289.5490,255.8630,253.3436,235.0396,253.1062,271.6217,268.8633,266.0318,242.2072,265.6405,289.6698,200.5639,198.2674,176.5693,197.8844,219.6563,303.5843,299.9880,267.4736,299.3811,331.7017,303.2191,299.5643,265.8376,298.8864,332.1767,326.8643,326.4558,275.4483,315.5817,383.4854,273.0550,275.9366,221.9795,260.5960,333.9711,297.0686,303.3007,229.9034,278.0520,378.7037,324.0643,334.6920,237.3220,294.6283,431.3045,319.1687,329.1950,231.0177,288.2392,430.6617,331.7491,341.6356,236.4351,294.4415,456.5969,339.2530,350.5222,235.0001,293.5518,484.9049,356.2446,370.2548,236.0308,297.8623,535.4386,11.00000000000,46,031
46,123,01265784,46123,Tripp,Tripp County,06,H1,G4020,,,,A,4176215610.00000000000,13272789.00000000000,+43.3497292,-099.8762186,46123,268.3323,267.5897,265.4329,267.5840,269.7893,248.4454,247.3031,242.7380,247.3043,251.7900,234.5335,233.0883,225.4206,233.1174,240.6978,251.4265,249.2800,237.2899,249.2082,261.3148,258.6023,255.9681,237.4668,255.7249,274.4718,329.0424,325.3604,296.0845,324.8404,354.4430,281.4022,278.0558,247.5149,277.4903,308.1756,266.3430,262.9920,234.2918,262.4195,290.9998,240.2876,237.3707,210.6248,236.8291,263.2327,222.2055,221.7962,187.0155,214.3728,260.6652,229.5247,231.8405,186.4053,218.9186,280.7122,231.7895,236.5565,179.2161,216.8313,295.4742,235.1422,242.7695,172.0574,213.6777,312.9487,246.9485,254.6152,178.5870,222.9019,333.2052,257.1737,264.7516,183.1350,228.1434,353.9494,256.9821,265.4359,177.8650,222.2602,367.3068,262.2396,272.4809,173.6192,219.1747,394.1439,11.00000000000,46,123
46,059,01265783,46059,Hand,Hand County,06,H1,G4020,,,,A,3720811266.00000000000,9237228.00000000000,+44.5467133,-099.0045751,46059,181.5906,181.0866,179.6263,181.0828,182.5764,118.8046,118.2696,116.0924,118.2694,120.4072,145.3704,144.4485,139.6908,144.4695,149.1765,169.4260,167.9297,159.8523,167.8847,176.0574,154.2092,152.6348,141.6021,152.4896,163.6701,214.6305,212.0676,192.8829,211.6977,231.1521,186.3588,184.0733,163.7935,183.6831,204.0815,145.9929,144.1908,128.4901,143.8841,159.5102,179.0435,176.7308,156.6747,176.2985,196.1235,169.4044,168.9157,142.2584,163.2146,198.6823,140.3570,141.6598,113.7904,133.7291,171.6404,145.6229,148.5024,112.3912,136.0800,185.6192,144.1227,148.6868,105.2673,130.8278,191.8019,143.2920,147.6382,103.4484,129.2087,193.3333,145.2811,149.4661,103.2878,128.7598,199.9434,143.4225,148.0585,99.1217,123.9412,204.9892,140.7756,146.2055,93.0814,117.5742,211.5802,11.00000000000,46,059
46,087,01265773,46087,McCook,McCook County,06,H1,G4020,,43620,,A,1487182118.00000000000,6898514.00000000000,+43.6789244,-097.3620356,46087,278.3102,277.5082,275.2549,277.5037,279.8168,258.0290,256.8814,252.1601,256.8800,261.5137,263.6968,261.9933,253.3569,262.0351,270.5835,249.1011,246.8987,235.0229,246.8327,258.8495,238.8850,236.4003,219.3088,236.1737,253.5107,358.0127,353.7874,321.8138,353.1799,385.5859,338.1014,334.0020,297.2459,333.3046,370.2603,339.8692,335.6281,299.0360,334.9047,371.3348,382.2140,377.3748,334.6495,376.4722,418.6874,369.9806,368.9914,310.8341,356.5585,433.9428,315.2959,318.3054,255.7624,300.5111,385.5838,337.2570,344.0138,260.4480,315.2670,429.8976,357.4483,368.8624,261.2419,324.5930,475.7089,381.7010,393.3738,275.7304,344.3074,515.0096,408.7372,420.6052,290.7564,362.3750,562.5329,426.9595,440.8500,295.2374,369.0770,610.2460,445.3863,462.6453,294.6338,372.0798,669.4033,11.00000000000,46,087
46,113,01266992,46113,Shannon,Shannon County,06,H1,G4020,,,,A,5423170067.00000000000,7126231.00000000000,+43.3419371,-102.5594800,,0.0000,0.0000,0.0000,0.0000,0.0000,0.0000,0.0000,0.0000,0.0000,0.0000,0.0000,0.0000,0.0000,0.0000,0.0000,0.0000,0.0000,0.0000,0.0000,0.0000,0.0000,0.0000,0.0000,0.0000,0.0000,0.0000,0.0000,0.0000,0.0000,0.0000,0.0000,0.0000,0.0000,0.0000,0.0000,0.0000,0.0000,0.0000,0.0000,0.0000,0.0000,0.0000,0.0000,0.0000,0.0000,0.0000,0.0000,0.0000,0.0000,0.0000,0.0000,0.0000,0.0000,0.0000,0.0000,0.0000,0.0000,0.0000,0.0000,0.0000,0.0000,0.0000,0.0000,0.0000,0.0000,0.0000,0.0000,0.0000,0.0000,0.0000,0.0000,0.0000,0.0000,0.0000,0.0000,0.0000,0.0000,0.0000,0.0000,0.0000,0.0000,0.0000,0.0000,0.0000,0.0000,0.00000000000,,
46,083,01265769,46083,Lincoln,Lincoln County,06,H1,G4020,,43620,,A,1495144520.00000000000,1217724.00000000000,+43.2794204,-096.7222862,46083,3370.6173,3361.2243,3334.0978,3361.1552,3388.9095,4146.1383,4127.8584,4052.0768,4127.8248,4202.1782,4880.4202,4849.8756,4690.2270,4850.5360,5008.4285,5882.8383,5833.4975,5552.9142,5831.7560,6114.7655,5454.6050,5401.2805,5011.0744,5396.2351,5790.8098,5872.6921,5806.9478,5284.4197,5797.6600,6326.0291,6266.2368,6191.7674,5511.7233,6179.1853,6862.4295,7184.4129,7095.7570,6323.1330,7080.6680,7849.6135,8416.2175,8311.7258,7372.8140,8292.2769,9219.6004,7750.5833,7733.0554,6517.2969,7473.3586,9091.2778,8256.6636,8337.7221,6701.5979,7872.3125,10097.6613,8676.6507,8852.7581,6704.5572,8113.7722,11060.2991,8781.3884,9063.9640,6421.6086,7976.9556,11686.8720,9051.0054,9329.8306,6541.7154,8166.9060,12212.2391,9429.0420,9704.7301,6710.7180,8361.9456,12977.0638,9683.5779,10000.2815,6699.0205,8372.8691,13840.6918,9834.9887,10217.4662,6508.5150,8217.9151,14781.8017,11.00000000000,46,083
46,125,01265770,46125,Turner,Turner County,06,H1,G4020,,43620,,A,1598169823.00000000000,1650289.00000000000,+43.3086698,-097.1501851,46125,426.6939,425.4815,422.0356,425.4738,429.0062,421.2388,419.3444,411.6261,419.3436,426.9217,459.0580,456.0872,441.0516,456.1607,471.0437,477.8130,473.6031,450.8229,473.4755,496.5213,429.5548,425.1074,394.3744,424.7006,455.8677,462.7624,457.4406,416.1886,456.6819,498.4438,421.5599,416.2277,370.2258,415.3082,461.6316,422.5980,417.0147,371.2397,416.0518,461.7046,463.5995,457.4375,405.3476,456.2822,507.8038,370.1529,369.3275,311.2745,356.9276,434.1847,353.1942,356.5636,286.5016,336.6300,431.9304,337.0095,343.7522,260.2407,315.0240,429.5810,318.6313,328.7949,232.8536,289.3301,424.0484,307.3439,316.7266,221.9889,277.2141,414.6819,302.0461,310.7969,214.8275,267.7611,415.6956,287.2020,296.5199,198.5511,248.2340,410.4912,282.7226,293.6501,186.9775,236.1544,424.9225,11.00000000000,46,125
46,077,01265780,46077,Kingsbury,Kingsbury County,06,H1,G4020,,,,A,2155481343.00000000000,81655076.00000000000,+44.3629687,-097.4993130,46077,233.0620,232.4204,230.5488,232.4153,234.3280,238.4580,237.3786,233.0058,237.3787,241.6730,294.2577,292.4066,282.7790,292.4475,301.9705,277.1094,274.8411,261.6218,274.7552,288.0699,227.4636,225.2745,209.0029,225.0654,241.5065,306.1168,302.8476,275.6971,302.3935,329.7931,274.1534,271.1014,241.5100,270.5976,300.2611,253.6403,250.6678,223.5312,250.1673,277.1339,267.7270,264.6910,235.0862,264.1318,293.3183,281.1480,280.8986,237.1067,271.5694,329.8747,248.3318,251.0635,202.0754,237.1400,303.7504,264.3304,270.0016,204.7874,247.5679,336.9843,267.9760,276.9056,196.4887,243.8120,356.6678,267.1885,275.7141,193.6221,241.4643,360.5355,278.1897,286.6166,198.5028,247.0786,382.8923,274.9916,284.2536,190.7119,238.1069,393.0630,273.3927,284.2613,181.3453,228.7317,410.9186,11.00000000000,46,077
46,037,01265790,46037,Day,Day County,06,H1,G4020,,,,A,2662166065.00000000000,163751226.00000000000,+45.3622825,-097.5937339,46037,260.2204,259.4885,257.3909,259.4835,261.6317,234.5795,233.4955,229.1823,233.4970,237.7359,263.7361,262.0431,253.4076,262.0837,270.6298,278.0702,275.6482,262.3897,275.5720,288.9756,265.6153,262.9531,243.9508,262.7049,281.9438,313.3470,309.7431,281.8102,309.2293,337.5076,304.8924,301.0276,267.7503,300.3607,333.8732,305.9765,301.9880,268.8932,301.3018,334.2943,320.7208,316.4537,280.4139,315.6537,351.3010,312.0227,311.1147,262.0088,300.6120,365.9472,282.1979,284.6997,228.5779,268.7248,345.0762,285.9436,291.4776,220.4800,267.0541,364.4654,290.0424,299.1161,211.6564,263.1471,385.9853,288.2541,296.8920,207.9209,259.7896,388.9106,289.3749,297.6124,205.5592,256.3426,398.2449,286.8226,296.0063,198.0731,247.7532,409.9404,289.1070,300.1799,191.0190,241.3628,434.5118,11.00000000000,46,037
46,041,01266994,46041,Dewey,Dewey County,06,H1,G4020,,,,A,5963433068.00000000000,369822155.00000000000,+45.1500047,-100.8522182,46041,298.6825,297.8512,295.4479,297.8450,300.3036,235.0524,234.0347,229.7481,234.0315,238.2347,262.5931,260.9801,252.3960,261.0121,269.4978,335.3128,332.4513,316.4607,332.3555,348.5009,396.8079,392.9162,364.5295,392.5486,421.2576,447.0905,442.2943,402.6285,441.6269,481.6640,372.0375,367.8852,327.7202,367.1991,407.4654,390.0152,385.4756,343.7760,384.7123,426.1424,505.0093,499.0299,442.9564,497.9229,553.2511,630.1300,628.9740,530.3468,607.9239,739.1950,501.7826,507.1014,407.9643,478.9165,613.7294,549.4726,561.0213,425.2780,514.3255,700.4716,616.8319,637.0714,451.7422,560.8158,820.9566,658.0953,678.7482,476.3012,594.2957,887.9815,693.6235,714.2692,494.2966,615.5888,954.6540,716.5628,740.3384,496.3146,620.0000,1024.2036,748.6723,778.0932,495.9946,625.9502,1125.2591,11.00000000000,46,041
08,041,00198135,08041,El Paso,El Paso County,06,H1,G4020,,17820,,A,5508389808.00000000000,7111582.00000000000,+38.8273831,-104.5274718,08041,37996.6692,37890.7026,37584.8663,37889.9276,38202.8666,39366.7999,39191.6673,38471.3311,39191.4586,39898.4403,41465.7052,41204.0558,39847.2144,41209.9159,42552.1118,52328.5673,51882.8938,49387.3784,51867.8690,54387.2573,57922.5553,57344.0255,53200.2230,57289.9821,61484.6284,59729.9849,59056.1198,53738.7456,58960.6680,64339.2758,63031.0123,62265.3540,55411.9398,62135.0350,69026.1067,67417.8218,66561.8839,59290.2740,66415.3774,73658.6040,71331.5385,70421.0768,62440.6586,70251.1041,78137.5854,69025.2806,68847.1797,58002.2543,66529.1725,80959.9260,65547.6943,66163.4971,53153.8671,62461.7034,80158.4381,66899.5880,68229.4712,51645.2086,62524.4340,85274.8523,67060.0077,69190.3966,48992.1674,60882.3413,89245.6099,67002.2478,69039.5522,48380.4052,60423.4396,90401.6533,66527.9447,68447.3219,47303.2903,58966.1853,91559.4487,65083.3274,67187.8632,44981.5918,56243.9296,93021.6038,62969.2952,65396.5612,41632.8097,52589.3665,94640.3237,11.00000000000,08,041
08,005,00198118,08005,Arapahoe,Arapahoe County,06,H1,G4020,216,19740,,A,2067070049.00000000000,19003734.00000000000,+39.6446318,-104.3317329,08005,41752.8771,41636.2863,41300.1409,41635.4417,41979.4363,47426.4727,47216.1042,46348.6084,47215.8090,48067.1342,50224.4230,49908.1089,48264.7805,49915.1362,51540.6465,60668.8083,60155.3240,57261.9231,60137.6843,63057.6748,64601.4353,63961.2180,59339.6858,63901.1294,68577.5513,70944.9426,70148.4302,63834.7847,70035.7920,76420.8071,68798.7332,67979.1223,60511.1770,67840.5288,75344.2683,71915.0242,71022.7256,63284.5247,70870.6904,78573.3125,77524.8259,76558.3352,67906.0408,76378.3606,84924.5972,73636.1187,73468.9529,61917.8557,71001.4944,86373.5269,77718.0933,78478.4043,63075.9285,74096.9316,95046.5518,78805.6855,80402.4624,60889.3848,73689.9185,100454.8491,78254.2944,80769.7461,57220.7991,71082.3179,104145.9287,78767.2275,81191.1060,56925.3638,71069.9331,106277.9272,78960.6030,81266.7251,56192.3848,70021.3062,108672.2163,77499.4839,80031.7324,53609.2856,67006.6431,110769.4766,75481.4204,78414.6919,49947.6013,63068.0774,113447.0088,11.00000000000,08,005
08,055,00198143,08055,Huerfano,Huerfano County,06,H1,G4020,,,,A,4120672901.00000000000,5792112.00000000000,+37.6878154,-104.9599278,08055,305.6892,304.8310,302.3676,304.8250,307.3473,242.7458,241.6311,237.1715,241.6322,246.0141,249.5097,247.8994,239.7280,247.9388,256.0267,249.8305,247.6221,235.7115,247.5558,259.6077,289.9633,286.9762,266.2307,286.7022,307.7353,363.8730,359.4803,326.9295,358.8442,391.8690,237.1284,234.1857,208.3539,233.6814,259.6753,230.9947,227.8814,202.8057,227.3425,252.3670,213.1105,210.2205,186.2230,209.6776,233.4237,197.9744,197.2626,165.9970,190.5667,232.1559,181.3215,182.8761,146.7762,172.5983,221.7143,169.1825,172.4118,130.3714,157.9497,215.6355,152.4664,157.2001,111.1995,138.2831,202.8974,142.2703,146.5068,102.5749,128.1873,191.9478,129.3969,133.0673,91.8950,114.6096,178.0782,114.4128,118.0741,79.0072,98.8255,163.5241,103.1101,107.0625,68.1328,86.0861,154.9689,11.00000000000,08,055
29,009,00758459,29009,Barry,Barry County,06,H1,G4020,,,,A,2015660483.00000000000,32940910.00000000000,+36.6993775,-093.8343258,29009,2141.1809,2135.1602,2117.9004,2135.1187,2152.7935,2018.7477,2009.7931,1972.8673,2009.7805,2046.0180,1901.5836,1889.5685,1827.3418,1889.8391,1951.3963,2072.9269,2055.4380,1956.5741,2054.8316,2154.5852,2110.6368,2089.6571,1938.6629,2087.6916,2240.5018,2363.8336,2337.0426,2126.5386,2333.2418,2546.2122,2078.4635,2053.1676,1827.1371,2048.8595,2276.1477,1943.5915,1918.8478,1709.1539,1914.6104,2123.5033,2091.3619,2064.4495,1830.2729,2059.4209,2290.8811,1901.1400,1895.7788,1596.7159,1831.8270,2229.7413,1697.7206,1713.5504,1376.5040,1617.6416,2076.1271,1637.3347,1669.7555,1263.7682,1530.0945,2087.0449,1556.7589,1606.0872,1137.1064,1413.1882,2071.7734,1478.0328,1522.8546,1067.0380,1332.7552,1994.2000,1398.2371,1438.4640,993.9889,1239.1658,1924.3223,1290.0115,1331.6250,891.3991,1114.6807,1843.7669,1196.0803,1242.1006,790.6500,998.8130,1797.6553,11.00000000000,29,009
29,059,00758484,29059,Dallas,Dallas County,06,H1,G4020,,44180,,A,1400586526.00000000000,5388319.00000000000,+37.6835832,-093.0338115,29059,941.7601,939.1417,931.5656,939.1222,946.8719,952.5721,948.3328,930.9017,948.3278,965.4359,853.9766,848.6253,820.6887,848.7417,876.3719,877.8542,870.3905,828.5256,870.1375,912.3986,862.3220,853.6434,791.9515,852.8363,915.3091,851.5332,841.7821,765.8965,840.3938,917.2031,721.4311,712.6812,634.2500,711.1927,790.0505,718.9003,709.9059,632.4845,708.3709,785.4557,722.1828,713.0378,632.3081,711.3320,791.0981,607.8610,606.4821,511.1295,586.1137,713.0077,494.3674,499.1029,401.0514,471.2067,604.5779,461.7084,470.9683,356.5731,431.6161,588.5354,425.0311,438.6056,310.6389,385.9668,565.6514,391.1601,403.1192,282.5583,352.8360,527.7720,363.0355,373.5695,258.2341,321.8482,499.6344,332.8043,343.6202,230.1099,287.6720,475.6708,304.8982,316.6988,201.6718,254.6970,458.2526,11.00000000000,29,059
29,223,00758564,29223,Wayne,Wayne County,06,H1,G4020,,,,A,1966257806.00000000000,38559098.00000000000,+37.1138253,-090.4608682,29223,909.2762,906.7484,899.4338,906.7295,914.2117,776.8429,773.4472,759.2635,773.4389,787.3512,740.1237,735.4126,711.1863,735.5219,759.4921,819.8438,812.9393,773.8380,812.6985,852.1475,944.0662,934.8586,867.3233,933.9862,1002.2698,899.9515,889.8000,809.6841,888.3621,969.4001,751.0946,742.4262,661.1151,740.9765,822.5862,753.7955,744.8750,664.1502,743.3699,823.6113,798.8198,789.4298,700.7954,787.6929,875.1365,787.3974,786.1675,663.0968,759.9145,923.7349,687.4428,694.6761,558.8179,656.0492,840.8015,678.8725,693.1379,525.4252,635.4446,865.4312,679.3352,701.6771,497.6053,617.7077,904.1483,666.0790,687.0637,482.2197,601.6087,898.7613,637.4408,656.5188,454.4423,565.8596,877.3366,615.6917,636.2352,426.6511,532.8660,880.0338,590.2189,613.5351,391.2371,493.6203,887.1103,11.00000000000,29,223
29,195,00758550,29195,Saline,Saline County,06,H1,G4020,,32180,,A,1956746210.00000000000,29558146.00000000000,+39.1358403,-093.2041639,29195,1208.6462,1205.2799,1195.5538,1205.2551,1215.2058,1239.6646,1234.1817,1211.5147,1234.1729,1256.4152,1278.2189,1270.1652,1228.3416,1270.3445,1311.7151,1420.2631,1408.3374,1340.5983,1407.9180,1476.2474,1346.2011,1332.9128,1236.6076,1331.6627,1429.0925,1069.1308,1057.3317,962.2978,1055.6731,1151.7107,1017.1250,1004.9503,894.4987,1002.8883,1113.8881,1312.9027,1296.4823,1155.0953,1293.6800,1434.4509,1383.2693,1366.1167,1211.8190,1362.9246,1515.3140,1282.7024,1280.0082,1078.9683,1237.0777,1504.6342,1160.4571,1172.0235,942.2002,1106.6551,1419.2338,1152.7615,1176.3336,891.0595,1078.1988,1469.4692,1125.3387,1161.7234,823.2272,1022.4666,1497.6929,1089.2034,1122.9257,787.5246,983.0245,1469.6432,1070.9569,1102.4323,762.4925,949.9617,1473.9566,1064.2910,1099.2505,736.5362,920.4253,1521.1967,1047.7336,1088.6154,693.6028,875.6317,1574.7322,11.00000000000,29,195
29,081,00758495,29081,Harrison,Harrison County,06,H1,G4020,,,,A,1871276203.00000000000,10104176.00000000000,+40.3456200,-093.9925818,29081,430.9288,429.7277,426.2595,429.7188,433.2674,438.4377,436.5086,428.4970,436.5048,444.3648,432.5112,429.8161,415.6700,429.8733,443.8622,417.2904,413.7833,393.8809,413.6603,433.7373,428.1670,424.0510,393.4223,423.6575,454.6039,447.4015,442.3478,402.5152,441.6317,481.9252,422.4116,417.3478,371.4713,416.4897,462.5964,429.9269,424.6296,378.4016,423.7282,469.7341,441.5914,436.1398,386.9042,435.1257,483.7480,360.0467,359.2923,302.8631,347.2424,422.3420,282.1494,284.9542,229.0703,269.0589,345.0662,277.6205,283.2909,214.5832,259.6553,353.8926,263.5436,272.0599,192.7840,239.4461,350.7451,249.3948,257.1131,180.3141,225.0791,336.5038,234.7473,241.6458,167.1325,208.2250,323.0823,220.5161,227.7613,152.6100,190.7100,315.1849,205.1033,213.1101,135.7858,171.4175,308.2683,11.00000000000,29,081
29,161,00758535,29161,Phelps,Phelps County,06,H1,G4020,,40620,,A,1739911952.00000000000,6574662.00000000000,+37.8663263,-091.7903492,29161,2294.7470,2288.3813,2269.9285,2288.3330,2307.2048,2267.9402,2257.8678,2216.3777,2257.8546,2298.5732,2274.5181,2260.2640,2185.8561,2260.5740,2334.1658,2549.6950,2528.4694,2406.8542,2527.7039,2650.3169,2409.5576,2385.9477,2213.5743,2383.7167,2558.0398,1980.9095,1959.6101,1783.8373,1956.6439,2134.0791,1455.7528,1439.2667,1281.9177,1436.5281,1594.3522,2074.5639,2049.1069,1826.1322,2044.7790,2266.6550,2280.5430,2252.2861,1997.9213,2247.0279,2498.2427,2057.6776,2053.0758,1730.3492,1984.1420,2413.6269,1870.1201,1888.7099,1518.3037,1783.3537,2287.1403,1829.4654,1866.8258,1414.0508,1711.0703,2332.0836,1727.4267,1783.2207,1263.5786,1569.4430,2298.9959,1619.2321,1669.2791,1170.6031,1461.2759,2184.7940,1527.0164,1571.7984,1087.0247,1354.3731,2101.6230,1433.4744,1480.4681,991.8635,1239.5882,2048.8659,1369.2978,1422.6488,906.3400,1144.2796,2058.0349,11.00000000000,29,161
29,073,00758491,29073,Gasconade,Gasconade County,06,H1,G4020,,,,A,1341103601.00000000000,17192339.00000000000,+38.4411826,-091.5057795,29073,868.5623,866.1043,859.0950,866.0883,873.2707,778.9338,775.4601,761.2028,775.4566,789.4508,723.0226,718.4635,694.8053,718.5653,741.9676,823.3672,816.3737,777.1070,816.1360,855.7719,791.5787,783.6756,727.0458,782.9371,840.2606,858.4198,848.8240,772.4532,847.4691,924.6889,793.9626,784.3152,697.9849,782.6731,869.4787,721.6257,712.3582,634.4302,710.7684,788.4195,708.8743,699.7278,620.3306,698.0183,776.4991,646.2087,644.2786,542.5392,622.5156,757.8760,582.7398,588.1301,472.4069,555.1986,712.6202,551.4372,562.3136,425.5494,515.2663,702.8898,511.7707,527.9484,373.7476,464.5248,681.0738,477.3726,491.8164,344.5738,430.4095,644.0805,444.3869,457.1457,315.8632,393.7978,611.5849,398.9182,411.7695,275.6225,344.6781,570.1582,360.0434,373.8865,237.9832,300.6499,541.1286,11.00000000000,29,073
29,065,00758487,29065,Dent,Dent County,06,H1,G4020,,,,A,1949717319.00000000000,4445126.00000000000,+37.6032500,-091.4959157,29065,914.1757,911.6261,904.2677,911.6074,919.1367,852.1817,848.4086,832.8246,848.4028,863.6954,827.8997,822.7693,795.6969,822.8755,849.6433,902.4119,894.6858,851.6522,894.4294,937.8884,923.0718,913.8773,847.8408,913.0170,979.8547,903.5544,893.3228,812.8646,891.8717,973.2696,871.9815,861.3781,766.5582,859.5727,954.9173,822.3968,812.1027,723.5310,810.3457,898.5336,880.6271,869.5990,771.2698,867.5444,964.6772,811.4350,809.5585,682.2433,782.3601,951.7869,673.0211,679.5945,546.2044,641.6492,823.0799,655.6074,668.8843,506.5441,613.0389,835.7122,626.7894,646.9375,458.3188,569.3446,834.1723,602.9478,621.5083,435.7633,544.0344,813.5374,575.1476,591.9579,409.3263,510.0499,791.5675,544.7522,562.5696,376.8572,471.0194,778.6119,513.7926,533.7798,340.0242,429.3220,772.2209,11.00000000000,29,065
29,186,00765806,29186,Ste. Genevieve,Ste. Genevieve County,06,H1,G4020,,,,A,1292799524.00000000000,19740673.00000000000,+37.8901797,-090.1811702,29186,1058.2647,1055.2885,1046.7578,1055.2680,1064.0040,953.7580,949.5322,932.0891,949.5259,966.6432,980.3586,974.0454,941.9414,974.1986,1005.9727,1122.5288,1112.9320,1059.4010,1112.6122,1166.6677,1128.4052,1117.1692,1036.4432,1116.1176,1197.8217,1238.7973,1224.8454,1114.5765,1222.8703,1334.4008,1117.4456,1104.1429,982.8541,1101.8939,1223.7609,1050.1791,1037.1505,924.1506,1034.9306,1147.4105,1055.2696,1042.0738,924.2621,1039.6157,1155.9906,1083.1458,1080.7426,910.8771,1044.4609,1270.5194,946.2377,955.7132,768.3484,902.4230,1157.2517,926.6989,945.6910,716.3925,866.8119,1181.3037,917.7837,947.4948,671.4566,833.9317,1221.4650,897.2262,925.0354,648.7726,809.8008,1210.6145,872.9486,898.6313,621.5628,774.3581,1201.4402,830.7363,858.0498,574.9517,718.4737,1187.3775,787.5945,818.3496,521.4323,658.2525,1183.7473,11.00000000000,29,186
29,139,00758524,29139,Montgomery,Montgomery County,06,H1,G4020,,,,A,1388874432.00000000000,14919654.00000000000,+38.9351623,-091.4654372,29139,631.6376,629.8562,624.7620,629.8443,635.0625,583.4352,580.8463,570.1740,580.8427,591.3162,552.5778,549.1323,531.0589,549.2056,567.0786,567.2470,562.4414,535.3886,562.2768,589.5797,533.6692,528.4215,490.2438,527.9266,566.5427,569.2034,562.9042,512.2988,562.0178,613.1637,458.0714,452.7789,403.1850,451.8934,501.6714,464.8850,459.0572,408.9815,458.0622,507.9231,447.6638,441.9377,391.8429,440.8684,490.3758,406.1001,405.0720,341.2833,391.4390,476.3206,320.2449,323.3728,259.9017,305.3173,391.6477,295.1142,301.0891,228.0123,275.9505,376.1862,267.7908,276.3911,195.7997,243.2382,356.3928,245.3239,252.8658,177.2839,221.3410,331.0065,222.2453,228.7307,158.1514,197.0774,305.8722,195.7316,202.1202,135.3828,169.2225,279.7573,171.7851,178.4525,113.6589,143.5239,258.1890,11.00000000000,29,139
29,107,00758508,29107,Lafayette,Lafayette County,06,H1,G4020,312,28140,,A,1627634631.00000000000,27220864.00000000000,+39.0687048,-093.8026388,29107,2037.3633,2031.6919,2015.2986,2031.6499,2048.4209,1925.4051,1916.9337,1881.7509,1916.9169,1951.4342,1785.0077,1773.8171,1715.4220,1774.0609,1831.8160,1956.9033,1940.4481,1847.1152,1939.8718,2034.0261,1821.9256,1804.0071,1673.6702,1802.3177,1934.1527,2004.8116,1982.3261,1803.9233,1979.1475,2159.5591,1672.4079,1652.6953,1471.3241,1649.3740,1831.5457,1537.6907,1518.5193,1352.9787,1515.2497,1680.0532,1600.6607,1580.8741,1402.3835,1577.1930,1753.4648,1417.0912,1413.6735,1191.2178,1366.1410,1662.1677,1242.8731,1255.0143,1008.6834,1184.9409,1519.9881,1174.8633,1198.6376,907.7064,1098.5566,1497.6130,1084.7002,1119.5249,793.0773,985.2345,1443.5862,1003.0767,1033.8874,724.8294,904.9820,1353.4121,936.0354,963.3059,666.0126,829.9794,1288.2451,843.3039,870.7828,583.2111,729.0322,1205.3231,760.8009,790.2890,503.2997,635.5880,1143.4632,11.00000000000,29,107
29,151,00758530,29151,Osage,Osage County,06,H1,G4020,,27620,,A,1565248144.00000000000,15812863.00000000000,+38.4642535,-091.8595036,29151,893.5080,891.0133,883.8200,890.9952,898.3564,778.1458,774.6586,760.4069,774.6562,788.6472,749.7440,744.9997,720.4640,745.1072,769.3799,748.7499,742.3788,706.6712,742.1634,778.2107,787.4849,779.6121,723.2750,778.8770,835.9081,781.4157,772.5621,702.9771,771.3062,841.7057,657.8165,650.1089,578.8053,648.8130,720.4162,697.6371,689.0381,614.0218,687.5749,762.2315,643.7968,635.6859,563.7565,634.1738,705.2371,529.7071,528.5518,445.4959,510.8131,621.3461,475.6372,480.2745,385.9989,453.4557,581.6854,447.1819,456.2263,345.4872,418.1318,570.0279,411.7313,424.9496,301.0361,373.9755,547.9575,383.2514,395.0286,276.9488,345.7784,517.1065,351.3744,361.6207,250.0280,311.5743,483.5897,316.1567,326.4720,218.6710,273.3328,451.8795,280.7207,291.6164,185.7347,234.5382,421.9166,11.00000000000,29,151
29,217,00758561,29217,Vernon,Vernon County,06,H1,G4020,,,,A,2140360166.00000000000,27016708.00000000000,+37.8501957,-094.3415972,29217,1260.8626,1257.3621,1247.2216,1257.3357,1267.7071,1214.4279,1209.0587,1186.8541,1209.0499,1230.8381,1283.7545,1275.7258,1233.7327,1275.8990,1317.4294,1306.4455,1295.6468,1233.3284,1295.2493,1358.0527,1281.6261,1269.0231,1177.3382,1267.8347,1360.5729,1249.8219,1235.6209,1124.3022,1233.6045,1346.2399,1081.0119,1067.8001,950.1979,1065.5469,1183.8214,1185.9302,1171.3633,1043.8866,1168.8864,1295.7388,1261.8463,1246.2532,1105.5487,1243.3524,1382.3068,1150.3652,1147.9667,967.6826,1109.4697,1349.4044,956.9364,966.5046,777.0105,912.6082,1170.3339,940.2158,959.4696,726.8152,879.4360,1198.5324,898.9738,928.0630,657.6729,816.8241,1196.4301,849.9899,876.3207,614.5918,767.1489,1146.8779,816.0821,840.0758,581.0443,723.8937,1123.1734,786.6256,812.4705,544.3903,680.3010,1124.3285,767.5349,797.4864,508.1155,641.4623,1153.5967,11.00000000000,29,217
29,181,00758545,29181,Ripley,Ripley County,06,H1,G4020,,,,A,1630492528.00000000000,5449067.00000000000,+36.6489017,-090.8670597,29181,814.5789,812.3124,805.7585,812.2955,819.0002,863.0774,859.1990,843.3864,859.1971,874.7220,838.7829,833.4850,806.0374,833.6042,860.7563,861.7289,854.3382,813.2452,854.0943,895.5978,932.3318,923.1697,856.4726,922.3054,989.7665,925.8143,915.5652,833.2533,914.1229,997.3152,776.4069,767.2436,683.0337,765.6990,850.2844,658.0113,649.9678,579.2722,648.6014,718.9406,638.4105,630.7477,559.7672,629.3269,699.3830,648.3657,647.1375,545.6252,625.4691,760.5776,521.8718,527.2272,423.9886,497.8693,638.2719,500.5180,510.9011,387.1492,468.3303,638.0474,473.6263,489.0787,346.7133,430.5045,630.3530,448.6379,462.6527,324.5932,405.0620,605.3505,416.3943,428.7385,296.6478,369.4856,573.0914,376.3324,388.7826,260.5954,325.5727,537.9000,342.6336,356.0764,226.9555,286.4424,514.9792,11.00000000000,29,181
29,213,00758559,29213,Taney,Taney County,06,H1,G4020,,14700,,A,1638002904.00000000000,49736703.00000000000,+36.6498267,-093.0428188,29213,3265.4262,3256.4496,3230.2330,3256.3771,3283.1653,3246.0989,3231.8874,3172.6078,3231.8542,3290.0025,3308.3833,3288.0771,3179.9303,3288.4788,3395.3833,3651.1390,3621.1936,3447.0214,3620.0668,3795.5158,3615.8661,3581.2201,3322.5628,3577.9018,3839.2000,3307.0096,3270.6974,2976.8422,3265.6021,3562.4976,3595.6250,3553.7947,3164.2837,3546.7792,3937.8296,3927.0198,3879.9295,3458.8311,3871.9620,4290.7000,4380.2642,4327.5369,3840.3870,4317.7570,4798.5903,4096.3379,4088.7288,3447.4998,3951.8646,4805.3230,4076.2993,4118.4742,3312.3439,3889.2485,4985.5471,4119.6614,4205.4507,3187.1200,3855.1438,5251.6775,4060.1398,4192.9303,2972.7411,3690.8880,5403.7009,4054.7210,4181.7089,2934.1836,3661.3011,5471.0945,4062.2103,4182.9809,2894.6046,3605.0214,5590.9258,4072.5763,4207.6321,2820.6694,3523.6714,5821.0444,3997.0848,4154.1987,2648.1339,3341.9317,6007.6458,11.00000000000,29,213
53,071,01531819,53071,Walla Walla,Walla Walla County,06,H1,G4020,,47460,,A,3289618915.00000000000,74827643.00000000000,+46.2546061,-118.4803741,53071,3327.3737,3317.9833,3291.1441,3317.9205,3345.4147,3252.1393,3237.5428,3177.9688,3237.5345,3296.0220,3434.6700,3412.8354,3300.4148,3413.3394,3524.5680,3725.5800,3693.7007,3516.0369,3692.6411,3872.0550,3548.4020,3513.3438,3259.4958,3510.0474,3766.8714,3289.4872,3252.7092,2960.0503,3247.5159,3543.4300,3188.9128,3149.6225,2802.4566,3142.9039,3492.1576,4043.7227,3992.0534,3555.6079,3983.1985,4418.0256,4112.7850,4059.3348,3598.3332,4049.3371,4505.0873,3895.6957,3884.4167,3271.3613,3753.3014,4568.9736,4075.1499,4112.6306,3303.2075,3882.2837,4983.3801,4022.9691,4102.0720,3104.1343,3758.7778,5127.8502,3885.3576,4007.8721,2836.9637,3526.2826,5170.6777,3857.2321,3973.6158,2783.6407,3477.3521,5204.2248,3821.9762,3931.3724,2716.0115,3386.4549,5259.9458,3759.2835,3880.0407,2596.7641,3247.7035,5372.9723,3707.2855,3849.4933,2449.8691,3095.3176,5571.8583,11.00000000000,53,071
53,023,01533500,53023,Garfield,Garfield County,06,H1,G4020,,,,A,1840669150.00000000000,19490282.00000000000,+46.4294742,-117.5367145,53023,100.6616,100.3887,99.5825,100.3863,101.2089,119.1808,118.6390,116.4522,118.6392,120.7870,118.6737,117.9234,114.0399,117.9403,121.7821,127.8283,126.7523,120.6557,126.7147,132.8653,143.3905,141.9432,131.6847,141.8088,152.1987,160.7214,158.8868,144.5670,158.6259,173.1179,134.2301,132.6259,118.0515,132.3543,147.0002,136.7327,135.1074,120.4582,134.8329,149.3963,141.3047,139.4714,123.6354,139.1285,154.7836,145.1297,144.8584,122.1388,140.0090,170.2480,153.9230,155.3643,124.8108,146.6703,188.2321,149.8352,152.8100,115.6634,140.0315,190.9899,153.7960,158.6753,112.3478,139.6198,204.6761,149.6471,154.1959,108.0533,134.9517,201.9087,149.1459,153.4503,106.0496,132.1954,205.2630,144.8329,149.5194,100.1051,125.1661,207.0055,140.0252,145.4257,92.5844,116.9469,210.4524,11.00000000000,53,023
53,001,01531601,53001,Adams,Adams County,06,H1,G4020,,,,A,4985668796.00000000000,12623299.00000000000,+47.0048395,-118.5333078,53001,999.2723,996.4318,988.3611,996.4138,1004.6874,1015.9089,1011.3894,992.8002,1011.3840,1029.6286,1034.2197,1027.7362,993.9026,1027.8774,1061.3402,985.3068,977.0553,930.0604,976.7629,1024.1600,881.7757,872.9653,809.8827,872.1425,936.0003,1004.0648,992.6114,903.1571,990.9829,1081.5107,952.0177,941.0517,838.0061,939.2190,1042.6362,1066.8068,1053.9683,939.5325,1051.7944,1165.6008,1350.5867,1333.9623,1183.4224,1330.8710,1479.5266,1250.8547,1248.4162,1052.5189,1206.5962,1467.3220,878.7422,887.9863,714.3205,838.6099,1074.7766,929.5845,949.0767,719.3953,870.0661,1185.0355,949.7379,980.9159,695.5748,863.5088,1264.0306,945.2592,974.9799,684.2345,853.6912,1275.4625,984.0855,1013.4384,701.3964,873.4513,1354.4302,1006.4996,1039.9596,697.2479,870.9459,1438.6231,989.1219,1028.0763,655.4428,827.0891,1486.6617,11.00000000000,53,001
09,009,00212798,09009,New Haven,New Haven County,06,H4,G4020,408,35300,,N,1565663096.00000000000,667053119.00000000000,+41.3497173,-072.9002037,09009,57689.8279,57529.9150,57066.0692,57528.6945,58003.0333,51013.0281,50788.9825,49857.0287,50788.5087,51702.7766,49417.7759,49111.0496,47494.9856,49117.4430,50715.3921,56406.6021,55936.9518,53246.4738,55920.0215,58632.5994,57586.9686,57023.4298,52903.8208,56970.1385,61136.0768,52858.8665,52270.5706,47569.3002,52187.6289,56940.2642,50446.8901,49850.4512,44378.1077,49749.8557,55246.9480,53444.3442,52790.1025,47047.2993,52678.9338,58393.0322,53667.6545,53007.1306,47025.2595,52884.3091,58791.2883,48786.8379,48683.7395,41036.8088,47050.7603,57227.7302,48880.8586,49367.5044,39686.4556,46613.9136,59780.9795,48159.5537,49143.8003,37225.3403,45043.8264,61390.7598,46488.8496,47991.4299,34007.4573,42238.4668,61871.1255,45423.9133,46829.6233,32841.6604,40995.0378,61289.6409,44330.2207,45632.4485,31560.8071,39321.0437,61011.5750,42977.9482,44389.1931,29741.7781,37167.7935,61428.5718,41299.9041,42911.0671,27340.0753,34515.5327,62073.2822,11.00000000000,09,009
17,089,00424246,17089,Kane,Kane County,06,H1,G4020,176,16980,16974,A,1346943286.00000000000,10730649.00000000000,+41.9395938,-088.4280395,17089,37451.3517,37346.2656,37044.4905,37345.5307,37654.4981,37615.3853,37448.5173,36760.4699,37448.2838,38123.5089,36022.9727,35796.1904,34617.5462,35801.2208,36967.0727,36672.9257,36362.4641,34613.4730,36351.8067,38116.8950,32484.5476,32162.3038,29838.3807,32132.0767,34483.7123,36721.3077,36310.7791,33043.7789,36252.8117,39556.1403,35622.8734,35202.9478,31339.6474,35132.1943,39012.5595,36976.5623,36523.0230,32548.9532,36445.9251,40400.3609,34879.5459,34452.8156,30567.4239,34373.5185,38209.7949,28064.0649,28007.9656,23611.7205,27069.3694,32920.3698,26661.8934,26928.7993,21649.4076,25427.2348,32607.5652,25464.3540,25986.3797,19685.7012,23818.9349,32460.5464,23496.2919,24257.4652,17190.9581,21350.2594,31270.9211,22068.5847,22753.3598,15958.8299,19919.2047,29776.8944,21088.5060,21709.8289,15017.1305,18707.8985,29024.2067,19197.2437,19829.4886,13288.2753,16604.3346,27438.8370,17071.0206,17739.0410,11304.4930,14269.2745,25657.6760,11.00000000000,17,089
17,059,00424231,17059,Gallatin,Gallatin County,06,H1,G4020,,,,A,836750424.00000000000,13238548.00000000000,+37.7686768,-088.2279642,17059,291.8633,291.0411,288.6877,291.0355,293.4459,345.0865,343.5367,337.2149,343.5359,349.7426,334.6459,332.5249,321.5728,332.5733,343.4084,366.9452,363.7795,346.2819,363.6769,381.3556,315.2165,312.1125,289.5625,311.8201,334.6307,297.5696,294.2309,267.7503,293.7589,320.5380,224.9699,222.3312,197.9435,221.8873,246.3784,221.7458,219.0016,195.1477,218.5343,242.2767,222.2314,219.4972,194.7279,218.9889,243.4479,188.1357,187.7975,158.3563,181.5143,220.7006,162.4028,164.0300,131.8733,154.8841,198.6193,153.8022,156.9524,118.8948,143.8605,196.0581,142.7043,147.3195,104.3956,129.6606,189.9226,132.7304,136.8359,95.9611,119.7865,179.0905,123.3452,126.9621,87.8041,109.3994,169.7591,113.7053,117.4296,78.6703,98.3219,162.5189,105.1475,109.2390,69.5878,87.8620,158.0348,11.00000000000,17,059
17,071,00424237,17071,Henderson,Henderson County,06,H1,G4020,,15460,,A,981273730.00000000000,42340541.00000000000,+40.8151413,-090.9384797,17071,405.3433,404.2201,400.9613,404.2116,407.5441,342.7819,341.2855,335.0279,341.2817,347.4192,296.4812,294.6149,284.9143,294.6563,304.2516,337.3481,334.5263,318.4361,334.4259,350.6527,307.7097,304.7386,282.7265,304.4554,326.7004,365.2081,361.2284,328.7933,360.6715,393.4316,314.0118,310.4093,276.4322,309.8081,343.9030,258.5874,255.5552,227.8877,255.0446,282.5392,253.1722,250.1600,222.0359,249.6021,277.3551,239.3725,238.8678,201.3492,230.8559,280.7880,207.9026,210.0098,168.8620,198.3076,254.2696,196.0541,200.1004,151.6109,183.4199,249.9222,184.7997,190.8151,135.2571,167.9570,245.9501,173.1343,178.5338,125.2486,156.3065,233.6106,162.8789,167.7027,116.0298,144.5237,224.1730,146.6332,151.4835,101.5363,126.8543,209.5859,132.0254,137.2068,87.4544,110.3754,198.4346,11.00000000000,17,071
17,029,00424216,17029,Coles,Coles County,06,H1,G4020,,16660,,A,1316466333.00000000000,4624844.00000000000,+39.5136797,-088.2207820,17029,2744.1461,2736.4954,2714.4089,2736.4393,2759.0382,2982.9696,2969.6228,2915.0008,2969.6122,3023.2321,3179.1741,3159.1556,3055.1347,3159.5999,3262.4925,3788.0898,3755.9284,3575.2723,3754.8338,3937.1840,4428.2344,4384.9799,4068.1978,4380.8851,4701.2008,2580.6334,2551.7616,2322.1574,2547.6838,2779.8484,1704.6794,1683.6387,1498.0267,1680.0386,1866.7790,2653.5939,2620.3201,2334.4773,2614.6388,2899.2579,2775.7706,2741.1182,2431.2803,2734.6644,3040.7131,2329.8472,2324.1059,1958.2675,2245.9288,2732.7491,2490.8476,2515.1136,2021.3912,2374.6626,3046.2043,2526.0485,2577.1733,1951.6543,2361.9932,3219.9867,2305.8855,2379.9755,1686.0463,2094.5122,3068.8202,2109.6283,2174.5614,1524.6607,1903.4892,2846.4507,1905.0928,1960.7768,1355.8380,1689.4690,2621.9522,1837.2161,1897.2922,1270.9526,1588.5289,2625.9236,1835.5765,1906.8724,1214.5743,1533.6613,2758.8310,11.00000000000,17,029
06,111,00277320,06111,Ventura,Ventura County,06,H1,G4020,348,37100,,A,4773691889.00000000000,945991626.00000000000,+34.3587415,-119.1331432,06111,56233.3991,56076.3241,55623.5721,56075.1877,56538.5261,54541.8417,54300.9792,53303.8812,54300.5654,55278.9264,53669.7200,53333.8065,51578.1553,53341.0732,55077.4131,60026.0193,59520.5573,56657.6960,59502.9280,62391.2252,61407.6937,60801.9839,56408.9750,60744.9757,65189.1239,64417.6232,63704.8413,57977.8134,63604.5552,69392.7178,57169.2410,56499.9879,50303.6337,56387.4973,62609.7028,55954.7507,55276.7412,49270.3853,55161.7744,61136.2949,57869.5511,57166.0371,50723.7847,57035.4021,63395.3957,52678.0016,52576.2074,44326.9890,50815.2330,61794.4407,52659.5491,53193.1827,42770.7916,50229.1003,64403.8183,51850.3075,52919.3362,40094.5159,48507.5777,66096.6315,50167.9053,51798.4931,36714.3298,45592.5638,66768.3124,48997.7318,50522.7932,35440.6609,44231.5432,66112.5101,47721.3253,49131.4766,33989.6432,42339.5059,65679.4105,45241.3316,46734.6232,31321.7662,39134.8768,64664.1782,42961.4263,44644.3013,28452.2739,35912.5764,64570.9605,11.00000000000,06,111
49,029,01448028,49029,Morgan,Morgan County,06,H1,G4020,482,36260,,A,1577810469.00000000000,4427355.00000000000,+41.0910273,-111.5778846,49029,605.8540,604.1593,599.2802,604.1472,609.1411,773.4250,769.9868,755.8358,769.9825,783.8707,926.6650,920.7448,890.4083,920.8841,950.9027,1077.7696,1068.5535,1017.1571,1068.2465,1120.1472,1030.8654,1020.4769,946.7269,1019.5116,1094.1999,1235.9422,1221.8917,1111.8052,1219.8962,1331.2873,1392.1675,1375.3387,1224.0316,1372.4789,1524.5908,1613.2851,1592.7798,1418.7521,1589.2693,1762.6235,1976.3725,1951.2142,1730.1637,1946.5188,2164.9550,1896.1109,1891.0777,1593.0571,1827.3692,2223.9190,1918.3376,1936.4319,1555.7426,1828.1124,2345.9515,2020.2107,2060.4692,1559.7378,1888.2161,2575.1127,2063.9524,2129.6349,1508.0609,1873.9610,2746.7842,2127.1291,2191.9447,1536.1757,1918.4452,2870.0053,2212.8335,2276.8467,1573.6888,1961.5339,3045.4378,2247.5312,2320.3982,1553.6929,1942.5182,3212.3409,2244.8834,2331.6122,1484.5771,1875.0744,3373.9817,11.00000000000,49,029
06,109,00277319,06109,Tuolumne,Tuolumne County,06,H1,G4020,,38020,,A,5752062580.00000000000,138683578.00000000000,+38.0214510,-119.9647084,06109,2627.0424,2619.7945,2598.6898,2619.7374,2641.3098,2284.7739,2274.8642,2233.1880,2274.8344,2315.7021,2404.7533,2390.2057,2311.6384,2390.4730,2468.1098,2896.1302,2872.7433,2734.5711,2871.8244,3010.8854,2932.7962,2905.4488,2695.6661,2902.7858,3114.4371,3007.8933,2976.0934,2709.4898,2971.6924,3240.6299,2674.5767,2643.8244,2354.3733,2638.6881,2929.1647,2408.6898,2379.7990,2121.5060,2374.9104,2631.7576,2450.6626,2421.1081,2148.5083,2415.6251,2684.7003,2451.2311,2446.6473,2062.9143,2364.7412,2875.4774,2172.7659,2194.9918,1765.1138,2072.7446,2657.3755,2147.9645,2192.4584,1661.3301,2009.7496,2738.1617,2078.5909,2146.3418,1521.5006,1889.2622,2766.4073,1978.8078,2040.5638,1431.5814,1786.5322,2670.0149,1864.9990,1920.2468,1328.5916,1654.8466,2566.8307,1720.6100,1777.5072,1191.4089,1488.5016,2459.3034,1603.7772,1666.6820,1062.2877,1340.7399,2410.4798,11.00000000000,06,109
06,007,01675842,06007,Butte,Butte County,06,H1,G4020,,17020,,A,4238423238.00000000000,105325758.00000000000,+39.6659588,-121.6019188,06007,11552.3457,11520.1503,11427.1768,11519.9136,11615.0404,11512.1382,11461.2004,11250.6926,11461.1200,11667.6862,12330.9277,12253.5112,11850.0942,12255.2083,12654.2195,14768.1347,14644.1293,13939.7668,14639.7681,15350.2691,14230.7125,14090.7921,13072.7558,14077.5972,15107.3214,17157.7934,16968.1860,15442.9111,16941.5207,18482.9930,13188.0862,13033.6184,11604.1485,13007.6502,14443.1096,14840.7961,14660.9235,13067.8266,14630.4222,16215.0869,15671.7721,15481.2102,13736.5315,15445.8239,17168.2325,14951.3916,14920.9809,12578.4226,14420.8120,17538.5061,15398.4305,15553.9001,12505.8085,14687.0138,18832.5353,15544.4866,15864.3188,12019.0019,14541.5235,19815.3905,15319.4148,15816.6381,11209.9978,13921.4002,20388.5012,15228.7670,15702.0411,11013.9054,13746.4889,20548.0703,15215.3121,15664.1574,10835.8121,13498.4229,20940.9484,14641.8820,15124.4465,10135.6815,12664.6854,20927.8313,14321.8242,14882.1083,9483.6890,11971.0941,21525.6350,11.00000000000,06,007
49,037,01448032,49037,San Juan,San Juan County,06,H1,G4020,,,,A,20253675635.00000000000,293096059.00000000000,+37.6230637,-109.7893204,49037,815.0031,812.6920,806.1125,812.6771,819.4205,986.5538,982.2209,964.1976,982.2117,999.8930,953.3520,947.3862,916.2002,947.5152,978.3580,998.7485,990.5014,942.8600,990.1969,1038.2064,1028.1100,1018.0672,944.5194,1017.1164,1091.4848,1150.5940,1137.7917,1035.4597,1135.9870,1239.4359,1295.8952,1280.2905,1139.4938,1277.6422,1419.1679,1405.5852,1388.2402,1237.0812,1385.2882,1535.7275,1494.6600,1475.9729,1309.1102,1472.4921,1637.3193,1413.1854,1410.0728,1188.4667,1362.7411,1657.6581,1369.9782,1383.2508,1111.6456,1305.9834,1675.4151,1395.6509,1423.7974,1078.1208,1304.8837,1779.0422,1408.6529,1453.8039,1029.8078,1279.3879,1874.7158,1422.4135,1466.0551,1027.7591,1283.2471,1919.2023,1447.0560,1489.1903,1029.5739,1283.0688,1991.5497,1452.7075,1500.0516,1004.6756,1255.8686,2076.3362,1431.1897,1486.6951,946.8480,1195.6852,2151.0416,11.00000000000,49,037
49,045,01448036,49045,Tooele,Tooele County,06,H1,G4020,482,41620,,A,17978017875.00000000000,892840669.00000000000,+40.4676916,-113.1240153,49045,3628.6295,3618.3450,3589.0534,3618.2784,3648.2975,4671.4524,4650.6121,4565.1036,4650.5913,4734.5228,5170.5490,5137.9306,4968.7410,5138.6603,5306.0224,5515.6874,5469.1114,5206.0537,5467.5003,5732.9390,4925.6659,4876.7138,4524.3337,4872.1272,5228.7425,5603.8292,5540.6381,5041.7824,5531.6888,6036.2788,6137.2925,6063.7599,5397.2437,6051.3017,6721.1488,6643.5524,6560.4366,5844.9674,6546.2515,7258.6092,7036.1773,6947.9482,6162.1981,6931.5083,7707.7208,5984.2082,5969.7783,5030.3760,5769.0550,7019.1381,6445.9359,6507.8437,5229.4966,6144.1526,7882.9703,6577.4642,6709.5776,5080.0602,6149.0191,8384.2569,6391.9038,6596.2206,4671.8968,5804.6479,8506.6619,6365.1400,6559.8938,4598.1784,5741.7025,8588.1661,6466.5136,6654.3011,4600.0211,5733.0641,8899.6730,6380.2353,6587.7071,4411.6798,5515.1480,9119.1563,6154.7110,6392.9905,4071.0971,5141.4319,9250.3478,11.00000000000,49,045
06,091,00277310,06091,Sierra,Sierra County,06,H1,G4020,,,,A,2468813797.00000000000,23299108.00000000000,+39.5769252,-120.5219926,06091,151.4503,151.0333,149.8171,151.0300,152.2729,131.6056,131.0369,128.6374,131.0351,133.3877,126.5657,125.7888,121.6515,125.8041,129.8939,128.8622,127.8387,121.6900,127.7967,133.9791,107.6647,106.6282,98.9264,106.5292,114.3114,117.5525,116.2679,105.8258,116.0880,126.6360,97.1714,96.0362,85.5060,95.8455,106.4189,86.5657,85.5562,76.2992,85.3865,94.5842,113.3777,112.0218,99.4205,111.7704,124.2066,90.7635,90.6052,76.4055,87.5751,106.4751,92.1858,93.1071,74.8520,87.9149,112.7432,91.9433,93.8249,71.0729,85.9982,117.2038,87.6214,90.4549,64.0992,79.6122,116.6138,84.9652,87.5957,61.4321,76.6824,114.6421,84.1892,86.6640,59.9412,74.6782,115.8695,81.2021,83.8691,56.1949,70.2252,116.0626,78.4135,81.4725,51.9088,65.5324,117.8546,11.00000000000,06,091
06,033,00277281,06033,Lake,Lake County,06,H1,G4020,,17340,,A,3254227528.00000000000,188962335.00000000000,+39.0948019,-122.7467569,06033,3758.4499,3747.9773,3717.7301,3747.9003,3778.8473,3244.5155,3230.2334,3170.9429,3230.2056,3288.3754,3317.0533,3296.2097,3187.6858,3296.6684,3404.0093,3792.2443,3760.6292,3579.7487,3759.4937,3941.8735,3998.2697,3959.3338,3673.3120,3955.6411,4244.8104,3947.5023,3903.6630,3552.6237,3897.4870,4252.3288,3265.3480,3226.8015,2872.6323,3220.3038,3576.0551,3115.3386,3077.2874,2742.6081,3070.8248,3403.8088,3419.6511,3377.9982,2997.2363,3370.2620,3746.1769,3359.7320,3353.6048,2827.7729,3241.3786,3941.2548,2647.9692,2674.8967,2150.8807,2525.8726,3238.5414,2637.6413,2692.0834,2039.7260,2467.6715,3362.3636,2620.3328,2705.5206,1917.6700,2381.3823,3487.3949,2509.8033,2587.8993,1815.3335,2265.6376,3386.4691,2393.1158,2463.7688,1704.3932,2123.1501,3293.6678,2263.9764,2338.6026,1567.2310,1958.2686,3235.9314,2154.2401,2238.5111,1426.4951,1800.6450,3237.8125,11.00000000000,06,033
06,049,00277289,06049,Modoc,Modoc County,06,H1,G4020,,,,A,10146977156.00000000000,739774453.00000000000,+41.5929185,-120.7183704,06049,473.2394,471.9313,468.1282,471.9211,475.8092,406.5861,404.7711,397.3281,404.7693,412.0752,384.4918,382.1676,369.6059,382.2101,394.6228,426.2752,422.7242,402.3918,422.5964,443.0963,359.7736,356.3795,330.6443,356.0514,382.0300,398.5601,394.2399,358.8553,393.6365,429.3678,312.7511,309.1227,275.2504,308.5147,342.5176,285.6701,282.0771,251.2952,281.4633,312.1162,249.8791,246.7824,218.9112,246.2062,273.7324,191.7713,191.3305,161.2434,184.9031,224.9422,165.1770,166.8341,134.1297,157.5325,202.0125,152.6403,155.7824,118.0242,142.7935,194.5789,131.8744,136.1555,96.5007,119.8409,175.5109,114.5284,118.0914,82.8368,103.3856,154.5327,99.5280,102.4684,70.8880,88.3028,136.9815,80.1707,82.7975,55.4699,69.3253,114.5880,66.0071,68.5671,43.6691,55.1456,99.2070,11.00000000000,06,049
06,017,00277273,06017,El Dorado,El Dorado County,06,H1,G4020,472,40900,,A,4423396606.00000000000,203243236.00000000000,+38.7855320,-120.5343981,06017,12246.9912,12212.8838,12114.3323,12212.6316,12313.4590,11237.6437,11187.8383,10982.3070,11187.7652,11389.4592,11101.2570,11031.4002,10668.1821,11032.9467,11392.2193,12962.3722,12852.5013,12234.3112,12848.7436,13472.6697,13085.3762,12955.3543,12019.2320,12943.1705,13890.5347,14392.0239,14231.4091,12951.1420,14208.7436,15503.1496,13141.4022,12986.1675,11560.7309,12959.9937,14391.8313,12219.6780,12069.3160,10755.5737,12043.7396,13351.1161,11893.8129,11746.5717,10420.0892,11719.1748,13029.2071,10468.6033,10445.3014,8803.4916,10094.6205,12279.5506,10393.6040,10496.2201,8437.0786,9910.5023,12711.1722,10104.7501,10310.4204,7809.0782,9449.9535,12880.7957,9590.0189,9899.1798,7013.9057,8712.2180,12763.1028,9165.8564,9448.7633,6625.6640,8271.2300,12367.2529,8730.3531,8986.1309,6214.3632,7742.9858,12015.5092,8005.4486,8267.7457,5538.9491,6922.4793,11442.1828,7286.0325,7569.8067,4822.4451,6088.5804,10950.7948,11.00000000000,06,017
06,037,00277283,06037,Los Angeles,Los Angeles County,06,H1,G4020,348,31100,31084,A,10509869649.00000000000,1795012906.00000000000,+34.1963983,-118.2618616,06037,680905.8516,679005.4824,673524.1074,678991.6445,684600.7168,690275.5430,687223.0176,674601.7090,687218.0781,699602.8086,677773.0957,673524.0234,651351.2598,673616.5879,695546.3730,774420.5430,767891.8457,730957.2344,767664.9219,804930.2383,849329.5664,840938.7461,780178.8477,840149.7813,901621.7695,832957.2695,823671.5078,749579.8555,822361.6055,897268.0273,714651.9668,706203.4473,628680.6113,704778.5820,782651.7285,684829.3984,676430.3359,602828.7012,675002.5957,748240.3730,702683.6699,694028.4102,615700.0293,692418.8516,769767.8164,661595.8750,660190.2383,556484.5586,638043.7051,776060.5840,724690.8301,731888.4746,588347.6152,691060.3203,886289.5020,699441.4668,713721.1758,540613.1719,654171.6797,891602.0371,665534.2109,687032.1719,486828.4531,604669.4863,885745.6484,647841.3652,667877.9766,468371.4082,584661.2051,874119.2383,619688.8203,637883.3262,441169.9756,549654.1914,852875.4863,581962.5303,601066.1455,402721.5576,503279.9863,831801.2188,550835.8906,572320.5645,364639.8037,460344.5098,827899.7969,11.00000000000,06,037
06,001,01675839,06001,Alameda,Alameda County,06,H1,G4020,488,41860,36084,A,1914046110.00000000000,213184643.00000000000,+37.6480811,-121.9133039,06001,113033.1948,112717.2988,111807.1494,112715.0229,113646.4951,124287.6777,123737.1597,121464.1641,123736.3291,125966.8418,133403.3379,132566.7842,128202.5669,132585.0322,136901.4580,165048.2212,163658.2397,155786.4888,163609.7754,171551.5151,187638.8101,185785.3296,172361.9004,185611.0313,199191.6768,182719.7222,180679.9912,164425.5249,180392.1162,196826.2920,169093.9321,167095.1484,148752.6206,166758.0557,185183.3950,179757.7280,177551.1890,158230.1377,177176.0469,196402.0742,192791.3784,190414.7021,168922.3770,189972.6821,211196.6357,184978.5471,184587.1726,155592.9448,178395.5105,216982.6411,194432.1128,196364.8687,157854.5828,185411.2256,237788.7593,195754.7004,199752.0081,151304.3806,183085.9292,249535.3369,193140.2708,199379.1038,141279.3462,175477.1895,257046.3857,192393.5261,198343.5195,139094.4878,173630.0000,259592.6597,189766.8682,195337.5464,135097.4019,168318.9324,261175.3730,185198.5593,191276.2190,128155.5024,160157.1975,264704.8599,179839.1335,186851.5444,119045.5205,150292.6881,270295.9575,11.00000000000,06,001
47,035,01639736,47035,Cumberland,Cumberland County,06,H1,G4020,,18900,,A,1763847584.00000000000,9825917.00000000000,+35.9523984,-084.9947614,47035,3415.9075,3406.4048,3378.9224,3406.3341,3434.4479,3318.6850,3304.0606,3243.4066,3304.0333,3363.5430,2960.9037,2942.5871,2845.7712,2942.9631,3038.6857,3344.6263,3316.7755,3157.2437,3315.7717,3476.6147,3645.1033,3609.3545,3348.5929,3605.9784,3869.7009,4010.3052,3965.8280,3609.2365,3959.5649,4319.9986,3713.9187,3670.6560,3268.2861,3663.3967,4067.3751,3443.0116,3401.1675,3031.4728,3394.0678,3761.8355,3629.5846,3585.1295,3180.7687,3576.8676,3976.1261,3520.2092,3513.4842,2962.2919,3395.8254,4129.4342,3200.8379,3233.3905,2599.9673,3053.2523,3914.7160,3144.9566,3209.9259,2432.1381,2942.3656,4009.0763,3100.9763,3201.8813,2269.5815,2818.3099,4127.0901,3043.1595,3137.9934,2201.3533,2747.2865,4106.1372,2964.5644,3052.2871,2111.7302,2630.3858,4080.1738,2821.1058,2914.3421,1953.3372,2440.4764,4032.2613,2661.2533,2765.6185,1762.6939,2224.7574,3999.8669,11.00000000000,47,035
27,061,00659476,27061,Itasca,Itasca County,06,H1,G4020,,,,A,6909367239.00000000000,674021189.00000000000,+47.4908429,-093.6131284,27061,2606.0871,2598.8029,2577.8183,2598.7505,2620.2273,2627.9888,2616.2976,2568.2105,2616.2836,2663.4792,2780.8137,2763.1808,2672.1705,2763.5838,2853.6232,3163.5116,3136.8501,2985.9718,3135.9227,3288.1491,2830.4088,2802.1513,2599.6630,2799.5109,3004.4794,3116.3516,3081.3332,2803.9812,3076.3797,3356.8774,2779.8758,2746.9403,2445.3331,2741.3814,3044.3750,2852.9054,2817.8421,2511.1620,2811.8793,3117.0624,2982.0341,2944.5388,2611.4329,2937.5502,3266.6315,2807.1662,2801.2448,2361.2534,2707.2866,3292.8529,2546.2774,2571.4112,2066.9480,2427.9177,3114.0460,2492.0339,2542.7499,1925.8639,2330.5398,3176.6618,2421.9322,2500.0005,1771.3260,2200.2343,3223.2848,2309.4608,2380.7342,1669.4098,2084.0364,3116.0948,2248.3492,2314.2093,1600.3808,1994.0560,3094.3827,2126.3273,2195.9822,1471.1758,1838.6625,3039.1574,2003.7421,2081.7671,1326.1988,1674.4094,3011.5926,11.00000000000,27,061
47,025,01639733,47025,Claiborne,Claiborne County,06,H1,G4020,,,,A,1125555951.00000000000,18116086.00000000000,+36.5015565,-083.6607235,47025,2157.2924,2151.2854,2133.9261,2151.2409,2169.0007,2033.6045,2024.7429,1987.6270,2024.7192,2061.1208,1770.8687,1759.8250,1701.9038,1760.0601,1817.3390,1754.6907,1740.2052,1656.5044,1739.6701,1824.0162,1875.1950,1856.8990,1722.7536,1855.1657,1990.7998,1586.9253,1569.6890,1428.7809,1567.2798,1709.5806,1435.0447,1418.0405,1262.3414,1415.1704,1571.5859,1533.7845,1514.9773,1350.1380,1511.7804,1675.8037,1434.7841,1417.3982,1257.7245,1414.1710,1571.7956,1334.9393,1332.5440,1123.6439,1287.9618,1566.0082,1289.1197,1302.1730,1047.0224,1229.6088,1576.6209,1196.3162,1220.9524,925.0300,1119.1546,1525.0110,1125.3293,1161.8642,823.4780,1022.6468,1497.6937,1064.1027,1097.1698,769.5866,960.5257,1435.7862,993.4349,1022.7233,707.4589,881.3139,1367.2706,930.4576,961.0887,644.0375,804.7678,1329.9126,889.0425,923.7807,588.6352,743.0668,1336.2241,11.00000000000,47,025
47,153,01652643,47153,Sequatchie,Sequatchie County,06,H1,G4020,174,16860,,A,688567749.00000000000,481448.00000000000,+35.3723348,-085.4103438,47153,1036.9452,1034.0589,1025.7154,1034.0375,1042.5732,1082.2487,1077.4149,1057.6020,1077.4105,1096.8587,956.7632,950.7691,919.4701,950.8993,981.8547,999.3316,990.9867,943.3217,990.6884,1038.7530,991.4863,981.7794,910.8512,980.8617,1052.5891,1110.1242,1097.7919,999.0699,1096.0544,1195.8470,1000.9170,989.1835,880.6853,987.2104,1096.1665,1048.0184,1035.2670,922.7229,1033.1031,1145.0644,1056.2761,1043.3543,925.6920,1040.9532,1157.1279,908.9553,907.3934,765.2093,877.0538,1066.3060,886.2014,895.2053,719.8257,845.3291,1083.8482,867.3322,885.2421,670.7341,811.4510,1105.6426,835.5443,862.7321,611.5277,759.3803,1112.0260,811.0756,836.3537,586.7183,732.2215,1094.3851,790.0414,813.4215,562.7698,700.9876,1087.3458,747.1997,771.8982,517.3689,646.3908,1067.9873,704.8267,732.4711,466.8516,589.2261,1059.3557,11.00000000000,47,153
18,141,00452855,18141,St. Joseph,St. Joseph County,06,H1,G4020,515,43780,,A,1185826798.00000000000,9156284.00000000000,+41.6176989,-086.2881592,18141,15527.0162,15483.8445,15358.9344,15483.5219,15611.2955,15586.0830,15517.3158,15232.4138,15517.1933,15796.7331,15412.6508,15316.5438,14812.4326,15318.5894,15817.1082,17261.4395,17116.1232,16292.8602,17111.0517,17941.6158,17804.4547,17629.8835,16356.1976,17613.3943,18901.5271,14517.4261,14353.7905,13061.4796,14330.6189,15637.7615,14089.5344,13922.0871,12393.0154,13893.7953,15430.0643,16639.5675,16433.3465,14643.1079,16398.2176,18180.1635,17117.2364,16905.5088,14996.6351,16866.1165,18751.2855,16169.8706,16134.3284,13598.7378,15592.7707,18967.1810,15439.1572,15590.8581,12531.5619,14720.6198,18881.6647,15222.1163,15531.1735,11762.4941,14234.7395,19403.9461,14718.9646,15192.6758,10763.7297,13370.6996,19589.0107,14314.1257,14755.1228,10345.7572,12915.9728,19313.6065,13820.8625,14224.9550,9836.4010,12256.7325,19021.4670,13580.1072,14024.2346,9394.5849,11741.9722,19409.9819,13143.8843,13655.0218,8698.2101,10982.7346,19755.0079,11.00000000000,18,141
18,079,00450364,18079,Jennings,Jennings County,06,H1,G4020,294,35860,,A,975346383.00000000000,4563811.00000000000,+38.9962339,-085.6281106,18079,2008.1263,2002.4975,1986.3196,2002.4578,2019.0197,1938.5584,1929.9557,1894.4946,1929.9438,1964.7444,1567.1300,1557.3056,1506.0384,1557.5197,1608.2251,1531.4115,1518.4788,1445.4419,1518.0316,1591.7301,1642.0703,1625.6868,1508.2127,1624.1552,1743.0645,1959.9519,1937.9806,1763.5757,1934.8752,2111.2400,1696.7651,1676.6633,1492.5708,1673.2706,1858.2089,1403.8512,1386.5082,1235.5184,1383.5558,1533.8319,1375.1054,1358.1923,1204.9314,1355.0476,1506.3876,1221.4773,1218.8287,1027.3183,1177.9278,1432.7959,1070.3463,1081.0278,869.0605,1020.7387,1309.0310,995.0278,1015.3886,769.1593,930.6852,1268.4016,927.2538,957.2354,678.3232,842.4913,1234.0654,876.1695,903.2992,633.5004,790.7617,1182.2006,820.0251,844.1357,583.8535,727.3926,1128.6003,732.3982,756.4627,506.8640,633.4048,1046.8210,653.0130,678.4978,432.3050,545.7541,981.4717,11.00000000000,18,079
47,043,01639740,47043,Dickson,Dickson County,06,H1,G4020,400,34980,,A,1268824458.00000000000,3688818.00000000000,+36.1455325,-087.3641546,47043,3620.9690,3610.9205,3581.8008,3610.8443,3640.6260,3569.9738,3554.1708,3488.8875,3554.1462,3618.2081,3403.1750,3381.8272,3270.4929,3382.2934,3492.4094,3838.2196,3806.2354,3623.1615,3805.0852,3989.6718,4047.7037,4008.0497,3718.4876,4004.3023,4297.1364,4339.5916,4291.3652,3905.4408,4284.5696,4674.6857,3968.4897,3921.5657,3491.0715,3913.6513,4346.0937,3947.1904,3898.7552,3474.5113,3890.5212,4312.6744,3975.9029,3927.2469,3484.3413,3918.2051,4355.5148,3698.4799,3691.2899,3112.0847,3567.6432,4338.5271,3410.1418,3444.4835,2769.3854,3252.4800,4170.6455,3365.1531,3434.3234,2601.8175,3147.9401,4289.7327,3286.0237,3392.6193,2404.4500,2986.0747,4373.3406,3182.1273,3280.9852,2301.3501,2872.3532,4293.6193,3067.3867,3157.8683,2184.4763,2721.2576,4221.6671,2893.3625,2988.7311,2002.9154,2502.6635,4135.5211,2728.3297,2835.0965,1806.7140,2280.5510,4100.6689,11.00000000000,47,043
18,113,00450377,18113,Noble,Noble County,06,H1,G4020,258,28340,,A,1064077860.00000000000,17068252.00000000000,+41.4007941,-085.4178497,18113,3038.7849,3030.2198,3005.7142,3030.1620,3055.2626,3043.6837,3030.1045,2974.3909,3030.0908,3084.7769,2896.7331,2878.5311,2783.7590,2878.9317,2972.6708,2867.3843,2843.2284,2706.4728,2842.3870,2980.3612,2896.9259,2868.3152,2661.0731,2865.6243,3075.2921,3209.9767,3173.9835,2888.3416,3168.8960,3457.7513,3191.6573,3153.5119,2806.9689,3147.0547,3495.2987,2942.5380,2906.2658,2589.8549,2900.0937,3214.9881,3025.8022,2988.2917,2650.7849,2981.3110,3314.6417,2565.2722,2559.7446,2157.5741,2473.8552,3009.0789,2394.2114,2417.9184,1943.6382,2283.0133,2928.0844,2333.8116,2381.3920,1803.7363,2182.6772,2974.9816,2205.9676,2277.1722,1613.5435,2004.1611,2935.8717,2130.4484,2196.3029,1540.1920,1922.6317,2874.5677,2063.0708,2123.6193,1468.7018,1829.8798,2839.3949,1931.6961,1995.0994,1336.7331,1670.5181,2760.9799,1779.3108,1848.7231,1177.8821,1487.0206,2674.2837,11.00000000000,18,113
18,177,00450336,18177,Wayne,Wayne County,06,H1,G4020,,39980,,A,1040502885.00000000000,6736566.00000000000,+39.8630908,-085.0067352,18177,4093.9322,4082.5603,4049.6314,4082.4747,4116.1552,3977.0820,3959.5504,3886.8602,3959.5180,4030.8378,3707.6730,3684.4362,3563.1442,3684.9418,3804.9036,3728.5301,3697.6846,3519.8324,3696.5519,3875.7975,3640.0804,3604.4780,3344.0771,3601.1102,3864.4325,3196.4241,3160.7532,2876.4105,3155.7194,3443.2020,2971.2437,2936.0937,2613.7650,2930.1642,3253.9574,3101.3714,3063.7756,2730.8505,3057.4001,3388.5649,3176.7941,3138.1014,2784.3824,3130.9149,3480.1309,2711.5603,2706.3451,2281.7425,2615.7062,3180.8281,2472.2466,2497.2148,2007.8436,2358.0365,3023.5997,2319.1667,2366.9481,1793.2925,2169.6097,2956.3738,2139.3482,2208.8541,1565.5883,1944.2027,2847.2496,1967.6673,2028.8915,1423.2039,1776.2400,2654.9666,1816.9673,1870.6461,1294.1187,1612.0417,2500.7121,1699.1430,1755.2074,1176.3269,1469.7764,2428.6115,1557.3802,1618.3718,1031.3892,1301.8378,2340.7393,11.00000000000,18,177
18,121,00450380,18121,Parke,Parke County,06,H1,G4020,,,,A,1151671026.00000000000,13769482.00000000000,+39.7742496,-087.1969502,18121,908.7242,906.1764,898.8552,906.1585,913.6537,849.3965,845.5446,829.9647,845.5452,860.8465,696.3341,691.8340,669.0280,691.9447,714.5185,845.8367,838.3835,798.0574,838.1577,878.9540,830.3094,821.7202,762.3149,820.9343,881.1760,879.3050,869.1910,790.8060,867.7490,947.1036,887.7658,877.3533,781.1163,875.6020,972.2469,863.0588,852.6054,759.9659,850.8330,942.9804,930.3145,918.9217,815.2797,916.8044,1019.1383,888.5063,886.9418,747.9263,857.2759,1042.3079,691.4201,698.4920,561.6951,659.5902,845.6330,703.2004,717.7604,543.8749,657.9435,896.4183,724.2383,747.8319,530.1109,658.2550,963.8913,730.1426,752.9140,528.1999,659.1770,985.1836,742.9988,764.9898,529.2652,659.2515,1022.6007,731.5780,755.7503,506.5349,632.8645,1045.6583,691.7855,718.9057,458.1910,578.3082,1039.7538,11.00000000000,18,121
47,175,01648584,47175,Van Buren,Van Buren County,06,H1,G4020,,,,A,708142475.00000000000,2893424.00000000000,+35.6992446,-085.4584114,47175,390.0460,388.9598,385.8211,388.9518,392.1629,420.9779,419.1186,411.4224,419.1154,426.6670,401.5749,399.0437,385.9039,399.1001,412.0977,359.2559,356.2561,339.1207,356.1488,373.4279,378.3982,374.6239,347.5532,374.2710,401.6720,409.9786,405.3371,368.8305,404.6788,441.6114,359.2240,354.8622,315.8049,354.1199,393.3912,380.4747,375.6729,334.6610,374.8520,415.6964,364.2959,359.5713,318.7465,358.6878,399.0458,338.5651,337.7596,284.6203,326.4060,397.1204,314.4224,317.3978,255.0087,299.6463,384.5114,289.5475,295.3117,223.5398,270.6219,369.0784,271.1288,279.7424,198.0795,246.1523,360.8270,260.4986,268.4154,188.0916,234.9157,351.4729,247.9896,255.1362,176.3137,219.7922,341.2964,227.9910,235.3503,157.5504,197.0098,325.8596,213.0035,221.1998,140.8041,177.8742,320.1348,11.00000000000,47,175
27,077,00659483,27077,Lake of the Woods,Lake of the Woods County,06,H1,G4020,,,,A,3361466280.00000000000,1234895902.00000000000,+48.7681003,-094.9046335,27077,217.5981,216.9899,215.2378,216.9856,218.7787,193.5304,192.6696,189.1284,192.6685,196.1440,224.7575,223.3156,215.9565,223.3501,230.6329,221.1297,219.2183,208.6741,219.1568,229.8114,202.5625,200.5098,186.0180,200.3197,215.0001,259.3494,256.3836,233.2736,255.9616,279.3515,186.5565,184.3667,164.1420,183.9983,204.3094,190.2597,187.9317,167.4885,187.5361,207.8769,184.1037,181.8504,161.3414,181.4316,201.6815,170.8739,170.5004,143.7074,164.7780,200.4348,161.4216,163.0264,131.0546,153.9326,197.4172,159.1069,162.3579,122.9818,148.8124,202.8193,152.5066,157.4372,111.5638,138.5650,202.9682,149.3261,153.9505,107.9690,134.7708,201.4833,148.1087,152.4639,105.4534,131.3785,203.8420,141.4575,146.1098,97.9051,122.3432,202.1863,135.8271,141.1343,89.9310,113.5249,204.1471,11.00000000000,27,077
27,025,00659458,27025,Chisago,Chisago County,06,H1,G4020,378,33460,,A,1074486739.00000000000,71347419.00000000000,+45.5054439,-092.9038486,27025,3838.1936,3827.3419,3796.3725,3827.2702,3859.0013,3113.4342,3099.5304,3042.5333,3099.5175,3155.4653,2796.8730,2778.9942,2687.4304,2779.4162,2870.0219,3163.3590,3136.3435,2985.4883,3135.4402,3287.7635,3067.1836,3035.8882,2816.4502,3033.0012,3255.3714,3610.6944,3569.7169,3248.1475,3563.9009,3889.2568,3550.6072,3507.3657,3121.2184,3499.9994,3888.3048,3160.2864,3119.5869,2778.2084,3112.6014,3452.7964,2776.5017,2740.2948,2428.9643,2733.5199,3041.3262,2362.5595,2355.5902,1983.6973,2276.0444,2770.8400,2185.1377,2204.4716,1769.8763,2080.7636,2672.0161,2018.4823,2057.3121,1555.9624,1884.8455,2572.7409,1862.6083,1920.4380,1358.4714,1689.3385,2478.7003,1682.3856,1732.1641,1212.4248,1515.4440,2269.8073,1528.5054,1571.2228,1084.3936,1353.0188,2103.5031,1277.1005,1317.0288,880.2321,1101.9339,1825.2247,1028.5451,1066.8928,677.7161,857.4033,1545.7817,11.00000000000,27,025
27,113,00659502,27113,Pennington,Pennington County,06,H1,G4020,,,,A,1596909321.00000000000,4351512.00000000000,+48.0692470,-096.0377254,27113,764.8207,762.6448,756.4666,762.6311,768.9650,906.9759,902.9297,886.3280,902.9256,919.2212,874.8569,869.3385,840.7118,869.4619,897.7793,1054.9672,1046.1132,995.7966,1045.8013,1096.5549,1173.7190,1161.9589,1077.9900,1160.8623,1245.8750,1162.6769,1149.5163,1045.9869,1147.6500,1252.3866,1130.0651,1116.5024,993.7581,1114.2032,1237.5683,1067.6557,1054.4242,939.5563,1052.1703,1166.5060,1146.3304,1131.8252,1003.6917,1129.1198,1255.7220,1101.4871,1098.7894,925.8445,1061.8334,1291.9720,1005.6259,1015.2554,815.7997,958.5089,1229.8120,995.8241,1015.8101,769.0903,930.9378,1269.3694,976.5234,1007.7467,713.7644,886.8164,1299.6064,944.7911,973.7216,682.5567,852.2819,1274.7616,911.5486,938.0388,648.4724,808.1822,1254.5391,873.0918,901.4954,603.7305,754.7261,1247.8954,826.2417,858.2379,546.5409,690.2238,1241.8172,11.00000000000,27,113
27,085,00659491,27085,McLeod,McLeod County,06,H1,G4020,378,26780,,A,1272903896.00000000000,36406906.00000000000,+44.8216437,-094.2723203,27085,2177.5660,2171.4391,2153.8843,2171.3972,2189.3753,1998.2461,1989.3554,1952.7907,1989.3448,2025.2316,1834.0342,1822.3902,1762.3631,1822.6576,1882.0462,1935.3635,1919.0142,1826.7120,1918.4494,2011.5893,1701.7304,1684.7915,1563.0500,1683.2059,1806.4202,1878.6132,1857.6308,1690.5062,1854.6690,2023.6452,1653.5814,1633.9541,1454.5181,1630.6393,1810.9120,1680.0075,1659.3333,1478.7134,1655.8167,1835.5618,1592.6811,1572.8724,1395.1614,1569.1848,1744.7088,1326.3926,1323.6699,1115.8332,1279.2923,1555.8990,1238.9707,1251.2396,1005.8070,1181.4283,1515.2425,1179.5840,1203.6262,911.6555,1103.1877,1503.6514,1112.5770,1148.4774,813.7688,1010.7816,1480.7023,1048.8522,1081.2595,758.2361,946.5233,1415.1921,1008.3680,1037.9494,717.8354,894.3748,1387.8112,930.9824,961.5184,644.2018,805.0808,1330.6549,868.0311,901.8597,574.5654,725.3965,1304.6387,11.00000000000,27,085
27,033,00659462,27033,Cottonwood,Cottonwood County,06,H1,G4020,,,,A,1653992908.00000000000,25772471.00000000000,+44.0107107,-095.1831303,27033,590.0865,588.4312,583.6765,588.4196,593.2874,509.2681,507.0327,497.7295,507.0279,516.1543,552.2637,548.7904,530.7214,548.8671,566.7395,630.7692,625.4998,595.4142,625.3117,655.6503,569.5701,563.9422,523.1959,563.4131,604.6372,678.5551,671.0710,610.7574,670.0192,730.9682,590.4494,583.3843,519.2682,582.1879,646.6214,617.6078,610.1604,543.8967,608.8988,674.8018,594.3277,587.1049,520.9443,585.7637,651.0791,629.0862,627.8344,529.2925,606.7962,737.9469,508.5643,513.7218,413.0696,485.0969,621.9862,514.8025,525.4182,398.0866,481.6159,656.2492,522.8473,539.8368,382.6273,475.1578,695.8555,513.1811,529.1518,371.1865,463.2594,692.4336,517.9908,533.2924,368.9319,459.5677,712.9163,504.6304,521.2817,349.3599,436.5114,721.2761,498.2272,517.7361,329.9499,416.4719,748.8343,11.00000000000,27,033
27,045,00659468,27045,Fillmore,Fillmore County,06,H1,G4020,,,,A,2230756787.00000000000,2045248.00000000000,+43.6772699,-092.0936807,27045,1133.2085,1129.9846,1120.8307,1129.9644,1139.3491,1121.4681,1116.4044,1095.8453,1116.4036,1136.5920,1151.8258,1144.4980,1106.7964,1144.6677,1181.9702,1288.6972,1277.6036,1216.1519,1277.2417,1339.3213,1052.2821,1041.6351,966.3522,1040.6480,1116.9042,1232.2573,1218.0866,1108.2396,1216.0664,1327.2710,1149.7204,1135.5127,1010.3138,1133.0809,1259.0464,1152.5127,1137.5481,1012.9435,1134.9757,1259.1799,1287.4595,1270.5324,1126.0429,1267.3624,1410.2416,1167.0173,1163.6036,979.9252,1124.3177,1368.6999,875.9373,883.9713,709.9722,834.4534,1071.1541,850.8986,867.6082,656.5181,794.9924,1084.5896,805.0438,830.4116,587.7878,730.6221,1071.3598,745.7256,768.2072,538.1333,672.2585,1006.1404,715.2667,735.7228,508.2605,633.7393,984.3753,659.9680,681.1462,455.8416,570.1296,943.2606,605.1910,628.3777,399.8760,505.2569,909.5691,11.00000000000,27,045
47,015,01648572,47015,Cannon,Cannon County,06,H1,G4020,400,34980,,A,687991703.00000000000,156872.00000000000,+35.8083940,-086.0624044,47015,997.7698,994.9718,986.9328,994.9521,1003.1822,905.6884,901.7091,885.1623,901.7008,917.9338,878.5815,873.1304,844.3994,873.2439,901.6526,952.1978,944.3823,898.9593,944.0888,989.8467,1073.8322,1063.5322,986.7166,1062.5464,1140.1502,1068.0996,1056.3887,961.4886,1054.7463,1150.6223,893.9227,883.4906,786.6272,881.7390,978.9958,842.1293,832.1065,741.8714,830.4134,920.1231,852.2242,841.9687,747.1917,840.0666,933.6141,764.1874,762.8839,643.3529,737.3787,896.4794,734.6152,742.3043,597.0932,701.0166,898.4908,714.1100,729.0849,552.6437,668.3890,910.3485,678.7608,701.0758,497.1708,617.1754,903.3832,647.2844,667.6841,468.6254,584.6423,873.4017,601.5231,619.5522,428.8817,534.0084,827.9036,555.2380,573.8083,384.8367,480.5999,793.6279,522.4166,543.1018,346.3778,436.9732,785.2051,11.00000000000,47,015
27,005,00659448,27005,Becker,Becker County,06,H1,G4020,,,,A,3406359731.00000000000,336647129.00000000000,+46.9376289,-095.7417568,27005,1828.2872,1823.1450,1808.4068,1823.1096,1838.2026,1797.8858,1789.8513,1756.9347,1789.8442,1822.1555,1973.1006,1960.6762,1896.1175,1960.9520,2024.8107,2234.7089,2215.9005,2109.3185,2215.2434,2322.7691,2093.2887,2072.7862,1923.0380,2070.8484,2222.2872,2270.3758,2245.2464,2043.3951,2241.7103,2445.7190,2399.0248,2370.8307,2110.7239,2366.0855,2627.3134,2436.0117,2406.3113,2144.6593,2401.2688,2661.5816,2510.6363,2480.0590,2200.5148,2474.3800,2750.3651,2396.1028,2391.8690,2016.9637,2311.8633,2810.8678,1959.9013,1979.7061,1591.7597,1869.3737,2396.9944,2017.0822,2058.5906,1559.6198,1886.9438,2571.2836,2039.9790,2106.1830,1492.7434,1853.8054,2714.9930,1987.0562,2048.8124,1437.1048,1793.6520,2681.1215,1954.8688,2012.5475,1392.2081,1734.2960,2690.5016,1888.2432,1950.4840,1307.1304,1633.2709,2698.8911,1780.4554,1850.1312,1179.0301,1488.2459,2676.0176,11.00000000000,27,005
47,087,01639758,47087,Jackson,Jackson County,06,H1,G4020,,18260,,A,798545703.00000000000,29019623.00000000000,+36.3542420,-085.6741819,47087,761.2886,759.1523,753.0178,759.1373,765.4180,740.4773,737.1524,723.5873,737.1506,750.4685,627.6657,623.7257,603.1912,623.8120,644.1222,574.9732,570.1126,542.6908,569.9450,597.6168,659.9491,653.2878,606.0737,652.6694,700.4882,776.9867,768.2563,699.1056,767.0214,836.9562,691.4498,683.2921,608.2991,681.9173,757.2437,584.4408,576.9747,513.8966,575.6953,638.5390,566.4620,559.2070,495.8098,557.8520,620.5075,497.2732,496.0813,418.0250,479.4034,583.2752,502.3052,507.0743,407.4165,478.7194,614.2783,469.2532,478.6175,362.3178,438.6100,598.1470,432.9527,446.7262,316.3362,393.0927,576.1890,418.0401,430.7640,301.8769,377.0099,564.0347,398.6162,410.1232,283.4392,353.3167,548.5982,356.4078,367.9272,246.3175,307.9949,509.4024,317.5419,329.7695,209.9236,265.1824,477.2519,11.00000000000,47,087
18,073,00450494,18073,Jasper,Jasper County,06,H1,G4020,176,16980,23844,A,1449421191.00000000000,4560879.00000000000,+41.0176883,-087.1188137,18073,1973.5958,1968.0724,1952.1769,1968.0330,1984.3032,2052.4653,2043.4004,2005.8781,2043.3849,2080.2023,1995.4467,1982.8547,1917.5594,1983.1367,2047.7272,1953.6009,1937.1584,1843.9837,1936.5841,2030.5840,1877.1906,1858.7145,1724.4239,1856.9733,1992.8126,1801.1887,1781.0577,1620.8137,1778.2155,1940.2395,1806.1656,1784.9800,1589.1840,1781.4166,1978.0430,1880.7423,1857.8990,1655.9660,1854.0237,2054.9004,1897.9166,1874.7677,1663.4151,1870.4677,2079.1357,1633.8058,1630.3220,1374.2116,1575.6283,1916.4723,1590.8510,1606.7384,1291.7011,1517.1339,1945.6087,1537.4026,1568.8671,1188.4261,1437.9947,1959.7893,1446.8914,1493.6941,1058.4919,1314.6519,1925.6436,1387.7546,1430.7331,1003.4076,1252.4883,1872.4744,1337.5965,1376.9155,952.3451,1186.4857,1840.9329,1279.0685,1321.0891,885.1825,1106.1779,1828.1798,1196.2674,1242.9494,791.9407,999.7727,1797.9770,11.00000000000,18,073
27,123,00659507,27123,Ramsey,Ramsey County,06,H1,G4020,378,33460,,A,394228284.00000000000,46271710.00000000000,+45.0152499,-093.1001408,27123,30590.7523,30505.3398,30259.0622,30504.7192,30756.7449,30919.7299,30782.4059,30216.7518,30782.2251,31337.3588,34826.3536,34607.1001,33467.6080,34611.9636,35739.0908,45838.9998,45454.0134,43267.7374,45440.4814,47645.8394,49601.4973,49111.7144,45563.2932,49065.6462,52655.5642,41965.3602,41492.2711,37756.5635,41425.2762,45203.8807,37359.9246,36913.6308,32857.3416,36838.0934,40914.2219,43878.2455,43336.5836,38617.6619,43244.3868,47940.8959,49065.8805,48458.0313,42985.4629,48344.9215,53749.7021,49590.7510,49482.4150,41706.6461,47821.6917,58169.8765,52185.4384,52699.5247,42359.8862,49758.3945,63821.5747,53457.1133,54543.8826,41310.0795,49991.4255,68143.0593,53707.0515,55437.0248,39277.5940,48789.3142,71477.1704,53821.4131,55481.1140,38902.9281,48566.2919,72619.7056,53750.4724,55323.6411,38257.4094,47669.4982,73976.1824,54158.0398,55930.7764,37468.7227,46829.4086,77407.9324,54473.9197,56593.7117,36051.6608,45518.9254,81873.3501,11.00000000000,27,123
18,027,00450343,18027,Daviess,Daviess County,06,H1,G4020,,47780,,A,1112366267.00000000000,19132567.00000000000,+38.6961554,-087.0769883,18027,1790.4976,1785.4780,1771.0528,1785.4427,1800.2104,1862.8935,1854.5289,1820.4021,1854.5244,1888.0295,1896.4552,1884.4927,1822.4376,1884.7601,1946.1448,2224.3563,2205.3172,2099.2433,2204.6849,2311.8056,2367.0399,2343.4860,2174.1485,2341.2807,2512.6642,2488.5054,2460.3087,2238.7064,2456.3088,2680.5050,2415.9024,2386.9970,2124.6591,2382.1020,2645.7378,2621.4571,2588.9099,2306.8174,2583.3638,2864.1648,2896.6629,2860.5592,2537.2799,2853.8364,3173.1514,2763.9132,2757.1512,2323.1939,2664.4207,3241.8904,1946.4474,1965.3110,1579.4224,1855.5319,2380.4091,2027.2040,2068.1019,1566.0126,1895.3819,2584.0873,2042.9595,2108.4559,1493.5476,1855.5052,2718.8886,1985.8139,2046.7511,1434.8587,1791.5378,2679.3755,1921.1851,1977.1274,1366.9194,1703.4708,2644.0828,1837.3858,1897.2632,1270.7087,1588.4196,2626.1517,1732.5016,1799.6844,1146.1756,1447.4056,2603.9051,11.00000000000,18,027
27,133,00659512,27133,Rock,Rock County,06,H1,G4020,,,,A,1249552632.00000000000,698235.00000000000,+43.6695866,-096.2632376,27133,473.8569,472.5383,468.7257,472.5285,476.4288,549.8745,547.4569,537.4100,547.4520,557.3087,557.8457,554.3724,536.1275,554.4458,572.4875,581.9994,577.1458,549.3860,576.9716,604.9621,444.8807,440.4436,408.6167,440.0287,472.2438,589.1040,582.5695,530.1867,581.6494,634.5970,550.7500,544.2779,484.5649,543.1886,603.1588,585.5785,578.5101,515.6765,577.3125,639.8061,619.5944,611.9563,542.8840,610.5357,678.7454,505.7392,504.9363,425.8786,488.0712,593.3046,450.9854,455.5148,366.2251,430.1196,551.5588,446.3705,455.5313,345.0930,417.5403,569.0095,432.9507,446.9797,316.7722,393.4114,576.2089,416.9923,429.9269,301.5392,376.3736,562.6426,420.5417,432.9224,299.4511,373.0561,578.7927,401.9889,415.2109,278.2251,347.6720,574.5660,381.5305,396.4316,252.5994,318.8771,573.4370,11.00000000000,27,133
18,119,00450379,18119,Owen,Owen County,06,H1,G4020,,14020,,A,997892586.00000000000,6570749.00000000000,+39.3173394,-086.8388453,18119,1346.3160,1342.5659,1331.7317,1342.5383,1353.6227,1182.5142,1177.2734,1155.6460,1177.2658,1198.4895,1056.4769,1049.8083,1015.2379,1049.9579,1084.1555,1106.6883,1097.2759,1044.4981,1096.9573,1150.2356,1125.7223,1114.4581,1033.9232,1113.4070,1194.9376,1070.2620,1058.0319,962.6682,1056.2920,1152.8075,945.8203,934.3668,831.5548,932.4193,1035.7847,853.5406,842.7132,750.6594,840.8603,932.5523,804.5259,794.2900,704.3115,792.3798,881.2931,728.7560,726.9430,612.4982,702.4858,854.7761,652.3547,658.5353,529.0978,621.7069,797.7745,599.6525,611.6041,462.9750,560.4752,764.3624,550.0191,567.5070,401.8537,499.3690,731.9844,508.7708,524.2444,367.3751,458.8203,686.4508,468.5479,482.0607,333.1422,415.2849,644.8412,426.6197,440.4029,294.8321,368.6626,609.7536,385.2374,400.0704,254.6740,321.7140,578.9953,11.00000000000,18,119
47,009,01639726,47009,Blount,Blount County,06,H1,G4020,314,28940,,A,1447041818.00000000000,20307831.00000000000,+35.6881849,-083.9229731,47009,9109.7011,9084.4308,9011.1754,9084.2389,9159.1565,8977.2360,8937.7761,8773.7551,8937.6948,9098.6080,8167.6301,8116.8564,7849.7428,8117.9224,8382.0522,8582.0664,8511.1653,8101.7935,8508.5515,8921.0983,9220.7588,9131.1037,8471.4859,9122.5927,9789.4189,9574.9005,9469.2710,8618.1917,9454.4253,10314.4808,9119.8676,9013.4239,8025.2059,8995.5517,9987.7887,9255.7477,9143.5459,8149.9622,9124.5191,10112.8495,9286.1915,9173.5859,8140.0727,9152.6818,10172.9454,8599.4759,8581.9744,7234.6149,8294.2935,10087.4839,8842.7872,8931.7859,7181.1602,8433.8918,10814.8292,8636.2893,8813.7775,6677.2216,8078.7985,11009.1158,8349.9183,8620.7734,6109.7900,7587.7251,11112.8334,8223.8659,8479.3105,5947.5177,7423.2332,11096.3934,8040.6030,8277.7138,5726.0891,7133.1987,11066.3360,7735.9823,7990.8661,5355.0110,6691.2409,11057.1342,7385.1731,7674.0601,4890.2959,6172.9637,11099.8794,11.00000000000,47,009
27,091,00659490,27091,Martin,Martin County,06,H1,G4020,,21860,,A,1844971122.00000000000,44621825.00000000000,+43.6771180,-094.5371975,27091,1073.5493,1070.5476,1061.9027,1070.5261,1079.3740,1029.1226,1024.5745,1005.7590,1024.5669,1043.0293,978.9315,972.7915,940.7661,972.9256,1004.6005,1142.3337,1132.7418,1078.2585,1132.4044,1187.3625,959.8702,950.3028,881.6336,949.4079,1018.9125,1103.0463,1090.8234,992.7478,1089.1028,1188.2316,1021.8307,1009.7566,898.9168,1007.7207,1119.0594,954.5764,943.1011,840.7153,941.1585,1042.9778,1000.6772,988.4520,876.9980,986.1806,1096.2225,879.3202,877.4250,739.5693,847.9839,1031.4475,787.2629,795.1987,639.3519,750.8749,962.8334,772.4437,788.3256,597.2339,722.5897,984.6740,736.9327,760.8425,539.2362,669.6708,980.7777,704.2523,726.1297,509.3209,635.6929,950.2419,693.4844,713.9315,493.8571,615.2188,954.4470,658.0438,679.7167,455.4975,569.1650,940.5494,620.1567,644.4045,410.6342,518.3501,932.0919,11.00000000000,27,091
27,167,00659528,27167,Wilkin,Wilkin County,06,H1,G4020,244,47420,,A,1944970552.00000000000,550670.00000000000,+46.3623354,-096.4766570,27167,374.6247,373.5567,370.5294,373.5501,376.6544,321.3588,319.9020,314.0077,319.9021,325.6909,319.8063,317.7634,307.2939,317.8115,328.1713,398.4313,395.0460,376.0447,394.9311,414.1114,371.2948,367.5435,340.9803,367.1954,394.1002,410.3012,405.6914,369.1754,405.0393,441.9692,369.9340,365.5047,325.3318,364.7544,405.1271,306.2428,302.2907,269.2026,301.6121,334.5876,332.8226,328.5917,291.3720,327.8022,364.5808,305.7515,305.0347,257.0542,294.7840,358.6342,277.4480,280.1170,225.0973,264.4640,339.3020,274.4890,280.0049,212.0042,256.6125,349.8899,265.5655,274.0565,194.1079,241.1695,353.4279,249.4134,257.0437,180.1746,224.9832,336.5210,238.0459,244.9547,169.3293,211.0410,327.6153,218.7321,225.8379,151.2324,189.0659,312.6293,201.2683,209.0525,133.1170,168.1229,302.4997,11.00000000000,27,167
27,151,00659520,27151,Swift,Swift County,06,H1,G4020,,,,A,1921985452.00000000000,26172205.00000000000,+45.2754495,-095.6903976,27151,524.5508,523.0673,518.8346,523.0575,527.3944,457.0125,455.0206,446.6794,455.0153,463.1962,465.6093,462.6893,447.4572,462.7531,477.8185,499.5650,495.4339,471.6044,495.2821,519.2977,479.3062,474.5345,440.2450,474.0879,508.7925,541.7512,535.8435,487.7268,535.0166,583.6169,408.5485,403.8309,359.6008,403.0418,447.4352,412.3774,407.4534,363.2525,406.6210,450.5688,432.5097,427.3200,379.2339,426.3578,473.8174,402.4015,401.6883,338.7250,388.2516,472.0566,345.4132,348.9581,280.6273,329.5269,422.4554,339.9653,347.0169,262.9605,318.1014,433.3789,330.6152,341.4002,242.0208,300.5120,440.0182,313.4715,323.2658,226.8024,283.0266,422.9696,303.4611,312.4632,216.2021,269.2823,417.6599,281.7825,291.1138,195.1393,243.7870,402.7585,268.0127,278.5364,177.5430,224.0697,402.8242,11.00000000000,27,151
18,053,00450355,18053,Grant,Grant County,06,H1,G4020,,31980,,A,1072446955.00000000000,2133494.00000000000,+40.5157575,-085.6549455,18053,3925.5565,3914.5924,3882.9872,3914.5131,3946.8569,3785.2016,3768.5433,3699.3742,3768.5105,3836.3717,3394.2392,3373.0718,3262.0538,3373.5224,3483.3092,3416.1037,3387.9603,3225.0056,3386.9145,3551.1061,3507.6821,3474.0075,3223.0881,3470.7863,3724.2911,2344.0668,2318.2056,2109.8487,2314.5708,2525.1257,2392.0691,2363.6116,2103.9889,2358.8018,2619.6559,2916.8696,2881.5777,2568.5184,2875.5953,3186.9817,3044.3662,3007.3409,2668.4170,3000.4655,3335.0648,2729.9734,2725.1162,2297.9451,2633.9546,3202.5231,2596.9902,2623.4796,2109.6123,2477.3448,3176.2058,2528.7932,2581.0986,1955.7447,2365.9759,3223.6214,2394.0781,2472.0533,1752.3320,2175.9392,3186.2857,2275.9635,2346.9476,1646.4817,2054.7559,3070.9645,2150.5754,2214.2500,1531.9732,1908.2016,2959.8718,2104.4814,2174.0392,1457.1557,1820.5476,3007.9764,2028.8806,2108.4269,1343.8041,1696.0819,3049.4090,11.00000000000,18,053
47,183,01639799,47183,Weakley,Weakley County,06,H1,G4020,542,32280,,A,1503135455.00000000000,3679548.00000000000,+36.3035229,-088.7207846,47183,1910.7623,1905.4039,1890.0089,1905.3662,1921.1272,1736.1533,1728.4303,1696.6625,1728.4210,1759.5999,1629.5347,1619.3370,1566.0316,1619.5574,1672.2763,1703.8476,1689.6016,1608.3342,1689.0942,1771.0492,1611.2489,1595.3922,1480.1265,1593.8977,1710.4919,1331.9166,1317.3173,1198.9796,1315.2701,1434.8234,919.9302,909.0457,809.2478,907.2094,1007.4612,1209.3758,1194.7965,1065.0451,1192.3270,1321.3713,1245.6143,1230.6303,1092.1089,1227.8513,1364.5748,1112.1009,1110.2288,936.2986,1073.1177,1304.6279,1062.8391,1073.8337,863.6448,1014.0657,1299.9126,1054.5488,1076.5112,815.8410,986.8403,1344.3219,990.0177,1022.4143,724.8976,900.0015,1317.6308,925.1030,954.1097,669.5057,835.3855,1248.2580,880.2901,906.5038,627.3416,781.2701,1211.5696,854.4290,882.8070,591.8546,739.3226,1221.2616,833.3595,866.1557,552.1841,696.8136,1252.5474,11.00000000000,47,183
18,087,00450368,18087,LaGrange,LaGrange County,06,H1,G4020,,,,A,983222388.00000000000,18332797.00000000000,+41.6424683,-085.4263018,18087,2080.3513,2074.5333,2057.7801,2074.4915,2091.6385,2242.7185,2232.7331,2191.6914,2232.7218,2273.0034,2276.5296,2262.2673,2187.7946,2262.5771,2336.2326,2640.7782,2618.5437,2492.5952,2617.7679,2744.8347,2774.1179,2747.1287,2548.6788,2744.5676,2945.1921,2957.9938,2925.0750,2661.9922,2920.4341,3186.3905,2839.0175,2805.9101,2498.2997,2800.3529,3109.2047,2925.8726,2890.4420,2576.3897,2884.4348,3196.8167,3115.2840,3077.1243,2730.0569,3070.0324,3412.7213,2788.6004,2783.1809,2346.4695,2689.9533,3271.1872,1445.3570,1460.3761,1174.5906,1379.1146,1767.7648,1521.4280,1553.1445,1177.0913,1423.7818,1939.4957,1537.1257,1587.4125,1125.4716,1397.3480,2045.7847,1394.9015,1438.6720,1009.5607,1259.6647,1882.1685,1240.4995,1277.5374,884.2170,1101.0849,1707.3444,1078.1660,1114.1417,747.1303,933.1275,1541.0675,894.8699,930.3108,593.3404,748.5205,1345.0121,11.00000000000,18,087
18,021,00450341,18021,Clay,Clay County,06,H1,G4020,,45460,,A,926029234.00000000000,7198947.00000000000,+39.3939513,-087.1158369,18021,1619.0294,1614.5286,1601.5044,1614.4949,1627.8175,1563.5531,1556.6376,1528.0481,1556.6264,1584.6800,1476.5509,1467.4412,1419.1654,1467.6257,1515.3531,1584.8427,1571.5525,1495.9631,1571.0833,1647.3256,1596.8300,1581.2715,1467.0398,1579.7963,1695.2880,1614.7507,1596.8836,1453.3248,1594.3698,1739.4611,1439.0061,1422.1965,1266.2564,1419.3733,1575.9520,1349.0086,1332.7000,1187.9265,1329.9359,1473.9323,1305.3979,1289.3723,1143.9082,1286.3933,1430.0287,1288.4871,1285.8883,1084.0279,1242.7896,1511.4457,1179.8696,1191.6635,958.0212,1125.2102,1442.9808,1121.7077,1144.6826,867.1217,1049.2011,1429.8882,1059.3728,1093.6634,775.0370,962.5795,1409.9036,1007.1190,1038.3358,728.2372,908.9875,1358.8914,947.3688,975.2481,674.5644,840.3823,1303.8654,876.8371,905.6779,606.8783,758.3590,1253.2706,807.4171,838.9608,534.5818,674.8376,1213.5414,11.00000000000,18,021
18,023,00450342,18023,Clinton,Clinton County,06,H1,G4020,320,23140,,A,1049126443.00000000000,461117.00000000000,+40.3059440,-086.4775665,18023,1931.0901,1925.6338,1910.0541,1925.5977,1941.5595,1981.6076,1972.6891,1936.3765,1972.6856,2008.3393,1774.0968,1762.8199,1704.7520,1763.0801,1820.5321,1772.3686,1757.3187,1672.7936,1756.8067,1842.1252,1704.0539,1687.2181,1565.3124,1685.6352,1808.9700,1644.7050,1626.2899,1479.9493,1623.6883,1771.6657,1540.3898,1521.9867,1354.7400,1518.8717,1686.9370,1663.3934,1642.9468,1464.1336,1639.4696,1817.4107,1758.1890,1736.2405,1539.9881,1732.1529,1926.0051,1487.9271,1484.6429,1251.3107,1434.8063,1745.3281,1278.1698,1290.8217,1037.6199,1218.8003,1563.1817,1272.3780,1298.3224,983.3914,1189.9855,1621.9400,1235.0409,1274.9128,903.3761,1122.0656,1643.6884,1194.1169,1231.0410,863.2999,1077.6517,1611.1970,1174.1378,1208.6133,835.8977,1041.4442,1615.9618,1149.7520,1187.5018,795.6491,994.3129,1643.3454,1115.5417,1159.0647,738.4838,932.2959,1676.6467,11.00000000000,18,023
18,107,00450374,18107,Montgomery,Montgomery County,06,H1,G4020,294,18820,,A,1306941391.00000000000,2155351.00000000000,+40.0402962,-086.8927145,18107,2365.4834,2358.8509,2339.7931,2358.8044,2378.3151,2308.8739,2298.6368,2256.4066,2298.6221,2340.0647,2064.3715,2051.4019,1983.8624,2051.6871,2118.4900,2247.4774,2228.4216,2121.2370,2227.7704,2335.9515,2304.8044,2281.8679,2116.9826,2279.7206,2446.5986,2186.2515,2163.2203,1969.4880,2160.0372,2355.4372,1983.1787,1960.8398,1746.5766,1957.1363,2172.0071,2086.0256,2060.6685,1836.6762,2056.3659,2279.1920,2196.5225,2170.4127,1926.4290,2165.5768,2406.3360,2028.0719,2024.1540,1706.5648,1956.3578,2379.0497,1688.6095,1706.1128,1372.1972,1611.1641,2065.2712,1639.8116,1674.0791,1268.8271,1534.6720,2090.4196,1576.2664,1627.9791,1154.3791,1433.1120,2097.8906,1509.7571,1557.2220,1092.8434,1363.4998,2037.1536,1439.7579,1482.7819,1026.3112,1277.9963,1981.5938,1304.3825,1347.9062,903.8895,1128.9121,1864.4083,1189.5988,1236.6359,788.6232,994.9549,1787.9924,11.00000000000,18,107
18,017,00450339,18017,Cass,Cass County,06,H1,G4020,,30900,,A,1067475860.00000000000,6974441.00000000000,+40.7537986,-086.3551685,18017,2458.3230,2451.3623,2431.5214,2451.3168,2471.6487,2403.7384,2393.0238,2349.0293,2393.0125,2436.1944,2348.8805,2334.0376,2257.1732,2334.3719,2410.4094,2376.0961,2356.0341,2242.7117,2355.3399,2469.6872,2158.9400,2137.6475,1983.2004,2135.6433,2291.8874,2436.0177,2408.5364,2191.6743,2404.6438,2624.0027,2122.6495,2097.4149,1867.0474,2093.1508,2324.6052,2070.4191,2044.2817,1821.1010,2039.8129,2262.0839,2000.4845,1974.9488,1751.1372,1970.1815,2191.3591,1796.9942,1792.3504,1510.0093,1732.0020,2107.6972,1619.2204,1634.3699,1312.9467,1542.9088,1980.1384,1557.4109,1588.2701,1202.1159,1455.4318,1985.1718,1459.1465,1505.3627,1065.7745,1324.5540,1941.8667,1376.7354,1418.4324,993.8168,1241.3471,1857.5223,1314.3343,1352.0770,934.2201,1164.7189,1808.8456,1211.9346,1250.9339,837.2786,1047.0957,1732.1677,1109.1585,1151.7225,732.9920,926.0897,1667.0089,11.00000000000,18,017
27,139,00659514,27139,Scott,Scott County,06,H1,G4020,378,33460,,A,923268376.00000000000,30838423.00000000000,+44.6519322,-093.5345530,27139,10845.0608,10814.5910,10727.1837,10814.3798,10903.8816,10698.8055,10651.2508,10455.5047,10651.1911,10843.3024,10666.5698,10599.4181,10250.4160,10600.9076,10946.1219,11937.0263,11835.3471,11266.0789,11831.9202,12406.6395,10778.3461,10669.9147,9898.8152,10659.8284,11440.6714,12799.2404,12654.4623,11514.8222,12633.9369,13786.8323,13802.5164,13637.0387,12137.9890,13608.9968,15115.5728,14596.6730,14414.8046,12843.4991,14383.7908,15948.0693,15176.1980,14986.6973,13292.6566,14951.4039,16624.7346,14105.0088,14071.4695,11857.6404,13598.4686,16544.4930,13694.2264,13826.1403,11110.6189,13053.5869,16747.2332,13893.5699,14173.0106,10731.2670,12989.0417,17710.1012,13787.3258,14228.4720,10078.0186,12521.1615,18348.8939,13840.4326,14264.3542,9999.1028,12485.3910,18674.2453,14101.4949,14511.4405,10032.0113,12502.6211,19407.5092,13933.2731,14386.7660,9635.0355,12044.5967,19914.6072,13503.6221,14026.7952,8932.7892,11280.9247,20295.5656,11.00000000000,27,139
47,011,01639727,47011,Bradley,Bradley County,06,H1,G4020,174,17420,,A,851489045.00000000000,6959355.00000000000,+35.1539144,-084.8594137,47011,7142.7881,7122.9480,7065.4964,7122.7985,7181.5612,7469.7890,7436.9319,7300.4410,7436.8664,7570.7739,7380.6510,7334.7831,7093.4095,7335.7448,7574.4206,7880.2475,7814.3574,7438.4984,7812.0110,8191.0513,8760.3188,8674.7801,8048.0946,8666.6803,9300.3450,8008.9076,7919.9043,7207.6640,7907.3628,8627.3389,7867.5227,7773.6783,6919.5845,7757.8025,8616.0284,8889.6343,8780.6472,7825.2750,8762.1227,9712.7619,9246.2292,9132.3120,8101.6067,9111.1270,10128.9491,8879.8761,8861.5591,7470.0707,8564.4400,10416.3436,9167.3847,9258.6169,7442.9526,8742.1842,11211.6475,9158.8740,9346.0087,7079.3480,8566.2729,11675.1487,9029.8389,9321.6287,6605.3814,8204.1755,12017.6348,9101.7112,9383.2819,6580.4071,8214.1646,12280.7605,9088.3661,9355.2301,6470.2466,8061.2667,12508.2873,9075.1200,9372.9808,6279.9651,7848.0936,12971.0995,9023.3693,9375.2306,5973.0984,7540.9058,13562.0112,11.00000000000,47,011
18,171,00450400,18171,Warren,Warren County,06,H1,G4020,,,,A,944520687.00000000000,4466123.00000000000,+40.3526584,-087.3758466,18171,575.4143,573.8100,569.1787,573.7982,578.5370,502.7388,500.4995,491.2989,500.4970,509.5274,437.3635,434.6106,420.3005,434.6716,448.8264,432.1891,428.5665,407.9530,428.4384,449.2293,415.4801,411.3541,381.6309,410.9674,441.0466,450.3870,445.4451,405.4264,444.7519,485.1834,384.2482,379.6414,337.9093,378.8607,420.8023,362.2445,357.9343,319.1204,357.2062,395.7938,338.8934,334.8278,297.1504,334.0740,371.2603,327.7136,327.2640,276.0920,316.3523,384.4722,280.1257,283.0709,227.7085,267.3303,342.6173,266.0990,271.6905,205.9518,249.0763,339.2248,256.9432,265.3972,188.2144,233.6387,341.9740,246.7426,254.5175,178.6359,222.8618,332.9376,241.1512,248.3625,171.9100,214.0634,331.9061,227.5222,235.1043,157.6475,196.9030,325.2063,217.2170,225.7864,143.9655,181.6518,326.4805,11.00000000000,18,171
47,027,01648573,47027,Clay,Clay County,06,H1,G4020,,,,A,612626617.00000000000,59071040.00000000000,+36.5457651,-085.5457178,47027,501.5838,500.1797,496.1398,500.1698,504.3050,462.4343,460.3375,451.8556,460.3378,468.6681,404.7186,402.1375,388.8891,402.1979,415.3069,429.6952,425.9552,405.4669,425.8373,446.5488,414.9719,410.8939,381.2077,410.5093,440.5355,450.7666,445.6474,405.5001,444.9207,485.5419,355.5416,351.1612,312.4547,350.4121,389.3513,337.2990,333.0038,296.6118,332.2682,368.5215,362.2211,357.4917,316.8704,356.6067,396.7693,310.4247,309.6225,260.8490,299.1975,364.0976,251.9313,254.2364,204.1877,239.9930,308.0774,234.1914,238.7795,180.6734,218.7908,298.5084,219.8978,226.8149,160.5335,199.5543,292.6410,202.0494,208.1237,145.7745,182.1225,272.6055,180.2854,185.4178,128.0674,159.7062,248.1133,158.3135,163.3672,109.3006,136.7298,226.2681,144.3969,149.9042,95.3647,120.5222,217.0191,11.00000000000,47,027
47,145,01639785,47145,Roane,Roane County,06,H1,G4020,314,25340,,A,934229744.00000000000,88755772.00000000000,+35.8474721,-084.5238612,47145,3525.4576,3515.6384,3487.2685,3515.5659,3544.5911,3248.4314,3234.1119,3174.7396,3234.0855,3292.3385,2807.4721,2789.9905,2698.1694,2790.3601,2881.1594,2732.7630,2710.0891,2579.7383,2709.2634,2840.6578,2910.5053,2882.1391,2673.9316,2879.4502,3089.9571,3092.4054,3058.1689,2783.2292,3053.3509,3331.2322,2834.5003,2801.1676,2493.8291,2795.5560,3104.2258,2540.5587,2509.4676,2236.4827,2504.1848,2775.8026,2366.5352,2337.9467,2074.6604,2332.6418,2592.5329,2063.4045,2059.9296,1737.2166,1991.0730,2420.6209,2093.3390,2114.9510,1700.9369,1997.2230,2560.2658,1966.0999,2007.0373,1521.0370,1839.8526,2506.3514,1843.4798,1903.7907,1349.7847,1675.8462,2453.5165,1780.2922,1836.0726,1288.3435,1607.5855,2402.1766,1702.2072,1752.8470,1212.9970,1510.6706,2342.7948,1587.7523,1640.4572,1099.7694,1373.8183,2269.4213,1477.1420,1535.2592,978.7287,1235.0945,2220.1580,11.00000000000,47,145
47,019,01639730,47019,Carter,Carter County,06,H1,G4020,304,27740,,A,883711484.00000000000,16656931.00000000000,+36.2847441,-082.1265932,47019,3811.8634,3801.2305,3770.5475,3801.1528,3832.5488,3728.6412,3712.3355,3644.2534,3712.2961,3779.0762,3146.9120,3127.5232,3024.6403,3127.9136,3229.6243,3264.0130,3237.0313,3081.3357,3236.0383,3392.9465,3842.3743,3804.8164,3529.9443,3801.2622,4079.2097,2903.1498,2870.5436,2612.1755,2865.9322,3127.2252,2474.8189,2445.2587,2176.5622,2440.2558,2710.2653,2629.9498,2597.2463,2314.1944,2591.6716,2873.4407,2679.3721,2645.9578,2346.9116,2639.7354,2935.1178,2164.3010,2159.3521,1819.8157,2086.8205,2538.6681,2241.3921,2263.3196,1819.1118,2136.9578,2741.1453,2039.6993,2081.0264,1575.9752,1907.2877,2600.0366,1829.6298,1888.4491,1337.8659,1661.9532,2434.9914,1677.4754,1729.1236,1212.3657,1513.5844,2263.3628,1476.5604,1519.7442,1050.8996,1309.4713,2032.1711,1352.4337,1396.6963,935.6575,1169.4155,1933.0291,1243.1628,1291.5447,822.7537,1038.8055,1868.4524,11.00000000000,47,019
18,049,00450353,18049,Fulton,Fulton County,06,H1,G4020,,,,A,954121481.00000000000,7451397.00000000000,+41.0503837,-086.2650060,18049,1140.2357,1137.0322,1127.8423,1137.0100,1146.4201,1210.9745,1205.5883,1183.4304,1205.5818,1227.3288,1152.2281,1145.0526,1107.3678,1145.2045,1182.4701,1237.9075,1227.5222,1168.4801,1227.1560,1286.7096,1156.6253,1145.2892,1062.5472,1144.2182,1227.8970,1242.1765,1228.4265,1117.9883,1226.4917,1338.1106,1141.9707,1128.6979,1004.9990,1126.4727,1250.6564,1063.5100,1050.9345,937.0513,1048.8131,1162.0117,1127.6172,1114.0980,988.7401,1111.5916,1235.3140,1017.1211,1015.2646,856.0736,981.2889,1193.1702,924.9468,934.4700,751.5173,882.4450,1131.2552,912.1679,931.1193,705.6094,853.5436,1162.8115,874.9496,903.5334,640.5628,795.3364,1164.4807,846.3371,872.8131,612.3967,764.1808,1141.9723,826.5070,851.0490,588.8900,733.4477,1137.5407,786.5180,812.5771,544.7011,680.4809,1124.1900,740.2582,769.3361,490.3983,618.9002,1112.6119,11.00000000000,18,049
47,041,01639738,47041,DeKalb,DeKalb County,06,H1,G4020,,,,A,788253896.00000000000,63816416.00000000000,+35.9822204,-085.8335963,47041,1240.9453,1237.4549,1227.4515,1237.4309,1247.6753,1316.8817,1311.0746,1287.0045,1311.0640,1334.6806,1206.4621,1198.9026,1159.4350,1199.0669,1238.1015,1364.7344,1353.4060,1288.3095,1352.9940,1418.6135,1489.1561,1474.4469,1367.9147,1473.0637,1580.8435,1478.0688,1461.5362,1330.0315,1459.2012,1592.1711,1410.5479,1393.9501,1240.9997,1391.1554,1544.7717,1380.4275,1363.5597,1215.2548,1360.6946,1508.2502,1389.4045,1372.3705,1217.5660,1369.2044,1522.0586,1339.3956,1336.6488,1126.7766,1291.8367,1571.1525,1242.8460,1255.4598,1009.4899,1185.5078,1520.0319,1217.9634,1243.0993,941.8627,1139.4735,1552.6125,1202.1936,1241.2876,879.8336,1092.5773,1599.9975,1174.0896,1210.6553,849.2714,1059.9096,1584.1979,1147.9423,1181.8873,817.6665,1018.5120,1579.9281,1110.2029,1146.8671,768.6572,960.3775,1586.8325,1062.1596,1103.7845,703.4741,887.9093,1596.4254,11.00000000000,47,041
18,165,00450397,18165,Vermillion,Vermillion County,06,H1,G4020,,45460,,A,665311750.00000000000,7904759.00000000000,+39.8540452,-087.4620713,18165,961.2456,958.5386,950.7881,958.5202,966.4583,961.8081,957.5322,939.9344,957.5268,974.7979,844.2447,838.9468,811.3270,839.0627,866.3805,808.7397,801.9122,763.3412,801.6759,840.5954,846.0140,837.5169,776.9920,836.7257,898.0104,897.4032,887.2709,807.3765,885.8353,966.6525,845.0598,834.8240,742.9629,833.0834,925.4397,747.9534,738.4715,657.8108,736.8491,817.1913,692.2728,683.3918,605.9008,681.7329,758.3200,659.5422,657.9509,554.4151,635.8282,773.6056,616.1494,622.1406,500.0022,587.3950,753.5236,567.3718,578.8292,438.3131,530.4913,723.2331,527.0475,543.9498,385.3181,478.6943,701.4257,502.7972,518.2304,363.3058,453.6130,678.4036,476.7889,490.6755,339.2399,422.7618,656.1939,438.2142,452.4960,303.0643,378.8375,626.3340,401.4828,417.0513,265.6097,335.4156,603.4182,11.00000000000,18,165
47,037,01639737,47037,Davidson,Davidson County,06,H6,G4020,400,34980,,C,1305438546.00000000000,56749226.00000000000,+36.1691287,-086.7847898,47037,40537.8926,40425.1782,40099.0611,40424.3347,40757.9277,45271.5186,45071.4075,44243.6884,45071.0771,45883.2693,49827.6863,49516.4993,47886.6603,49523.1678,51134.9894,63711.6599,63179.7340,60140.8866,63160.7117,66225.0112,72843.6733,72135.2939,66924.3342,72068.0538,77335.9985,63932.6157,63230.3673,57549.2920,63131.8174,68871.7557,63430.6308,62691.4854,55819.1475,62567.4477,69467.3416,71614.1534,70750.2002,63066.3047,70603.8390,78246.0193,79427.2139,78464.9497,69625.8550,78286.3372,87011.9624,78105.5330,77958.2603,65730.0935,75348.1316,91623.3381,84861.7981,85723.0288,68928.1140,80946.6785,103788.1011,87208.5857,89006.9709,67436.7891,81586.7944,111169.9465,87788.8633,90641.7163,64245.5552,79781.8247,116837.8870,89122.5322,91895.1448,64461.1106,80451.5540,120252.6768,89731.9231,92381.5869,63908.5010,79609.9219,123498.9316,90462.1160,93444.9683,62623.9070,78248.1533,129298.7754,90302.6328,93836.2200,59798.5242,75481.7534,135724.4912,11.00000000000,47,037
47,017,01639729,47017,Carroll,Carroll County,06,H1,G4020,,,,A,1552055889.00000000000,2144122.00000000000,+35.9678963,-088.4516591,47017,1816.3307,1811.2758,1796.6616,1811.2383,1826.1889,1635.3455,1628.1121,1598.2099,1628.1005,1657.4425,1403.8968,1395.0937,1349.1661,1395.2857,1440.7103,1490.4607,1477.9430,1406.8559,1477.5030,1549.2104,1559.1206,1543.7595,1432.2228,1542.3128,1655.1415,1483.7905,1467.0796,1335.0032,1464.7139,1598.3013,1369.4405,1353.0986,1204.4275,1350.3337,1499.7265,1558.3499,1538.8184,1370.9623,1535.4838,1702.6191,1540.7433,1520.8269,1348.2230,1517.1036,1687.7217,1444.5321,1440.6105,1213.4970,1392.0543,1694.2481,1255.0337,1266.6465,1017.4189,1195.7236,1534.7548,1176.4037,1199.5966,907.8241,1099.2258,1499.5024,1109.4773,1144.5221,810.2081,1007.0179,1476.5102,1040.1215,1071.5470,750.6949,937.7385,1403.3484,965.4677,993.1329,686.1442,855.4898,1328.7150,895.2410,924.0175,618.4310,773.4367,1279.5285,827.0417,858.7752,546.5465,690.5316,1243.0013,11.00000000000,47,017
18,029,00450344,18029,Dearborn,Dearborn County,06,H1,G4020,178,17140,,A,790033471.00000000000,6168701.00000000000,+39.1514914,-084.9734596,18029,3389.9556,3380.5132,3353.2334,3380.4435,3408.3536,3115.9193,3102.0494,3045.0300,3102.0334,3157.9968,2814.7160,2797.0549,2704.9711,2797.4411,2888.5180,2880.4958,2856.2234,2718.8429,2855.3786,2993.9855,2838.7712,2810.7322,2607.6504,2808.0954,3013.5551,3129.6757,3094.3102,2815.6643,3089.2981,3371.1725,3030.6921,2994.7213,2665.8514,2988.6463,3319.0488,2879.4887,2843.7726,2533.9444,2837.6877,3146.0883,2610.4738,2577.8001,2286.3358,2571.7133,2859.6287,2186.0032,2180.9365,1837.9409,2107.6616,2564.1079,2174.5903,2195.7678,1764.7264,2073.1476,2659.4334,2047.1400,2088.5346,1581.5784,1914.1404,2609.5113,1895.2395,1956.0893,1385.7065,1721.4513,2522.3021,1798.0153,1853.2854,1299.3293,1622.2336,2425.9953,1696.5583,1746.0622,1207.2772,1504.4294,2334.9424,1554.9553,1605.7338,1075.5698,1344.3901,2222.4849,1392.0829,1446.1679,921.1474,1163.1316,2092.2709,11.00000000000,18,029
18,147,00450388,18147,Spencer,Spencer County,06,H1,G4020,,,,A,1027562733.00000000000,12126717.00000000000,+38.0097889,-087.0106449,18147,1323.0690,1319.3319,1308.6583,1319.3070,1330.2421,1261.0457,1255.4761,1232.4221,1255.4665,1278.0875,1219.4013,1211.7717,1171.8828,1211.9365,1251.3861,1262.7187,1251.9633,1191.7451,1251.6007,1312.3954,1126.3395,1115.2289,1034.6524,1114.1833,1195.6981,1364.9409,1349.7044,1228.2816,1347.5540,1470.3191,1200.4351,1186.1937,1055.9359,1183.7890,1314.6518,1111.7013,1097.7401,977.9696,1095.3556,1214.6189,1103.5947,1089.8068,966.6112,1087.2387,1208.9296,1027.5464,1024.9508,863.5521,990.4569,1205.2253,935.4581,944.4305,758.9032,891.6473,1144.0039,888.7190,906.5494,686.3607,830.8039,1132.8427,827.2629,853.6851,604.6171,751.2315,1100.9605,788.0197,812.1080,569.2265,710.8078,1063.2336,753.1054,774.9487,535.6823,667.6521,1036.4747,686.3685,708.6595,474.5466,593.2693,981.0122,622.8388,646.9248,411.9347,520.2645,936.1065,11.00000000000,18,147
18,015,00450406,18015,Carroll,Carroll County,06,H1,G4020,320,29140,,A,964055949.00000000000,7237884.00000000000,+40.5849801,-086.5651412,18015,1253.3260,1249.7942,1239.6875,1249.7703,1260.1222,1305.8938,1300.0515,1276.1393,1300.0468,1323.5202,1179.4108,1171.9887,1133.3999,1172.1531,1210.3228,1162.5634,1152.8719,1097.4205,1152.5238,1208.4345,1237.5338,1225.2405,1136.7080,1224.0884,1313.6829,1424.6545,1408.7716,1282.0478,1406.5310,1534.6486,1253.4080,1238.7781,1102.9598,1236.3216,1372.6924,1142.5808,1128.6339,1005.8947,1126.2654,1248.3806,1109.8557,1096.4005,972.8812,1093.9028,1215.8381,932.3371,930.4771,784.4292,899.2962,1093.6729,916.9045,926.1332,744.6120,874.5069,1121.3846,885.9524,904.1578,684.9779,828.7596,1129.3681,835.9209,863.0345,611.6554,759.6142,1112.5196,807.5536,832.6358,584.0219,728.9324,1089.6252,775.4047,798.2678,552.1967,687.8943,1067.1944,714.3329,737.8649,494.4698,617.8579,1021.0045,654.9172,680.5318,433.6646,547.4137,984.3371,11.00000000000,18,015
18,069,00450361,18069,Huntington,Huntington County,06,H1,G4020,258,26540,,A,991061319.00000000000,13134781.00000000000,+40.8263938,-085.4785975,18069,2261.1475,2254.8242,2236.6152,2254.7788,2273.4156,2216.6813,2206.8247,2166.2661,2206.8126,2246.6186,2137.9042,2124.4247,2054.4703,2124.7257,2193.9235,2211.6897,2192.9585,2087.4797,2192.3162,2298.7683,2266.2933,2243.8774,2081.7493,2241.7710,2405.8087,1980.8436,1958.5626,1782.2574,1955.4098,2133.7223,1977.3278,1953.5187,1738.6863,1949.4780,2165.4224,1941.7145,1917.5445,1708.5430,1913.4237,2121.4846,1917.8523,1894.2195,1680.4270,1889.8245,2100.9456,1725.7378,1722.1874,1451.7695,1664.4468,2024.3412,1653.0963,1669.5339,1342.1164,1576.4053,2021.7230,1588.0709,1620.5150,1227.4928,1485.3146,2024.3711,1504.7997,1553.4326,1100.7818,1367.2136,2002.7088,1446.3824,1491.1459,1045.7453,1305.3627,1951.5772,1381.4888,1422.0818,983.5672,1225.3987,1901.3406,1323.4496,1366.9214,915.8846,1144.5516,1891.6134,1250.8988,1299.7155,828.1121,1045.4340,1880.0878,11.00000000000,18,069
47,083,01648578,47083,Houston,Houston County,06,H1,G4020,,,,A,518739541.00000000000,17322109.00000000000,+36.2857772,-087.7056048,47083,515.8983,514.4422,510.2808,514.4325,518.6955,498.3819,496.1593,487.0370,496.1570,505.1109,442.5877,439.7673,425.2796,439.8331,454.1680,476.4682,472.4421,449.7182,472.3031,495.2336,475.6513,471.0103,436.9838,470.5707,504.9749,527.7423,521.8258,474.8648,520.9896,568.4785,456.6462,451.3524,401.8988,450.4656,500.1085,444.2574,438.8202,391.0840,437.8963,485.3935,405.5642,400.6581,355.5314,399.7476,444.2936,345.8700,345.2598,291.1441,333.7114,405.7402,362.3020,365.9781,294.2746,345.5861,443.1043,359.7954,367.2136,278.2206,336.5999,458.6523,353.2479,364.7251,258.5097,321.0261,470.1362,349.5747,360.4469,252.8373,315.5597,471.6795,343.3157,353.4492,244.5077,304.5835,472.5084,331.9607,342.9030,229.7989,287.1357,474.4758,320.2754,332.8042,212.0802,267.7058,481.3724,11.00000000000,47,083
47,135,01639781,47135,Perry,Perry County,06,H1,G4020,,,,A,1074148474.00000000000,21084076.00000000000,+35.6597850,-087.8770272,47135,467.2969,465.9895,462.2261,465.9802,469.8322,467.3941,465.2960,456.7340,465.2949,473.7008,432.0022,429.3088,415.1790,429.3660,443.3389,464.8894,460.8729,438.7052,460.7433,483.1424,518.3044,513.0866,476.0063,512.6015,550.1517,511.2857,505.4525,459.9004,504.6231,550.7221,480.6298,474.6721,422.3195,473.6513,526.3304,428.8488,423.4313,377.2003,422.5049,468.5484,456.7006,450.9294,399.8876,449.8531,500.2834,435.1517,434.1140,365.8131,419.5209,510.4112,352.3802,355.7466,285.8497,335.8602,430.9357,342.6821,349.5425,264.6286,320.3319,436.8122,328.6886,339.1711,240.2002,298.4603,437.4330,319.1504,328.8888,230.5083,287.8571,430.6113,304.2403,313.0439,216.3693,269.6925,418.7145,287.5919,296.9112,198.8007,248.5569,411.0476,274.1263,284.7092,181.2703,228.9589,412.0019,11.00000000000,47,135
18,103,00450373,18103,Miami,Miami County,06,H1,G4020,316,37940,,A,968246709.00000000000,9184679.00000000000,+40.7728813,-086.0442585,18103,2199.7894,2193.4838,2175.6900,2193.4466,2211.7027,2056.2447,2047.0938,2009.4668,2047.0831,2084.0129,1861.2717,1849.5823,1788.6884,1849.8389,1910.0682,1756.5130,1741.5940,1657.8253,1741.0869,1825.6432,1837.7668,1819.5889,1688.1171,1817.8809,1950.9014,2050.2211,2027.0579,1844.5221,2023.7753,2208.4247,2193.9420,2166.7776,1927.8266,2162.1250,2402.5562,2169.8622,2141.4281,1906.6005,2136.5318,2370.6719,2096.5062,2068.8572,1833.4924,2063.6776,2296.4347,1920.7663,1914.9742,1612.5235,1850.2735,2252.6688,1819.4712,1835.5575,1473.6795,1732.5482,2224.8720,1733.6102,1767.0182,1336.4686,1618.9073,2209.6523,1638.6213,1689.6086,1195.3006,1486.3281,2180.6353,1580.2267,1627.2210,1139.2151,1423.7257,2131.9998,1508.8802,1551.3838,1071.0563,1336.0712,2076.5221,1404.1768,1448.6083,968.7568,1212.2451,2006.8787,1296.3102,1345.3919,855.4875,1081.5361,1948.2474,11.00000000000,18,103
47,169,01648581,47169,Trousdale,Trousdale County,06,H6,G4020,400,34980,,C,295758787.00000000000,6345335.00000000000,+36.3930297,-086.1566909,47169,583.6893,582.0711,577.3779,582.0587,586.8582,559.2976,556.8237,546.5970,556.8197,566.8549,530.3706,527.0536,509.7046,527.1252,544.2831,601.2129,596.2088,567.5321,596.0282,624.9399,641.6788,635.2954,589.3899,634.6977,681.1572,721.0609,712.8894,648.6780,711.7302,776.6937,644.5121,636.9733,567.1219,635.7065,705.8472,561.7614,554.8792,494.5109,553.7096,613.7775,611.0093,603.5886,535.5753,602.2108,669.3542,589.2876,588.2393,496.0311,568.5614,691.2914,560.2378,565.8688,454.9516,534.3226,685.1760,554.4574,565.8431,428.6673,518.6544,706.7939,544.9864,562.6546,398.7593,495.2265,725.3168,533.1557,549.7051,385.5601,481.2363,719.3815,522.9095,538.3193,372.3701,463.8845,719.6830,500.6762,517.1628,346.5618,433.0481,715.6219,473.6594,492.1783,313.6300,395.9010,711.9072,11.00000000000,47,169
18,065,00450359,18065,Henry,Henry County,06,H1,G4020,294,35220,,A,1014954691.00000000000,7655239.00000000000,+39.9295760,-085.3973378,18065,3112.3896,3103.5513,3078.4183,3103.4951,3129.2571,3036.0767,3022.3010,2966.6086,3022.3035,3077.0014,2758.7550,2741.0310,2650.6979,2741.4574,2830.8571,2859.4788,2834.4611,2698.1244,2833.6853,2971.5512,2973.5652,2942.8899,2730.1445,2940.0784,3155.7882,3517.5383,3475.8924,3161.6740,3469.8985,3788.4119,3410.7107,3366.7822,2993.9798,3359.1643,3734.8278,3245.8292,3201.9740,2849.5252,3194.3792,3546.1372,3119.8660,3077.5579,2726.2438,3069.6097,3417.2439,2820.5705,2810.0795,2364.3540,2714.6001,3307.4747,2740.1226,2762.8641,2216.7598,2607.3559,3350.4148,2578.0077,2626.2542,1984.9186,2405.6312,3285.7443,2375.7349,2448.2887,1730.6474,2153.2169,3161.4462,2251.7336,2317.4007,1621.0773,2027.0784,3037.8631,2114.2620,2172.6182,1498.6764,1870.5970,2909.5526,1922.6377,1982.4171,1324.5770,1658.5137,2747.7997,1748.4782,1813.7766,1152.2802,1457.6792,2627.7626,11.00000000000,18,065
47,095,01639762,47095,Lake,Lake County,06,H1,G4020,,,,A,429379130.00000000000,72802129.00000000000,+36.3339054,-089.4855365,47095,502.6672,501.2060,497.1295,501.1984,505.3865,474.5425,472.3753,463.6632,472.3767,480.9351,419.0020,416.2567,402.5265,416.3276,429.9229,347.0102,344.1585,327.6051,344.0518,360.7284,322.3215,319.2175,296.1603,318.9211,342.2194,334.8478,331.0270,301.1940,330.4837,360.6751,496.2099,489.4758,434.9701,488.2898,543.3249,524.1819,516.5726,459.1847,515.2382,572.6492,505.6593,498.3243,440.9481,496.9374,553.7994,479.5256,477.4135,401.3730,461.1035,562.2245,419.4597,422.4256,338.4401,398.4897,512.7999,391.0611,397.8408,300.1513,364.2348,498.3534,366.6620,377.3239,266.1843,331.6474,487.8784,339.5589,348.9251,243.5305,304.9988,458.0583,317.5779,325.8375,224.2265,280.3356,436.9959,293.2595,301.9142,201.2173,252.3917,419.0888,271.2256,280.9494,178.0200,225.6189,407.5960,11.00000000000,47,095
18,057,00450356,18057,Hamilton,Hamilton County,06,H1,G4020,294,26900,,A,1021147705.00000000000,21158963.00000000000,+40.0498703,-086.0205856,18057,23304.9611,23239.8808,23052.2539,23239.4092,23431.4173,25149.6747,25037.9308,24577.8123,25037.7878,25489.3561,25455.6734,25295.7977,24462.9810,25299.3080,26123.0364,29942.5848,29690.3160,28262.2494,29681.5301,31122.3288,28338.0331,28057.8293,26030.5604,28031.4949,30082.6111,34350.0593,33964.8786,30908.2042,33910.4328,37001.4968,36755.4300,36319.4737,32331.2527,36245.8642,40252.5767,38456.0826,37981.1677,33845.2108,37900.3265,42016.6875,40438.5886,39937.3527,35426.7872,39844.0767,44298.8181,38313.5970,38229.5165,32221.6857,36946.3586,44941.7002,38996.1685,39380.7521,31654.6602,37183.0673,47691.4736,39697.9470,40505.4341,30678.1676,37124.8329,50603.9730,39654.1614,40931.9098,29001.0365,36023.7372,52774.6210,40000.2712,41234.1862,28913.5205,36095.1776,53971.2692,40626.5095,41815.9503,28916.9786,36030.7826,55913.8469,40107.0825,41420.2715,27748.3705,34680.2914,57324.9648,38889.2843,40402.9845,25738.1689,32496.7061,58449.9392,11.00000000000,18,057
18,109,00450375,18109,Morgan,Morgan County,06,H1,G4020,294,26900,,A,1046274750.00000000000,14136592.00000000000,+39.4826458,-086.4474573,18109,4902.2911,4888.6257,4849.1700,4888.5254,4928.8953,4421.2618,4401.7627,4320.9492,4401.7272,4481.0184,3947.7521,3923.0723,3793.9385,3923.6036,4051.3131,4251.8946,4216.5430,4013.7341,4215.2634,4419.7210,4417.3337,4373.8900,4057.8830,4369.7942,4689.4332,5047.7283,4991.7156,4542.8616,4983.8269,5437.5275,4553.5227,4499.7608,4005.8657,4490.6979,4986.8021,4211.4763,4160.0767,3707.6753,4151.3482,4601.4476,4120.9610,4070.6891,3611.7696,4061.3505,4514.4421,3385.9909,3379.2810,2848.9113,3266.0512,3971.9289,3446.9588,3481.9156,2799.7127,3287.9011,4215.7128,3292.4058,3360.3548,2546.0513,3080.2331,4197.0311,3095.9785,3196.7088,2265.9033,2813.7527,4120.4374,2949.0846,3041.0065,2133.3357,2662.3833,3979.2038,2792.6145,2875.2959,1989.3281,2477.8783,3843.5206,2519.9082,2603.2800,1744.9470,2180.0298,3601.7598,2277.0946,2366.5077,1508.4463,1903.7470,3422.4832,11.00000000000,18,109
27,035,00659463,27035,Crow Wing,Crow Wing County,06,H1,G4020,,14660,,A,2587642841.00000000000,407747951.00000000000,+46.4911138,-094.0712125,27035,3688.0379,3677.7091,3648.0018,3677.6360,3708.0456,3466.0748,3450.6639,3387.2458,3450.6447,3512.8859,3629.1031,3606.2630,3487.5229,3606.7689,3724.2194,4146.7268,4111.8522,3914.0775,4110.6313,4310.1484,3746.9600,3709.9539,3441.9015,3706.4736,3977.6633,3890.0101,3846.7272,3500.7557,3840.6256,4190.3731,3329.3087,3289.9882,2928.8667,3283.3588,3646.0997,3480.1467,3437.1236,3062.7932,3429.7984,3802.3669,3559.0733,3515.0297,3118.1117,3506.8350,3898.8277,3001.6273,2995.2075,2524.6663,2894.7199,3520.9377,2472.0842,2496.1380,2006.1127,2356.7376,3023.2527,2413.0059,2461.7633,1864.1772,2256.1923,3075.8803,2261.8114,2334.3775,1653.6352,2054.3431,3010.1541,2037.9642,2100.5334,1472.5948,1838.6265,2749.7426,1862.6951,1916.9511,1325.3332,1651.6303,2563.5858,1642.8386,1696.3747,1136.1603,1420.2319,2348.0878,1454.2762,1510.6578,962.0874,1214.9492,2185.7388,11.00000000000,27,035
47,031,01639735,47031,Coffee,Coffee County,06,H1,G4020,,46100,,A,1110993322.00000000000,14496456.00000000000,+35.4887586,-086.0782188,47031,3488.0777,3478.3200,3450.2289,3478.2501,3507.0022,3572.8071,3557.0208,3491.7008,3556.9944,3621.0880,3452.6918,3431.1114,3318.1721,3431.5754,3543.2684,3819.6928,3787.7895,3605.6026,3786.6500,3970.3670,3995.2088,3956.1720,3670.3670,3952.4771,4241.4745,4422.2138,4372.7712,3979.3359,4365.7896,4763.6011,4219.9939,4169.6616,3711.5447,4161.1471,4621.4790,4235.8859,4183.4382,3727.7463,4174.5056,4628.0738,4660.5897,4602.6895,4082.7214,4591.9121,5105.4692,4391.7902,4381.5516,3692.4092,4234.3247,5151.4068,4010.7113,4049.7807,3254.7967,3823.6286,4904.9346,4021.2386,4102.5473,3106.7205,3759.9805,5125.9153,3960.4021,4087.5386,2895.6202,3597.2208,5270.7471,3897.7492,4017.5256,2816.6279,3516.6396,5259.0847,3828.6013,3940.2547,2724.3395,3394.9483,5269.2293,3695.2420,3815.8264,2555.8616,3194.7394,5281.5730,3544.8129,3682.4259,2345.4232,2961.6749,5327.7715,11.00000000000,47,031
27,039,00659465,27039,Dodge,Dodge County,06,H1,G4020,,40340,,A,1137719781.00000000000,800253.00000000000,+44.0207056,-092.8693530,27039,1291.1147,1287.4893,1277.0843,1287.4641,1298.1177,1335.4111,1329.4533,1305.0091,1329.4473,1353.4407,1356.8126,1348.2359,1303.8354,1348.4294,1392.3527,1440.2435,1427.9983,1359.3131,1427.5834,1496.9185,1256.1377,1243.7238,1153.8613,1242.5567,1333.4739,1482.2551,1465.7829,1333.9645,1463.4617,1596.7118,1475.6267,1458.4914,1298.6626,1455.6194,1616.0695,1425.9835,1408.6730,1255.5753,1405.7367,1558.0312,1328.0499,1311.7820,1163.8262,1308.7586,1454.8478,1139.9775,1137.4717,958.7124,1099.2919,1337.1881,1032.0992,1042.4090,838.0236,984.2768,1262.2563,1011.1373,1031.8384,781.6308,945.7665,1288.9384,949.4457,980.1730,694.6056,862.6899,1263.6028,901.1449,929.0753,651.6055,813.3372,1215.9019,868.3861,893.9390,618.3218,770.3164,1195.1612,795.2965,821.4580,550.4472,687.8396,1136.7241,701.9944,729.4297,464.8008,586.7380,1055.0926,11.00000000000,27,039
47,073,01639752,47073,Hawkins,Hawkins County,06,H1,G4020,304,28700,,A,1261259454.00000000000,32691660.00000000000,+36.4522060,-082.9313857,47073,3926.2294,3915.3031,3883.7130,3915.2221,3947.5392,3801.5052,3784.7904,3715.3311,3784.7564,3852.9001,2953.4200,2935.1086,2838.5295,2935.4883,3030.9823,3039.4381,3014.0580,2869.0865,3013.1508,3159.3379,3149.3353,3118.2055,2892.9059,3115.2792,3343.2253,3693.9591,3652.6279,3323.9669,3646.7900,3979.1174,3331.3975,3291.9289,2930.4844,3285.2674,3648.3731,3050.9260,3013.2344,2685.0944,3006.8178,3333.4069,2854.5773,2819.1445,2500.6959,2812.5497,3127.0665,2476.4703,2471.0399,2082.7160,2388.1016,2904.8909,2398.6343,2422.2210,1946.9412,2287.0250,2933.4667,2216.1751,2261.1957,1712.5358,2072.4554,2825.0073,2065.5590,2132.0660,1510.5590,1876.3898,2748.9908,1967.3728,2028.0184,1422.0076,1775.2497,2654.5183,1860.4851,1914.9201,1324.1871,1649.9797,2560.5636,1679.9074,1734.8856,1162.2108,1452.5713,2401.0863,1506.5862,1565.2100,997.0756,1258.9137,2264.3725,11.00000000000,47,073
18,077,00450363,18077,Jefferson,Jefferson County,06,H1,G4020,,31500,,A,934029272.00000000000,5848057.00000000000,+38.7836039,-085.4400900,18077,2039.9119,2034.1832,2017.7435,2034.1434,2050.9763,2038.5059,2029.4093,1992.0943,2029.4004,2066.0275,1917.0308,1904.9334,1842.2042,1905.2044,1967.2567,2091.2117,2073.8079,1974.0610,2073.1797,2173.7431,2080.2672,2059.8071,1910.9890,2057.8782,2208.4071,1857.3205,1836.8971,1671.8427,1834.0298,2000.8021,1700.0185,1679.9072,1495.4845,1676.5145,1861.7751,1950.6947,1927.0748,1717.6963,1923.0703,2131.3348,1962.0662,1938.2397,1719.8390,1933.8159,2149.4230,1809.7389,1806.5470,1523.3914,1746.1212,2123.0058,1766.8275,1785.0201,1435.5459,1685.6426,2160.9168,1718.7248,1754.4626,1329.5743,1608.3005,2190.9958,1662.6606,1717.0029,1217.2995,1511.4032,2212.8566,1599.5995,1649.6921,1157.5362,1444.3883,2158.3627,1547.9498,1593.9929,1103.0595,1373.7610,2130.4853,1492.9625,1542.5197,1034.1105,1291.7990,2133.9353,1446.8139,1503.7340,958.6270,1209.7313,2174.5743,11.00000000000,18,077
18,163,00450396,18163,Vanderburgh,Vanderburgh County,06,H1,G4020,,21780,,A,604697995.00000000000,7393314.00000000000,+38.0200703,-087.5861659,18163,10283.5026,10254.9739,10172.2791,10254.7572,10339.3298,10388.8041,10342.9755,10153.0800,10342.8933,10529.2140,10869.7948,10801.9157,10446.3718,10803.3703,11154.9837,12915.1712,12806.7671,12190.7792,12802.9499,13424.2914,14258.8599,14119.7726,13099.7409,14106.5938,15137.9346,10585.1722,10466.9900,9525.3395,10450.3100,11402.3774,9338.0787,9226.2247,8212.1218,9207.2756,10226.4368,11540.4871,11398.4279,10157.6571,11374.2620,12609.0350,12231.9168,12081.6783,10718.5731,12053.7485,13399.7311,11175.3749,11152.1092,9400.7421,10778.1323,13108.9762,10881.2228,10989.4420,8834.2884,10376.4449,13307.6484,10787.0790,11007.4224,8337.7656,10089.0554,13750.6736,10406.9835,10743.2461,7612.7226,9455.3627,13850.4474,9996.8777,10306.1744,7227.6570,9022.0819,13488.5945,9395.4726,9671.4558,6689.0616,8333.7953,12930.9649,9168.8701,9469.9266,6345.0496,7929.3168,13105.1060,8965.6572,9315.3895,5935.1117,7492.8243,13475.2780,11.00000000000,18,163
47,119,01639772,47119,Maury,Maury County,06,H1,G4020,400,17940,,A,1588021250.00000000000,6319194.00000000000,+35.6156963,-087.0777632,47119,5564.6174,5549.1348,5504.3638,5549.0196,5594.8200,6111.6762,6084.5349,5972.7274,6084.4988,6194.2266,6793.7821,6751.6757,6529.5167,6752.5477,6972.2082,8013.9292,7947.0000,7564.7612,7944.6084,8330.0558,8481.8168,8399.2547,7792.4965,8391.4223,9004.8447,9100.3540,8999.7667,8190.7618,8985.6196,9803.2233,8680.7576,8579.8311,7639.5005,8562.9079,9506.9344,8894.3344,8786.8892,7832.4366,8768.6816,9717.9904,10098.9988,9975.4830,8850.5460,9952.5318,11063.2413,9574.9416,9556.5377,8057.2091,9236.4798,11232.0018,9556.8096,9653.1469,7761.2791,9115.0881,11688.1112,9828.8828,10030.9118,7599.3394,9194.4467,12529.3792,9804.3813,10122.3709,7173.9692,8909.3651,13048.5616,9852.0456,10157.9708,7124.8602,8892.7834,13293.2748,9867.7600,10158.6047,7027.0350,8753.9688,13581.0525,9725.8446,10046.0979,6732.0961,8412.1322,13901.2552,9498.6541,9869.9943,6289.4028,7939.2659,14276.4167,11.00000000000,47,119
18,037,00451675,18037,Dubois,Dubois County,06,H1,G4020,,27540,,A,1106622334.00000000000,20886790.00000000000,+38.3733441,-086.8733845,18037,2742.2389,2734.4855,2712.3590,2734.4344,2757.1052,2419.9574,2409.0779,2364.7388,2409.0729,2452.6060,2381.8648,2366.5735,2288.5835,2366.9404,2444.1229,2630.6605,2607.8161,2482.3815,2607.0907,2733.8741,2319.1473,2295.4169,2129.4952,2293.2315,2461.3947,2947.0256,2913.7337,2651.3551,2909.0159,3174.4312,2916.1955,2881.0137,2564.1228,2875.0392,3193.5926,2644.2817,2610.7533,2325.5828,2605.0160,2889.0620,2574.6103,2542.0902,2254.3603,2536.0259,2820.3064,2458.6567,2452.3117,2066.0183,2369.7448,2883.7644,2058.9559,2078.4279,1669.8718,1962.1813,2517.9231,2010.7720,2050.8351,1552.4376,1879.3848,2563.0804,1942.6241,2004.3976,1419.3286,1763.7412,2585.3118,1857.0580,1913.5483,1340.9693,1674.7476,2505.6063,1813.7072,1866.0448,1289.6173,1607.5698,2496.1253,1657.9415,1711.5193,1145.8080,1432.7235,2369.6427,1492.5425,1550.0065,986.6875,1246.4257,2243.2272,11.00000000000,18,037
18,161,00450395,18161,Union,Union County,06,H1,G4020,,,,A,417568462.00000000000,10238544.00000000000,+39.6231109,-084.9251523,18161,531.2992,529.8104,525.5304,529.7999,534.1814,468.8794,466.8048,458.2310,466.8015,475.2148,415.0684,412.4771,398.9006,412.5325,425.9588,414.5839,411.1278,391.3532,411.0036,430.9421,365.9216,362.3118,336.1343,361.9721,388.4544,447.0322,441.8951,402.0474,441.1630,481.5019,385.2830,380.6830,338.8535,379.9046,421.9378,338.9589,334.7321,298.2407,334.0112,370.3403,280.1572,276.6446,245.3590,275.9901,306.8959,226.6626,226.0728,190.4568,218.4599,265.8519,241.6184,243.9894,196.1100,230.3696,295.4922,220.1335,224.5953,170.0892,205.8451,280.6078,194.5394,200.7902,142.2458,176.7067,258.9056,180.4281,185.9751,130.3871,162.7897,243.4450,168.1389,173.0434,119.6454,149.0957,231.4064,152.8328,157.8189,105.7067,132.1309,218.4423,137.0457,142.3617,90.6686,114.4958,205.9762,11.00000000000,18,161
47,151,01639788,47151,Scott,Scott County,06,H1,G4020,,,,A,1378642788.00000000000,2414259.00000000000,+36.4372392,-084.4983861,47151,1430.3676,1426.3618,1414.8400,1426.3334,1438.1275,1289.9185,1284.2521,1260.6861,1284.2403,1307.3593,1354.0710,1345.5749,1301.2763,1345.7607,1389.5748,1156.0348,1146.4915,1091.3473,1146.1389,1201.7082,1227.9987,1215.9609,1128.1130,1214.8237,1303.6671,1243.8870,1230.0616,1119.4405,1228.1134,1339.9368,1102.8664,1089.8272,970.1912,1087.6280,1207.8050,1146.9021,1132.8981,1009.6909,1130.5198,1253.1018,1092.0579,1078.5169,956.7030,1075.9969,1196.3041,971.0538,968.7118,816.2752,936.1405,1138.9911,826.2522,834.3924,670.6854,787.8257,1010.4873,781.6446,797.5330,604.0279,730.9668,996.3808,715.7394,738.7883,523.4316,650.1945,952.5564,673.3757,694.1313,486.7099,607.6154,908.5658,630.9636,649.4180,449.0721,559.5645,868.3873,576.2281,595.0745,398.6312,498.2343,823.6001,528.1012,548.6356,349.4766,441.2666,793.7259,11.00000000000,47,151
47,117,01639771,47117,Marshall,Marshall County,06,H1,G4020,,30280,,A,972437127.00000000000,1801806.00000000000,+35.4683866,-086.7658862,47117,2170.9716,2164.9349,2147.4698,2164.8897,2182.7554,2177.4208,2167.7485,2127.9132,2167.7359,2206.8305,2123.7729,2110.3377,2040.8370,2110.6418,2179.3968,2086.5553,2068.8151,1969.3072,2068.2138,2168.6632,2243.8879,2221.8457,2061.3230,2219.7660,2382.1245,2447.5071,2419.9826,2202.1451,2416.0880,2636.4039,2404.7921,2375.9515,2114.7666,2371.0635,2633.5629,2390.3244,2360.5684,2103.2778,2355.4951,2611.6281,2366.9069,2336.9510,2072.3793,2331.3637,2592.7745,2188.3510,2183.3129,1839.9760,2109.9672,2566.8700,2092.1236,2112.3286,1697.5065,1994.3157,2558.5525,2034.2930,2075.2443,1571.3319,1901.8971,2593.1128,1963.0209,2025.8553,1434.9368,1782.7770,2612.4929,1932.6365,1991.8485,1396.2740,1743.4441,2607.6171,1878.2538,1932.8573,1336.2184,1665.2920,2584.9904,1789.4569,1847.6889,1237.4139,1546.8803,2557.6417,1685.9056,1751.2064,1115.2150,1408.3852,2533.8679,11.00000000000,47,117
47,103,01639766,47103,Lincoln,Lincoln County,06,H1,G4020,,,,A,1477169515.00000000000,990366.00000000000,+35.1425322,-086.5933882,47103,2233.4996,2227.2856,2209.3157,2227.2393,2245.6222,2105.4801,2096.2401,2057.7788,2096.2200,2133.9504,2035.8720,2023.1726,1956.5831,2023.4433,2089.2946,2230.1383,2211.3993,2105.0340,2210.7416,2318.0382,2300.3332,2277.3373,2112.7704,2275.1903,2441.7839,2372.2814,2345.4620,2134.2427,2341.6604,2555.3314,2268.9204,2241.6397,1995.1575,2237.0122,2484.7574,2170.8170,2143.7353,1910.0204,2139.1161,2371.7946,2399.2272,2369.6210,2102.1293,2364.1142,2628.2713,1878.0823,1873.8562,1579.2765,1810.9327,2202.9578,1816.2566,1833.9613,1473.9605,1731.5510,2221.2090,1785.7271,1821.8432,1379.6294,1669.7207,2276.2863,1686.2931,1740.4292,1232.9263,1531.6584,2244.2230,1608.1617,1657.5784,1162.1022,1450.9188,2169.8314,1540.2866,1585.2013,1096.0223,1365.8176,2119.8660,1444.8024,1491.9421,999.3028,1249.1014,2065.0413,1340.2801,1392.3009,886.7774,1119.7854,2014.4093,11.00000000000,47,103
18,157,00450393,18157,Tippecanoe,Tippecanoe County,06,H1,G4020,320,29140,,A,1294491529.00000000000,8902814.00000000000,+40.3892597,-086.8939426,18157,9380.3110,9354.1760,9278.6868,9353.9834,9431.2184,10304.9723,10259.6333,10071.3312,10259.5435,10444.2832,11123.3617,11053.8353,10689.9845,11055.3309,11415.1669,12943.6575,12834.3231,12217.0082,12830.5449,13453.4603,13311.0393,13180.5307,12228.2921,13168.2032,14131.2402,9499.2685,9395.5841,8551.8356,9381.0662,10233.3297,9572.2343,9459.1715,8420.8877,9440.1085,10483.0517,17125.2226,16912.1787,15068.9723,16875.8602,18710.7370,19208.3544,18969.2838,16825.8659,18924.7745,21041.8466,18761.3607,18719.0247,15776.1863,18090.4138,22006.7200,20723.6730,20926.5079,16819.4814,19758.2039,25344.3544,21188.0768,21617.4984,16371.1976,19812.7587,27008.7880,21275.3337,21959.3330,15557.0595,19325.5990,28314.6140,21798.7151,22469.6448,15754.2274,19668.6591,29412.2729,22264.7783,22915.1786,15844.9877,19744.3082,30642.6689,22855.4514,23602.4030,15810.2578,19761.2017,32667.1508,23260.3937,24164.4916,15392.1990,19435.3114,34959.8999,11.00000000000,18,157
47,077,01639754,47077,Henderson,Henderson County,06,H1,G4020,,,,A,1346982937.00000000000,15049181.00000000000,+35.6539945,-088.3876741,47077,1841.5552,1836.4242,1821.6040,1836.3864,1851.5494,1739.7065,1732.0587,1700.2726,1732.0431,1763.2271,1764.3814,1753.3203,1695.6001,1753.5612,1810.6489,1807.0900,1791.9331,1705.7437,1791.3983,1878.3332,1850.7895,1832.5753,1700.1733,1830.8586,1964.7867,1994.1041,1971.5287,1793.9637,1968.3272,2147.9640,1815.9458,1794.0582,1596.7429,1790.3425,1988.6863,1686.0148,1664.5247,1482.5978,1660.8436,1842.0822,1820.0503,1797.1297,1593.7897,1792.8569,1993.7467,1554.1557,1549.6315,1305.0386,1497.3184,1822.7484,1413.3688,1426.4305,1145.7483,1346.5559,1728.3769,1366.2546,1393.1779,1054.3091,1276.6059,1741.4943,1259.8391,1299.6058,919.9642,1143.4593,1676.6116,1181.4207,1217.0844,852.6225,1065.0898,1593.9887,1099.6544,1131.1248,781.4389,974.3404,1513.3849,999.9755,1032.0678,690.6915,863.8576,1429.2174,901.6832,936.2171,595.7594,752.7749,1355.1800,11.00000000000,47,077
18,031,00450345,18031,Decatur,Decatur County,06,H1,G4020,,24700,,A,964946111.00000000000,1955486.00000000000,+39.3059799,-085.4998310,18031,1626.7469,1622.1447,1609.0174,1622.1144,1635.5655,1706.5945,1698.8831,1667.5944,1698.8822,1729.6076,1626.5444,1616.1551,1562.9069,1616.3994,1669.0894,1692.0285,1677.6775,1596.9831,1677.1876,1758.6337,1791.7752,1773.9491,1645.7659,1772.2800,1902.0105,2037.4320,2014.7988,1833.6128,2011.6100,2194.7608,2021.8434,1997.9117,1778.5662,1993.8738,2214.2201,1992.3508,1967.8481,1753.6613,1963.6806,2176.8262,1952.2574,1928.1777,1710.5288,1923.6990,2138.6325,1896.0921,1891.8454,1594.4570,1828.3233,2224.0878,1738.5875,1755.8798,1411.5331,1657.9363,2126.2788,1732.8675,1768.2643,1339.4030,1620.7351,2208.9480,1705.3705,1760.4690,1247.4737,1549.4252,2269.6433,1688.8193,1741.0598,1220.9838,1524.1292,2278.6903,1663.0196,1711.8494,1183.9441,1475.0751,2288.8081,1581.0048,1632.9032,1094.0648,1367.2496,2259.7360,1488.3443,1546.3963,985.2489,1243.8400,2236.9639,11.00000000000,18,031
27,041,00659466,27041,Douglas,Douglas County,06,H1,G4020,,10820,,A,1650598293.00000000000,214205330.00000000000,+45.9364288,-095.4606101,27041,2059.2539,2053.4699,2036.8738,2053.4297,2070.4229,2041.9037,2032.8548,1995.5098,2032.8415,2069.4892,2231.5836,2217.4771,2144.4503,2217.7954,2290.0373,2651.2270,2628.6810,2502.2442,2627.9173,2755.5523,2569.0169,2543.2675,2359.4777,2540.8670,2726.9448,2661.8021,2632.0504,2395.2399,2627.8496,2867.2913,2270.4120,2243.8529,1997.7869,2239.3899,2486.4760,2413.2832,2384.0338,2124.9779,2379.0739,2636.7585,2464.0638,2433.9572,2159.5102,2428.3634,2699.3339,2327.6806,2323.0881,1958.5045,2245.2536,2730.4854,2115.0862,2136.5012,1717.8688,2017.4433,2586.7953,2119.6380,2163.3149,1639.0182,1982.9560,2702.0239,2077.5147,2145.0116,1520.3380,1888.0094,2764.9555,2016.5571,2079.3049,1458.5697,1820.3765,2720.9336,1974.1093,2032.4301,1406.0409,1751.4599,2716.9883,1883.0444,1945.1891,1303.6647,1628.8684,2691.4655,1797.2890,1867.6859,1190.2886,1502.3934,2701.3224,11.00000000000,27,041
18,155,00450392,18155,Switzerland,Switzerland County,06,H1,G4020,,,,A,571436429.00000000000,7267108.00000000000,+38.8258455,-085.0296787,18155,700.0232,698.0780,692.4472,698.0634,703.8230,643.5196,640.6503,628.8717,640.6473,652.2084,607.5538,603.7338,583.8562,603.8181,623.4795,693.6220,687.8233,654.7400,687.6167,720.9797,635.7918,629.5943,584.1119,629.0068,674.9919,636.5805,629.5402,572.9472,628.5499,685.7459,596.6723,589.5791,524.8236,588.3806,653.4416,569.2785,562.3465,501.2082,561.1699,621.9931,621.4114,613.7071,544.3925,612.2734,680.7305,541.2093,540.2153,455.5050,522.1355,634.8834,463.6022,468.3300,376.5962,442.2425,567.0008,456.2824,465.7228,352.8891,426.9078,581.6539,443.1672,457.6056,324.3814,402.7932,589.8130,421.5970,434.7600,305.0166,380.6385,568.8634,406.6176,418.6768,289.6911,360.8164,559.6360,387.5689,400.4048,268.4008,335.3110,553.9615,367.1982,381.6236,243.2602,307.0015,551.9010,11.00000000000,18,155
27,009,00659450,27009,Benton,Benton County,06,H1,G4020,378,41060,,A,1057494279.00000000000,12320334.00000000000,+45.7012268,-094.0014395,27009,2417.9349,2411.1223,2391.6246,2411.0761,2431.0464,2374.8818,2364.3026,2320.8395,2364.2908,2406.9501,2622.8632,2606.3275,2520.5049,2606.6964,2691.5907,3170.4660,3143.6316,2992.4266,3142.7097,3295.3044,2910.2104,2881.6460,2673.4563,2878.9496,3089.5114,2317.7621,2291.6785,2085.3788,2287.9870,2496.6400,2096.1250,2071.0276,1843.3995,2066.7765,2295.5366,2348.8461,2320.2789,2068.0521,2315.4311,2566.3487,2505.3324,2474.6228,2195.4892,2468.9150,2744.5309,2287.6669,2282.9280,1924.4315,2206.3783,2683.4925,1922.4804,1941.6778,1560.9663,1833.3939,2351.1907,1918.5977,1957.8767,1483.1161,1794.5582,2445.7156,1847.6232,1907.4176,1351.7022,1678.7950,2458.9732,1721.6690,1775.0409,1244.9326,1553.9220,2323.0242,1618.7873,1666.4379,1152.6633,1435.9934,2227.9409,1576.2065,1628.0612,1090.9457,1363.2428,2252.8857,1530.4326,1590.2232,1013.2833,1279.1331,2300.2280,11.00000000000,27,009
18,181,00450338,18181,White,White County,06,H1,G4020,,,,A,1308266686.00000000000,9206237.00000000000,+40.7509496,-086.8642934,18181,1398.1760,1394.2805,1383.0285,1394.2518,1405.7641,1350.0267,1344.0093,1319.3005,1344.0029,1368.2553,1244.8835,1237.1021,1196.3813,1237.2695,1277.5410,1165.2524,1155.4575,1099.8815,1155.1141,1211.1779,1150.6101,1139.4098,1057.0993,1138.3472,1221.5618,1376.5699,1361.2891,1238.8787,1359.1367,1482.8707,1289.7251,1274.4248,1134.4784,1271.8413,1412.4374,1243.8963,1228.5382,1094.7599,1225.9239,1359.0674,1147.6547,1133.3254,1005.2197,1130.6567,1257.1961,1115.7320,1112.9854,937.7927,1075.5481,1308.6769,928.8870,937.7844,753.5512,885.3690,1135.9660,882.1959,899.8906,681.3145,824.6998,1124.5271,830.5805,857.1111,607.0460,754.2472,1105.3759,788.7163,812.8330,569.7418,711.4451,1064.1742,745.7465,767.3889,530.4699,661.1441,1026.3479,674.3199,696.2386,466.2499,582.8788,963.7928,602.3889,625.7055,398.4477,503.2088,905.3723,11.00000000000,18,181
18,043,00450350,18043,Floyd,Floyd County,06,H1,G4020,350,31140,,A,383149241.00000000000,2649232.00000000000,+38.3179365,-085.9114742,18043,5089.5803,5075.3945,5034.4321,5075.2901,5117.2014,5161.1626,5138.3449,5043.9784,5138.3074,5230.9038,4984.4416,4953.2479,4790.1968,4953.9225,5115.1798,5833.7591,5784.9951,5506.7453,5783.2570,6063.8569,5905.5063,5847.5238,5425.0577,5842.0516,6269.3385,6239.7649,6170.6332,5615.8401,6160.9020,6721.6477,5749.0745,5681.8347,5058.7631,5670.5368,6296.1873,5731.7809,5662.3444,5047.0921,5650.5712,6262.5585,5870.9727,5799.3180,5145.4824,5786.0067,6431.5455,5561.2697,5549.8578,4678.4474,5363.7929,6523.5397,5807.5797,5865.6818,4715.6805,5538.5966,7102.6793,5755.6940,5873.6096,4449.4126,5383.6832,7337.0302,5620.6216,5802.5628,4112.0609,5107.0850,7480.4024,5531.3924,5702.8360,3999.6779,4992.4154,7463.4284,5446.1564,5606.3945,3877.8242,4831.0800,7495.5521,5249.3087,5421.9201,3633.0781,4539.9632,7502.8770,5033.4504,5230.0331,3332.4822,4206.8726,7565.2322,11.00000000000,18,043
47,133,01639780,47133,Overton,Overton County,06,H1,G4020,,18260,,A,1122714642.00000000000,3500016.00000000000,+36.3448504,-085.2830756,47133,1463.6140,1459.5511,1447.7802,1459.5203,1471.5593,1439.2603,1432.9469,1406.6571,1432.9330,1458.7227,1335.9153,1327.6269,1283.9404,1327.7994,1370.9958,1219.3258,1209.1552,1150.9968,1208.7905,1267.4329,1294.4167,1281.8589,1189.2617,1280.6652,1374.2641,1496.9524,1480.1311,1346.9039,1477.7516,1612.4900,1422.4870,1405.8467,1251.6782,1403.0504,1557.8581,1379.8051,1362.7666,1214.3695,1359.8662,1507.5598,1328.3897,1312.0900,1164.0712,1309.0602,1455.2167,1173.3585,1170.8683,986.9455,1131.5914,1376.3655,1049.6888,1060.3057,852.5358,1001.2161,1283.7898,1002.6423,1023.3020,775.2960,937.9876,1278.1255,944.0900,974.7698,690.9029,857.9815,1256.4861,918.9092,947.5060,664.6508,829.5180,1239.8813,878.6894,904.6545,625.8491,779.5945,1209.3503,818.4903,845.5093,566.6675,708.0181,1169.8818,747.7757,777.0755,495.2476,625.0952,1123.9063,11.00000000000,47,133
18,093,00451703,18093,Lawrence,Lawrence County,06,H1,G4020,,13260,,A,1163339936.00000000000,7150614.00000000000,+38.8398148,-086.4878198,18093,2942.8902,2934.6371,2910.9262,2934.5792,2958.8539,2909.3251,2896.3375,2843.0796,2896.3251,2948.6021,2678.1181,2661.3664,2573.7614,2661.7279,2748.3679,2738.5198,2715.4069,2584.7993,2714.6062,2846.3922,2766.1115,2738.7841,2540.9002,2736.2146,2936.4177,3005.3472,2971.5798,2704.1091,2966.8035,3237.3066,2856.0296,2821.8357,2511.6874,2816.0437,3127.7338,2601.4242,2569.4288,2289.7619,2563.9869,2842.2948,2559.6275,2527.9260,2242.4454,2522.0272,2803.9702,2248.4230,2243.6129,1891.1444,2168.3404,2637.4215,2193.7410,2215.6114,1781.1548,2092.0396,2682.9363,2101.2570,2144.2342,1624.2432,1965.3563,2678.5538,1975.9896,2039.8908,1445.5324,1795.3723,2629.8100,1902.7300,1961.6463,1375.7389,1717.2547,2567.3211,1816.8648,1870.2696,1293.5715,1611.6070,2500.5493,1689.8488,1745.3719,1169.4772,1461.4427,2415.3107,1561.7648,1622.7249,1033.9307,1305.2536,2347.3167,11.00000000000,18,093
18,159,00450394,18159,Tipton,Tipton County,06,H1,G4020,316,29020,,A,674797764.00000000000,68029.00000000000,+40.3102294,-086.0562066,18159,1043.6357,1040.6912,1032.2735,1040.6715,1049.2943,922.2969,918.2306,901.3733,918.2232,934.7628,739.7049,735.0776,710.8807,735.1775,759.1078,723.5450,717.4695,682.9602,717.2558,752.0658,777.1283,769.4947,713.9007,768.7745,825.0041,898.0058,887.8533,807.8980,886.4142,967.2976,806.7340,796.9300,709.2098,795.2611,883.4647,723.7548,714.7706,636.8895,713.2396,790.7638,637.1912,629.1800,558.0036,627.6868,698.0031,563.3037,561.8304,473.3109,542.9088,660.6955,587.8048,593.5101,476.9828,560.3603,718.8577,537.9892,548.8493,415.6071,503.0136,685.7784,494.5996,510.4612,361.5957,449.2233,658.2422,473.3250,487.8558,342.0139,427.0266,638.6381,442.0999,454.9812,314.5672,392.0100,608.4525,398.5239,411.5200,275.6289,344.5349,569.6057,365.3512,379.5287,241.7241,305.2422,549.1140,11.00000000000,18,159
18,183,00450369,18183,Whitley,Whitley County,06,H1,G4020,258,23060,,A,869120901.00000000000,6073420.00000000000,+41.1364261,-085.5018918,18183,2106.0024,2100.1367,2083.1895,2100.0935,2117.4321,2108.1769,2098.7372,2060.1301,2098.7300,2136.6299,1927.6762,1915.4938,1852.4126,1915.7683,1978.1710,2105.2655,2087.2582,1986.8629,2086.6590,2188.0409,2241.3597,2218.8952,2058.5462,2216.8009,2379.1457,2391.9786,2365.1262,2152.2571,2361.3292,2576.6036,2155.8584,2130.1267,1896.0752,2125.7728,2360.9619,2057.4860,2031.4388,1809.5872,2026.9830,2247.9492,2075.0198,2048.7039,1816.7098,2043.7944,2273.0269,1880.3077,1875.8782,1580.7907,1812.8333,2205.5200,1711.9000,1728.3102,1388.7857,1631.7139,2093.5400,1656.3145,1689.5417,1279.1713,1548.3732,2111.2897,1589.0056,1639.7586,1161.3502,1442.9663,2114.7238,1524.4683,1571.0718,1101.2063,1375.1017,2056.8853,1450.3088,1492.3790,1031.6101,1285.7514,1996.0138,1335.0752,1378.4415,923.0674,1153.9946,1908.1958,1227.6709,1275.1575,811.9796,1025.5014,1845.1502,11.00000000000,18,183
47,075,01639753,47075,Haywood,Haywood County,06,H1,G4020,,15140,,A,1380753077.00000000000,2457129.00000000000,+35.5866898,-089.2825359,47075,1091.3922,1088.4080,1079.6539,1088.3831,1097.3234,936.9250,932.8535,915.7592,932.8418,949.6056,1006.0946,1000.0064,967.1352,1000.1185,1032.6006,918.9400,911.4706,867.6309,911.1824,955.3207,854.5208,846.4619,785.3367,845.6826,907.3852,895.2553,885.4736,805.9494,884.1035,964.4337,742.7664,734.2003,653.7957,732.7681,813.4660,680.1225,672.0956,599.2801,670.7420,743.1159,622.6018,615.2542,546.1458,613.8944,682.0796,534.4552,533.7048,450.2366,515.9052,627.0164,518.4886,524.0443,421.6515,494.9361,634.1723,479.4636,489.6684,371.3161,448.9552,611.2391,424.8890,439.0303,311.5133,386.5544,565.5128,393.1916,405.7649,284.9791,355.3708,530.5623,374.3634,385.7400,267.1916,332.5430,515.2658,349.2015,361.0079,242.2573,302.4192,499.1391,328.4955,341.6061,217.9873,274.8961,493.7432,11.00000000000,47,075
18,089,00450495,18089,Lake,Lake County,06,H1,G4020,176,16980,23844,A,1292303671.00000000000,330480308.00000000000,+41.4722388,-087.3743368,18089,29552.5642,29470.6029,29232.9680,29469.9788,29713.0021,29903.4229,29771.8631,29225.4440,29771.6016,30307.6821,29837.9536,29652.0587,28676.1609,29655.9994,30621.0488,31640.6659,31376.5438,29867.3799,31367.0925,32888.8815,28810.7910,28527.6790,26466.6171,28500.9728,30585.6379,30713.2533,30371.8089,27640.3793,30323.6895,33084.8306,28058.3953,27727.5421,24684.5337,27671.7913,30728.2731,27180.3369,26847.2131,23926.2275,26790.5945,29697.0820,26810.3096,26479.7875,23490.9705,26418.3156,29369.8145,23809.0510,23759.3795,20028.0226,22962.6010,27928.5493,27236.2813,27506.7744,22112.0204,25972.3131,33309.6917,26359.7000,26897.5955,20373.5161,24653.2993,33601.5820,24780.1725,25580.2013,18125.6188,22513.4443,32979.3812,24287.6512,25038.2100,17558.2360,21918.2352,32770.7811,24089.4509,24795.8940,17148.3345,21365.8966,33154.1572,23199.9661,23960.5346,16052.7485,20062.0307,33159.7271,22256.0205,23123.0544,14731.0923,18598.5281,33450.4694,11.00000000000,18,089
18,001,00450401,18001,Adams,Adams County,06,H1,G4020,258,19540,,A,878079128.00000000000,2430463.00000000000,+40.7457327,-084.9361305,18001,1879.8127,1874.5291,1859.3774,1874.4926,1890.0081,1899.9674,1891.4813,1856.6981,1891.4735,1925.6164,1856.5726,1844.8913,1784.1470,1845.1498,1905.2340,2063.6492,2046.1861,1947.7670,2045.5859,2144.9085,1963.2619,1943.8556,1803.4063,1942.0315,2084.1306,2182.4136,2157.6847,1963.3398,2154.1768,2350.7967,2092.5644,2067.5394,1840.3213,2063.3022,2291.6407,2120.9535,2094.6980,1866.5332,2090.2264,2317.3265,2229.2891,2201.3201,1952.3549,2196.1082,2442.0540,2174.4433,2169.0651,1827.6125,2096.0977,2550.4663,1355.1895,1368.3880,1099.7667,1291.9722,1657.3405,1354.3291,1381.7131,1046.3243,1266.3385,1726.3776,1326.5911,1369.1778,969.9289,1204.9393,1765.5092,1244.0521,1282.3018,899.0238,1122.4386,1678.5540,1189.3148,1224.0351,846.3510,1054.6512,1636.8337,1110.9619,1147.2640,768.4975,960.5487,1587.8903,1025.5347,1065.4054,678.6487,856.9014,1541.3585,11.00000000000,18,001
18,035,00450347,18035,Delaware,Delaware County,06,H1,G4020,,34620,,A,1015596276.00000000000,9803976.00000000000,+40.2271653,-085.3988555,18035,6276.1185,6258.6864,6208.2063,6258.5550,6310.1875,6097.2472,6070.4706,5959.0813,6070.4141,6179.6890,5557.4015,5522.9246,5341.1891,5523.6414,5703.3375,6044.0205,5993.6362,5705.3517,5991.8263,6282.4995,6065.4096,6005.9434,5572.0393,6000.3264,6439.1503,3870.0508,3827.5989,3483.7361,3821.6442,4169.0498,1149.3505,1133.8493,1007.6755,1131.1240,1258.4920,5020.1265,4958.0729,4418.1066,4947.5080,5484.9308,4834.9232,4775.4377,4236.5497,4764.3770,5296.5143,4259.3361,4249.6874,3581.5538,4106.9670,4996.1114,5069.3160,5119.1267,4114.6335,4833.3916,6199.6343,4714.4277,4810.1544,3642.9666,4408.6392,6009.5795,4301.8439,4440.3082,3145.8911,3907.8113,5725.1910,4074.2813,4199.8259,2944.7881,3676.3478,5497.3037,3826.9380,3938.8593,2723.7097,3393.8749,5266.9658,3741.4050,3863.7939,2588.3187,3235.0238,5347.5742,3996.0509,4151.4787,2644.5150,3339.0475,6005.9902,11.00000000000,18,035
18,085,00450367,18085,Kosciusko,Kosciusko County,06,H1,G4020,,47700,,A,1376269814.00000000000,59601470.00000000000,+41.2442928,-085.8615754,18085,4704.6450,4691.4965,4653.6142,4691.4014,4730.1719,4598.7963,4578.4002,4494.2832,4578.3714,4660.9200,4395.2262,4367.4111,4223.5747,4368.0416,4510.3360,5107.1137,5063.7672,4820.2052,5062.2904,5308.1315,5188.5374,5137.0417,4765.8567,5132.2128,5507.8335,5553.9019,5491.3740,4997.0174,5482.5233,5982.5278,5419.0933,5354.4463,4766.1471,5343.5097,5934.6579,5433.9923,5367.1849,4783.0254,5355.8230,5937.1367,5488.6647,5421.0131,4809.1487,5408.4314,6012.6535,5078.6617,5068.0486,4272.1061,4898.0851,5957.3793,4597.2355,4642.7962,3732.1387,4383.7688,5622.3559,4582.1632,4675.5959,3541.4479,4285.4466,5841.0266,4529.0440,4675.2063,3312.6993,4114.6838,6027.5986,4436.2234,4573.2947,3207.0366,4003.4150,5985.6946,4337.7721,4464.9926,3087.9104,3847.3584,5970.0488,4156.2799,4292.5755,2875.9240,3594.1674,5940.5765,3935.2915,4088.6576,2604.8429,3288.6476,5914.6887,11.00000000000,18,085
47,085,01639757,47085,Humphreys,Humphreys County,06,H1,G4020,,,,A,1375232049.00000000000,66620771.00000000000,+36.0404396,-087.7906251,47085,1147.8996,1144.6854,1135.4393,1144.6625,1154.1271,1158.0473,1152.8989,1131.7106,1152.8925,1173.6874,1028.9335,1022.4498,988.7827,1022.5942,1055.8967,1006.4805,998.0711,950.0653,997.7710,1046.1809,1109.6430,1098.6555,1019.2727,1097.6238,1177.9459,1247.7916,1233.9556,1123.0051,1232.0075,1344.1524,956.8560,945.7268,842.0732,943.8604,1047.9227,926.4235,915.2461,815.8438,913.3525,1012.2154,882.9525,872.0002,773.5074,869.9619,967.2373,844.9392,842.9502,710.3503,814.6206,991.0777,758.6040,766.0613,615.7452,723.3030,927.7524,724.1295,738.8330,559.5546,677.1609,923.0630,690.5072,712.7238,504.9452,627.2483,918.9739,668.2247,688.8039,482.9563,602.9450,901.6141,641.2133,659.9547,456.3449,568.6382,882.4927,597.0825,616.6006,413.0397,516.2530,853.4065,563.3170,585.2131,372.7675,470.6827,846.6541,11.00000000000,47,085
18,129,00450383,18129,Posey,Posey County,06,H1,G4020,,21780,,A,1060783261.00000000000,25263904.00000000000,+38.0276138,-087.8686526,18129,1531.5582,1527.2877,1514.9606,1527.2564,1539.8697,1434.5540,1428.1453,1401.8820,1428.1395,1453.9197,1360.9243,1352.2390,1307.6879,1352.4426,1396.5256,1479.8801,1467.3113,1396.7351,1466.8839,1538.1234,1580.4087,1564.6296,1451.5666,1563.1552,1677.6033,1585.8554,1567.6637,1426.3207,1565.0723,1708.1466,1384.0474,1367.7140,1217.6000,1364.9610,1515.7440,1265.6633,1249.9885,1113.8264,1247.3187,1382.8471,1299.9674,1283.9941,1139.1219,1281.0245,1424.0781,1219.8768,1217.4199,1026.3111,1176.6171,1430.9641,1111.8172,1122.8770,902.6703,1060.2430,1359.7440,1072.5281,1094.4430,829.0117,1003.1341,1367.1906,1033.5219,1066.9235,756.0351,939.0251,1375.4942,982.9957,1013.4183,710.7137,887.1557,1326.3380,925.7953,952.9997,659.1331,821.1943,1274.1705,866.7172,895.1902,599.8125,749.5628,1238.8037,796.4903,827.5796,527.2983,665.6712,1197.1170,11.00000000000,18,129
18,117,00451681,18117,Orange,Orange County,06,H1,G4020,,,,A,1031818152.00000000000,25394104.00000000000,+38.5473812,-086.4892570,18117,1236.2401,1232.7904,1222.8388,1232.7652,1242.9485,1126.9972,1122.0077,1101.3982,1122.0000,1142.2240,1090.7622,1084.0296,1048.3666,1084.1663,1119.4246,1104.1070,1095.0078,1042.3399,1094.6700,1147.7387,1123.4357,1112.4532,1032.0859,1111.4140,1192.6809,1224.9734,1211.5655,1102.7399,1209.6863,1319.6230,1125.0762,1111.9818,990.0987,1109.7853,1232.1519,1037.4899,1024.9629,913.6351,1022.8404,1133.5666,1022.6085,1010.0310,896.0573,1007.6924,1120.2376,964.5772,962.5420,811.3551,930.2567,1131.4650,893.4307,902.4222,725.5473,852.1173,1092.6758,866.8117,884.6210,670.1744,810.8510,1104.9682,826.6487,853.4559,604.8610,751.1813,1100.1789,800.6516,825.5106,579.0151,722.6912,1080.3116,777.1270,800.0297,553.4037,689.4081,1069.5640,731.5684,755.6554,506.3778,632.7496,1045.6385,687.9127,714.8037,455.4879,574.9757,1033.9283,11.00000000000,18,117
18,061,00451677,18061,Harrison,Harrison County,06,H1,G4020,350,31140,,A,1254889451.00000000000,5193188.00000000000,+38.1864398,-086.1036808,18061,2505.3939,2498.3680,2478.1823,2498.3187,2518.9844,2451.8337,2440.9694,2396.1277,2440.9534,2484.9577,2386.1775,2371.0862,2292.9989,2371.4273,2448.6762,2712.0583,2689.0588,2559.7181,2688.2734,2818.8180,2618.5679,2592.7669,2405.4392,2590.3370,2779.8352,2602.4158,2573.3118,2341.7759,2569.2017,2803.3156,2387.9223,2359.8513,2100.9423,2355.1263,2615.1535,2355.8159,2327.1610,2074.1834,2322.2986,2573.9638,2328.7936,2300.2521,2040.7916,2294.9475,2551.1374,2192.1262,2187.5275,1843.9570,2114.1612,2571.4068,2005.6582,2026.2008,1629.4042,1913.3622,2453.0008,1927.5870,1967.5689,1490.9734,1803.6194,2457.2373,1838.1502,1898.1442,1345.6385,1670.8226,2446.4105,1755.4952,1810.3946,1270.2191,1585.0616,2368.7082,1668.0291,1717.5871,1188.5277,1480.2557,2295.7493,1563.8183,1615.6962,1083.1339,1353.0685,2235.2093,1450.8782,1507.9591,961.3214,1213.1307,2180.6831,11.00000000000,18,061
18,143,00450386,18143,Scott,Scott County,06,H1,G4020,350,42500,,A,493127224.00000000000,6089000.00000000000,+38.6794309,-085.7518981,18143,1635.5506,1630.9455,1617.7584,1630.9141,1644.4200,1585.4314,1578.3705,1549.3562,1578.3626,1606.8401,1366.2918,1357.7514,1313.0593,1357.9351,1402.1343,1418.0733,1405.9774,1338.3512,1405.5714,1473.8509,1402.8752,1389.0634,1288.7043,1387.7620,1489.2799,1337.1357,1322.0700,1203.0442,1319.9369,1440.3267,1210.9494,1196.4787,1064.9980,1194.0291,1326.1545,1037.1041,1024.2038,912.5806,1022.0046,1133.1230,1069.4535,1056.3028,937.1107,1053.8576,1171.5553,980.4299,978.2516,824.4922,945.4098,1150.0339,892.9639,901.7096,724.7459,851.3699,1092.0657,829.4328,846.2324,640.8517,775.5810,1057.2902,762.5069,786.9976,557.5235,692.5987,1014.7923,712.8722,734.7775,515.1407,643.1686,961.8513,656.8310,675.9699,467.3565,582.4133,903.9824,600.5929,620.1646,415.3599,519.2116,858.4197,544.4730,565.5760,360.1896,454.8630,818.3282,11.00000000000,18,143
18,173,00450335,18173,Warrick,Warrick County,06,H1,G4020,,21780,,A,996667397.00000000000,16155828.00000000000,+38.0977639,-087.2720225,18173,3907.3040,3896.3212,3864.8271,3896.2453,3928.4956,4165.2497,4146.7201,4070.5042,4146.6979,4221.5005,4065.3422,4039.7139,3906.6924,4040.2856,4171.8681,4378.6633,4341.4837,4132.6632,4340.2188,4550.9989,4262.9407,4220.3792,3915.4070,4216.4022,4525.1106,5036.9128,4979.8757,4531.3560,4971.7863,5425.5438,4934.2226,4874.7472,4338.6064,4864.6500,5403.5865,4919.4189,4858.3263,4328.9392,4847.9153,5374.8828,5044.1171,4981.2967,4418.3975,4969.5999,5525.5876,4502.2474,4492.7150,3787.0108,4342.0127,5281.2029,4562.8873,4607.7771,3703.6752,4350.6011,5580.2947,4511.5359,4603.1982,3486.2835,4218.9771,5750.9557,4387.6188,4528.8982,3208.7101,3985.7976,5839.3511,4337.2850,4470.9860,3134.9709,3913.7307,5852.1712,4303.3377,4429.2416,3062.8606,3816.4278,5922.6324,4130.9861,4266.1657,2857.9151,3571.9355,5904.4038,3929.3883,4082.2659,2600.4746,3283.3971,5905.8003,11.00000000000,18,173
47,057,01648575,47057,Grainger,Grainger County,06,H1,G4020,314,34100,,A,726751601.00000000000,56614954.00000000000,+36.2774634,-083.5094926,47057,1775.8626,1770.9064,1756.6104,1770.8702,1785.4992,1666.3772,1658.9598,1628.4662,1658.9512,1688.8800,1462.8096,1453.6205,1405.7623,1453.8224,1501.1585,1401.9603,1390.2541,1323.3851,1389.8356,1457.2653,1569.0677,1553.3152,1441.0622,1551.8481,1665.5078,1663.9621,1644.9721,1496.7210,1642.2716,1792.3049,1485.7424,1467.4560,1305.7235,1464.3301,1627.0290,1443.0572,1424.6120,1268.8550,1421.4508,1576.6319,1471.8788,1452.8285,1287.9172,1449.2667,1612.2850,1170.7443,1167.6290,983.6115,1128.2907,1373.1460,1150.2047,1160.9324,932.5858,1095.9550,1406.5755,1064.3099,1085.3416,821.4073,994.5473,1356.6280,975.2221,1006.0416,712.1930,885.1803,1297.8426,916.1141,943.7890,661.1874,825.9326,1236.0353,848.9621,873.2573,603.2900,752.2154,1168.3728,766.6311,791.2126,529.4796,662.2487,1095.7077,695.6693,722.2823,459.5873,580.7453,1045.5506,11.00000000000,47,057
47,181,01639798,47181,Wayne,Wayne County,06,H1,G4020,,,,A,1901310603.00000000000,4023299.00000000000,+35.2426873,-087.8197026,47181,1105.8145,1102.6609,1093.7245,1102.6415,1111.8055,972.3909,968.0154,950.1971,968.0137,985.5087,898.4932,892.7707,863.3600,892.9039,922.0041,852.3347,845.1689,804.5174,844.9178,885.9266,916.6538,907.5894,842.0131,906.7376,973.0855,994.6717,983.2143,894.5360,981.5800,1071.3608,1042.2001,1029.0346,915.3200,1026.7652,1141.2691,994.1003,980.7966,872.9659,978.4966,1086.0831,984.2475,970.9972,860.2540,968.5098,1078.0753,833.0288,830.2270,698.8234,802.0981,976.9033,835.4548,842.7061,676.4392,795.3725,1021.5826,797.2829,812.5095,614.3974,744.3580,1016.1968,746.1030,769.1741,544.0010,676.5790,992.8819,718.1453,739.3600,517.4789,646.8414,968.8897,683.7355,702.8558,485.0949,605.2513,940.9461,641.3001,661.4658,442.2158,553.4845,916.5505,599.0531,621.6270,395.1470,499.6689,900.3207,11.00000000000,47,181
18,003,00450402,18003,Allen,Allen County,06,H1,G4020,258,23060,,A,1702419942.00000000000,7028819.00000000000,+41.0918553,-085.0722302,18003,22014.5571,21953.2012,21776.0255,21952.7499,22134.0287,22923.6454,22822.3309,22403.2133,22822.1618,23233.4146,23179.2568,23034.7257,22276.5881,23037.8018,23787.5280,25725.4973,25510.7345,24283.7072,25503.0509,26740.3498,27579.8085,27311.2041,25338.2427,27285.7306,29280.4127,29041.1178,28720.0304,26138.2787,28674.8668,31284.0931,26829.9547,26515.6121,23607.4164,26462.7625,29383.1744,27866.5382,27527.1410,24534.3152,27469.5315,30446.9458,29191.8011,28833.8367,25581.2819,28767.3015,31978.8933,27818.4583,27759.0623,23398.2617,26827.7856,32631.3438,26064.3884,26324.3075,21162.4731,24856.1387,31876.6522,26137.2108,26671.7711,20203.6622,24446.7299,33318.1145,25619.5393,26447.9414,18741.7612,23277.6299,34096.5869,25221.6691,26002.5201,18235.9309,22762.9510,34031.1575,24591.3696,25314.0939,17508.3645,21813.0494,33845.0698,23528.5735,24301.5333,16282.9861,20348.2211,33629.5205,22460.0616,23336.6122,14868.9403,18770.9617,33757.2378,11.00000000000,18,003
47,097,01639763,47097,Lauderdale,Lauderdale County,06,H1,G4020,,,,A,1222453808.00000000000,92173871.00000000000,+35.7629507,-089.6277318,47097,1634.5552,1629.9665,1616.7943,1629.9345,1643.4212,1469.9192,1463.4983,1436.6625,1463.4823,1489.8040,1432.1264,1423.3359,1376.5214,1423.5098,1469.7865,1414.1839,1402.7423,1335.2736,1402.2951,1470.2052,1373.6563,1360.6039,1262.3425,1359.3475,1458.5724,1432.2570,1416.6520,1289.4508,1414.4684,1542.9436,1538.0390,1519.5562,1352.4804,1516.4215,1684.3502,1534.4657,1515.2398,1349.9619,1511.9576,1676.5241,1515.2887,1496.3726,1327.2332,1492.8497,1659.9205,1213.0288,1210.0773,1019.6347,1169.3835,1422.8077,1236.6014,1248.5207,1003.3122,1178.7603,1512.2920,1195.6349,1219.6649,923.4665,1117.7719,1524.0709,1112.8787,1148.4312,813.3772,1010.6072,1481.0721,1060.9473,1093.3588,766.3418,956.9683,1431.4788,1017.8426,1047.3219,723.9147,902.2960,1400.8206,954.5417,985.4811,659.8503,824.9910,1364.3023,887.2756,921.5164,586.7013,741.0641,1333.5420,11.00000000000,47,097
18,005,00451683,18005,Bartholomew,Bartholomew County,06,H1,G4020,294,18020,,A,1053886348.00000000000,6778454.00000000000,+39.2058430,-085.8979988,18005,5111.2980,5096.9499,5055.7609,5096.8496,5139.0223,5406.9222,5382.8846,5283.9566,5382.8545,5479.9463,5277.3045,5243.8026,5071.0794,5244.5718,5415.4571,6172.4064,6119.2971,5824.9634,6117.5616,6414.8939,7227.1784,7153.7595,6636.7050,7146.9696,7670.8164,8545.9725,8447.3302,7685.3168,8433.2500,9204.8070,7941.9859,7844.1140,6979.4819,7827.3770,8697.2147,7904.7178,7804.0732,6951.2248,7786.8374,8636.4303,8401.9059,8293.3910,7352.2405,8273.1072,9203.4127,8180.3488,8158.1332,6871.9888,7883.1589,9594.4823,7790.2232,7861.9163,6314.6223,7421.5860,9526.4404,7776.6890,7929.6993,6000.6881,7266.1127,9912.5159,7707.1375,7950.3872,5627.8911,6995.1461,10256.7651,7668.7196,7900.3371,5534.6667,6913.7577,10346.7506,7550.9542,7767.2769,5366.2721,6690.7524,10391.9191,7238.7378,7471.3317,5000.3539,6253.7435,10346.0026,6928.7862,7194.5162,4578.6278,5784.9767,10413.6038,11.00000000000,18,005
18,167,00450398,18167,Vigo,Vigo County,06,H1,G4020,,45460,,A,1044574633.00000000000,18486867.00000000000,+39.4291426,-087.3903754,18167,5914.7057,5898.0456,5850.3532,5897.9323,5946.7796,5689.5536,5664.2978,5560.2184,5664.2636,5766.4056,5188.9676,5156.5332,4986.7991,5157.2309,5325.0921,5542.1539,5495.9714,5231.6239,5494.3104,5760.8421,4761.0211,4714.0306,4373.4344,4709.6096,5054.1812,4248.5244,4201.4801,3823.7477,4194.8595,4576.6360,4232.5624,4181.8611,3722.2088,4173.2717,4635.2179,6088.5426,6012.3301,5356.5956,5999.3217,6652.2146,6070.8837,5995.1291,5317.5139,5981.0212,6650.3432,5731.1192,5717.0202,4817.1245,5524.7201,6722.2112,5426.8462,5479.5777,4403.7943,5173.5403,6636.7875,5285.6160,5392.3431,4083.2932,4942.0268,6737.6129,5076.5380,5239.3489,3711.4087,4610.8082,6756.1554,4924.5341,5075.7060,3558.3413,4442.8288,6644.4725,4883.4119,5025.6793,3474.6587,4330.0970,6720.9328,4829.7546,4987.2325,3340.3348,4175.4269,6903.1116,4723.5964,4906.8625,3125.1712,3946.4100,7099.4490,11.00000000000,18,167
47,065,01639749,47065,Hamilton,Hamilton County,06,H1,G4020,174,16860,,A,1404890184.00000000000,86631783.00000000000,+35.1591860,-085.2022955,47065,23200.6938,23136.2309,22949.6106,23135.7462,23326.6322,24613.2148,24504.3589,24054.3137,24504.1841,24945.7951,25341.5599,25183.1540,24354.2169,25186.5620,26006.3543,29557.2487,29309.8558,27900.0949,29301.0734,30722.8519,33353.7934,33027.6529,30641.6205,32996.7966,35409.5693,31193.7838,30847.8004,28074.0747,30799.0804,33602.6992,27832.4155,27502.4126,24482.4950,27446.7014,30480.5812,31091.7865,30712.1971,27372.1735,30647.7328,33970.7941,33787.4526,33373.6052,29609.4337,33296.6937,37013.3718,32655.8746,32588.2430,27470.8063,31495.5182,38306.1914,34165.1510,34507.1012,27741.9181,32582.9438,41784.0578,34417.8533,35123.0062,26606.6362,32193.3602,43873.9199,34102.2020,35206.0528,24949.1743,30986.3432,45386.1151,34156.4779,35214.9910,24697.8366,30828.0854,46086.8331,33842.4309,34837.9631,24096.4825,30020.1061,46577.3662,33476.6194,34577.0994,23168.7994,28952.4791,47848.3675,33210.1713,34506.7366,21986.5309,27755.9259,49914.5710,11.00000000000,47,065
18,125,00450381,18125,Pike,Pike County,06,H1,G4020,,27540,,A,865673554.00000000000,17756536.00000000000,+38.3978982,-087.2325320,18125,766.2473,764.0828,757.9012,764.0685,770.4016,776.8001,773.3377,759.1203,773.3341,787.2887,691.8969,687.5703,664.9377,687.6636,710.0467,714.2997,708.2922,674.2243,708.0819,742.4499,700.5354,693.5642,643.4480,692.9115,743.6333,715.9785,707.9173,644.1873,706.7762,771.2345,648.7952,641.1450,570.7815,639.8559,710.5309,609.1272,601.6219,536.1255,600.3449,665.5265,630.8871,622.9341,552.4427,621.4513,691.0948,554.8951,553.5720,466.4765,534.9632,650.8642,510.8598,515.8594,414.6166,487.0594,624.7642,482.7522,492.5344,373.0006,451.4145,615.3719,449.2864,463.7279,328.5245,408.1088,597.9396,425.9006,439.0053,307.7975,384.2789,574.6530,405.1855,417.0172,288.3469,359.3109,557.6501,378.3096,390.6681,261.6864,327.0861,540.7151,347.5060,361.0075,229.9467,290.3531,522.2941,11.00000000000,18,125
18,127,00450382,18127,Porter,Porter County,06,H1,G4020,176,16980,23844,A,1083011401.00000000000,268394743.00000000000,+41.5099220,-087.0713082,18127,10762.3018,10732.2994,10645.6795,10732.0787,10820.7071,11087.0504,11037.7740,10834.9256,11037.7116,11236.7916,11076.4705,11006.9661,10644.5968,11008.4862,11366.8935,12567.5905,12461.5568,11862.1715,12457.8798,13062.6601,12307.7323,12185.8526,11305.3689,12174.4084,13065.3146,11815.3219,11681.5965,10629.5217,11662.6341,12726.9726,11512.4885,11374.4994,10124.1887,11351.1176,12607.6944,11917.1788,11767.8053,10484.1483,11742.3027,13020.4491,11392.6027,11249.6062,9977.2324,11222.9585,12479.9129,10242.5369,10218.3476,8610.8794,9874.9111,12014.0402,11666.2783,11779.2278,9466.2712,11121.2251,14267.2645,11356.2749,11585.1675,8772.3312,10617.5447,14475.8757,10742.3391,11086.4331,7852.8926,9756.2850,14296.4995,10478.9043,10800.1753,7571.0826,9453.3667,14138.7211,10246.5919,10544.6954,7289.9690,9085.0840,14102.1273,9938.9417,10262.6077,6873.2206,8591.9268,14205.5847,9513.1063,9881.8162,6293.2747,7947.4230,14297.9409,11.00000000000,18,127
18,007,00450403,18007,Benton,Benton County,06,H1,G4020,320,29140,,A,1052616479.00000000000,236035.00000000000,+40.6082528,-087.3154792,18007,534.6483,533.1389,528.8261,533.1288,537.5471,454.5390,452.5350,444.2271,452.5313,460.6826,427.2964,424.5621,410.5727,424.6269,438.4702,518.8464,514.5448,489.7960,514.3878,539.3336,438.7181,434.4100,403.0251,434.0035,465.7467,536.5439,530.5499,482.8174,529.7038,577.9656,508.9351,503.1046,448.0427,502.1320,557.3821,520.4232,514.2465,458.4979,513.2037,568.6232,525.1382,518.6020,460.0028,517.3851,575.2641,464.7325,463.5957,390.6289,448.0037,545.1011,407.5821,411.8599,331.3021,388.9555,498.5061,397.5516,405.9200,307.7173,372.1382,506.8031,384.7628,397.4496,281.8904,349.8992,512.0957,370.1623,381.8653,268.0566,334.3864,499.4752,366.2182,377.2142,261.1452,325.1388,504.0444,348.0603,359.7122,241.2605,301.2857,497.4998,321.0877,333.8153,212.9160,268.5898,482.6036,11.00000000000,18,007
18,115,00450378,18115,Ohio,Ohio County,06,H1,G4020,178,17140,,A,223101869.00000000000,3352222.00000000000,+38.9405270,-084.9642994,18115,364.8380,363.8153,360.8760,363.8081,366.8172,354.1632,352.5629,346.0696,352.5627,358.9390,303.0740,301.1515,291.2323,301.1955,311.0089,287.6480,285.1396,271.4245,285.0610,298.9271,327.8533,324.5635,301.1085,324.2570,348.0053,286.7725,283.4557,257.8816,282.9820,308.8787,250.7918,247.7854,220.5479,247.2760,274.6501,227.4875,224.6660,200.1888,224.1852,248.5496,189.3832,187.0619,165.9617,186.6305,207.4648,182.9303,182.4351,153.6754,176.2865,214.5538,171.7460,173.4268,139.3900,163.7446,210.0396,155.9293,159.1027,120.5035,145.8245,198.7672,139.0959,143.5910,101.7502,126.3779,185.1200,130.7013,134.7541,94.5115,117.9681,176.3535,120.9117,124.4798,86.1113,107.2697,166.4118,112.8068,116.5320,78.1022,97.5829,161.2368,104.6362,108.7422,69.3108,87.4770,157.2685,11.00000000000,18,115
47,123,01639776,47123,Monroe,Monroe County,06,H1,G4020,,,,A,1646104693.00000000000,44013070.00000000000,+35.4476659,-084.2497859,47123,3081.5777,3073.0163,3048.2294,3072.9520,3098.3053,2996.5334,2983.3773,2928.6362,2983.3492,3037.0509,2753.0498,2735.9149,2645.8754,2736.2767,2825.3131,2761.8247,2738.7377,2607.0084,2737.9149,2870.7571,3020.1817,2990.3630,2774.3035,2987.5581,3206.1429,3215.8635,3179.8660,2893.7338,3174.7808,3464.1102,2978.9927,2943.4717,2620.0840,2937.4634,3262.4116,3048.6782,3011.0820,2683.2437,3004.6839,3330.9550,3004.7296,2967.4240,2632.2164,2960.4803,3291.5506,2756.7229,2750.6236,2318.3113,2658.2868,3233.6131,2556.6712,2582.0830,2075.6926,2438.0481,3126.7860,2483.3742,2534.1166,1919.5265,2322.6964,3165.6474,2400.7071,2478.3172,1756.1895,2181.2354,3195.0568,2370.6207,2444.0272,1714.0438,2139.5390,3198.6383,2326.9285,2395.3527,1656.7734,2064.0808,3202.5516,2233.3156,2306.7537,1545.6922,1931.5257,3192.0954,2138.0297,2221.5603,1415.5716,1786.9650,3213.4418,11.00000000000,47,123
18,071,00451678,18071,Jackson,Jackson County,06,H1,G4020,,42980,,A,1319112546.00000000000,11917286.00000000000,+38.9119571,-086.0425161,18071,2821.0143,2813.0400,2790.2788,2812.9873,2836.3078,2813.9580,2801.3672,2749.8400,2801.3572,2851.9392,2858.6926,2840.7826,2747.2651,2841.1717,2933.6627,3126.1101,3099.8593,2950.7603,3098.9363,3249.3350,3065.8339,3035.7025,2816.3793,3032.8604,3254.6970,3418.8017,3380.7533,3076.6855,3375.3892,3682.7785,3160.2632,3122.4675,2779.3129,3116.0678,3460.9149,3238.4950,3198.1814,2849.5959,3191.3081,3538.3250,3389.0820,3346.4987,2967.9512,3338.5624,3712.5307,3551.4746,3543.0524,2985.6546,3423.9617,4165.7132,3077.7987,3107.6167,2497.4269,2934.0273,3763.9945,3049.4482,3110.9391,2355.6420,2851.1151,3887.1435,2990.4226,3086.2542,2186.1410,2715.9822,3979.8239,2913.7451,3003.1189,2105.2736,2628.6391,3931.3908,2849.8731,2932.8246,2027.6214,2526.8754,3922.2120,2716.6088,2805.1069,1878.7100,2348.4678,3882.8115,2593.4202,2693.9628,1715.6916,2166.6232,3897.8419,11.00000000000,18,071
18,097,00450371,18097,Marion,Marion County,06,H6,G4020,294,26900,,C,1026408097.00000000000,17377675.00000000000,+39.7829759,-086.1357939,18097,54397.5494,54246.6768,53809.2549,54245.5282,54692.8696,55995.1450,55749.2195,54726.2495,55748.6995,56752.2568,58125.9120,57765.6859,55864.9546,57773.1426,59652.4965,68065.5361,67503.5156,64256.7190,67482.7651,70754.6382,73600.0095,72891.0519,67626.0938,72823.3699,78143.4437,71522.0848,70735.7965,64379.9468,70625.4192,77047.3571,65605.6954,64842.8610,57736.1630,64714.9464,71849.5990,69358.9231,68521.3870,61078.7653,68379.4719,75781.8948,76995.5803,76061.0498,67490.9800,75887.5486,84347.9155,75164.6855,75019.4460,63248.8855,72506.7651,88172.6650,77554.5991,78339.3965,62988.9321,73973.7485,94850.8455,78512.2947,80129.4329,60708.7502,73448.6855,100084.0386,77996.2869,80529.3499,57076.4849,70880.4458,103804.8467,77984.7083,80409.6577,56403.2634,70395.8782,105224.3516,77417.7964,79703.0327,55136.7678,68683.8359,106550.8091,76490.0483,79011.8477,52950.9004,66162.1262,109328.2729,75286.6260,78232.5752,49854.8054,62930.1733,113155.4917,11.00000000000,18,097
18,055,00451676,18055,Greene,Greene County,06,H1,G4020,,14020,,A,1405055007.00000000000,8864679.00000000000,+39.0486004,-087.0052452,18055,2177.5239,2171.3692,2153.8002,2171.3285,2189.3290,2060.0224,2050.8550,2013.1590,2050.8442,2087.8416,1768.8182,1757.4614,1699.5442,1757.7339,1815.0516,1787.3125,1772.0955,1686.8595,1771.5820,1857.6316,1720.0179,1702.8083,1579.7572,1701.2023,1825.7744,1745.3291,1725.3286,1569.7834,1722.4805,1879.9239,1593.0985,1573.7142,1400.4700,1570.4131,1744.6199,1548.5595,1528.8094,1361.7039,1525.4261,1691.9024,1479.6365,1460.9194,1295.5349,1457.4285,1620.8354,1266.5989,1263.7890,1065.1534,1221.3622,1485.7081,1200.2768,1211.8525,973.8516,1144.1428,1467.8701,1109.7417,1132.0729,857.1736,1037.5068,1414.5865,1041.7288,1075.0711,761.4830,946.0746,1386.3880,980.9143,1010.9704,708.6873,884.8930,1323.5025,921.4515,948.2487,655.5509,816.9865,1268.1698,855.0882,882.9292,591.3221,739.1922,1222.1647,788.9544,819.5325,521.9223,659.1066,1185.7771,11.00000000000,18,055
47,189,01639802,47189,Wilson,Wilson County,06,H1,G4020,400,34980,,A,1478433235.00000000000,32037460.00000000000,+36.1484757,-086.2902097,47189,9690.5490,9663.4291,9585.3812,9663.2355,9743.1232,10523.5244,10476.6749,10284.0977,10476.6211,10665.6328,10542.2854,10475.9760,10131.0525,10477.4407,10818.6135,12353.1126,12248.8248,11659.6715,12245.2150,12839.6926,13175.0490,13044.6177,12102.0876,13032.3681,13986.0424,14691.1508,14526.5803,13219.3652,14503.3266,15825.1908,15062.5329,14883.9193,13249.5629,14853.7633,16495.6827,15785.7447,15590.6109,13892.6842,15557.3879,17247.3181,17057.3551,16845.7029,14942.8990,16806.3107,18685.6065,16695.0875,16658.2164,14040.1275,16099.0271,19583.2156,17236.7097,17406.3148,13991.0119,16434.8176,21080.0616,17513.1841,17869.0290,13533.3316,16377.5391,22324.4506,17554.7533,18120.0243,12837.9969,15947.0966,23363.0985,17818.3269,18367.6036,12879.0261,16078.3034,24041.7455,18034.6984,18562.3486,12836.0370,15994.1314,24820.9407,17871.7954,18456.6175,12364.1313,15453.1830,25544.0954,17498.1779,18178.9582,11580.3033,14621.4689,26299.4479,11.00000000000,47,189
18,149,00450389,18149,Starke,Starke County,06,H1,G4020,,,,A,800653661.00000000000,7955177.00000000000,+41.2832203,-086.6475698,18149,1398.2911,1394.3887,1383.1323,1394.3603,1405.8789,1420.7975,1414.4655,1388.4617,1414.4587,1439.9818,1303.8811,1295.6478,1252.9811,1295.8328,1338.0397,1337.4786,1326.2051,1262.4164,1325.8130,1390.1723,1402.0549,1388.2554,1287.9551,1386.9549,1488.4120,1485.8489,1469.2740,1337.1016,1466.9353,1600.5649,1194.8947,1180.5828,1050.8196,1178.1583,1308.5686,1104.2972,1090.5842,971.7497,1088.2473,1206.5384,1104.2064,1090.1813,966.7079,1087.5644,1209.5718,946.0105,943.5726,794.9423,911.8043,1109.5788,871.9281,880.1549,707.1248,830.9218,1066.2887,806.1887,822.2317,622.3918,753.4861,1027.6261,730.4612,753.6664,533.6540,663.1696,972.1211,668.6363,688.9577,482.7869,602.9723,902.1453,597.4607,614.6815,424.7831,529.5308,822.2573,508.6465,525.0737,351.5090,439.5382,726.9914,443.3128,460.3815,293.0660,370.2126,666.2801,11.00000000000,18,149
47,109,01639774,47109,McNairy,McNairy County,06,H1,G4020,,,,A,1457801922.00000000000,1947871.00000000000,+35.1756263,-088.5646713,47109,1669.8276,1665.1597,1651.7135,1665.1261,1678.8877,1662.3055,1654.9249,1624.5154,1654.9150,1684.7587,1689.4074,1678.9028,1623.6520,1679.1235,1733.7575,1651.2245,1637.4387,1558.6805,1636.9457,1716.3636,1588.2886,1572.8489,1459.2289,1571.3830,1686.2435,1808.5488,1788.7746,1628.1162,1786.0041,1948.2956,1576.3588,1557.7310,1386.7394,1554.5898,1726.3516,1606.6838,1587.0240,1414.3870,1583.6836,1755.4555,1509.8846,1491.5345,1323.4536,1488.1273,1654.0610,1352.8124,1350.0760,1138.1317,1304.8238,1586.9000,1272.9270,1285.8109,1033.8611,1214.1569,1556.8160,1229.1156,1254.4409,950.4154,1149.8556,1566.8239,1148.1650,1185.4628,840.2253,1043.4259,1528.0875,1103.5466,1137.8685,798.1638,996.1674,1489.0101,1057.8633,1089.0933,753.4142,938.5242,1455.9470,972.7151,1004.7831,673.3680,841.3743,1390.3149,911.7481,947.4190,603.7496,762.1001,1370.3534,11.00000000000,47,109
47,157,01639790,47157,Shelby,Shelby County,06,H1,G4020,,32820,,A,1976612450.00000000000,56576401.00000000000,+35.1837942,-089.8953970,47157,56569.3391,56413.2476,55958.7775,56412.0162,56876.5626,56044.4265,55799.0969,54775.6418,55798.5216,56802.4381,53348.0348,53018.8466,51274.6285,53025.5240,54749.9368,58230.1168,57749.9054,54972.2408,57732.1119,60531.0280,60950.2719,60360.4882,56000.3835,60304.3366,64711.0580,63372.9089,62676.1564,57044.4586,62578.3448,68268.6197,54016.4608,53384.6451,47530.4244,53278.4803,59156.9510,49878.7625,49278.7311,43928.4700,49177.1389,54497.9094,54004.6698,53350.9813,47341.5762,53229.6588,59161.8105,52910.9039,52810.2843,44525.8937,51041.9081,62068.0409,49443.1569,49946.1761,40161.8624,47163.6391,60470.4178,47878.2749,48867.6872,37027.0337,44794.4857,61033.5225,46213.8419,47718.2239,33824.5862,42002.0109,61506.0657,44562.7468,45952.2120,32237.0002,40231.0730,60128.6154,42719.0210,43983.9701,30431.3145,37904.6581,58794.8922,40247.7020,41578.7474,27869.1129,34818.4995,57526.8790,38362.8551,39867.9235,25410.9071,32071.3683,57659.4576,11.00000000000,47,157
18,139,00446854,18139,Rush,Rush County,06,H1,G4020,,,,A,1057035473.00000000000,872309.00000000000,+39.6223123,-085.4665265,18139,1056.2000,1053.2426,1044.7353,1053.2216,1061.9300,971.8478,967.4885,949.6871,967.4858,984.9622,822.7172,817.5233,790.6018,817.6398,844.2710,863.0645,855.7283,814.5686,855.4795,897.0280,891.9209,883.2006,819.3952,882.3755,946.8955,959.5746,949.0503,863.7908,947.5742,1033.7116,836.3099,826.6440,736.0969,825.0267,915.9109,774.5359,765.3038,682.2990,763.7437,846.2687,682.0445,673.8905,598.0883,672.3792,747.1883,636.2611,635.2113,535.7185,613.9842,746.4159,583.5393,589.5963,474.2100,556.7866,713.7051,551.7736,563.2914,426.9202,516.3795,703.3953,526.6548,543.9097,385.6562,478.7957,700.9355,505.2195,521.0704,365.6489,456.2351,681.7026,474.4733,488.6077,338.1442,421.1086,653.0322,432.8326,447.2180,299.8363,374.5348,618.6616,394.4543,409.9891,261.3857,329.8369,592.8693,11.00000000000,18,139
18,133,00450384,18133,Putnam,Putnam County,06,H1,G4020,294,26900,,A,1244562066.00000000000,5604743.00000000000,+39.6655445,-086.8533250,18133,2287.8348,2281.3575,2262.8931,2281.3152,2300.2363,2063.1754,2053.9854,2016.2273,2053.9752,2091.0348,1889.6329,1877.6950,1815.8596,1877.9637,1939.1335,1808.8424,1793.6754,1707.4021,1793.1398,1880.1576,1817.7428,1800.1306,1670.0972,1798.4551,1929.8870,1374.0174,1357.9356,1235.2977,1355.6295,1479.8798,1642.0330,1621.7022,1442.8618,1618.2200,1798.1682,2112.1607,2084.9475,1856.7784,2080.2763,2307.6575,2111.7148,2084.5479,1848.0990,2079.4719,2313.1768,1949.5506,1944.1210,1637.4974,1878.5569,2286.5359,1879.3074,1896.7830,1523.6508,1790.6039,2298.1803,1818.3476,1854.2835,1403.3609,1699.1646,2317.7664,1718.7071,1773.0772,1255.2449,1560.0883,2287.2902,1657.2555,1707.4158,1196.2578,1494.2391,2236.0033,1589.4459,1635.0776,1129.7482,1408.4995,2187.4656,1594.9486,1646.3264,1101.9827,1378.0818,2279.5975,1544.3696,1603.7288,1020.7706,1289.5836,2321.1149,11.00000000000,18,133
18,009,00450404,18009,Blackford,Blackford County,06,H1,G4020,,,,A,427554649.00000000000,1303587.00000000000,+40.4726717,-085.3237297,18009,725.1993,723.1582,717.3115,723.1442,729.1320,694.1717,691.1097,678.4212,691.1042,703.5538,554.1359,550.7264,532.6108,550.7946,568.7032,579.7046,574.9368,547.2834,574.7588,602.6193,565.0336,559.6364,519.2176,559.1185,599.9440,583.7002,577.4157,525.6176,576.5401,628.8311,497.3800,491.5662,437.6639,490.5895,544.7138,433.5022,428.2318,381.6827,427.3375,473.6445,485.3411,479.4810,425.4876,478.3936,531.6902,489.5561,488.8405,412.3619,472.5296,574.3344,375.6979,379.5842,305.2855,358.4571,459.4999,362.7663,370.3293,280.6642,339.4844,462.4496,358.1623,369.8848,262.2527,325.5996,476.6843,343.6446,354.4228,248.7044,310.3217,463.6861,330.3266,340.1697,235.4196,293.1778,454.6389,313.2375,323.6545,217.0005,271.0559,447.7210,299.7919,311.6056,198.6700,250.6902,450.5911,11.00000000000,18,009
47,113,01639769,47113,Madison,Madison County,06,H1,G4020,297,27180,,A,1442926509.00000000000,3908964.00000000000,+35.6060563,-088.8334238,47113,5940.8766,5924.3881,5876.6106,5924.2631,5973.1274,5776.1856,5750.7515,5645.1933,5750.7026,5854.2668,5549.1277,5514.5574,5333.0647,5515.2901,5694.7654,5648.2023,5601.3141,5331.9003,5599.6094,5871.1888,5617.7079,5563.0468,5161.1768,5557.8601,5964.1358,4792.2363,4738.7919,4312.5104,4731.2517,5162.2282,3845.8596,3799.7305,3382.0266,3791.9122,4211.7201,4878.2659,4818.6586,4294.5678,4808.5340,5329.9762,4955.6097,4895.3345,4343.6296,4884.1413,5428.8070,4272.6278,4263.7941,3594.2514,4120.8279,5011.9074,3999.8324,4039.9463,3247.9835,3814.6990,4891.8172,3827.4044,3905.9128,2958.9274,3580.1481,4878.9683,3543.5557,3658.3654,2592.6517,3219.9234,4716.0753,3336.4857,3439.9926,2412.7311,3011.4989,4501.8809,3140.3358,3232.8147,2236.1574,2785.7790,4322.0551,2996.3595,3094.9532,2073.9140,2591.5397,4282.7242,2922.4417,3036.6164,1934.9205,2442.5740,4392.4068,11.00000000000,47,113
28,047,00695747,28047,Harrison,Harrison County,06,H1,G4020,274,25060,,A,1486637454.00000000000,1041633627.00000000000,+30.4165357,-089.0833762,28047,12085.8522,12052.4412,11955.3129,12052.1811,12151.4804,12564.1078,12509.5652,12280.3607,12509.4045,12734.1697,13843.5428,13758.5068,13305.9658,13760.1954,14207.5467,16350.8550,16217.2748,15437.2571,16212.1925,16997.7503,16472.0335,16316.4264,15138.1522,16301.3951,17490.8934,15965.0819,15794.8996,14379.0755,15771.2748,17199.9783,15607.7734,15430.8548,13743.7184,15401.4566,17093.7400,17653.6202,17443.0037,15550.9441,17407.4055,19288.5794,19885.1490,19647.5325,17437.6093,19603.4961,21784.4433,19048.9541,19016.0017,16036.0785,18380.1248,22346.4954,18812.5748,19008.4549,15289.0047,17950.8664,23009.0556,19338.5126,19742.3037,14962.8670,18098.1724,24652.5513,19368.3861,20002.7488,14182.6317,17608.0480,25777.7536,19419.6838,20028.7184,14054.4283,17536.5042,26203.3393,19463.0348,20042.4795,13870.1581,17273.5501,26787.5453,19360.7299,20003.5919,13410.7007,16752.2995,27672.8768,19090.3098,19841.3915,12648.8826,15962.1153,28692.9102,11.00000000000,28,047
28,065,00695756,28065,Jefferson Davis,Jefferson Davis County,06,H1,G4020,,,,A,1057862259.00000000000,1800965.00000000000,+31.5647338,-089.8266262,28065,696.1264,694.1757,688.5678,694.1619,699.9027,624.1677,621.4028,609.9879,621.3987,632.6003,569.9939,566.4104,547.7616,566.4894,584.9352,545.1074,540.4901,514.4932,540.3319,566.5689,584.9709,579.1821,537.3339,578.6383,620.9805,591.8786,585.2848,532.6395,584.3548,637.5775,444.1567,438.8990,390.7131,438.0119,486.4178,351.2764,346.9587,309.1970,346.2244,383.8019,383.6769,379.0697,336.4095,378.2154,420.3204,297.9364,297.4468,250.8598,287.5074,349.5181,289.7071,292.7032,235.4097,276.4116,354.3282,272.7666,278.4445,211.0181,255.2497,347.7181,250.2084,258.3872,183.1892,227.4474,333.0057,235.0089,242.3619,170.0510,212.1974,317.1003,219.1714,225.6762,156.1551,194.4901,301.6504,200.4964,207.1328,138.8418,173.4577,286.5741,187.7975,195.1659,124.3949,156.9995,282.2602,11.00000000000,28,065
22,033,00558530,22033,East Baton Rouge,East Baton Rouge Parish,15,H6,G4020,132,12940,,B,1179412087.00000000000,38490958.00000000000,+30.5440017,-091.0931740,22033,23351.5264,23287.1677,23099.6042,23286.6570,23478.3576,23283.0856,23181.2050,22756.0426,23180.9633,23598.0045,25016.6360,24862.0878,24044.1319,24865.2408,25673.9324,30275.4236,30025.1517,28580.9952,30015.9419,31471.3490,24920.5176,24678.4406,22895.7256,24655.4475,26457.5608,27482.9265,27182.0146,24740.4006,27139.8342,29606.4127,22776.3344,22512.4112,20045.8888,22468.2086,24944.1363,24861.4305,24565.5883,21901.7031,24515.6140,27163.9737,25425.1624,25121.0308,22295.1341,25064.6598,27853.5617,23912.6062,23870.9584,20129.9645,23072.6611,28052.0203,27254.4070,27534.6530,22143.5054,26001.5951,33333.4161,26807.4691,27364.3473,20736.8353,25084.4754,34173.5596,25660.0324,26498.3144,18786.0548,23325.1698,34151.2372,24877.9299,25656.5237,18001.8752,22463.3871,33568.1062,24850.9032,25589.2363,17707.1195,22053.3890,34202.9058,24065.7784,24863.7792,16667.8444,20822.0811,34397.8679,23521.4442,24445.9786,15583.2938,19666.0654,35352.8901,11.00000000000,22,033
22,023,00558488,22023,Cameron,Cameron Parish,15,H1,G4020,324,29340,,A,3327842145.00000000000,1688107736.00000000000,+29.8719894,-093.1654370,22023,425.8507,424.6476,421.2120,424.6396,428.1595,367.5623,365.9022,359.1636,365.9019,372.5190,407.9075,405.3055,391.9526,405.3664,418.5790,424.4830,420.8737,400.6302,420.7515,441.1867,423.6936,419.4639,389.1527,419.0686,449.7510,469.1394,463.7876,421.9909,463.0267,505.3252,453.2730,447.8319,398.5979,446.9094,496.3928,411.1606,405.9908,361.6883,405.1076,449.2242,428.8696,423.5291,375.6699,422.5347,469.8061,368.1486,367.3494,309.6282,355.0218,431.8389,409.4636,413.3692,332.1447,390.2597,500.7436,417.0768,425.4303,322.0848,389.8792,531.6426,408.2365,421.2677,298.3526,370.7071,543.2998,406.7524,419.1849,293.8157,366.8963,548.8096,407.2607,419.0778,289.6921,361.0557,560.5002,401.1386,414.1776,277.3622,346.7422,573.3399,389.4476,404.5242,257.6027,325.3300,585.3280,11.00000000000,22,023
22,035,00558534,22035,East Carroll,East Carroll Parish,15,H1,G4020,,,,A,1089619046.00000000000,56273969.00000000000,+32.7301699,-091.2341409,22035,354.2073,353.2108,350.3554,353.2040,356.1282,330.2415,328.7439,322.6865,328.7441,334.6932,313.9589,311.9573,301.6799,312.0040,322.1731,318.0398,315.3128,300.1466,315.2228,330.5403,266.1816,263.4886,244.4453,263.2390,282.5284,311.0655,307.3604,279.5610,306.8261,335.0132,320.5432,316.4058,281.3622,315.6878,351.0032,305.6488,301.4954,268.2854,300.7754,333.9265,297.9000,293.7902,260.1810,293.0168,326.2866,288.4785,287.4824,241.9565,277.7352,338.2961,233.4300,235.3627,188.8368,222.1138,285.4198,224.0889,228.2945,172.5564,209.1203,285.6091,215.5051,222.1148,157.0371,195.3558,286.7802,208.1660,214.2803,149.9389,187.4527,280.8452,202.6657,208.3166,143.7578,179.3813,278.9040,197.2869,203.4933,136.0463,170.2751,281.9640,191.1692,198.3936,126.1357,159.4792,287.3107,11.00000000000,22,035
22,017,00558458,22017,Caddo,Caddo Parish,15,H1,G4020,508,43340,,A,2275405029.00000000000,150956656.00000000000,+32.5771951,-093.8824228,22017,13563.0472,13525.6350,13416.6783,13525.3399,13636.7088,13857.1584,13796.5858,13543.5782,13796.4376,14044.6034,14118.1296,14030.6166,13568.9469,14032.4297,14488.9098,16007.1967,15874.6115,15111.0701,15869.7600,16639.3382,15616.5588,15464.4827,14347.3300,15450.0596,16579.5052,13891.2711,13737.7955,12502.9230,13716.2129,14964.1881,11674.6605,11537.6423,10271.9975,11514.5911,12785.6296,11772.6627,11629.0397,10364.4597,11604.6524,12862.7829,12163.1292,12014.5633,10659.8794,11986.9614,13324.4769,11672.9915,11649.7757,9821.2928,11259.4032,13692.9560,10208.8260,10311.2342,8289.9157,9736.3388,12485.4549,9714.7139,9914.0318,7510.4307,9087.1887,12383.7979,9077.2614,9371.4177,6641.4993,8248.3082,12080.8224,8286.1252,8543.3296,5992.2432,7479.2099,11180.3843,7542.0126,7764.3432,5370.8847,6690.7776,10380.1161,6890.0555,7117.0518,4769.4147,5959.5363,9848.0395,6355.1754,6603.7831,4208.2744,5312.0446,9551.7985,11.00000000000,22,017
51,091,01673774,51091,Highland,Highland County,06,H1,G4020,,,,A,1075249079.00000000000,1805636.00000000000,+38.3566717,-079.5679583,51091,107.7527,107.4377,106.5629,107.4361,108.3354,98.1462,97.7034,95.9043,97.7033,99.4699,79.1369,78.6277,76.0363,78.6400,81.2048,55.8100,55.3519,52.6896,55.3347,58.0167,82.8782,82.0909,76.1624,82.0151,88.0017,78.4498,77.6016,70.6378,77.4832,84.5144,59.2424,58.5430,52.1174,58.4251,64.8795,51.1852,50.5606,45.0623,50.4545,55.9248,43.4371,42.8903,38.0376,42.7883,47.5825,51.0841,50.9494,42.9210,49.2332,59.9159,47.6355,48.0757,38.6157,45.3836,58.2524,43.3085,44.1590,33.4152,40.4631,55.2027,40.3678,41.6385,29.4715,36.6343,53.7217,38.6415,39.8039,27.8803,34.8314,52.1353,35.1850,36.1861,24.9931,31.1680,48.4224,31.4504,32.4528,21.7107,27.1606,44.9501,29.3073,30.4232,19.3522,24.4593,44.0468,11.00000000000,51,091
51,029,01501502,51029,Buckingham,Buckingham County,06,H1,G4020,,,,A,1501304577.00000000000,10098910.00000000000,+37.5739280,-078.5291687,51029,1124.8992,1121.6859,1112.5925,1121.6665,1130.9928,978.0716,973.6688,955.7455,973.6672,991.2655,991.5385,985.2105,952.7515,985.3589,1017.4768,1020.2114,1011.4112,962.7630,1011.1258,1060.2771,1102.3635,1091.4566,1012.5947,1090.4319,1170.2240,1152.3016,1138.9701,1036.2066,1137.0657,1241.1269,1159.6631,1144.9449,1018.3600,1142.4042,1269.8900,1122.7617,1107.6642,985.8134,1105.0519,1226.6453,1270.5943,1253.8499,1111.2177,1250.7134,1391.7631,1105.0830,1101.3953,927.1008,1064.0868,1295.9517,1036.0998,1044.9709,838.6817,986.2389,1266.9087,1021.5453,1040.9667,787.0629,953.6225,1302.0253,969.2079,999.1082,706.5527,878.8069,1289.7743,933.1233,960.6217,672.2715,840.3894,1258.9226,880.2123,904.7540,624.3628,779.0824,1211.3286,825.3477,851.2346,569.0109,712.2468,1179.5880,776.1527,805.3469,511.8705,647.3220,1166.4815,11.00000000000,51,029
51,113,01494590,51113,Madison,Madison County,06,H1,G4020,,,,A,830565702.00000000000,3085790.00000000000,+38.4120586,-078.2769613,51113,798.8520,796.5893,790.1415,796.5746,803.1822,711.9422,708.7526,695.7139,708.7503,721.5504,681.8853,677.5918,655.2808,677.6870,699.7559,727.9229,721.6704,686.9586,721.4649,756.5267,757.2877,749.8627,695.6882,749.1614,803.9502,775.6725,766.8595,697.7725,765.6083,835.5122,703.0299,694.7768,618.5600,693.3882,769.9305,670.6933,662.4396,590.3324,661.0357,732.7937,656.5707,648.4082,575.1513,646.8887,719.2433,520.1052,519.2469,437.9174,501.8950,610.1500,530.3338,535.5752,430.5115,505.6903,648.5886,512.5367,522.9760,396.1075,479.3330,653.3452,485.1639,500.8249,354.8719,440.7811,645.6936,464.6881,479.0531,335.9445,419.3609,626.9936,436.1358,448.9362,310.4860,386.8394,600.2518,405.7350,419.0500,280.7645,350.8741,579.9183,371.2570,385.7384,245.7649,310.2681,557.9948,11.00000000000,51,113
51,085,01480132,51085,Hanover,Hanover County,06,H1,G4020,,40060,,A,1213502928.00000000000,13648770.00000000000,+37.7601655,-077.4909916,51085,7379.8190,7359.3827,7300.0566,7359.2255,7419.8876,6689.1930,6659.7779,6537.5548,6659.7184,6779.6275,5942.5710,5905.5358,5711.1724,5906.3220,6098.5269,7073.0424,7013.6383,6676.2921,7011.5502,7351.8412,7573.2795,7498.6945,6956.9158,7491.6680,8039.7115,8568.7330,8473.0482,7710.7700,8459.5425,9230.2589,8239.4893,8142.8050,7249.5799,8126.5406,9023.5667,8239.2419,8139.3470,7254.8688,8122.4064,9002.2123,7980.8167,7883.1012,6994.0138,7864.9418,8742.8043,7184.9710,7170.0667,6044.1054,6929.6390,8428.1525,7687.2108,7764.8765,6243.2462,7332.1225,9401.5946,7602.3226,7758.8376,5878.2849,7111.9245,9691.0996,7448.1750,7690.0266,5450.3908,6768.6043,9912.7330,7428.2058,7659.1532,5372.4697,6705.3108,10022.8352,7350.5672,7567.5170,5235.0106,6521.2731,10116.6501,7086.9320,7320.6021,4906.0275,6130.0589,10129.4505,6759.2735,7023.8321,4476.1156,5649.9902,10159.1649,11.00000000000,51,085
51,105,01496538,51105,Lee,Lee County,06,H1,G4020,,,,A,1127987182.00000000000,4897841.00000000000,+36.7021617,-083.1303336,51105,1526.8056,1522.5691,1510.2909,1522.5370,1535.0943,1474.1689,1467.6395,1440.6798,1467.6296,1494.0854,1241.1694,1233.4027,1192.8017,1233.5706,1273.7248,1020.6989,1012.1076,963.4265,1011.8075,1060.9198,1153.9507,1142.2970,1059.7408,1141.2154,1224.8310,1127.8396,1114.8557,1014.3090,1113.0039,1214.7980,1094.4566,1080.7932,961.5037,1078.4468,1198.5117,982.2254,969.3515,863.0503,967.1345,1073.1252,951.4147,938.9409,832.1974,936.6056,1042.1531,853.5892,850.9861,716.5535,822.2261,1001.0797,754.3627,761.0036,610.9455,718.2881,922.4394,687.4353,700.6360,529.8734,641.8928,876.1965,624.7992,644.1798,455.6592,566.6545,831.4614,586.3015,603.6704,422.5598,528.1505,791.0164,543.8697,559.1166,385.9296,481.4884,748.4680,496.5897,512.2311,342.4754,428.6226,709.7312,451.8913,468.9350,298.1035,376.9403,679.1513,11.00000000000,51,105
51,009,01480095,51009,Amherst,Amherst County,06,H1,G4020,,31340,,A,1227484444.00000000000,12730183.00000000000,+37.6303621,-079.1478477,51009,2195.8090,2189.7182,2172.0610,2189.6719,2207.7297,2107.3180,2098.0068,2059.4796,2097.9911,2135.7951,1803.6680,1792.3296,1733.3182,1792.5795,1850.9483,2008.2383,1991.2511,1895.4743,1990.6666,2087.3202,2315.8273,2292.7861,2127.1124,2290.6287,2458.3030,1589.3322,1569.9705,1427.6982,1567.1585,1711.5627,1362.3090,1344.5093,1195.4058,1341.4091,1491.7390,1333.7397,1316.2021,1171.8078,1313.1800,1457.1671,1395.7828,1377.3034,1220.5402,1373.8403,1528.8798,1292.7993,1288.5847,1084.7631,1244.9623,1516.1143,1046.1788,1055.6389,847.7208,996.4628,1279.3147,936.7314,955.0524,722.6134,875.0925,1193.9865,833.7312,859.9979,608.7248,756.6512,1109.5368,734.0224,756.2107,529.7909,661.7840,990.3557,615.4464,633.1698,437.5431,545.4516,847.0088,580.0450,598.8061,400.8998,501.2712,829.0410,544.6330,565.6536,360.1375,454.8879,818.5632,11.00000000000,51,009
51,135,01493928,51135,Nottoway,Nottoway County,06,H1,G4020,,,,A,814271729.00000000000,4291758.00000000000,+37.1436955,-078.0521623,51135,948.6865,945.9284,938.2348,945.9142,953.8187,868.4389,864.4189,848.4477,864.4251,880.1222,881.1547,875.4080,846.5387,875.5540,904.1362,865.4718,857.7443,816.4866,857.5201,899.2932,914.8403,905.1542,839.6975,904.2799,970.7388,983.8675,971.9764,883.9555,970.2537,1059.5611,1056.2386,1042.4307,926.8206,1040.0253,1156.5886,1023.3365,1009.0599,897.5399,1006.5734,1117.9906,1044.7186,1030.0450,911.9416,1027.2788,1144.2371,928.4573,924.8723,778.0460,893.4119,1088.7014,810.3975,816.5931,654.6828,770.4668,990.8066,767.7835,781.6176,590.2134,715.7733,978.4972,714.6179,735.9399,519.7168,647.0550,950.9144,670.7753,689.8806,482.1190,603.2714,904.9169,626.7377,643.6259,443.5388,553.9864,862.4555,571.8657,589.2927,393.3538,492.8618,817.2755,512.8125,531.6701,337.4292,427.1632,770.6804,11.00000000000,51,135
51,077,01501196,51077,Grayson,Grayson County,06,H1,G4020,,,,A,1145227587.00000000000,9790865.00000000000,+36.6563026,-081.2253365,51077,1017.1176,1014.2757,1006.0861,1014.2552,1022.6365,989.0947,984.7147,966.6266,984.7080,1002.4580,768.0418,763.1741,738.0380,763.2850,788.1526,815.6128,808.6402,769.7453,808.4078,847.6836,865.3866,856.8052,794.8960,856.0000,918.6463,884.0117,874.1764,795.5542,872.7900,952.2700,726.7608,718.1541,639.3060,716.7017,795.9110,643.6954,635.8147,566.6464,634.4756,703.2984,625.0895,617.3532,547.6408,615.9138,684.7613,618.0739,616.9483,520.2148,596.3029,725.0542,543.6977,549.0879,441.3894,518.4542,664.9352,490.9999,501.0210,379.4989,459.2171,625.8940,466.9844,482.0674,341.5898,424.2758,621.4998,437.3762,450.9038,316.2113,394.7218,590.1429,402.3512,414.1601,286.4348,356.8735,553.7541,358.8307,370.6016,248.2987,310.3059,512.8775,323.3201,335.9213,214.0130,270.1934,485.9456,11.00000000000,51,077
51,087,01480133,51087,Henrico,Henrico County,06,H1,G4020,,40060,,A,605271846.00000000000,29034990.00000000000,+37.4375205,-077.3003330,51087,21827.1423,21766.6977,21591.2302,21766.2325,21945.6526,22596.1642,22497.1185,22084.4110,22496.8954,22901.7430,22918.3832,22776.2693,22026.8163,22779.2183,23520.2524,27381.6462,27154.9570,25848.8505,27146.6508,28463.0458,27170.3142,26905.2745,24961.6000,26880.1626,28845.3889,28624.5009,28306.8627,25761.5126,28262.1260,30834.9619,27747.9587,27420.6283,24411.1793,27365.4628,30388.2819,28264.4629,27917.7629,24880.0118,27858.8274,30881.5753,30280.5193,29907.7521,26532.5662,29838.4354,33171.3794,28994.0216,28930.9843,24384.9994,27960.0863,34010.0168,29365.1256,29656.1438,23839.2623,28001.5896,35913.1464,29178.5406,29773.5112,22551.4276,27289.1002,37194.7986,28455.5813,29373.9448,20813.4622,25852.2422,37870.8708,27917.8788,28780.5254,20182.4626,25194.1877,37668.9565,27494.8826,28301.2832,19572.6858,24386.4246,37841.0376,26617.2480,27490.0911,18417.7015,23017.4121,38044.0687,25528.8718,26523.7501,16897.9786,21333.9487,38369.5393,11.00000000000,51,087
51,007,01497770,51007,Amelia,Amelia County,06,H1,G4020,,40060,,A,920142596.00000000000,8424838.00000000000,+37.3361313,-077.9732178,51007,900.7760,898.2447,890.9844,898.2272,905.6616,750.7725,747.4735,733.7568,747.4666,760.9232,677.0807,672.8452,650.6968,672.9366,694.8410,743.9210,737.5942,702.1167,737.3800,773.1938,794.2129,786.3767,729.5599,785.6393,843.1183,776.1151,767.5824,698.6123,766.3845,836.0719,712.9371,704.5672,627.2761,703.1590,780.7804,666.9747,658.9022,587.3153,657.5337,728.7387,704.5767,696.0538,617.6565,694.4721,771.8605,624.3976,623.0169,525.0987,602.1027,732.4134,542.3385,547.8020,440.4379,517.2669,663.2870,529.3037,540.1803,409.2333,495.1343,674.7301,505.1106,521.4945,369.5972,459.0022,672.2472,487.9583,503.1131,352.8894,440.4509,658.3979,463.0621,476.7159,329.7655,410.8023,637.3154,432.4082,446.6527,299.3178,374.0086,618.0461,404.6151,420.4392,267.9211,338.1971,608.1343,11.00000000000,51,007
51,590,01498421,51590,Danville,Danville city,25,C7,G4020,,19260,,F,111198695.00000000000,2627087.00000000000,+36.5833337,-079.4080707,51590,2420.0296,2413.3431,2393.8965,2413.2909,2433.1713,2128.1571,2118.8110,2079.9322,2118.7912,2156.9321,2021.7104,2009.1577,1943.0427,2009.4198,2074.7942,2356.4243,2336.5185,2224.1348,2335.8307,2449.2342,2696.3194,2669.5813,2476.6887,2667.0728,2862.2625,2508.2170,2480.1249,2256.9471,2476.1556,2701.8328,2280.3695,2252.8629,2005.0679,2248.1920,2497.2856,2375.8394,2346.0877,2090.1996,2341.0092,2595.7918,2709.7383,2675.6160,2372.8803,2669.2551,2968.3424,2469.0632,2462.7829,2074.9278,2379.8881,2895.9924,2123.5821,2143.5553,1722.0927,2023.6321,2596.9375,2101.6211,2143.3924,1622.4004,1964.1696,2678.8712,2045.4208,2110.3675,1494.2707,1856.9522,2722.1088,1972.0545,2031.9548,1423.8554,1778.3426,2660.7556,1863.8948,1917.5700,1325.1091,1651.9129,2565.1874,1753.1030,1809.6713,1211.4244,1514.8519,2505.6479,1655.0548,1718.7291,1094.0378,1382.0829,2487.4733,11.00000000000,51,590
51,157,01673976,51157,Rappahannock,Rappahannock County,06,H1,G4020,,,,A,689525028.00000000000,2068623.00000000000,+38.6845215,-078.1688241,51157,465.6806,464.3983,460.6585,464.3881,468.2100,394.9459,393.1690,385.9320,393.1683,400.2739,364.1498,361.9112,350.0069,361.9558,373.7238,387.1492,383.9301,365.4637,383.8136,402.4302,472.3380,467.7421,433.9528,467.3060,501.4658,509.3924,503.8183,458.5651,503.0371,548.7519,476.7631,471.1958,419.5322,470.2608,522.1355,373.3752,368.9108,328.8849,368.1559,407.9541,348.4613,344.3437,305.6600,343.5816,381.7495,340.2057,339.6707,286.4934,328.3268,399.1113,331.7342,335.2179,269.6529,316.5764,405.7382,327.6243,334.5028,253.5600,306.6584,417.6569,316.3888,326.7975,231.7569,287.6910,421.0920,310.8168,320.6115,225.0256,280.7357,419.3950,296.9161,305.7999,211.6719,263.5707,408.6579,273.8047,282.9369,189.7297,236.9665,391.3602,253.5647,263.5804,168.0776,212.0633,381.1126,11.00000000000,51,157
51,550,01498558,51550,Chesapeake,Chesapeake city,25,C7,G4020,,47260,,F,882669156.00000000000,26052854.00000000000,+36.6793761,-076.3017884,51550,14500.2504,14460.0404,14343.4444,14459.7340,14578.9712,14216.2938,14153.8121,13894.0725,14153.6832,14408.4999,15052.4031,14958.6563,14466.3499,14960.6403,15447.4712,18970.0555,18810.6832,17905.9149,18805.0864,19717.7681,21186.5612,20977.7694,19462.1188,20958.1078,22491.3331,22711.5391,22457.2751,20436.4900,22421.3535,24464.7335,20949.3027,20701.5401,18428.9557,20659.7480,22942.6348,20576.9248,20323.0157,18110.1482,20279.8018,22482.1312,21756.6039,21486.5884,19059.5201,21436.3330,23833.4272,21265.6974,21218.4586,17883.3982,20506.1159,24944.4412,21690.3323,21903.5349,17605.6174,20680.9656,26526.6932,21896.2862,22340.9648,16919.9856,20476.1359,27911.6624,21713.6599,22412.6325,15879.0816,19724.8600,28898.0458,21624.0693,22290.4583,15629.4489,19512.1403,29176.7042,21334.7659,21958.7774,15184.4969,18920.5654,29362.7694,20687.4123,21364.1982,14311.7372,17887.5437,29568.4336,19967.8190,20744.5302,13214.4437,16684.9140,30011.2633,11.00000000000,51,550
51,670,01498428,51670,Hopewell,Hopewell city,25,C7,G4020,,40060,,F,26620504.00000000000,1357034.00000000000,+37.2910098,-077.2989443,51670,1253.2023,1249.7263,1239.6491,1249.6999,1260.0058,1213.7545,1208.4736,1186.3252,1208.4589,1230.1799,1150.8450,1143.8031,1106.1877,1143.9403,1181.1208,1426.1181,1414.3895,1346.3600,1413.9515,1482.4904,1260.2186,1247.9461,1157.7945,1246.7821,1337.9258,1280.3960,1266.2561,1152.4382,1264.2681,1379.2915,1059.5921,1046.9700,931.9544,1044.8357,1160.4022,1178.6099,1164.2335,1037.6332,1161.7924,1287.7464,1321.1576,1304.8451,1157.5395,1301.8108,1447.2818,1244.7518,1242.2395,1047.2295,1200.6034,1460.1422,1009.2927,1019.2592,819.3033,962.3823,1234.3454,1000.8736,1021.2603,773.5141,936.0351,1275.8423,975.6060,1007.0811,713.5750,886.3359,1298.4104,917.8901,946.2567,663.5709,828.3455,1238.4885,886.6718,912.6922,631.2185,786.4476,1220.3221,840.2639,867.8415,581.4586,726.6520,1200.9920,805.8402,837.2701,533.4446,673.4555,1211.1682,11.00000000000,51,670
51,800,01498560,51800,Suffolk,Suffolk city,25,C7,G4020,,47260,,F,1036429624.00000000000,74908984.00000000000,+36.6971573,-076.6347808,51800,5882.2127,5866.1031,5818.9084,5865.9696,5914.1756,5474.1090,5450.0994,5350.1099,5450.0462,5548.1338,4932.3891,4901.9765,4740.7161,4902.5912,5062.0176,6085.4994,6034.7823,5744.5187,6032.9591,6325.6230,7009.0274,6939.9351,6438.5212,6933.4300,7440.6652,7887.9636,7799.7219,7097.9185,7787.2592,8496.8865,7460.3974,7370.7742,6560.3815,7355.5763,8170.0965,7407.5094,7315.1907,6517.7638,7299.4470,8093.3134,7490.9745,7397.1340,6560.6785,7379.6503,8205.9357,7142.9739,7125.6126,6004.1973,6885.9894,8378.2715,6673.1190,6737.1523,5413.7082,6360.6287,8160.7914,6660.5621,6794.2552,5144.0840,6226.5917,8490.1701,6570.0273,6779.9713,4801.9749,5966.3229,8743.7114,6460.2539,6657.8356,4666.7466,5827.3955,8716.4912,6279.7817,6462.0092,4466.9473,5567.3376,8642.6681,5949.8239,6143.1243,4113.7573,5142.8759,8503.9645,5638.2882,5856.3990,3729.1913,4709.8151,8474.1686,11.00000000000,51,800
51,121,01674630,51121,Montgomery,Montgomery County,06,H1,G4020,,13980,,A,1002361193.00000000000,5830296.00000000000,+37.1748845,-080.3873140,51121,4984.6258,4970.6951,4930.5586,4970.5947,5011.6718,5592.9199,5568.0678,5465.7431,5568.0358,5668.4596,5311.8139,5278.3143,5104.5043,5279.0626,5450.9940,6684.4397,6627.9284,6309.1330,6625.9805,6947.6839,7756.5765,7680.0465,7125.1528,7672.8449,8234.2052,2700.0780,2670.1869,2430.1293,2665.9806,2908.6059,1056.8633,1042.8836,927.0773,1040.4398,1157.2539,5086.2601,5020.6492,4471.1283,5009.3845,5557.0284,5508.6214,5436.5412,4818.6332,5423.0492,6034.0077,5506.1404,5490.0704,4623.4815,5304.7232,6457.7137,6515.7972,6575.6695,5281.4329,6207.3512,7967.9661,6173.9190,6295.0935,4763.4245,5768.1938,7869.5171,5832.2689,6015.8703,4258.0157,5292.8840,7761.6223,5592.1059,5760.4137,4034.9147,5040.8297,7544.8999,5203.8285,5352.1619,3696.9197,4610.0615,7161.6530,5294.6413,5464.2482,3656.4973,4573.5341,7567.3562,5703.4947,5922.1116,3768.7237,4761.8085,8572.0473,11.00000000000,51,121
48,021,01383796,48021,Bastrop,Bastrop County,06,H1,G4020,126,12420,,A,2300298811.00000000000,19154980.00000000000,+30.1031276,-097.3118587,48021,5233.1979,5218.6362,5176.5310,5218.5279,5261.6016,5307.3305,5283.7926,5186.7163,5283.7592,5379.0258,5199.2150,5166.7816,4996.7248,5167.4732,5335.6447,5896.3178,5847.0306,5565.7973,5845.2741,6128.8831,6565.3553,6500.9654,6031.2960,6494.8844,6969.8871,7670.2043,7585.0263,6902.9410,7573.0267,8262.4995,8075.5395,7979.4055,7102.8794,7963.1534,8843.8574,8165.9204,8065.2219,7187.1070,8048.0858,8922.0021,8806.2347,8697.8787,7716.3489,8677.7306,9646.9667,8723.2870,8705.0288,7337.8669,8413.0867,10232.5961,9000.5529,9090.2288,7307.6847,8583.2206,11007.6305,9295.7840,9485.7819,7185.2879,8694.4073,11849.6811,9470.8216,9776.8869,6928.0066,8604.8682,12604.5320,9760.0822,10062.0186,7056.3972,8808.3331,13169.0881,10014.7059,10308.7367,7129.6735,8882.8756,13783.2026,10028.5700,10357.6903,6939.6898,8672.5868,14333.8666,9944.3988,10332.1472,6582.7317,8310.5834,14946.3057,11.00000000000,48,021
48,015,01383793,48015,Austin,Austin County,06,H1,G4020,288,26420,,A,1674448899.00000000000,25577195.00000000000,+29.8919013,-096.2701697,48015,1817.8835,1812.7776,1798.1269,1812.7422,1827.7435,1865.3998,1857.1609,1823.0583,1857.1468,1890.6087,1843.9111,1832.3630,1772.0433,1832.6135,1892.2706,2043.6085,2026.3637,1928.8982,2025.7660,2124.1098,2133.1660,2112.2281,1959.6264,2110.2517,2264.5923,2491.5896,2463.8335,2242.2173,2459.9191,2683.9655,2352.0156,2324.4942,2069.5780,2319.8690,2575.8445,2228.6548,2201.1880,1961.5458,2196.5145,2435.0067,2475.5257,2445.8756,2170.6968,2440.3792,2711.9626,2404.8869,2400.6402,2024.3625,2320.3417,2821.1730,2390.3587,2414.8710,1941.9880,2280.3966,2923.5097,2448.3689,2499.1153,1893.7284,2290.8615,3121.1119,2472.8183,2553.4276,1810.0847,2247.5922,3291.0873,2513.6881,2592.1310,1818.5338,2269.4321,3391.7310,2546.1975,2621.6106,1813.8401,2259.2679,3504.3749,2515.4424,2598.6086,1741.7522,2176.0939,3595.3728,2466.8146,2563.5521,1633.9020,2062.2073,3707.6255,11.00000000000,48,015
48,003,01383787,48003,Andrews,Andrews County,06,H1,G4020,,11380,,A,3886829704.00000000000,957046.00000000000,+32.3122581,-102.6402058,48003,1032.9153,1030.0129,1021.6877,1029.9928,1038.5175,1197.3146,1191.8864,1169.9255,1191.8870,1213.4550,1496.5581,1486.9428,1437.9392,1487.1742,1535.6715,2154.2513,2135.4757,2032.7602,2134.8864,2238.7295,2507.9487,2482.0642,2302.6313,2479.6925,2661.6302,2876.0238,2842.4576,2585.8105,2837.6487,3097.6375,2973.3283,2936.5790,2612.7929,2930.2884,3256.0591,3311.5613,3269.3273,2911.9766,3262.0921,3618.0971,3849.3289,3799.7266,3368.6429,3790.4572,4216.5528,4152.8617,4142.1637,3489.6994,4002.7062,4870.9063,4111.1818,4149.8710,3333.9505,3917.7095,5027.5848,4349.1611,4435.7488,3357.7000,4064.8968,5543.7583,4552.3687,4697.2002,3326.1928,4133.2612,6058.4568,4740.3138,4884.7320,3423.3318,4275.2311,6395.8136,4926.8598,5069.3612,3503.7664,4367.3129,6780.6465,5032.8673,5196.0236,3479.1396,4349.8384,7193.3520,5084.9594,5281.4140,3362.7689,4247.2961,7642.5173,11.00000000000,48,003
48,001,01383786,48001,Anderson,Anderson County,06,H1,G4020,,37300,,A,2752126295.00000000000,39884082.00000000000,+31.8412660,-095.6617444,48001,3038.9984,3030.1802,3005.5431,3030.1337,3055.4413,2885.2801,2872.1634,2819.2240,2872.1676,2924.1649,2794.1162,2775.9889,2684.4639,2776.4411,2867.0436,2960.6136,2934.7471,2793.5869,2933.9415,3076.6727,3247.7626,3213.3650,2980.9878,3210.2604,3446.1998,3930.0447,3881.1429,3528.7755,3873.9948,4231.9939,4966.5030,4898.4243,4352.3531,4886.3997,5437.9928,5133.8216,5059.4829,4497.5945,5046.4528,5608.5195,5168.0588,5092.4862,4505.5226,5078.1856,5659.9985,4791.2492,4768.6099,4007.6100,4605.2831,5617.1751,4382.0992,4412.6050,3534.8478,4162.4254,5357.1463,4202.8866,4275.7417,3225.8273,3914.5624,5355.9972,3979.5175,4095.5141,2889.4747,3599.8414,5295.1482,3789.7836,3895.0802,2719.3349,3405.0306,5112.4130,3616.2618,3711.2174,2554.8516,3193.3305,4976.1478,3401.1658,3502.5713,2335.5009,2928.4807,4860.5814,3154.0036,3268.0237,2071.8275,2624.8173,4739.8735,11.00000000000,48,001
48,031,01383801,48031,Blanco,Blanco County,06,H1,G4020,,,,A,1836951743.00000000000,10814611.00000000000,+30.2656051,-098.3999768,48031,732.7224,730.6791,724.7816,730.6642,736.6987,779.4001,775.9923,761.7614,775.9840,789.9428,714.3519,709.8615,686.4898,709.9605,733.0777,831.3768,824.3241,784.6750,824.0835,864.1024,832.2274,824.0635,764.5281,823.2927,883.5049,956.6061,945.9691,860.8938,944.4700,1030.4715,951.4632,940.1437,836.8766,938.2305,1041.9875,869.9993,859.2071,765.5958,857.3684,950.5488,832.0279,822.0727,729.5941,820.2275,911.4959,703.9063,702.7424,592.6698,679.2578,825.7717,797.1577,805.4614,647.8573,760.6484,974.9786,781.2764,797.6151,604.5449,731.1987,995.9668,759.1059,784.0069,555.9262,690.1611,1010.3119,754.7145,778.4245,546.2731,681.5797,1018.3539,744.9460,767.1695,530.9585,661.2012,1025.2947,712.0966,735.7978,493.3518,616.2281,1017.8251,676.3079,702.9786,448.2201,565.5626,1016.5008,11.00000000000,48,031
51,021,01494613,51021,Bland,Bland County,06,H1,G4020,,,,A,926503435.00000000000,2598063.00000000000,+37.1306124,-081.1258532,51021,467.9251,466.5782,462.7903,466.5706,470.4584,393.3643,391.6025,384.3987,391.6013,398.6733,318.5910,316.5736,306.1473,316.6194,326.9342,306.1894,303.5741,288.9724,303.4867,318.2305,337.3921,333.9794,309.8415,333.6629,358.1125,449.4026,444.1289,404.0099,443.3720,484.0232,397.9721,392.8447,349.3437,391.9554,435.7909,377.1396,372.1432,331.2797,371.2810,412.0388,333.7643,329.2939,291.7611,328.4552,365.5847,307.3771,306.3248,257.8238,295.9413,360.4605,310.8753,313.5640,251.6884,295.9486,380.1324,288.6366,294.1282,222.3910,269.4503,367.8865,268.0274,276.2908,195.3830,243.0211,356.6772,257.7148,265.3026,185.6596,232.0943,347.6951,242.8769,249.6398,172.2649,214.9609,334.2410,221.5620,228.4929,152.7167,191.1774,316.6554,204.9037,212.5893,135.0947,170.8658,307.9489,11.00000000000,51,021
51,163,01480166,51163,Rockbridge,Rockbridge County,06,H1,G4020,,,,A,1547668571.00000000000,8841414.00000000000,+37.8145174,-079.4477537,51163,1500.2205,1496.0550,1483.9892,1496.0236,1508.3644,1352.5143,1346.4898,1321.7376,1346.4831,1370.7776,1201.2806,1193.7189,1154.4141,1193.8865,1232.7646,1410.6137,1398.7569,1331.4785,1398.3411,1466.2098,1577.8396,1562.2414,1449.3647,1560.7753,1674.9786,1450.8469,1434.4894,1305.3358,1432.1729,1562.8102,1278.7553,1263.5567,1124.7784,1260.9887,1400.4206,1203.6300,1188.6000,1059.0019,1186.0359,1315.0631,1161.4163,1146.6863,1016.8355,1143.9383,1272.2435,1049.2344,1046.8082,882.1822,1011.6391,1230.7179,1010.1965,1019.7386,819.2779,962.7011,1235.3801,942.5339,961.2848,727.6436,880.9115,1201.4208,882.8606,910.8961,644.9735,801.5157,1174.9383,810.1246,834.7172,584.8979,730.5287,1093.0433,718.2444,738.8934,510.5650,636.5142,988.4819,636.6079,657.1006,439.8203,550.0299,909.8777,558.6315,580.0619,369.1614,466.4196,839.5943,11.00000000000,51,163
51,115,01480145,51115,Mathews,Mathews County,06,H1,G4020,,47260,,A,222555448.00000000000,430023616.00000000000,+37.4253479,-076.2688077,51115,550.5444,549.0136,544.5846,549.0021,553.5327,503.6043,501.3587,492.1411,501.3564,510.4039,370.4977,368.1383,356.0107,368.1931,380.1927,427.2279,423.5659,403.1927,423.4448,444.0208,460.6867,456.1365,423.1796,455.7086,489.0513,521.3878,515.5881,469.2176,514.7707,561.6467,486.7925,481.1258,428.3892,480.1752,533.1214,414.0087,409.0825,364.7219,408.2503,452.3522,402.6960,397.9385,353.2349,397.0580,441.1654,374.2047,373.5795,315.0584,361.0933,438.9882,394.9107,399.0839,321.0518,376.8986,483.0126,385.5670,393.6783,298.4324,360.9136,491.5245,382.6215,395.2107,280.2755,347.9181,509.2433,387.0231,399.2119,280.1849,349.5575,522.2220,385.0854,396.5929,274.5028,341.8198,530.0078,371.8875,384.2688,257.6558,321.8253,531.5524,355.3165,369.3227,235.4737,297.1261,534.0456,11.00000000000,51,115
48,123,01383844,48123,DeWitt,DeWitt County,06,H1,G4020,,,,A,2354235330.00000000000,3919957.00000000000,+29.0823417,-097.3616556,48123,1253.9820,1250.4357,1240.3172,1250.4124,1260.7800,1137.2728,1132.1507,1111.3086,1132.1490,1152.6135,1318.2651,1309.8071,1266.6438,1310.0096,1352.7253,1596.3011,1582.3627,1506.2516,1581.9278,1658.8831,1816.1931,1797.2236,1667.2793,1795.4975,1927.3372,2108.3763,2083.2489,1894.8190,2079.6247,2270.6871,2040.1179,2013.9858,1791.1064,2009.4619,2234.0052,1988.4946,1962.1157,1746.6296,1957.5628,2172.5010,2196.1211,2166.7121,1919.7566,2161.1942,2405.4951,2226.6600,2219.5653,1868.6434,2144.4709,2611.3277,2069.5309,2087.5537,1675.7344,1970.3176,2530.6036,2086.8912,2126.9481,1608.5402,1948.6133,2659.9236,2069.2918,2133.6325,1509.3745,1876.9130,2753.7565,2046.3191,2107.1982,1475.2706,1843.6877,2760.8415,2024.9673,2082.1129,1437.5761,1793.1845,2786.7699,1965.7138,2028.1018,1356.5002,1697.2636,2809.4520,1898.0309,1970.1544,1253.0493,1583.8812,2852.6000,11.00000000000,48,123
51,131,01480151,51131,Northampton,Northampton County,06,H1,G4020,,,,A,548073024.00000000000,1511612271.00000000000,+37.3026286,-075.9238683,51131,581.1652,579.5446,574.8670,579.5328,584.3190,531.5618,529.2454,519.5436,529.2392,538.7543,551.4322,547.9813,529.9429,548.0559,565.8959,629.2793,624.1094,594.0910,623.9158,654.1573,627.4050,621.4163,576.5359,620.8414,666.1718,626.1438,619.5168,564.0148,618.5993,674.5898,564.6236,558.0099,496.8095,556.8980,618.3551,548.9534,542.4114,483.5828,541.3060,599.7943,544.4810,537.7040,476.9462,536.4422,596.4532,572.7900,571.3320,481.3538,552.1012,671.8316,401.3133,405.2700,325.7591,382.6531,490.7973,393.0779,401.0689,303.7586,367.5939,501.0658,380.7640,393.0282,278.4631,345.8981,506.7478,349.0854,359.8469,252.3185,314.9965,471.0107,321.0801,330.4694,228.5177,284.7450,441.8984,289.5132,298.9749,200.2707,250.3178,413.7993,261.7664,271.9367,173.2124,218.7148,393.4293,11.00000000000,51,131
51,017,01673638,51017,Bath,Bath County,06,H1,G4020,,,,A,1370512659.00000000000,14049862.00000000000,+38.0689876,-079.7328980,51017,317.2511,316.3564,313.7977,316.3504,318.9713,280.3630,279.0993,273.9607,279.0989,284.1445,225.6447,224.1988,216.8109,224.2332,231.5442,201.0746,199.3666,189.7772,199.3085,208.9881,276.6837,273.9079,254.1136,273.6493,293.6909,405.6982,400.8583,364.5976,400.1600,436.9290,239.8617,237.0535,211.0557,236.5815,262.6879,177.5352,175.3914,156.3407,175.0281,193.9759,146.9423,145.2218,128.9237,144.9037,160.9815,201.0975,200.7235,169.2439,194.0044,235.9029,197.1934,199.1791,160.1412,188.0764,241.1699,194.4801,198.4433,150.3051,181.8837,247.9096,190.0442,196.1687,138.9901,172.6463,252.9246,186.5987,192.3514,134.8739,168.3774,251.7722,196.2137,201.8997,139.5576,173.9434,270.0422,199.7813,206.2142,138.0283,172.6135,285.5394,195.0014,202.4674,128.8368,162.7949,293.0761,11.00000000000,51,017
51,830,01789076,51830,Williamsburg,Williamsburg city,25,C7,G4020,,47260,,F,23366983.00000000000,417860.00000000000,+37.2692930,-076.7067172,51830,727.7559,725.8074,719.9914,725.7889,731.7168,792.9131,789.5481,775.1227,789.5326,803.6676,975.2548,969.3883,937.5315,969.4928,1000.9680,1232.9359,1222.8401,1164.0240,1222.4584,1281.7002,1406.1759,1392.7779,1292.1897,1391.4903,1493.0781,268.8506,265.9691,242.1181,265.5683,289.6416,326.9241,323.4681,288.3243,322.9090,358.0782,1254.1134,1240.4939,1107.2781,1238.2397,1370.3392,1416.7031,1401.1230,1244.9100,1398.2644,1552.1807,1403.8519,1402.6785,1184.0710,1356.1126,1647.1754,1703.6264,1722.6031,1386.7085,1627.1438,2083.8520,1766.6065,1804.7336,1369.0547,1654.8602,2252.2032,1773.6304,1832.9397,1300.8389,1613.9584,2360.6662,1819.4324,1877.6544,1318.7667,1644.4748,2455.0977,1845.8912,1901.9523,1317.3943,1639.6419,2540.6430,2166.3857,2239.1863,1502.1365,1875.6001,3096.5413,2373.0847,2467.1219,1573.5591,1985.0484,3566.8095,11.00000000000,51,830
51,191,01498359,51191,Washington,Washington County,06,H1,G4020,304,28700,,A,1452917904.00000000000,12999399.00000000000,+36.7478126,-081.9502907,51191,3572.2797,3562.2826,3533.5116,3562.2114,3591.6606,3506.5669,3491.1292,3427.0491,3491.0993,3553.9687,2929.1109,2910.9549,2815.1715,2911.3310,3006.0373,2922.2208,2897.8630,2758.4803,2896.9876,3037.5243,2734.0781,2707.1632,2511.5725,2704.6270,2902.4753,2603.3171,2574.5145,2343.0692,2570.4622,2804.3772,2464.9514,2435.9788,2168.7210,2431.1021,2699.5129,2735.6072,2702.7141,2409.2924,2697.1456,2988.9459,2671.7181,2639.5242,2342.3595,2633.5521,2926.8697,2235.6281,2231.1688,1880.9648,2156.4011,2622.4914,2301.0476,2324.4550,1869.0983,2194.9571,2814.2478,2122.5045,2166.4377,1641.5800,1985.8860,2705.7020,1938.7467,2001.9882,1419.2199,1762.2168,2580.2923,1839.7696,1897.2821,1331.1587,1661.1258,2482.4185,1760.3030,1812.5753,1254.2285,1562.1078,2422.7460,1654.7921,1709.6606,1146.0959,1431.7478,2365.2389,1541.9270,1602.5624,1021.5993,1289.2260,2317.5286,11.00000000000,51,191
51,137,01494761,51137,Orange,Orange County,06,H1,G4020,,,,A,882624058.00000000000,6426574.00000000000,+38.2504394,-078.0099795,51137,2434.1882,2427.4236,2407.8430,2427.3728,2447.4013,2290.8692,2280.8600,2239.0350,2280.8351,2321.8590,2250.0284,2236.2188,2162.6683,2236.4919,2309.1974,2614.3571,2592.7223,2468.0169,2591.9286,2717.6133,2798.8837,2771.8563,2571.6379,2769.2800,2971.6188,3152.5443,3117.7753,2837.5617,3112.8888,3396.0544,3064.6998,3028.6140,2696.2797,3022.5364,3356.3252,2979.4632,2943.2350,2623.2983,2937.0876,3255.3614,3184.5307,3145.8256,2791.3198,3138.6385,3488.6161,3100.5678,3094.5534,2608.9954,2990.8989,3637.1454,2931.3862,2961.0455,2380.8300,2796.0330,3585.1441,2954.5624,3015.4178,2284.5815,2764.0089,3766.3469,2935.1027,3030.4247,2147.8623,2667.3237,3906.3125,2920.0375,3010.8403,2111.9543,2635.8882,3939.9915,2884.7174,2969.8766,2054.5018,2559.2848,3970.2633,2791.0480,2883.0881,1932.1665,2414.2199,3989.2847,2685.6744,2790.7986,1778.5150,2244.9290,4036.5598,11.00000000000,51,137
48,019,01383795,48019,Bandera,Bandera County,06,H1,G4020,,41700,,A,2048578865.00000000000,17288401.00000000000,+29.7557484,-099.2606816,48019,1321.2445,1317.6091,1306.9997,1317.5799,1328.4216,1176.1862,1171.0277,1149.5437,1171.0162,1192.0915,1091.1821,1084.3291,1048.6297,1084.4796,1119.7894,1272.0232,1261.3353,1200.6668,1260.9601,1322.1597,1427.9700,1413.9503,1311.7967,1412.6271,1515.9462,1655.6248,1637.0963,1489.7889,1634.4790,1783.4310,1497.6974,1479.9098,1317.3810,1476.9051,1640.1951,1279.6074,1263.7697,1126.1165,1261.0726,1398.0827,1276.9612,1261.1509,1118.7333,1258.2090,1398.8609,1195.6047,1192.8340,1005.2377,1152.7574,1402.4040,1294.1229,1306.9144,1050.5387,1233.9896,1582.6891,1251.8490,1277.3441,967.4712,1170.7471,1595.7673,1206.3750,1245.2798,882.3371,1095.9696,1605.5339,1188.2171,1224.9034,858.9390,1072.2569,1603.2316,1144.9370,1178.4914,814.9974,1015.4626,1575.7677,1065.3386,1100.2532,737.1209,921.2319,1522.6885,993.1233,1031.8099,657.3359,829.9128,1492.6495,11.00000000000,48,019
48,027,01383799,48027,Bell,Bell County,06,H1,G4020,,28660,,A,2722118322.00000000000,95364952.00000000000,+31.0421099,-097.4819209,48027,17189.9004,17142.0401,17003.7198,17141.6858,17283.1963,19035.8738,18951.5277,18603.3810,18951.4023,19293.0463,20994.2736,20861.8814,20174.9223,20864.8387,21544.3723,25883.7279,25665.1871,24430.7233,25657.6255,26903.2534,25960.0181,25702.1870,23845.0211,25678.0199,27557.4468,25607.9505,25318.9095,23039.1252,25277.9608,27584.0449,26519.9962,26197.4818,23313.6537,26142.5675,29042.3617,28884.1299,28519.0060,25405.0135,28456.5638,31557.9890,31723.9022,31320.6051,27772.8832,31245.3459,34751.0116,30814.5262,30736.5488,25896.3393,29702.0957,36142.8071,27214.4612,27470.7820,22069.8582,25934.0145,33280.7363,27885.8242,28440.9405,21528.6898,26063.1052,35545.2990,27919.3925,28807.1450,20398.4944,25348.4188,37156.0930,27470.2189,28306.2424,19836.7549,24773.9310,37063.7958,27154.7469,27939.0144,19309.2702,24069.3179,37371.9348,26576.6841,27436.9407,18369.7128,22968.2219,37985.3009,25732.5116,26725.2718,17014.8421,21491.7834,38674.9850,11.00000000000,48,027
48,007,01383789,48007,Aransas,Aransas County,06,H1,G4020,204,18580,,A,652868851.00000000000,714621093.00000000000,+28.1042254,-096.9779830,48007,1427.7917,1423.8678,1412.4052,1423.8361,1435.5482,1551.4411,1544.6540,1516.3246,1544.6378,1572.4258,1634.5184,1624.3350,1570.8755,1624.5509,1677.4162,2069.2464,2051.9029,1953.2094,2051.2897,2150.8327,2352.7670,2329.6862,2161.3749,2327.5067,2497.7314,2655.6753,2626.0376,2389.7972,2621.8551,2860.7046,2503.5701,2474.0441,2202.5213,2469.0685,2741.7951,2508.5662,2477.6320,2207.8758,2472.3679,2740.8342,2801.1327,2766.2499,2453.6600,2759.7551,3068.5064,2768.1090,2761.8035,2327.5609,2669.0425,3246.9249,2904.7070,2933.2539,2357.6856,2769.5296,3552.3779,2972.2318,3032.5882,2296.7335,2779.4526,3788.7666,2993.4238,3089.7784,2189.0660,2719.2435,3983.8555,3041.5333,3135.2591,2198.3512,2744.4733,4103.8486,3059.3105,3148.7859,2177.3802,2713.1183,4210.4901,3014.4354,3113.0473,2085.4045,2606.4505,4308.5200,2954.3802,3069.2954,1955.1621,2468.6453,4440.3787,11.00000000000,48,007
48,009,01383790,48009,Archer,Archer County,06,H1,G4020,,48660,,A,2339043608.00000000000,57777594.00000000000,+33.6163054,-098.6872669,48009,537.8969,536.3843,532.0483,536.3739,540.8142,461.9763,459.9571,451.5223,459.9521,468.2255,425.7309,423.0844,409.1613,423.1399,436.9075,474.1988,470.2078,447.5914,470.0684,492.8850,522.6373,517.4341,480.0447,516.9471,554.7892,571.2279,564.7106,513.8180,563.7839,615.2877,492.5009,486.8479,433.5556,485.9043,539.3823,405.5467,400.5248,356.8961,399.6695,443.0950,370.0442,365.5782,324.4132,364.7496,405.3829,307.2261,306.5462,258.3665,296.2556,360.3737,321.2888,324.4291,260.7527,306.3153,392.9247,305.4836,311.6655,236.0189,285.6429,389.4038,281.0439,290.0703,205.4907,255.2767,374.0308,265.9921,274.1754,192.2301,239.9963,358.8939,246.3963,253.5891,175.3421,218.4969,339.1110,221.8519,229.0946,153.4523,191.8071,317.0910,193.2602,200.7658,127.8760,161.4718,290.4658,11.00000000000,48,009
48,011,01383791,48011,Armstrong,Armstrong County,06,H1,G4020,,11100,,A,2354581881.00000000000,12219756.00000000000,+34.9641790,-101.3566363,48011,110.4567,110.1381,109.2436,110.1364,111.0547,95.3021,94.8721,93.1252,94.8721,96.5874,134.1685,133.3062,128.9130,133.3270,137.6749,150.3776,149.0708,141.9005,149.0294,156.2770,125.7724,124.5141,115.5162,124.3966,133.5057,173.2527,171.2752,155.8392,170.9940,186.6157,135.4328,133.8038,119.0906,133.5274,148.3162,156.4503,154.5223,137.6998,154.1943,170.9361,167.3156,165.2669,146.6274,164.8862,183.2904,169.9356,169.5295,142.8558,163.8303,199.3258,151.7749,153.2798,123.2155,144.7283,185.6188,158.0553,161.2782,122.1575,147.8206,201.4780,157.5980,162.6841,115.2727,143.1795,209.7435,157.8722,162.7498,114.1285,142.4694,213.0133,160.6240,165.3340,114.3413,142.4634,221.0657,157.0582,162.2075,108.6741,135.8157,224.4834,155.2315,161.2798,102.7481,129.7223,233.3107,11.00000000000,48,011
48,025,01383798,48025,Bee,Bee County,06,H1,G4020,,13300,,A,2279809490.00000000000,246410.00000000000,+28.4160770,-097.7425858,48025,1569.4852,1565.0061,1552.3209,1564.9787,1577.9878,1459.5280,1452.9964,1426.2700,1452.9913,1479.2276,1419.1899,1410.2948,1363.8676,1410.4884,1456.4066,1750.3076,1735.5909,1652.1113,1735.0753,1819.2891,1911.5251,1892.5403,1755.7908,1890.7608,2029.1494,2315.8357,2289.4695,2083.1745,2285.7231,2494.4764,2950.3957,2911.8081,2588.8601,2905.0852,3230.7019,3272.3601,3227.6285,2871.8373,3219.8657,3575.0928,3511.1795,3462.9914,3067.0898,3453.9279,3845.7865,3386.3755,3373.6442,2838.3979,3258.9797,3970.9194,3429.2642,3457.4844,2773.8538,3262.8049,4193.0058,3461.3141,3526.0733,2664.9822,3229.8531,4411.5413,3417.1393,3521.6892,2489.6061,3097.3214,4547.2845,3408.0629,3507.7934,2454.1361,3068.4752,4597.9229,3396.2039,3490.4417,2408.2422,3005.4296,4673.7437,3304.8602,3408.2315,2277.9311,2851.6239,4723.2906,3219.4793,3340.4517,2123.0143,2684.9363,4838.5547,11.00000000000,48,025
48,005,01383788,48005,Angelina,Angelina County,06,H1,G4020,,31260,,A,2066235308.00000000000,173343492.00000000000,+31.2519514,-094.6110558,48005,5460.0794,5444.8540,5400.9068,5444.7424,5489.7099,5566.5159,5541.7615,5439.9097,5541.7312,5641.6934,5339.8599,5306.3639,5131.6713,5307.0955,5479.8764,5590.3601,5543.5255,5276.8900,5541.8674,5810.7906,5965.6806,5906.8624,5480.0874,5901.3251,6333.0586,6167.9912,6099.2777,5550.6596,6089.5868,6644.2216,6051.4456,5979.8836,5323.4272,5967.8131,6627.2433,5926.9066,5853.8224,5216.4810,5841.3855,6475.6785,6347.7006,6269.3109,5561.5461,6254.7290,6953.6815,5719.2897,5707.0397,4810.4573,5515.5663,6708.7773,5326.5360,5379.0185,4323.6656,5078.8217,6514.2308,5309.9956,5417.9542,4103.4213,4965.7520,6768.7791,5172.2851,5338.8979,3782.6605,4698.6885,6883.6460,5058.7342,5214.7346,3656.5350,4564.8036,6825.6068,4935.7937,5080.2522,3513.0940,4377.3876,6793.0781,4721.4775,4876.0201,3266.5021,4082.5653,6748.3944,4452.9637,4626.2422,2947.0319,3720.9344,6692.7266,11.00000000000,48,005
51,640,01498426,51640,Galax,Galax city,25,C7,G4020,,,,F,21340428.00000000000,103782.00000000000,+36.6656397,-080.9143083,51640,431.5368,430.3370,426.8655,430.3280,433.8792,388.0176,386.2483,379.1262,386.2493,393.2454,348.5087,346.3255,334.9246,346.3729,357.6486,330.2291,327.4308,311.6817,327.3350,343.2299,342.9497,339.6888,315.1566,339.3750,364.1485,293.6612,290.3931,264.2750,289.9324,316.3358,316.2452,312.7123,278.5680,312.1284,346.3598,283.3039,280.0859,249.8666,279.5478,309.5510,317.4107,313.6629,278.4289,312.9693,347.7330,356.6036,356.2514,300.6779,344.4101,418.3990,269.5636,272.4703,219.2498,257.3416,329.7109,260.6563,266.2292,201.9069,244.1023,332.2979,259.2052,267.8405,190.0542,235.8295,344.9940,254.3572,262.4766,184.3295,229.8726,343.2216,241.8560,249.2195,172.6420,214.8554,332.8866,235.9720,243.9750,163.7487,204.3902,337.2937,220.3531,229.1700,146.2647,184.4264,331.2018,11.00000000000,51,640
48,017,01383794,48017,Bailey,Bailey County,06,H1,G4020,,,,A,2141394831.00000000000,1771770.00000000000,+34.0675209,-102.8303446,48017,368.4484,367.4161,364.4480,367.4088,370.4472,360.5375,358.9119,352.3036,358.9114,365.4002,408.7374,406.1477,392.7709,406.2067,419.4404,432.0658,428.3902,407.7851,428.2658,449.0667,390.7496,386.9764,359.0241,386.6167,414.8650,369.3819,365.3116,332.4811,364.7398,397.9149,395.5924,391.0088,348.1691,390.2412,433.2441,487.8296,482.1221,429.9383,481.1614,533.0156,543.7541,537.1522,476.6271,535.9264,595.6771,467.0652,466.1811,393.0548,450.5719,547.8998,407.4294,411.7504,331.2564,388.8659,498.3267,434.2997,443.4405,336.1594,406.5357,553.6499,435.9323,450.2848,319.3423,396.4053,580.1972,445.3164,459.3583,322.4160,402.2296,600.8804,456.0172,469.6669,325.1050,404.8108,627.6358,464.5684,480.0603,321.9123,402.0611,664.0263,462.1969,480.4416,306.3504,386.5338,694.6898,11.00000000000,48,017
48,245,01383908,48245,Jefferson,Jefferson County,06,H1,G4020,,13140,,A,2269593704.00000000000,612154349.00000000000,+29.8539997,-094.1493306,48245,14271.2144,14231.0276,14115.9599,14230.7543,14348.6050,14449.3524,14385.2548,14120.9537,14385.1651,14644.5403,14977.4736,14883.2011,14393.1527,14885.2899,15370.0171,17217.4244,17071.7538,16250.6226,17066.7442,17895.4036,17429.7471,17257.1787,16010.2717,17240.9731,18502.6292,17020.7779,16827.9390,15312.2436,16800.5843,18334.0145,15835.3029,15643.1172,13921.4649,15610.4153,17341.4725,17094.5436,16876.9676,15032.6860,16839.7088,18676.9318,18851.5702,18611.2713,16502.4897,18566.4166,20650.3175,18460.4506,18412.8297,15512.4196,17792.8934,21652.3116,16428.7477,16582.6281,13321.5713,15654.6998,20090.6810,16328.2153,16652.1914,12604.0053,15259.6027,20813.0018,16035.2682,16543.9802,11713.7151,14557.1944,21340.1876,15587.0565,16060.1996,11253.5772,14055.5723,21030.5002,15139.9279,15575.8712,10763.4301,13417.9955,20836.3400,14639.2166,15111.7635,10116.2621,12649.9308,20923.3259,14100.7691,14643.5657,9321.5464,11775.4700,21192.8441,11.00000000000,48,245
48,163,01383867,48163,Frio,Frio County,06,H1,G4020,,,,A,2935750557.00000000000,2193798.00000000000,+28.8693343,-099.1087876,48163,951.6695,948.9938,941.3227,948.9754,956.8308,846.3510,842.6778,827.2384,842.6669,857.8071,809.3081,804.4511,778.0171,804.5366,830.6524,904.4788,897.8385,854.6565,897.5062,940.7414,853.3280,846.4955,785.4748,845.7633,906.9194,1435.7066,1420.7888,1293.6784,1418.7378,1546.8707,2100.6477,2074.4525,1845.5171,2069.9556,2300.3695,2348.6884,2317.9999,2063.8983,2312.7181,2566.0529,2602.7785,2568.3804,2276.1126,2561.9351,2850.9778,2658.8560,2651.0158,2232.4852,2561.4946,3118.3411,2624.0175,2647.5820,2125.9605,2499.1155,3208.7407,2709.8500,2762.6352,2090.0560,2531.2653,3454.0316,2779.3613,2866.6169,2028.7426,2522.0176,3698.7713,2828.6702,2913.6902,2040.7923,2549.6696,3816.4469,2878.0219,2960.1294,2044.7365,2549.7233,3960.8191,2851.3636,2942.7168,1969.1853,2463.0372,4075.3070,2819.1837,2927.1138,1862.6126,2353.5574,4237.0740,11.00000000000,48,163
48,147,01383859,48147,Fannin,Fannin County,06,H1,G4020,206,14300,,A,2307256396.00000000000,20841602.00000000000,+33.5911611,-096.1049882,48147,2077.7384,2071.9139,2055.1747,2071.8728,2089.0094,1987.8163,1978.9459,1942.5586,1978.9372,2014.6536,1883.6286,1871.8501,1810.2347,1872.1038,1933.0401,1962.2914,1945.8388,1852.2468,1945.2577,2039.6572,1849.3842,1831.3083,1699.0089,1829.5977,1963.3769,2041.7301,2018.9416,1837.3145,2015.7256,2199.3596,2178.7468,2151.9731,1914.8354,2147.3986,2385.9394,2261.7997,2232.6366,1988.2831,2227.6301,2471.1456,2287.3074,2257.7135,2001.4500,2252.1806,2505.5007,1928.6158,1923.4461,1620.2764,1858.6336,2262.0314,1904.6661,1922.2225,1543.9388,1814.5714,2329.1659,1856.4990,1893.0346,1432.5352,1734.6212,2366.3776,1768.0687,1823.8442,1291.0283,1604.6985,2352.9678,1712.7628,1764.4637,1236.0838,1544.1090,2310.8825,1664.1601,1711.8131,1182.6370,1474.5510,2290.2806,1575.0772,1625.6798,1088.0139,1360.7428,2251.1865,1482.9889,1539.8638,979.9772,1238.1758,2228.8548,11.00000000000,48,147
48,175,01383873,48175,Goliad,Goliad County,06,H1,G4020,,47020,,A,2206706631.00000000000,19049578.00000000000,+28.6607000,-097.4304145,48175,466.8595,465.5405,461.7740,465.5317,469.3906,446.9495,444.9707,436.7973,444.9677,452.9882,444.7069,441.8965,427.3439,441.9598,456.3559,581.5461,576.6468,548.9108,576.4762,604.4593,596.6706,590.6389,547.9517,590.0794,633.3166,760.0301,751.3895,683.6928,750.1624,818.6615,672.8958,664.8074,591.7097,663.4355,736.9071,707.2688,698.4554,622.3182,696.9524,772.7494,721.1110,712.0874,631.5758,710.4064,789.9372,673.5572,672.2012,566.6807,649.6720,790.1095,771.2775,778.8661,626.0438,735.3951,943.2529,781.7596,797.6477,604.1122,731.0711,996.5270,788.3978,813.7973,576.5864,716.2127,1049.2564,799.9931,824.6735,578.2658,721.8956,1079.4090,817.1912,841.1257,581.6733,724.7611,1124.6925,804.3201,830.6712,556.5028,695.5095,1149.6141,789.9622,820.7297,522.8570,660.1331,1187.3011,11.00000000000,48,175
48,301,01383936,48301,Loving,Loving County,06,H1,G4020,,,,A,1732507837.00000000000,20151864.00000000000,+31.8449361,-103.5612293,48301,8.0081,7.9845,7.9194,7.9844,8.0514,3.1859,3.1708,3.1119,3.1708,3.2287,3.5490,3.5228,3.4059,3.5238,3.6399,9.5975,9.5020,9.0450,9.5002,9.9663,25.1345,24.8689,23.0706,24.8449,26.6706,11.2965,11.1453,10.1267,11.1228,12.1613,15.0801,14.8677,13.2052,14.8299,16.5110,21.2771,20.9941,18.6878,20.9452,23.2459,30.6285,30.2200,26.7772,30.1433,33.5488,44.0417,43.9050,36.9669,42.4206,51.6511,31.7419,32.0181,25.7016,30.2199,38.8136,33.7642,34.4139,26.0276,31.5289,43.0356,36.3204,37.4541,26.5001,32.9492,48.3346,37.9682,39.1037,27.3830,34.2160,51.2262,37.6148,38.6818,26.7132,33.3162,51.7662,39.2086,40.4604,27.0701,33.8632,56.0386,40.1049,41.6371,26.4913,33.4772,60.2753,11.00000000000,48,301
48,067,01383819,48067,Cass,Cass County,06,H1,G4020,,,,A,2426723555.00000000000,60499735.00000000000,+33.0836979,-094.3575786,48067,1824.3212,1819.2549,1804.5820,1819.2168,1834.2243,1729.8170,1722.2468,1690.6588,1722.2289,1753.2136,1627.6956,1617.6784,1564.4659,1617.8790,1670.4838,1695.3693,1681.4930,1600.6165,1680.9678,1762.4273,1614.1006,1598.6832,1483.2210,1597.2039,1713.8274,1838.6558,1818.2982,1654.8262,1815.4335,1980.6550,1711.0402,1691.0013,1505.5415,1687.6326,1873.8689,1595.4618,1576.1985,1404.9982,1572.9345,1743.2094,1672.2268,1652.1634,1466.2474,1648.4434,1831.9366,1605.4508,1602.9200,1351.9684,1549.3863,1883.4283,1424.5077,1439.4166,1157.8337,1359.3544,1742.2821,1390.2118,1419.3516,1075.8503,1301.1869,1772.2423,1356.6927,1401.2505,993.6575,1233.5407,1805.6591,1317.4729,1358.9256,953.7148,1189.8851,1777.7026,1283.2538,1321.6014,914.7499,1139.0763,1766.1914,1227.5482,1268.4581,850.5575,1062.3510,1754.5823,1168.9310,1215.0667,774.7719,977.5655,1756.9229,11.00000000000,48,067
48,157,01383864,48157,Fort Bend,Fort Bend County,06,H1,G4020,288,26420,,A,2231225129.00000000000,61796736.00000000000,+29.5266017,-095.7710149,48157,54356.2534,54204.6460,53767.1240,54203.5381,54651.2271,66739.8560,66444.4287,65223.9756,66443.9707,67641.5879,73652.4531,73190.1421,70780.5547,73200.2686,75583.5249,91245.2075,90477.0234,86125.1958,90450.2144,94840.6489,96301.7324,95352.1631,88462.8945,95262.7734,102232.1201,109111.5195,107894.7432,98189.0322,107723.0742,117535.6572,112598.4814,111268.7529,99055.5674,111044.5684,123312.4854,118937.4043,117475.9795,104690.8271,117227.4619,129950.1152,131510.9893,129887.6768,115224.9736,129585.7295,144065.7236,132830.7100,132542.6992,111716.7393,128094.8955,155810.7510,142578.8467,143990.1973,115745.7793,135956.2871,174371.7002,146654.9043,149643.1953,113342.5469,137155.6992,186945.3359,148241.7227,153023.4873,108425.1406,134676.2412,197291.2363,151810.0615,156497.8945,109741.7148,136995.5205,204833.5820,155158.3594,159705.6426,110446.1299,137612.5146,213543.2266,155160.4863,160245.0195,107356.4160,134171.4355,221770.8438,153279.2900,159249.1641,101451.7856,128087.9961,230376.4180,11.00000000000,48,157
48,035,01383803,48035,Bosque,Bosque County,06,H1,G4020,,,,A,2545902347.00000000000,50672066.00000000000,+31.9007636,-097.6376322,48035,1038.3382,1035.4780,1027.1387,1035.4552,1043.9780,931.0238,926.9307,909.9197,926.9223,943.6110,892.1402,886.5742,857.3938,886.6930,915.5500,1003.8085,995.4579,947.5780,995.1561,1043.4268,914.1545,905.2821,839.8873,904.4389,970.5426,1032.2247,1021.1941,929.6388,1019.6614,1112.0591,977.3702,966.2329,860.5374,964.3787,1070.4158,895.1399,884.3601,788.3324,882.5345,978.0359,896.3639,885.5885,785.9129,883.5902,981.9707,804.4550,803.1673,677.4054,776.3381,943.7384,762.0365,770.0452,619.4381,727.2245,932.0344,744.4702,760.0965,576.1650,696.8239,949.0533,716.4591,740.0161,524.7881,651.4565,953.5571,685.6412,707.2357,496.3710,619.2693,925.1565,667.1390,687.0857,475.5794,592.1973,918.2098,618.1365,638.7297,428.2889,534.9419,883.5259,561.3875,583.5410,372.0834,469.4785,843.7746,11.00000000000,48,035
48,219,01383895,48219,Hockley,Hockley County,06,H1,G4020,352,30220,,A,2352723875.00000000000,446121.00000000000,+33.6059320,-102.3433978,48219,1136.6524,1133.5233,1124.3953,1133.4983,1142.8265,1207.1189,1201.8150,1179.7610,1201.8040,1223.4397,1323.0507,1314.7363,1271.4500,1314.9193,1357.7339,1621.4649,1607.8187,1530.4847,1607.3419,1685.3604,1697.9130,1681.1216,1559.6549,1679.5436,1802.4402,1773.1641,1753.2135,1595.3897,1750.3901,1910.0127,1624.9939,1605.6194,1429.2178,1602.3424,1779.5946,1989.9345,1965.3489,1751.3215,1961.1635,2174.1797,2115.3535,2089.2216,1853.3530,2084.3604,2317.2938,1906.5292,1901.8526,1602.5017,1837.8847,2236.2317,2012.9559,2032.6272,1633.6757,1919.1384,2461.7723,2096.9256,2139.3863,1620.1458,1960.7663,2672.9806,2090.3810,2157.5397,1528.4591,1898.7536,2782.0125,2112.7113,2177.6857,1526.7962,1906.2026,2850.6056,2139.9483,2202.4041,1522.8202,1897.6252,2945.1731,2133.2265,2202.8844,1475.5544,1844.3486,3049.0028,2118.7641,2201.0603,1401.9569,1770.2714,3184.4559,11.00000000000,48,219
48,411,01383991,48411,San Saba,San Saba County,06,H1,G4020,,,,A,2940404691.00000000000,8072103.00000000000,+31.1551375,-098.8192922,48411,285.2864,284.4915,282.1956,284.4856,286.8346,248.7464,247.6591,243.1174,247.6564,252.1112,193.7572,192.5813,186.2502,192.6032,198.8599,202.1992,200.6309,190.9812,200.5624,210.2523,180.9024,179.3757,166.4383,179.2176,192.2120,197.5468,195.6679,178.2733,195.4187,212.8930,179.4408,177.5469,158.2598,177.2407,196.5409,194.1932,192.0334,171.3602,191.6739,212.1873,211.3738,209.0775,185.7961,208.6568,231.5907,187.5170,187.3542,158.1492,181.1328,220.0171,151.1272,152.7877,122.9736,144.3138,184.8530,148.6997,151.9036,115.2275,139.2870,189.5729,144.0795,148.9062,105.6877,131.1197,191.7677,134.7875,139.1186,97.7280,121.8490,181.8806,125.2306,129.0581,89.4181,111.2687,172.3666,113.8160,117.6879,79.0015,98.5980,162.6872,103.7742,107.9391,68.9050,86.8701,155.9787,11.00000000000,48,411
48,265,01383918,48265,Kerr,Kerr County,06,H1,G4020,,28500,,A,2857580696.00000000000,10250172.00000000000,+30.0539275,-099.3519680,48265,2696.4654,2688.9925,2667.3129,2688.9353,2711.1050,2514.7841,2503.7242,2457.7741,2503.7020,2548.7822,2521.7673,2506.0420,2423.5608,2506.3768,2587.9430,3026.1116,3001.0434,2856.6984,3000.1264,3145.6138,3179.5364,3148.5885,2921.1360,3145.6524,3375.6023,3356.9139,3320.2513,3022.0700,3315.1168,3616.3149,3122.4288,3085.9940,2747.6582,3079.8768,3419.5856,3443.1780,3401.8380,3032.5763,3394.8415,3762.0468,3635.2658,3591.4527,3187.1086,3583.3250,3982.4362,3518.8699,3512.4806,2961.7644,3394.9451,4127.9439,3656.2830,3693.7939,2970.4871,3488.1069,4471.7913,3740.3409,3817.8867,2893.0609,3499.7454,4768.0840,3770.4580,3893.3913,2759.9873,3427.0712,5018.1252,3811.6195,3930.5986,2757.5815,3441.2842,5143.0389,3852.0581,3966.1843,2744.1622,3418.0178,5301.6560,3809.6125,3935.6020,2637.9284,3295.7165,5445.1589,3774.5379,3922.5790,2500.1133,3155.4629,5673.1364,11.00000000000,48,265
48,333,01383952,48333,Mills,Mills County,06,H1,G4020,,,,A,1937987484.00000000000,3902577.00000000000,+31.4948885,-098.5946231,48333,281.3043,280.5137,278.2464,280.5082,282.8300,208.6015,207.7161,203.9210,207.7120,211.4308,232.5459,231.1292,223.5296,231.1562,238.6671,201.7479,200.1622,190.5350,200.0953,209.7697,195.2724,193.4681,179.5006,193.2915,207.3774,271.5575,268.6775,244.6031,268.2784,292.5667,232.1844,229.8164,204.9247,229.4389,254.3202,154.7145,153.1970,136.9078,152.9523,169.0622,233.7654,231.3498,205.7152,230.9101,256.1390,163.6491,163.7666,138.4865,158.3984,192.0754,169.2512,171.4420,138.3015,162.0358,207.0753,176.8654,180.9890,137.6007,166.0636,225.5184,171.4595,177.5025,126.2838,156.4119,228.2365,173.3706,179.2222,126.1874,157.0856,233.9692,177.1076,182.7774,126.9092,157.6877,243.7903,169.0586,175.0454,117.7634,146.7497,241.6667,155.7141,162.1803,103.7793,130.6155,234.0607,11.00000000000,48,333
48,097,01383834,48097,Cooke,Cooke County,06,H1,G4020,206,23620,,A,2265615780.00000000000,61333893.00000000000,+33.6391685,-097.2103723,48097,2389.3822,2382.7434,2363.5240,2382.6935,2402.3522,2287.9566,2277.9050,2236.1049,2277.8840,2318.8913,2295.2741,2280.8413,2205.7452,2281.1599,2355.4389,2603.6598,2581.8987,2457.7132,2581.1229,2706.3563,2806.2546,2778.5669,2577.8117,2775.9614,2979.0562,3060.3747,3026.2789,2754.0697,3021.4702,3296.6656,2372.7556,2345.8725,2089.3974,2341.4062,2598.6596,2572.4526,2541.2799,2265.1429,2535.9939,2810.6679,2626.8699,2594.9444,2302.5198,2589.0163,2877.7055,2476.2833,2471.4214,2083.5813,2388.6234,2904.8095,2130.8561,2152.5438,1730.8752,2032.6269,2606.1005,2136.1690,2180.2969,1651.9941,1998.5600,2723.1104,2108.6835,2177.2954,1543.3227,1916.4634,2806.4470,2053.4803,2117.4692,1485.4354,1853.8249,2770.7621,1992.3407,2051.2883,1419.1806,1767.7471,2742.0875,1881.0320,1943.1917,1302.4155,1627.2297,2688.5949,1773.5363,1843.0778,1174.6916,1482.6299,2665.6267,11.00000000000,48,097
48,487,01384029,48487,Wilbarger,Wilbarger County,06,H1,G4020,,46900,,A,2514474467.00000000000,18257915.00000000000,+34.0849199,-099.2424397,48487,630.1678,628.4094,623.3367,628.3966,633.5874,628.9971,626.2261,614.7307,626.2209,637.4993,652.0784,647.9515,626.6118,648.0451,669.1560,805.1748,798.4036,760.0014,798.1665,836.9068,842.4733,834.2784,774.0110,833.5006,894.4279,840.6324,831.3011,756.5487,829.9868,905.5474,678.1782,670.0695,596.4317,668.6966,742.6969,785.8923,776.0407,691.3875,774.3587,858.6487,774.1446,764.6527,678.3984,762.8885,848.0564,596.0383,594.6865,501.1886,574.7142,699.1399,608.5486,614.4222,493.7576,580.0941,744.2210,623.3843,635.9246,481.5002,582.8022,794.6268,598.7845,617.9329,437.6708,543.7815,796.8928,571.5028,588.9787,412.8358,515.5134,771.0994,537.9913,553.5819,382.6484,476.9294,740.4191,499.6085,515.8074,345.3757,431.8079,714.0782,468.5695,486.6603,309.8513,391.3655,704.2430,11.00000000000,48,487
48,235,01383903,48235,Irion,Irion County,06,H1,G4020,,41660,,A,2723534675.00000000000,176316.00000000000,+31.3034241,-100.9813037,48235,83.6218,83.3874,82.7137,83.3858,84.0755,87.5680,87.1582,85.5454,87.1591,88.7448,77.7649,77.2597,74.7123,77.2724,79.7942,91.2860,90.4370,86.0868,90.4157,94.8317,109.9334,108.7293,100.8629,108.6227,116.6241,119.0538,117.5823,106.9134,117.3677,128.2037,96.8384,95.5758,84.9791,95.3561,106.0391,95.6824,94.3866,83.9941,94.1621,104.5349,81.4803,80.2830,71.0235,80.0563,89.2356,78.8070,78.5487,66.1229,75.8892,92.4196,80.8545,81.5208,65.4029,76.9309,98.8620,69.8713,71.1717,53.7842,65.1903,89.0521,67.5210,69.5739,49.1711,61.1852,89.8510,64.5690,66.4473,46.4766,58.1210,87.1111,59.3367,60.9717,42.0555,52.4948,81.6563,53.3293,54.9829,36.7326,45.9975,76.2169,47.2571,49.0195,31.1389,39.3944,71.0218,11.00000000000,48,235
48,055,01383813,48055,Caldwell,Caldwell County,06,H1,G4020,126,12420,,A,1412208030.00000000000,4933872.00000000000,+29.8404216,-097.6310970,48055,2534.7992,2527.7621,2507.3759,2527.7089,2548.5593,2713.6176,2701.7452,2652.1939,2701.7170,2750.3216,2701.8085,2685.0804,2596.7337,2685.4251,2772.7761,3255.6427,3228.5978,3073.3076,3227.6164,3384.1611,3501.5846,3467.3270,3216.8335,3464.0870,3717.3942,3140.7616,3107.2089,2828.6382,3102.5475,3383.6777,3002.7925,2968.3764,2643.4910,2962.6349,3288.6354,3787.0843,3741.4407,3335.1417,3733.7099,4137.7916,3981.1406,3933.1382,3490.3040,3924.2329,4361.3398,3686.3107,3679.2606,3102.0539,3556.0480,4324.2802,4156.9915,4199.1748,3376.4652,3965.2021,5084.1039,4264.1310,4352.0622,3297.3701,3989.2465,5435.7398,4270.1374,4408.9079,3124.9759,3880.6731,5683.1114,4354.5448,4490.0140,3149.5808,3930.8776,5875.5696,4431.9041,4562.7578,3156.4469,3931.9550,6099.6721,4450.3839,4597.1196,3080.8365,3849.4933,6360.9956,4462.0940,4636.6855,2954.7822,3729.7394,6706.5086,11.00000000000,48,055
48,247,01383909,48247,Jim Hogg,Jim Hogg County,06,H1,G4020,,,,A,2942584159.00000000000,92564.00000000000,+27.0412118,-098.7001270,48247,255.6888,254.9720,252.9121,254.9670,257.0758,238.5555,237.4933,233.1277,237.4921,241.7769,241.8682,240.3149,232.3953,240.3523,248.1900,274.6231,272.1640,259.0728,272.0934,285.3504,274.1206,271.2642,251.6517,271.0040,290.9002,276.3693,273.1055,248.4221,272.6361,297.6539,282.8440,279.2707,248.4094,278.6548,309.7305,277.2522,273.5714,243.5240,272.9360,302.9078,310.8485,306.7043,271.7660,305.9271,340.4864,310.1255,309.0701,260.1405,298.5952,363.6851,241.8107,243.8849,195.7428,230.1786,295.6788,235.2052,239.6796,181.2216,219.5697,299.7846,225.6397,232.6068,164.5018,204.6012,300.2708,213.4072,219.7058,153.7665,192.2110,287.9190,201.1329,206.7584,142.7010,178.0466,276.7960,186.7647,192.6435,128.7963,161.1978,266.9258,170.4132,176.8425,112.4216,142.1508,256.1156,11.00000000000,48,247
48,109,01383840,48109,Culberson,Culberson County,06,H1,G4020,,,,A,9875100057.00000000000,556184.00000000000,+31.4459085,-104.5269447,48109,121.4107,121.0778,120.1035,121.0751,122.0704,111.2074,110.7137,108.6793,110.7130,112.7095,86.4642,85.9160,83.0862,85.9286,88.7281,92.0700,91.2598,86.8702,91.2352,95.6756,109.6510,108.5316,100.6867,108.4284,116.3783,100.0833,98.9485,90.0356,98.7875,107.8049,79.7439,78.7301,70.0242,78.5550,87.3235,65.5525,64.7166,57.6430,64.5734,71.6205,66.0845,65.2274,57.8217,65.0672,72.3882,55.2289,55.0663,46.3730,53.2069,64.7732,55.3426,55.8518,44.8595,52.7236,67.6768,49.5446,50.5174,38.2264,46.2893,63.1515,43.4473,44.8149,31.7197,39.4290,57.8200,40.6030,41.8251,29.2967,36.6004,54.7818,36.4199,37.4583,25.8740,32.2647,50.1221,31.6674,32.6794,21.8653,27.3513,45.2604,28.8887,29.9916,19.0809,24.1135,43.4180,11.00000000000,48,109
48,459,01384015,48459,Upshur,Upshur County,06,H1,G4020,346,30980,,A,1509825676.00000000000,24998197.00000000000,+32.7358779,-094.9416491,48459,2546.8246,2539.7068,2519.1997,2539.6555,2560.6433,2556.8340,2545.4621,2498.6783,2545.4483,2591.3643,2594.4981,2578.3196,2493.4596,2578.6640,2662.5826,2840.0248,2816.3347,2680.8734,2815.4852,2952.0739,2940.1073,2911.3292,2701.0022,2908.6082,3121.3029,3202.3906,3166.7656,2881.9536,3161.7437,3449.6619,3048.5541,3012.5438,2681.8707,3006.4722,3338.6300,3139.4988,3100.7142,2763.0489,3094.1117,3430.1806,3311.3705,3270.5458,2901.3924,3262.9531,3627.4975,3158.2119,3151.3913,2656.2506,3045.6459,3704.5969,2923.8892,2953.0801,2374.0534,2788.3901,3575.9111,2945.4536,3005.7258,2276.8457,2754.9897,3754.6875,2895.7327,2989.3955,2118.4003,2631.0681,3853.8815,2860.2332,2948.8122,2068.0715,2581.4403,3859.2651,2823.9018,2906.9158,2010.5763,2504.8861,3886.5342,2729.8899,2819.5881,1889.2529,2360.9113,3901.8478,2621.8154,2724.1494,1735.7079,2191.1932,3940.5618,11.00000000000,48,459
48,073,01383822,48073,Cherokee,Cherokee County,06,H1,G4020,540,27380,,A,2727030862.00000000000,24032104.00000000000,+31.8438587,-095.1565040,48073,3049.4543,3040.8352,3016.2313,3040.7782,3065.9865,3383.3798,3368.2460,3306.2944,3368.2337,3429.0483,3284.4481,3263.6533,3156.1661,3264.1256,3370.4617,3379.0897,3350.4222,3189.2705,3349.4442,3512.0998,3492.2220,3457.4219,3207.5883,3454.1666,3707.0367,3635.2214,3594.0704,3270.3741,3588.2347,3915.7066,3434.6292,3392.7610,3019.1962,3385.6265,3761.2918,3781.0507,3733.0553,3325.2432,3724.8405,4131.0583,3885.3758,3835.7314,3400.9964,3826.4624,4256.0897,3787.8388,3777.9688,3182.7642,3650.7426,4442.7423,3142.0166,3171.5780,2547.9961,2994.1440,3842.3869,3075.1097,3136.2315,2373.9128,2873.9915,3919.7471,2991.8668,3086.8744,2185.7071,2716.2025,3981.6689,2890.2264,2978.0401,2086.8325,2606.3548,3899.5831,2781.0806,2861.2261,1977.2701,2464.8599,3827.4700,2629.6567,2714.5824,1817.2678,2272.3716,3758.4801,2480.8914,2576.4113,1640.0702,2071.8028,3728.6733,11.00000000000,48,073
48,121,01383847,48121,Denton,Denton County,06,H1,G4020,206,19100,19124,A,2275129231.00000000000,193070701.00000000000,+33.2050051,-097.1190460,48121,61942.5767,61769.5974,61270.9031,61768.3440,62278.6877,73834.4246,73507.3352,72157.0173,73506.8479,74831.9365,78316.3281,77826.2856,75264.4165,77836.8760,80370.5479,93805.2471,93017.3232,88543.3164,92989.6372,97502.7207,102149.8506,101148.3418,93840.7993,101053.7397,108444.1465,102095.0801,100958.3477,91877.7559,100798.0635,109978.0273,105248.1499,104004.8306,92588.6055,103795.1943,115262.7075,117164.3584,115730.2710,103140.6641,115486.5977,128013.2207,125843.1631,124297.9473,110274.5957,124010.6934,137857.8086,122967.7969,122711.6484,103440.4370,118596.5781,144244.0664,136243.2139,137602.8096,110621.7012,129928.6709,166625.1025,139181.5957,142028.7314,107586.2588,130180.4541,177420.2344,139480.3164,143990.5049,102035.8735,126730.4268,185631.8750,142373.4453,146780.6328,102938.6670,128493.4658,192101.9473,144391.8545,148634.0225,102800.4731,128076.7490,198726.2061,144813.3965,149568.5449,100214.3433,125236.1689,206982.4336,143483.9980,149081.0352,94983.9736,119913.1885,215654.7793,11.00000000000,48,121
48,095,01383833,48095,Concho,Concho County,06,H1,G4020,,,,A,2548028356.00000000000,25624151.00000000000,+31.3188647,-099.8636483,48095,109.8811,109.5787,108.6964,109.5763,110.4780,90.2611,89.8629,88.2131,89.8622,91.4811,64.3260,63.9202,61.8153,63.9292,66.0114,98.7611,97.8698,93.1622,97.8448,102.6144,72.5337,71.7856,66.5961,71.7170,76.9787,270.0182,266.5360,242.2592,266.0217,290.7284,390.1577,384.6690,341.6609,383.6925,427.1807,393.8906,387.9481,344.6245,386.8995,430.2977,405.7283,399.6254,353.3895,398.4675,444.3283,352.3977,350.4627,294.2750,338.3862,413.0793,353.4304,355.6336,284.6463,335.3907,432.0292,346.0860,351.8353,265.1926,322.0294,441.0085,331.4349,340.8515,240.2324,299.5072,440.9858,323.7178,332.4835,231.8869,290.5620,436.6744,315.1158,323.1779,222.2546,277.9930,433.5973,298.2351,306.9215,204.4274,256.5296,426.1912,277.4585,287.3003,181.9229,230.6743,416.9562,11.00000000000,48,095
48,381,01383976,48381,Randall,Randall County,06,H1,G4020,,11100,,A,2360887059.00000000000,28191926.00000000000,+34.9625290,-101.8955472,48381,7253.1627,7233.0501,7174.7284,7232.8968,7292.5401,8004.1081,7968.7769,7822.4590,7968.7150,8112.2811,9170.8062,9113.0014,8812.9263,9114.2899,9411.1178,11562.1021,11464.4750,10913.0479,11461.0976,12017.5139,12542.4870,12417.8583,11520.5743,12406.1799,13314.2401,12491.2783,12350.2154,11238.1222,12330.2277,13455.1756,12025.3208,11881.1534,10575.1221,11856.7228,13169.3097,13111.2220,12947.5758,11535.9222,12919.6599,14325.0743,14144.5734,13967.1225,12387.4770,13934.0564,15494.5424,14048.7733,14015.9982,11811.5007,13545.0327,16478.6845,14731.0499,14873.8779,11953.4550,14043.0673,18015.3571,15105.8931,15410.6829,11669.3456,14123.6539,19255.5636,15188.1000,15675.0542,11103.6241,13794.5347,20213.2041,15355.4038,15826.7080,11095.2956,13853.2872,20718.4129,15467.0970,15917.6540,11005.1181,13714.5440,21287.0230,15435.4644,15938.7247,10675.3682,13344.2607,22061.7265,15295.9504,15889.3999,10119.9245,12779.2622,22989.4371,11.00000000000,48,381
48,267,01383919,48267,Kimble,Kimble County,06,H1,G4020,,,,A,3240040898.00000000000,493622.00000000000,+30.4794715,-099.7463955,48267,222.9413,222.3166,220.5207,222.3122,224.1507,240.2599,239.2271,234.8493,239.2233,243.5149,199.7655,198.5499,192.0219,198.5729,205.0246,189.4686,187.8248,178.7905,187.7724,196.9033,184.3043,182.4133,169.2273,182.2395,195.6054,237.3704,234.6045,213.4247,234.2084,255.6624,224.9336,222.2053,197.7512,221.7411,246.3283,187.2816,184.8586,164.6182,184.4423,204.6154,187.7954,185.3139,164.2266,184.8490,205.7035,167.1232,166.6266,140.3167,160.9988,196.0033,160.4664,161.9187,130.0286,152.8424,196.2257,140.6117,143.3541,108.4572,131.3494,179.2270,124.2466,128.1450,90.6877,112.7397,165.3470,118.0951,121.6387,85.1915,106.4395,159.3336,111.1300,114.2937,78.9423,98.4448,152.9399,97.9429,101.0751,67.6304,84.5969,139.9843,83.9852,87.1946,55.4779,70.1067,126.2247,11.00000000000,48,267
48,275,01383923,48275,Knox,Knox County,06,H1,G4020,,,,A,2203097010.00000000000,12577629.00000000000,+33.6166569,-099.7471116,48275,217.2914,216.6692,214.9119,216.6655,218.4683,220.2891,219.3028,215.2688,219.3021,223.2623,243.8329,242.2377,234.2480,242.2787,250.1896,256.6387,254.4278,242.1900,254.3558,266.7192,219.2501,217.0683,201.3832,216.8640,232.7387,283.8871,280.6392,255.3419,280.1770,305.7812,277.1185,273.7760,243.6631,273.2084,303.4790,306.4985,302.6166,269.5664,301.9524,334.8712,410.3621,405.2755,359.5030,404.3289,449.5349,376.3167,375.4418,316.3935,362.8270,441.4061,321.1517,324.2420,260.5561,306.1235,392.7491,338.9381,345.7522,261.7875,316.8681,432.0433,352.2334,363.5126,257.4848,319.8972,468.7714,353.2103,364.0340,255.1878,318.6360,476.5705,359.8811,370.3478,256.0328,319.0824,495.2950,359.3126,371.0148,248.4825,310.6166,513.5603,354.8714,368.6294,234.7675,296.4707,533.3623,11.00000000000,48,275
48,373,01383972,48373,Polk,Polk County,06,H1,G4020,,,,A,2737858277.00000000000,136147278.00000000000,+30.7845525,-094.8373376,48373,2803.4954,2795.6130,2773.0147,2795.5588,2818.7001,2839.1049,2826.6343,2774.7664,2826.6082,2877.4921,2558.9217,2543.1970,2459.5455,2543.5098,2626.2028,2913.7522,2889.5832,2750.5990,2888.7024,3028.7971,3215.9810,3184.4958,2954.4334,3181.5193,3414.1741,3684.1270,3642.6880,3314.7826,3636.8244,3968.4630,3834.9288,3787.7958,3370.3914,3779.7424,4199.6189,3752.6987,3704.3445,3298.9503,3696.0444,4100.0397,4200.7658,4146.3812,3675.7086,4136.2130,4601.4856,3906.0180,3895.5356,3281.5171,3764.2681,4581.2804,3676.6203,3710.3866,2980.0843,3502.5540,4496.0220,3632.0738,3703.4482,2802.4440,3393.4994,4629.5930,3557.3191,3669.4874,2597.4362,3228.5575,4734.1201,3487.4216,3592.6202,2516.7138,3143.9282,4705.2694,3394.5353,3491.6365,2412.1534,3007.6450,4671.6808,3232.3119,3336.0276,2232.5514,2792.3015,4619.7880,3066.6382,3184.1207,2026.2443,2560.2381,4608.9890,11.00000000000,48,373
48,221,01383896,48221,Hood,Hood County,06,H1,G4020,206,24180,,A,1089456081.00000000000,41924572.00000000000,+32.4301490,-097.8316766,48221,3406.8714,3397.5116,3370.1622,3397.4355,3425.3796,3496.3413,3481.0511,3417.2104,3481.0141,3543.6341,3506.7866,3485.0897,3370.4238,3485.5354,3598.9068,4458.0294,4421.2301,4208.5770,4419.8702,4634.1621,4599.3553,4554.8201,4225.8027,4550.5817,4883.1274,5015.2320,4960.3891,4514.8684,4952.7051,5402.7571,4856.5341,4800.2701,4274.3496,4790.8477,5318.7697,4977.9762,4918.0330,4384.0162,4907.8819,5438.9708,5490.2313,5423.8513,4812.9908,5411.5329,6014.5264,5502.1840,5491.1081,4629.1276,5307.0707,6454.2826,5323.9329,5377.9294,4324.2499,5078.2695,6511.2978,5455.1914,5567.6575,4218.3477,5103.4928,6954.0519,5505.4762,5684.3533,4028.9554,5003.2918,7327.2161,5520.3315,5692.0579,3992.7602,4983.2283,7448.5603,5540.9672,5704.5783,3946.3537,4915.9233,7626.0875,5452.3292,5632.1407,3774.5174,4716.2063,7793.0925,5324.5109,5532.9158,3525.9948,4450.6943,8002.7217,11.00000000000,48,221
48,407,01383989,48407,San Jacinto,San Jacinto County,06,H1,G4020,288,26420,,A,1474331589.00000000000,151948930.00000000000,+30.5742178,-095.1628522,48407,1659.4982,1654.9025,1641.5617,1654.8672,1668.5085,1735.4596,1727.8239,1696.1119,1727.8088,1758.9209,1651.3377,1641.1041,1587.1050,1641.3159,1694.7076,1794.6653,1779.9018,1694.2919,1779.3509,1865.6033,1987.5513,1968.3487,1826.1688,1966.5188,2110.2079,2189.3383,2165.6068,1971.2349,2162.2923,2358.5687,2059.8760,2035.9224,1812.7858,2031.9056,2255.9207,1925.0680,1901.9484,1695.4898,1898.0353,2103.3460,2022.1175,1997.2271,1771.8364,1992.5988,2215.1681,1811.3983,1807.9188,1524.2758,1747.3703,2124.8833,1809.5072,1827.7601,1469.5589,1725.8860,2213.0544,1792.1878,1829.0551,1385.7071,1676.5427,2284.5970,1750.3889,1807.1984,1280.8437,1590.6487,2329.5800,1722.0460,1775.5649,1245.4389,1554.4345,2323.5449,1673.9252,1723.3189,1192.1348,1485.0575,2303.8369,1573.8616,1625.7546,1089.5270,1361.3594,2249.5423,1480.9854,1538.9559,980.7441,1237.9424,2225.9161,11.00000000000,48,407
48,395,01383983,48395,Robertson,Robertson County,06,H1,G4020,,17780,,A,2216209138.00000000000,25046086.00000000000,+31.0254810,-096.5149408,48395,1012.1331,1009.3337,1001.1989,1009.3119,1017.6290,919.1685,915.0986,898.2895,915.0924,931.5872,973.5889,967.4144,935.5506,967.5556,999.0795,1051.5289,1042.7443,992.5898,1042.4307,1093.0070,1068.0418,1057.6527,981.2490,1056.6667,1133.9069,1221.6087,1208.0365,1099.3994,1206.1241,1315.9399,1085.0666,1072.5081,955.0145,1070.4058,1188.3425,1014.3984,1002.3454,893.6694,1000.3100,1108.3479,1141.3585,1127.7082,1000.8534,1125.1782,1250.3719,1040.0001,1038.1916,875.4916,1003.4729,1220.0309,974.0871,984.1970,791.5850,929.4285,1191.3694,1005.3736,1026.3277,777.8249,940.8424,1281.6361,1006.3615,1039.2820,736.8460,914.8456,1339.3820,999.8159,1031.1350,723.5240,902.8142,1349.0669,1002.0621,1031.8553,714.0410,889.2852,1379.1644,979.8106,1012.3122,678.6333,847.7621,1400.4706,947.9006,985.1715,628.0204,792.5467,1424.7018,11.00000000000,48,395
48,493,01384032,48493,Wilson,Wilson County,06,H1,G4020,,41700,,A,2081658340.00000000000,12115898.00000000000,+29.1743028,-098.0858986,48493,3370.4090,3361.0045,3333.8735,3360.9360,3388.6985,3525.0062,3509.3448,3444.8544,3509.3247,3572.6164,3402.4355,3380.9736,3269.6404,3381.4535,3491.5839,4210.6657,4174.8744,3974.0673,4173.6606,4376.3649,4732.8236,4685.1053,4346.5103,4680.6724,5023.5845,5627.0543,5562.7433,5061.3500,5553.5938,6061.0467,5824.9807,5754.3722,5121.1340,5742.3627,6379.0316,5767.3697,5694.4557,5072.6689,5681.9860,6301.2657,5978.1008,5902.3666,5234.0692,5888.2394,6548.5661,5929.3350,5914.3218,4982.9614,5715.2702,6954.6010,6528.5329,6590.7930,5295.7339,6222.3301,7983.9096,6602.0187,6734.1674,5098.2233,6171.3979,8415.5006,6612.0911,6823.0388,4832.1362,6004.0946,8799.6619,6751.3730,6957.5842,4876.5717,6089.6477,9109.2587,6857.6160,7056.4146,4877.6290,6079.3669,9437.9079,6784.6682,7004.9721,4690.7643,5864.3443,9697.1826,6631.5803,6888.0504,4386.0441,5539.4595,9967.0514,11.00000000000,48,493
48,353,01383962,48353,Nolan,Nolan County,06,H1,G4020,,45020,,A,2362061553.00000000000,5052677.00000000000,+32.3123380,-100.4181079,48353,851.3799,848.9855,842.1225,848.9691,855.9973,781.8436,778.4445,764.1788,778.4348,792.4248,778.0508,773.2297,747.7874,773.3294,798.4855,901.9597,894.4449,851.4235,894.1746,937.5510,984.7499,975.0732,904.6263,974.1604,1045.4140,989.6761,978.8771,890.9735,977.3653,1066.1548,902.6521,892.1736,794.4077,890.4176,988.5624,1065.1026,1052.0064,937.5056,1049.7791,1163.7226,1109.7310,1095.9614,972.1676,1093.3987,1215.6630,979.2589,977.2277,823.7677,944.4593,1148.6954,962.5927,972.0938,781.3867,917.8475,1177.2314,974.1604,993.9850,752.8376,911.0298,1241.7879,961.9712,992.9752,703.5490,873.9096,1280.2613,955.2347,984.7124,690.4942,861.9922,1288.8730,948.1031,975.8749,674.8612,840.8698,1304.8656,918.8281,948.9276,635.7247,794.5228,1313.2801,886.3089,920.8229,586.6159,740.6380,1332.1083,11.00000000000,48,353
48,101,01383836,48101,Cottle,Cottle County,06,H1,G4020,,,,A,2332448314.00000000000,2724070.00000000000,+34.0919063,-100.2764416,48101,65.4665,65.2901,64.7663,65.2885,65.8226,68.5875,68.2992,67.0529,68.2977,69.5186,68.6196,68.2036,65.9615,68.2113,70.4270,95.4335,94.6491,90.0967,94.6198,99.2061,83.2769,82.4599,76.5025,82.3828,88.4079,111.1058,109.8997,100.0346,109.7311,119.6934,94.0819,93.0457,82.8995,92.8754,103.0426,103.5485,102.3390,91.2640,102.1354,113.1400,96.6790,95.5144,84.7614,95.2983,105.9120,79.4150,79.2383,66.7837,76.5781,93.1529,92.3805,93.3161,75.0316,88.1160,112.9833,92.0876,93.9926,71.2201,86.1588,117.3903,87.9030,90.7727,64.3515,79.9020,116.9910,85.2750,87.9468,61.7109,77.0024,115.0629,83.6143,86.1070,59.5929,74.2125,115.0811,76.8349,79.3903,53.2290,66.4883,109.8227,70.8469,73.6344,46.9421,59.2379,106.4835,11.00000000000,48,101
48,057,01383814,48057,Calhoun,Calhoun County,06,H1,G4020,,47020,,A,1312710613.00000000000,1361907833.00000000000,+28.4453662,-096.5833004,48057,1278.2060,1274.6349,1264.3433,1274.6091,1285.1416,1207.6853,1202.2576,1180.1311,1202.2550,1223.9792,1307.8161,1299.4503,1256.6340,1299.6482,1342.0173,1640.9343,1626.7374,1548.4923,1626.2814,1705.3499,1791.8201,1773.3522,1645.1556,1771.6587,1901.6355,2053.6954,2029.8483,1846.6498,2026.4376,2211.9795,1865.6833,1842.6582,1639.5178,1838.7187,2043.0932,1805.5764,1782.2016,1587.0523,1778.1857,1972.6900,1866.0402,1841.8249,1632.6935,1837.2962,2044.0388,1713.6010,1708.7007,1439.0847,1651.0413,2009.7707,1729.4630,1745.2130,1401.5822,1647.4158,2114.8837,1733.1116,1767.0500,1337.0297,1619.1214,2209.0821,1690.3243,1743.4988,1234.0060,1533.9514,2249.4915,1649.4114,1699.0431,1190.0930,1486.7962,2225.3938,1608.1703,1654.0561,1142.5608,1424.7326,2213.2122,1519.1166,1567.7475,1049.0505,1312.1794,2171.1924,1429.0263,1483.6577,944.0079,1192.9078,2147.7411,11.00000000000,48,057
48,397,01383984,48397,Rockwall,Rockwall County,06,H1,G4020,206,19100,19124,A,329020647.00000000000,56154384.00000000000,+32.8892161,-096.4075009,48397,6972.1983,6952.6928,6896.5425,6952.5534,7010.0257,7885.9435,7851.1334,7706.9756,7851.0726,7992.5197,8250.0686,8198.4029,7928.5198,8199.5233,8466.4416,9432.4300,9352.9965,8903.1295,9350.2267,9804.0925,9427.9284,9334.7524,8660.2904,9325.9931,10008.3719,11289.0013,11162.9695,10158.7117,11145.1820,12160.5466,12258.3387,12113.3094,10783.4812,12088.8429,13424.7173,12880.2584,12721.8396,11337.1409,12694.8948,14072.8651,13458.4483,13292.1355,11791.4261,13261.1959,14743.2403,12722.1328,12693.9419,10698.8076,12267.8011,14922.9460,13848.5993,13985.3323,11241.7052,13204.9143,16936.5632,14116.2876,14403.5822,10909.1993,13201.5069,17994.4073,14073.4360,14527.0708,10292.8628,12785.1788,18729.9585,14340.0636,14782.5677,10365.7262,12940.2776,19348.6674,14641.0842,15069.8773,10421.4171,12985.0404,20150.3844,14527.5824,15003.3727,10051.2356,12562.0498,20764.2506,14164.3582,14715.7940,9374.6232,11836.1736,21288.7980,11.00000000000,48,397
48,297,01383934,48297,Live Oak,Live Oak County,06,H1,G4020,,,,A,2692800935.00000000000,101483813.00000000000,+28.3515349,-098.1269608,48297,635.8176,634.0063,628.8691,633.9951,639.2625,571.1584,568.7196,558.3210,568.7095,578.9010,622.1552,618.3634,598.0311,618.4358,638.5310,818.9540,812.1736,773.1094,811.9252,851.2972,996.3535,986.4939,915.2159,985.5678,1057.6871,1222.0010,1208.1672,1099.3544,1206.2054,1316.2876,1262.0248,1246.4449,1109.0287,1243.7791,1382.0316,1299.3459,1282.5895,1142.2120,1279.7127,1419.6095,1393.9552,1375.8589,1219.6285,1372.4744,1526.9215,1396.9394,1392.9484,1173.1585,1345.9450,1638.3799,1473.0752,1486.5776,1193.9546,1403.3005,1801.3725,1501.5622,1531.0710,1158.5814,1402.9332,1913.9541,1507.8120,1555.3787,1100.9933,1368.4911,2006.6151,1528.4288,1574.5872,1103.0894,1377.9539,2062.1784,1540.0909,1584.2285,1094.5325,1364.6653,2119.5348,1511.9348,1560.5520,1044.4735,1306.2469,2160.9430,1482.3251,1539.2260,979.6303,1237.6847,2227.8604,11.00000000000,48,297
48,345,01383958,48345,Motley,Motley County,06,H1,G4020,,,,A,2562954830.00000000000,642801.00000000000,+34.0583832,-100.7936960,48345,44.9813,44.8507,44.4861,44.8501,45.2247,69.2779,68.9605,67.6881,68.9608,70.2109,54.8215,54.4821,52.6895,54.4891,56.2615,57.8531,57.3753,54.6157,57.3577,60.1387,63.3795,62.7941,58.2606,62.7367,67.3085,68.1383,67.3749,61.3119,67.2670,73.3980,65.6723,64.9298,57.8324,64.8065,71.9249,60.4085,59.6930,53.2233,59.5723,66.0034,68.2115,67.3819,59.7880,67.2279,74.7248,43.1930,43.0815,36.2952,41.6310,50.6611,60.7349,61.3155,49.2686,57.8880,74.2745,63.6773,64.9546,49.1778,59.5274,81.1689,60.4428,62.3737,44.1763,54.8882,80.4401,59.9284,61.7611,43.2908,54.0576,80.8583,58.1930,59.8822,41.3948,51.5916,80.0893,56.5519,58.3904,39.1025,48.8835,80.8286,53.6432,55.7197,35.4824,44.8113,80.6241,11.00000000000,48,345
48,421,01383996,48421,Sherman,Sherman County,06,H1,G4020,,,,A,2390650564.00000000000,428754.00000000000,+36.2776278,-101.8947164,48421,211.1465,210.5657,208.8704,210.5611,212.2935,209.9422,209.0079,205.1662,209.0068,212.7773,157.2926,156.2880,151.1388,156.3116,161.4069,182.7246,181.2197,172.5034,181.1637,189.9460,173.7031,172.0122,159.5861,171.8517,184.4144,246.6585,243.8933,221.9445,243.5025,265.6979,190.2418,187.9992,167.3674,187.6213,208.3442,208.5975,206.1256,183.7838,205.7085,227.9174,185.6722,183.3686,162.6565,182.9398,203.3960,177.9448,177.6294,149.7865,171.6876,208.7468,173.0619,174.8042,140.5431,165.0600,211.6567,164.7801,168.1690,127.4054,154.1463,210.0539,167.1123,172.5340,122.2807,151.8591,222.4084,162.6419,167.6956,117.6261,146.8103,219.4515,158.0680,162.7319,112.5722,140.2329,217.5502,145.7036,150.5083,100.8662,126.0314,208.2563,137.8817,143.2792,91.3093,115.2546,207.2357,11.00000000000,48,421
48,357,01383964,48357,Ochiltree,Ochiltree County,06,H1,G4020,,,,A,2376642415.00000000000,1331778.00000000000,+36.2787442,-100.8158636,48357,588.1569,586.4828,581.7314,586.4724,591.3438,691.1358,687.9753,675.2847,687.9775,700.4449,696.6651,692.2205,669.4148,692.3246,714.8905,778.7266,772.1043,734.9669,771.8801,809.3694,779.0500,771.2703,715.5368,770.5435,826.9603,866.9347,857.1193,779.9226,855.7272,933.8249,876.9806,866.3752,771.0575,864.5727,960.3987,994.5437,982.4509,875.6564,980.3990,1086.6383,1100.0130,1086.3006,963.5329,1083.7471,1205.0097,1084.8009,1082.6329,912.6988,1046.3520,1272.5188,969.9117,979.5054,787.3635,924.8518,1186.1857,1019.6035,1040.3711,787.9882,953.5508,1299.7178,1055.0065,1089.0272,771.6227,958.4511,1404.0810,1075.7853,1108.9969,777.6584,970.7932,1451.5299,1107.1655,1139.6062,788.0988,981.9539,1523.7825,1119.6497,1156.3332,774.6798,968.1825,1600.3146,1118.8760,1162.4473,740.5453,934.9821,1681.6530,11.00000000000,48,357
48,091,01383831,48091,Comal,Comal County,06,H1,G4020,,41700,,A,1449037063.00000000000,39890210.00000000000,+29.8030193,-098.2552006,48091,9286.3165,9260.3002,9185.4936,9260.1162,9336.6937,10607.3458,10560.1491,10366.0507,10560.0930,10750.5934,11289.1054,11217.6212,10848.1707,11219.2455,11584.7409,14276.6284,14155.0682,13474.2236,14150.9666,14838.3139,16030.9771,15871.5565,14724.7056,15856.6254,17017.2964,18252.6636,18047.5244,16423.0379,18018.5048,19661.4287,18938.1586,18712.1289,16656.1090,18673.8843,20739.8938,19815.3339,19569.6421,17437.6259,19527.7861,21649.9558,21654.9617,21385.7245,18969.5553,21335.6050,23722.0239,22115.9363,22065.2646,18595.6265,21324.0758,25941.3885,23964.2688,24198.2175,19448.5152,22847.0719,29307.3956,24740.0713,25240.8815,19114.6336,23133.4378,31536.4997,25190.9229,26000.2305,18419.2472,22881.6272,33525.6877,25974.3980,26773.2927,18771.0896,23435.6090,35046.3322,26590.8884,27367.1299,18922.7802,23580.0067,36596.5832,26655.8672,27526.5060,18438.2823,23046.4567,38099.0239,26429.3303,27456.1196,17488.3368,22082.5395,39722.7186,11.00000000000,48,091
34,027,00882231,34027,Morris,Morris County,06,H1,G4020,408,35620,35084,A,1191852367.00000000000,55550237.00000000000,+40.8585805,-074.5474268,34027,38437.1343,38330.1103,38020.8158,38329.3170,38645.7457,33317.0360,33170.1287,32561.1647,33169.8604,33767.3499,31051.6982,30856.7963,29840.9209,30861.0634,31865.8373,35337.8451,35039.3732,33354.0229,35029.0571,36729.6864,34823.2243,34478.3102,31987.0891,34445.9273,36966.6656,39467.4673,39025.6161,35513.9562,38963.1945,42514.1188,40351.3080,39874.3872,35497.3076,39793.9590,44190.7820,40392.2754,39897.4418,35556.8022,39813.3463,44132.3832,38573.2905,38099.4743,33800.8909,38011.3885,42255.9833,34186.7309,34114.0161,28755.1536,32969.6161,40101.4619,36467.8180,36831.1188,29608.6995,34776.8477,44599.9491,35902.4253,36636.4081,27751.5046,33579.9842,45766.1752,34949.9476,36079.7755,25566.8788,31754.7947,46514.2363,34776.6938,35853.0320,25143.8909,31386.0877,46923.5574,34595.1462,35611.4363,24630.0050,30686.0482,47613.2195,33424.9401,34522.5162,23130.8999,28906.2726,47774.4176,31741.8264,32980.1394,21012.7752,26527.5970,47707.6045,11.00000000000,34,027
34,005,00882272,34005,Burlington,Burlington County,06,H1,G4020,428,37980,15804,A,2068303255.00000000000,55068519.00000000000,+39.8757858,-074.6630063,34005,31074.9821,30988.7659,30738.8716,30988.1112,31243.6815,27769.3873,27646.9351,27139.3655,27646.7119,28144.7183,26742.8757,26575.3513,25700.5066,26578.9889,27444.2284,30461.5161,30204.0186,28751.2412,30195.1396,31661.1584,30718.0798,30413.7599,28216.2159,30385.1919,32608.7971,32106.5154,31751.6307,28897.4164,31701.7180,34586.2708,31133.8452,30761.4225,27380.7256,30698.3599,34095.7556,30068.2611,29693.4902,26456.5774,29629.5770,32852.0480,29840.5896,29466.7795,26134.7334,29397.1349,32688.6655,26068.9778,26007.3909,21916.0964,25133.2813,30577.7460,26546.2826,26802.6553,21539.1071,25305.2264,32464.6486,25901.7446,26423.2146,20007.1639,24216.0769,33016.9556,24777.8676,25571.0404,18112.3225,22502.8442,32975.7134,24014.3140,24750.0950,17349.7014,21663.5110,32401.4072,23193.4626,23867.7777,16500.2694,20563.7827,31920.5439,21795.1830,22504.4814,15071.5049,18840.7125,31151.5049,20438.4269,21230.1394,13519.9924,17074.0925,30718.3752,11.00000000000,34,005
34,023,00882230,34023,Middlesex,Middlesex County,06,H1,G4020,408,35620,20764,A,800083087.00000000000,36034482.00000000000,+40.4395925,-074.4075852,34023,56861.3052,56702.5576,56244.7922,56701.4045,57169.8503,58545.5903,58285.6812,57214.6890,58285.3320,59336.3923,58457.7810,58090.7185,56178.2100,58098.7700,59990.3972,63723.6094,63185.3635,60146.2236,63166.7603,66233.4578,68020.3997,67342.5659,62476.3833,67279.1565,72204.4861,61362.6414,60673.9380,55213.1826,60576.5576,66098.9653,59030.7871,58328.2671,51921.1721,58209.5127,64647.0806,65999.1831,65184.7217,58087.0359,65046.1035,72110.0068,69690.1316,68829.6541,61059.3818,68669.5947,76343.0903,66985.8352,66836.8267,56331.3916,64592.9331,78573.6357,67515.9585,68180.2607,54802.5381,64374.9097,82570.3115,67191.9595,68557.2378,51922.7053,62834.9219,85651.1094,65765.4653,67883.2288,48095.2043,59742.8027,87525.3105,65427.3982,67444.4333,47290.9380,59038.3523,88279.2803,64953.1289,66853.6836,46230.1404,57604.1316,89394.2334,64095.9697,66193.5940,44343.4644,55422.0344,91612.1570,62628.1917,65064.9858,41447.7238,52332.3297,94129.0601,11.00000000000,34,023
04,009,00025444,04009,Graham,Graham County,06,H1,G4020,,40940,,A,11972471194.00000000000,47833765.00000000000,+32.9318277,-109.8783103,04009,1705.8027,1700.9978,1687.2432,1700.9651,1715.0528,1721.7434,1714.2527,1682.8347,1714.2318,1745.0434,1855.2737,1843.9447,1783.3094,1844.1632,1904.0943,2014.9472,1998.6632,1902.5321,1998.0247,2094.7786,2290.8057,2269.3577,2105.4953,2267.2746,2432.6280,2387.9614,2361.8439,2149.7102,2358.1842,2572.4770,2565.0103,2533.9958,2255.2123,2528.7250,2808.9937,2836.5943,2800.7577,2494.9634,2794.6297,3099.1845,3138.3634,3098.3610,2747.2980,3090.8942,3437.8147,2764.6527,2757.4939,2323.1044,2664.6453,3242.6619,2478.9086,2502.0396,2009.9178,2362.0039,3031.4378,2546.1003,2596.5718,1965.2924,2379.4096,3245.4187,2524.5902,2604.6333,1844.1227,2291.8218,3359.7916,2497.3009,2573.0539,1802.9167,2251.8657,3369.4249,2440.2485,2510.4449,1734.7255,2162.6207,3358.3888,2372.2902,2448.7905,1639.2092,2049.8304,3390.6270,2294.7345,2382.9908,1516.8338,1916.2242,3448.8818,11.00000000000,04,009
04,013,00037026,04013,Maricopa,Maricopa County,06,H1,G4020,,38060,,A,23828260196.00000000000,62795719.00000000000,+33.3465408,-112.4955335,04013,275741.2261,274971.9009,272752.2861,274966.2925,277237.5425,302828.7559,301491.7939,295955.8662,301489.4678,306921.3252,313762.2197,311802.5391,301539.4980,311844.5439,321994.1523,365862.1855,362795.8008,345345.8350,362687.3652,380287.4717,397743.7852,393831.3057,365377.5244,393462.4766,422243.5791,414605.4648,410004.7188,373137.1641,409356.7617,446622.4063,409209.6035,404389.5156,360013.6465,403577.6133,448148.2754,430830.6992,425553.4004,379256.0098,424656.5469,470723.3516,458487.2207,452848.3711,401748.4355,451799.9102,502259.3281,435625.3789,434707.0703,366428.2441,420126.4727,510995.9941,460442.0293,465025.9102,373833.3984,439087.9180,563117.6621,468230.2012,477797.7090,361919.3945,437935.3398,596870.0898,466261.6211,481328.3809,341073.1816,423627.9590,620538.4102,471095.5977,485669.2695,340595.1406,425156.8809,635640.0625,473255.9824,487151.8281,336922.5215,419771.4941,651340.5508,466746.9805,482066.6094,322988.3477,403639.4355,667123.0508,456422.2578,474221.1504,302134.4063,381437.0977,685997.0391,11.00000000000,04,013
04,003,00025442,04003,Cochise,Cochise County,06,H1,G4020,,43420,,A,15969063883.00000000000,137025224.00000000000,+31.8817928,-109.7541201,04003,6160.2497,6143.1446,6093.5989,6143.0155,6193.6902,5483.4170,5459.2993,5359.1052,5459.2508,5557.5484,5117.4812,5085.7250,4918.3741,5086.3863,5251.8604,5971.9598,5921.8775,5637.0435,5920.1095,6207.4045,4827.2203,4780.1852,4434.8628,4775.7259,5124.8580,4503.5660,4454.0019,4053.7605,4447.0415,4851.4629,4070.2223,4021.7718,3579.9887,4013.5811,4457.4693,4435.5536,4379.1860,3900.7246,4369.5363,4846.1439,4459.6541,4402.3634,3903.0904,4391.6605,4885.1240,3754.0383,3744.2603,3154.3700,3618.1703,4403.0986,3204.3015,3233.7853,2597.3431,3052.6659,3918.4474,2994.2940,3053.0657,2310.2227,2797.5250,3816.6439,2725.2112,2810.9249,1989.4875,2473.0798,3626.7222,2410.8545,2483.1858,1739.1265,2172.8982,3252.7176,2174.2185,2235.9203,1544.1361,1925.7888,2992.1978,1878.5514,1938.2602,1296.5055,1622.1140,2684.8833,1612.4619,1673.6213,1064.3201,1345.4392,2423.4040,11.00000000000,04,003
04,015,00025445,04015,Mohave,Mohave County,06,H1,G4020,,29420,,A,34475546921.00000000000,387371395.00000000000,+35.7177050,-113.7496891,04015,11288.2872,11256.8819,11166.0614,11256.6483,11349.5564,10672.6699,10625.2695,10430.0209,10625.2073,10816.8249,10419.6204,10353.7587,10012.7854,10355.2442,10692.5516,11835.8138,11734.7079,11170.2793,11731.3300,12301.2606,13051.8942,12920.6482,11986.8964,12908.4364,13853.9669,13791.0678,13632.3839,12402.9582,13609.7565,14854.4076,12530.0750,12375.9353,11012.0182,12349.5906,13721.6308,11670.2830,11520.4386,10260.1998,11494.7350,12750.4886,11398.7459,11251.9303,9975.4546,11224.4952,12486.1877,9050.6724,9024.1719,7599.6549,8719.4888,10614.7927,8526.3341,8602.7423,6907.6945,8120.2832,10426.2740,8163.3308,8321.6532,6295.0120,7624.4801,10405.0688,7505.2857,7739.5397,5476.0011,6808.6492,9987.9062,6905.8268,7111.5088,4979.0750,6222.2880,9317.1855,6189.3887,6363.5561,4393.1296,5480.3010,8517.8269,5366.3214,5535.4903,3701.1608,4632.0238,7669.6136,4605.9688,4779.4014,3037.9503,3841.6666,6922.3319,11.00000000000,04,015
04,001,00025441,04001,Apache,Apache County,06,H1,G4020,,,,A,29001443825.00000000000,54175788.00000000000,+35.3858453,-109.4937467,04001,4038.1047,4026.9273,3994.4677,4026.8411,4060.0303,3811.1367,3794.4057,3724.7841,3794.3698,3862.6693,3735.1803,3712.0373,3589.8969,3712.5158,3833.2817,4213.5380,4178.8610,3977.8656,4177.5685,4380.0775,4605.0569,4560.4173,4230.9914,4556.1719,4889.1485,4988.6616,4933.6781,4490.2811,4925.9529,5374.0083,4094.7074,4047.7544,3604.7122,4039.9198,4484.4894,3752.6009,3709.0278,3307.9024,3701.7057,4100.2113,3773.1815,3729.1724,3310.8267,3721.0393,4133.7010,2882.9085,2879.3544,2429.5129,2783.4578,3382.3129,2195.9017,2220.4923,1787.6366,2097.4824,2686.0177,2204.9264,2252.7369,1709.1277,2065.7357,2811.0334,2087.9577,2158.1600,1532.0311,1900.4676,2779.0632,1883.1848,1944.1425,1366.1769,1702.9815,2541.1858,1651.6702,1702.8012,1180.4764,1468.3510,2273.3993,1369.6404,1417.0794,952.1867,1187.5701,1957.8059,1130.7549,1177.1094,752.5453,947.7574,1699.6504,11.00000000000,04,001
50,017,01461765,50017,Orange,Orange County,06,H1,G4020,180,30100,,A,1779407245.00000000000,13552112.00000000000,+44.0033924,-072.3696871,50017,1886.8125,1881.5577,1866.3744,1881.5189,1897.0527,1691.2518,1683.8233,1652.9256,1683.8076,1714.1190,1633.8228,1623.5622,1570.1096,1623.7874,1676.6566,1917.1789,1900.8993,1809.4681,1900.3455,1992.6349,1774.6299,1757.0030,1630.0468,1755.3509,1883.8293,1684.2793,1665.8528,1516.2276,1663.2706,1814.4205,1565.5463,1547.5020,1378.0395,1544.4856,1714.5628,1572.1594,1552.7313,1383.6340,1549.4237,1717.7231,1528.0489,1509.2422,1338.9236,1505.7450,1673.9312,1381.1620,1378.1808,1161.6451,1331.9361,1620.1097,1235.3221,1247.5270,1002.7962,1177.9143,1510.7758,1181.3638,1205.4220,912.9955,1104.8267,1505.9177,1114.7017,1150.6528,815.2924,1012.6896,1483.5285,1048.1748,1080.5477,757.7230,945.8948,1414.2770,992.6250,1021.7304,706.6034,880.3934,1366.1431,916.1844,946.2289,633.9514,792.2763,1309.5037,833.1211,865.5959,551.4699,696.2312,1252.1698,11.00000000000,50,017
23,007,00581289,23007,Franklin,Franklin County,06,H1,G4020,,,,A,4394196449.00000000000,121392907.00000000000,+44.9730124,-070.4447268,23007,1878.1073,1872.8995,1857.7979,1872.8597,1888.3035,1677.0585,1669.6038,1638.9201,1669.5945,1699.7086,1514.7943,1505.3813,1455.8422,1505.5785,1554.5637,1693.9268,1679.8082,1599.0120,1679.3007,1760.7655,1881.4834,1862.9729,1728.3753,1861.2281,1997.3751,1327.1630,1312.2587,1194.1475,1310.1508,1429.5985,1127.4941,1113.7596,991.1361,1111.4198,1234.7295,1288.6934,1273.0164,1134.6291,1270.3560,1408.0260,1361.8443,1345.1380,1193.3950,1342.0326,1491.8658,1139.3891,1137.1640,958.7204,1099.0698,1336.5658,1130.7301,1142.1824,918.3835,1078.5348,1382.9074,1104.7629,1127.5285,854.2639,1033.5250,1408.3046,1034.9796,1068.6017,757.3982,940.5670,1377.4497,983.9187,1014.5150,711.6317,888.1734,1327.5964,925.4927,952.8037,659.1199,821.0724,1273.7634,892.6487,922.0698,617.9286,772.1097,1275.8745,867.0534,900.9727,574.1479,724.7376,1303.1771,11.00000000000,23,007
23,025,00581298,23025,Somerset,Somerset County,06,H1,G4020,,,,A,10164156961.00000000000,438038365.00000000000,+45.5074824,-069.9760395,23025,3658.4814,3648.3004,3618.8643,3648.2247,3678.3381,3243.8480,3229.5894,3170.3219,3229.5602,3287.7047,2844.8655,2827.2978,2734.2821,2827.6554,2919.6167,2893.5833,2869.7595,2731.7294,2868.8727,3007.9455,2884.1006,2856.0924,2649.7754,2853.4316,3061.9906,2861.1187,2829.3645,2574.9452,2824.8921,3082.0605,2502.6110,2473.1695,2201.8080,2468.2124,2740.7531,2377.7962,2349.2384,2094.2249,2344.4049,2598.0007,2263.6813,2235.9834,1983.8188,2230.8364,2479.8140,1922.4190,1918.9314,1618.0681,1854.7204,2255.1674,1795.9487,1814.1953,1458.7762,1713.1176,2196.4934,1664.4539,1698.8171,1287.1605,1557.2067,2121.7827,1534.7509,1584.6768,1123.2480,1394.8340,2042.5990,1424.5061,1468.8807,1030.4260,1285.9857,1922.0857,1318.0351,1357.0128,938.8267,1169.4305,1814.0295,1204.3375,1244.1072,833.8263,1041.8043,1721.3806,1099.9439,1143.0397,728.4814,919.4829,1653.2145,11.00000000000,23,025
23,017,00581294,23017,Oxford,Oxford County,06,H1,G4020,,,,A,5378990983.00000000000,256086721.00000000000,+44.4945850,-070.7346875,23017,3860.0864,3849.3852,3818.3482,3849.3036,3881.0431,3493.7281,3478.3882,3414.5639,3478.3555,3540.9682,3389.9892,3368.7844,3257.8929,3369.2419,3478.9118,3659.0720,3628.6755,3454.1422,3627.5725,3803.5158,3690.8179,3654.4298,3390.3947,3651.0042,3918.1064,3729.2774,3687.3864,3355.4927,3681.4614,4017.1144,3008.3069,2972.8394,2646.5845,2966.8634,3294.5611,2867.2029,2831.8963,2523.6194,2825.8899,3132.6798,2810.6580,2775.7606,2462.2025,2769.2653,3078.9535,2386.0886,2380.8273,2006.6524,2300.9089,2798.8665,2239.1855,2261.3887,1817.8418,2135.2267,2738.4951,2093.8142,2136.5079,1618.2602,1958.2296,2669.0503,1919.5077,1981.4419,1403.9729,1743.8771,2554.6267,1761.5471,1815.9447,1273.4047,1589.6469,2376.8122,1607.0716,1654.1569,1143.9351,1425.3209,2211.7988,1434.1991,1481.1678,992.2787,1240.1537,2049.8984,1290.9780,1341.2192,854.3963,1078.7587,1940.3177,11.00000000000,23,017
50,003,01461758,50003,Bennington,Bennington County,06,H1,G4020,,13540,,A,1748190656.00000000000,6931622.00000000000,+43.0353251,-073.1114599,50003,2350.2764,2343.7879,2324.9043,2343.7368,2363.0401,1914.3424,1905.9326,1870.9586,1905.9150,1940.2257,1759.1556,1748.2880,1690.7698,1748.5096,1805.3763,1978.6155,1962.3091,1867.9256,1961.7038,2056.8055,1803.8287,1786.2346,1657.1947,1784.5675,1915.0376,1706.9163,1687.5805,1535.5818,1684.8379,1838.6141,1604.9774,1585.8306,1411.5932,1582.5914,1757.6725,1768.4607,1746.3924,1555.9904,1742.6280,1932.1871,1803.2116,1780.6076,1579.2442,1776.3960,1975.3138,1580.7433,1577.0604,1329.0181,1524.0693,1854.1537,1352.5033,1365.7860,1097.7801,1289.5495,1654.0732,1289.1260,1315.2863,996.1156,1205.4908,1643.2740,1203.2128,1241.9151,879.8522,1092.9708,1601.3164,1110.7230,1144.9082,802.7327,1002.1876,1498.6611,1040.4419,1070.8197,740.4152,922.6395,1431.9427,980.3463,1012.3617,678.1124,847.5938,1401.2010,905.5364,940.7028,599.1701,756.5871,1361.0010,11.00000000000,50,003
50,019,01461766,50019,Orleans,Orleans County,06,H1,G4020,,,,A,1795556430.00000000000,72249285.00000000000,+44.8284417,-072.2516300,50019,1690.9109,1686.1574,1672.5279,1686.1246,1700.0816,1578.9671,1571.9094,1543.0001,1571.9032,1600.2811,1494.4400,1485.1210,1436.2413,1485.3194,1533.6568,1591.0275,1577.6465,1501.7637,1577.1780,1653.7293,1541.0086,1525.7309,1415.4883,1524.2973,1635.8513,1575.3333,1557.7916,1417.6764,1555.3180,1696.9671,1587.5068,1568.5671,1396.2253,1565.3628,1738.5397,1450.5210,1432.4694,1276.3423,1429.3918,1584.8151,1413.8353,1396.0545,1238.1197,1392.7403,1548.7675,1327.4186,1323.9784,1115.4085,1279.3974,1556.9289,1098.0430,1108.4146,890.5216,1046.4169,1342.8086,1044.4148,1065.2086,806.3246,976.1517,1331.2874,972.8908,1003.8098,710.7871,883.2815,1294.7553,904.0759,931.5634,652.8035,815.3037,1219.8090,842.3375,866.6272,598.9048,746.5794,1159.2706,763.0476,787.7003,527.3341,659.3865,1090.5990,677.3262,703.4073,447.7720,565.6410,1017.9923,11.00000000000,50,019
23,027,00581299,23027,Waldo,Waldo County,06,H1,G4020,,,,A,1890479704.00000000000,318149622.00000000000,+44.5053607,-069.1396775,23027,2555.5768,2548.4620,2527.8984,2548.4094,2569.4470,2540.0343,2528.8748,2482.4692,2528.8516,2574.3770,2529.2715,2513.4848,2430.7553,2513.8221,2595.6359,2666.7306,2644.4973,2517.3011,2643.6990,2771.9498,2788.0711,2760.6768,2561.2243,2758.0925,2959.8281,2583.0679,2554.4332,2324.7573,2550.4016,2782.5476,2319.4790,2291.6917,2039.7963,2286.9840,2540.1372,2291.3185,2263.0823,2016.7046,2258.2779,2503.4726,2349.7038,2320.9053,2059.1145,2315.5528,2574.0439,1990.7573,1986.5132,1674.4488,1919.8703,2335.1808,1834.1405,1852.5135,1489.3395,1749.2200,2243.1605,1744.2205,1779.9908,1348.4262,1631.5318,2223.4371,1605.8038,1657.8385,1174.9032,1459.1553,2137.1454,1489.3548,1535.5862,1077.0529,1344.3209,2009.5714,1364.3694,1404.5971,971.6200,1210.3884,1877.7901,1236.8755,1277.6399,856.2129,1069.8511,1767.8821,1130.2005,1174.4328,748.4328,944.7154,1698.6871,11.00000000000,23,027
23,015,00581293,23015,Lincoln,Lincoln County,06,H1,G4020,,,,A,1180563700.00000000000,631400289.00000000000,+43.9942645,-069.5140292,23015,2015.3513,2009.7684,1993.5660,2009.7255,2026.2933,1921.3120,1912.8177,1877.6886,1912.8037,1947.2740,1627.4938,1617.3497,1564.1190,1617.5651,1670.2047,1732.9532,1718.5228,1635.8647,1718.0028,1801.3405,1751.6794,1734.7184,1609.4111,1733.1044,1859.7552,1924.5628,1903.6173,1732.7062,1900.6875,2073.3022,1887.8304,1865.8354,1661.3027,1862.1446,2067.4962,1733.3269,1711.9085,1525.4777,1708.2621,1893.8130,1762.2396,1740.5776,1544.1807,1736.5502,1930.4833,1491.5158,1488.2959,1254.4588,1438.3562,1749.5551,1488.9483,1503.7450,1208.8326,1419.8616,1820.9700,1444.1229,1473.5892,1116.1641,1350.6342,1840.8710,1383.6176,1428.2732,1012.0311,1257.0350,1841.4246,1355.8401,1397.7108,980.1260,1223.5328,1829.4019,1318.7428,1357.3659,938.6734,1169.5820,1814.9732,1237.8632,1278.3703,856.3835,1070.3420,1769.2735,1157.1713,1202.1589,765.7577,966.8912,1739.2056,11.00000000000,23,015
23,031,00581301,23031,York,York County,06,H1,G4020,438,38860,,A,2565935077.00000000000,722608929.00000000000,+43.4272386,-070.6704023,23031,13923.3564,13884.5916,13772.5560,13884.3048,13998.9236,12612.0989,12556.4527,12325.9126,12556.3535,12782.5546,11709.1852,11635.9332,11252.9075,11637.5150,12016.3228,13698.4720,13583.5241,12930.1751,13579.4733,14238.4902,14901.3250,14754.3097,13688.2917,14740.4745,15818.9138,15019.1609,14852.1807,13516.4722,14828.6479,16178.8885,13259.5179,13103.0319,11664.8958,13076.6551,14521.2033,13111.6299,12951.3385,11542.6339,12924.1093,14325.7162,13095.7289,12935.0533,11475.8430,12905.1864,14346.0350,11700.6866,11676.7301,9843.3613,11285.2703,13725.2768,11649.0171,11765.9271,9459.4963,11109.9438,14246.8260,11374.4854,11607.9135,8793.6961,10639.8180,14499.5933,10964.2125,11319.5497,8022.1680,9962.9801,14592.1466,10643.2065,10973.5258,7696.7184,9606.6922,14360.7655,10209.9850,10510.8541,7270.6312,9057.4870,14052.0534,9617.0661,9933.7759,6656.8695,8318.0954,13745.7798,9088.1770,9443.5656,6017.7815,7596.2938,13659.4787,11.00000000000,23,031
50,007,01461760,50007,Chittenden,Chittenden County,06,H1,G4020,,15540,,A,1389731195.00000000000,214245176.00000000000,+44.4606755,-073.0705246,50007,9671.6956,9644.8014,9566.9940,9644.6005,9724.1925,8644.2826,8605.9572,8447.8503,8605.9019,8761.0592,8800.9992,8745.8069,8457.8863,8747.0110,9031.7784,10790.5039,10699.5737,10184.9382,10696.4094,11215.6396,10754.5109,10646.8589,9877.4734,10636.8150,11415.7276,9362.0528,9255.2541,8421.1666,9240.0697,10084.1686,6654.6469,6571.7122,5846.5057,6557.4777,7287.3517,11349.9124,11207.3400,9984.5116,11182.9885,12400.6480,11212.2498,11070.6006,9817.5327,11044.1854,12282.2360,10628.3742,10601.6316,8932.2964,10244.8700,12466.2122,11285.0081,11393.1124,9154.8786,10756.3217,13800.8029,11130.2204,11353.4139,8595.7114,10404.7569,14187.5855,10770.6466,11114.5594,7871.7237,9780.6298,14334.0762,10549.4162,10871.7984,7620.2141,9515.6414,14233.7656,10386.3809,10687.5512,7387.6713,9207.7585,14294.4353,10213.1821,10544.8676,7061.2570,8827.8569,14597.4885,10201.9615,10596.6103,6747.6230,8521.9723,15333.2249,11.00000000000,50,007
23,013,00581292,23013,Knox,Knox County,06,H1,G4020,,40500,,A,945691411.00000000000,2017114386.00000000000,+44.0420446,-069.0385145,23013,2440.9172,2434.1228,2414.4824,2434.0724,2454.1651,2299.5180,2289.3096,2247.2439,2289.2958,2330.5787,2004.1361,1991.6332,1926.0815,1991.8998,2056.7251,2215.2002,2196.7937,2091.1315,2196.1262,2302.6435,2254.1318,2232.1944,2070.9420,2230.1130,2393.1348,2464.2413,2436.7034,2217.4723,2432.8155,2654.4804,2481.2144,2451.6616,2182.3363,2446.6647,2717.2788,2291.8872,2263.0036,2015.9942,2258.0670,2504.0567,2294.9115,2265.8492,2009.3089,2260.4282,2513.9067,2140.8229,2135.6109,1799.5042,2063.7912,2511.0522,1916.4921,1934.9112,1554.8453,1826.7825,2343.7502,1850.0100,1887.1626,1428.8319,1729.4956,2358.1965,1782.9569,1839.9423,1303.1668,1619.1394,2372.8467,1711.1791,1763.5204,1236.1293,1543.5568,2308.8073,1633.8686,1681.2850,1162.2148,1448.5113,2248.6429,1530.1067,1579.8233,1057.9387,1322.5925,2186.9514,1408.5594,1463.0497,931.6313,1176.6101,2117.0204,11.00000000000,23,013
23,023,00581297,23023,Sagadahoc,Sagadahoc County,06,H1,G4020,438,38860,,A,657066836.00000000000,301332007.00000000000,+43.9166939,-069.8439936,23023,2208.2635,2202.0978,2184.3198,2202.0531,2220.2461,1950.1290,1941.5664,1905.9408,1941.5482,1976.4973,1641.4135,1631.1732,1577.4854,1631.3916,1684.4845,1965.9464,1949.2948,1855.5360,1948.7241,2043.3487,2014.8570,1994.6994,1850.5551,1992.8181,2138.7431,2089.1366,2065.6994,1879.7896,2062.3860,2250.3913,1850.0311,1827.7307,1626.7101,1823.9447,2026.0138,1701.7106,1680.4473,1497.2071,1676.8193,1859.2557,1637.9698,1617.3637,1434.3856,1613.5228,1794.2920,1416.7376,1413.6833,1191.5730,1366.2483,1661.8409,1201.9524,1213.6377,975.3749,1145.8572,1469.9345,1101.2377,1123.4817,850.7521,1029.6620,1403.7566,1022.5043,1055.3071,747.5600,928.7104,1360.8097,926.3231,954.7723,669.3601,835.7294,1249.8510,824.3811,848.4148,586.5960,730.9964,1134.5790,698.8505,721.6662,483.3876,604.2078,998.8609,593.2783,616.3338,392.5847,495.7106,891.6850,11.00000000000,23,023
23,001,00581286,23001,Androscoggin,Androscoggin County,06,H1,G4020,438,30340,,A,1211926439.00000000000,75610678.00000000000,+44.1676811,-070.2074347,23001,7030.5456,7010.9057,6954.2999,7010.7638,7068.6937,6326.4229,6298.3805,6182.6717,6298.3400,6411.8894,5976.5425,5939.2308,5743.7434,5940.0289,6133.3533,6418.8081,6365.1280,6058.9748,6363.2175,6671.9651,6565.7939,6501.4803,6031.7806,6495.4018,6970.4057,5340.3073,5280.3810,4805.1445,5271.9081,5752.5059,4890.2024,4832.1532,4301.4957,4822.3494,5355.4822,5376.6497,5310.8097,4733.0482,5299.6215,5874.5001,5693.9852,5624.0525,4989.5273,5611.0518,6237.6058,5086.5691,5075.7126,4278.3496,4905.4310,5966.6001,4061.2902,4101.4753,3296.9341,3872.6289,4966.8918,3904.5309,3983.9713,3017.4154,3651.4740,4977.2065,3657.9623,3775.8351,2675.2559,3323.0741,4868.2807,3349.0472,3452.3353,2420.7641,3022.0627,4518.7754,3046.7982,3135.9834,2168.6076,2702.1180,4193.2756,2828.3631,2920.9931,1956.8648,2445.6938,4042.5750,2586.3275,2687.0843,1711.8714,2161.2981,3887.2120,11.00000000000,23,001
23,011,00581291,23011,Kennebec,Kennebec County,06,H1,G4020,,12300,,A,2246876912.00000000000,216653706.00000000000,+44.4170119,-069.7657639,23011,8148.0575,8125.4295,8059.8948,8125.2589,8192.2882,7326.2367,7293.9824,7160.1000,7293.9200,7425.2726,6725.7445,6683.6320,6463.6154,6684.5447,6902.1436,7573.6834,7510.2211,7148.9903,7507.9754,7872.3096,7595.6265,7520.6615,6977.2817,7513.6084,8063.3292,6850.2320,6773.4361,6163.8716,6762.5819,7378.9981,6438.2026,6361.5601,5662.7520,6348.6030,7050.7421,6645.4810,6563.9729,5849.7495,6550.1173,7260.8112,6583.9246,6502.8191,5768.8992,6487.7362,7212.4810,6030.1344,6016.9595,5071.4405,5815.0184,7073.3380,5452.3622,5506.4949,4426.5205,5199.3109,6668.1798,5183.1443,5288.9180,4006.0839,4847.6203,6607.1266,4886.2140,5043.9838,3574.0845,4439.2781,6502.9551,4582.7197,4724.3732,3313.0375,4135.6894,6183.3638,4284.0559,4409.7314,3049.7247,3799.7536,5896.1220,4014.5649,4146.2230,2777.8824,3471.6310,5738.0238,3715.9190,3860.7298,2459.6253,3105.3149,5584.9745,11.00000000000,23,011
23,005,00581288,23005,Cumberland,Cumberland County,06,H1,G4020,438,38860,,A,2163263369.00000000000,989949911.00000000000,+43.8083479,-070.3303753,23005,19939.2800,19884.0184,19723.7042,19883.5954,20047.5350,18408.7343,18327.8362,17991.5028,18327.6687,18657.6258,17585.1646,17475.5709,16900.4137,17477.8978,18046.6668,21164.7385,20987.3974,19977.9335,20981.1216,21999.2563,23463.9641,23233.5497,21554.9911,23211.8065,24909.5310,22190.9788,21943.7178,19969.8944,21908.8432,23904.3304,20974.6753,20726.7763,18451.5658,20684.9697,22970.4408,22709.5657,22429.4091,19987.2551,22381.7286,24812.2347,22838.4897,22556.7659,20010.5764,22504.3673,25018.7962,21580.1191,21533.3615,18149.9347,20810.7650,25313.5410,22442.9182,22665.6924,18220.2865,21401.2542,27447.4382,22298.9077,22753.9584,17234.9479,20855.4089,28425.1593,21864.2371,22570.2198,15992.9003,19864.3579,29098.6352,21700.0310,22370.8634,15687.9826,19583.3576,29279.3849,21327.7434,21953.5735,15183.0412,18916.9049,29353.2669,20869.4279,21554.0518,14440.9911,18047.2863,29828.7200,20296.0375,21087.2059,13434.6680,16961.2448,30504.6761,11.00000000000,23,005
23,021,00581296,23021,Piscataquis,Piscataquis County,06,H1,G4020,,,,A,10258570727.00000000000,1080309847.00000000000,+45.9176781,-069.1045476,23021,1123.4725,1120.3708,1111.3441,1120.3465,1129.5737,1002.0480,997.5835,979.2445,997.5786,1015.5786,822.8026,817.6827,790.7728,817.7906,844.4005,894.2469,886.7935,844.1401,886.5256,929.5319,885.0341,876.4805,813.1694,875.6656,939.6498,991.4772,980.1879,891.8664,978.5838,1067.9581,792.5173,782.8955,696.7285,781.2581,867.8970,734.3761,725.2413,646.2006,723.6841,802.3674,677.6194,669.1172,593.4405,667.5328,742.2918,570.0718,568.7755,479.3482,549.6726,668.6810,550.9576,556.3221,447.1120,525.2546,673.7980,515.6197,526.0553,398.3736,482.1325,657.2671,476.8779,492.2058,348.6988,433.1708,634.6602,445.9253,459.6587,322.2911,402.3627,601.6728,413.8780,425.9897,294.5787,367.0524,569.6155,378.0608,390.4473,261.5782,326.9164,540.3621,354.4639,368.2775,234.6253,296.2180,532.7543,11.00000000000,23,021
29,159,00758534,29159,Pettis,Pettis County,06,H1,G4020,,42740,,A,1766947035.00000000000,10482137.00000000000,+38.7273667,-093.2852073,29159,2447.7004,2440.8760,2421.1753,2440.8258,2460.9835,2354.1645,2343.7681,2300.7308,2343.7502,2385.9790,2396.4942,2381.5150,2303.1245,2381.8372,2459.3627,2911.4562,2887.1165,2748.2506,2886.2495,3026.2893,2825.8199,2798.2326,2596.0825,2795.6200,3000.0196,2739.9734,2710.0311,2466.6403,2705.8368,2951.6959,2574.6522,2544.4793,2265.3972,2539.4059,2819.6629,2553.0074,2521.5532,2247.0432,2516.2016,2789.3918,2741.2915,2707.2331,2401.3933,2700.8934,3002.9628,2466.8842,2461.4040,2074.5268,2378.7701,2893.6294,2166.7306,2188.0656,1758.7582,2065.9480,2649.8594,2161.3319,2205.2575,1670.1896,2021.1930,2755.0998,2101.1789,2168.8415,1536.6230,1908.7584,2796.3969,1998.1272,2059.7153,1444.2271,1802.9937,2696.0137,1920.2962,1976.4613,1366.7223,1702.9981,2642.8794,1817.2160,1876.6542,1257.1456,1571.2563,2597.3385,1706.4290,1772.7876,1129.2599,1425.8529,2564.7302,11.00000000000,29,159
29,103,00758506,29103,Knox,Knox County,06,H1,G4020,,,,A,1305381639.00000000000,7301639.00000000000,+40.1367764,-092.1468094,29103,219.8379,219.2334,217.4683,219.2285,221.0321,222.4506,221.4940,217.4406,221.4906,225.4642,164.0965,163.1028,157.7413,163.1211,168.4193,181.6919,180.1362,171.4718,180.0846,188.8347,166.4343,164.8376,152.9319,164.6848,176.7128,199.6226,197.3854,179.6224,197.0692,215.0316,193.8098,191.5598,170.5683,191.1827,212.2557,157.5467,155.5673,138.5930,155.2292,172.1318,157.2538,155.3799,137.9084,155.0328,172.2742,142.4787,142.1461,119.7885,137.3696,167.1221,106.1693,107.2662,86.2689,101.2955,129.8509,99.2970,101.3662,76.8222,92.9230,126.5824,91.4416,94.4357,66.9573,83.1297,121.7012,85.9277,88.6239,62.1900,77.5968,115.9440,80.1480,82.5376,57.1228,71.1362,110.3103,72.0611,74.4598,49.9254,62.3599,102.9996,63.4882,65.9936,42.0795,53.0940,95.4238,11.00000000000,29,103
29,145,00758527,29145,Newton,Newton County,06,H1,G4020,,27900,,A,1618133227.00000000000,4717540.00000000000,+36.9080167,-094.3347407,29145,3626.9801,3616.8684,3587.6766,3616.7942,3646.6631,3572.8933,3557.0645,3491.7212,3557.0408,3621.1634,3342.7157,3321.7118,3212.3485,3322.1740,3430.3451,3772.2701,3740.7934,3560.8670,3739.6658,3921.0931,3875.6022,3837.3438,3560.0888,3833.7447,4114.2381,4007.9249,3963.0983,3606.5126,3956.7676,4317.3252,3482.3221,3440.6846,3062.5675,3433.6350,3813.6140,3413.9575,3371.6071,3004.2666,3364.3916,3730.0409,3563.6571,3519.3938,3121.8158,3511.1549,3903.8292,3147.6075,3140.4182,2646.6269,3034.9354,3692.0628,2672.4266,2699.1470,2169.9484,2548.6310,3268.3795,2574.1760,2626.9101,1989.9505,2407.7948,3281.4123,2440.4700,2519.4863,1785.4840,2217.5148,3247.9871,2271.8413,2342.3181,1642.8457,2050.5525,3065.3684,2113.0412,2175.3194,1504.7365,1874.5360,2908.1901,1919.0087,1982.2645,1328.4292,1659.8832,2742.8647,1765.2364,1834.3675,1169.0426,1475.5870,2653.1466,11.00000000000,29,145
29,171,00758540,29171,Putnam,Putnam County,06,H1,G4020,,,,A,1339845120.00000000000,5942197.00000000000,+40.4786055,-093.0145314,29171,277.6062,276.8237,274.5849,276.8184,279.1116,236.1309,235.0820,230.7621,235.0807,239.3203,255.9331,254.2963,245.9175,254.3350,262.6263,242.4250,240.3203,228.7610,240.2534,251.9368,234.8886,232.4765,215.6714,232.2548,249.2900,284.0139,280.6277,255.2440,280.1392,305.8780,266.4440,263.1118,234.0664,262.5393,291.7754,253.4453,250.1548,222.7537,249.5892,276.9022,232.0398,228.9690,202.9093,228.3935,254.1664,218.2781,217.6987,183.3909,210.3647,256.0150,173.3310,174.9155,140.4806,165.1156,211.9597,162.5955,165.7857,125.4471,151.9091,207.2504,152.8076,157.6233,111.5706,138.6821,203.3578,145.0373,149.4146,104.6707,130.7547,195.6862,138.0005,141.9541,98.0737,122.2797,189.9217,128.1681,132.2900,88.5419,110.7324,183.1852,117.6070,122.1243,77.7284,98.2008,176.7576,11.00000000000,29,171
29,041,00758475,29041,Chariton,Chariton County,06,H1,G4020,,,,A,1945550588.00000000000,40354830.00000000000,+39.5179685,-092.9616205,29041,394.0820,392.9685,389.7891,392.9611,396.2185,365.6848,364.0682,357.3822,364.0656,370.6262,379.4417,377.0823,364.6730,377.1319,389.4027,380.2342,377.0179,358.8837,376.9072,395.2073,382.6774,378.8221,351.4447,378.4637,406.1891,423.4479,418.6373,380.9222,417.9542,456.1152,355.1766,350.8483,312.2187,350.1108,388.9570,353.5534,349.0831,310.9657,348.3186,386.2824,380.6793,375.8003,333.1923,374.8890,416.9991,361.3663,360.3568,303.5190,348.2032,423.8287,270.5204,273.0583,219.3639,257.7798,330.8195,263.6173,268.8525,203.4984,246.3705,336.0242,247.8131,255.6796,181.0349,224.9766,329.7970,233.6233,240.7215,168.6832,210.6773,315.2117,222.1936,228.5996,157.9783,196.9328,305.7948,205.9795,212.6379,142.3566,178.0014,294.4000,191.9190,199.3166,126.8889,160.2826,288.4465,11.00000000000,29,041
29,113,00758511,29113,Lincoln,Lincoln County,06,H1,G4020,476,41180,,A,1622772175.00000000000,36019423.00000000000,+39.0585680,-090.9577713,29113,3646.0116,3635.8089,3606.4443,3635.7361,3665.7926,3499.4300,3483.9013,3419.8885,3483.8800,3546.7003,3754.5054,3731.0032,3608.1846,3731.5118,3852.9799,3978.6367,3945.3966,3755.6291,3944.2101,4135.5749,3992.0631,3952.9159,3667.3336,3949.2185,4238.0420,4555.1129,4504.0166,4098.6654,4496.7930,4906.7109,4234.0698,4184.2418,3725.1228,4175.8514,4636.9712,4166.4477,4115.2667,3667.4076,4106.5638,4552.2302,4186.8866,4134.9327,3667.8701,4125.2633,4586.5558,3702.8988,3694.8026,3114.1869,3570.7959,4343.4930,3278.5115,3311.0446,2661.6418,3126.3300,4009.5814,3252.4682,3318.8310,2513.8331,3041.9101,4146.0281,3103.2851,3203.4873,2269.9395,2819.4325,4130.0943,2956.9663,3048.3890,2137.7512,2668.5512,3989.7719,2820.6564,2903.4540,2008.0537,2501.8537,3882.0579,2610.3187,2696.0131,1806.3695,2257.4076,3730.9388,2379.5597,2472.4123,1575.2825,1988.6953,3576.4526,11.00000000000,29,113
29,131,00758520,29131,Miller,Miller County,06,H1,G4020,,,,A,1534813196.00000000000,19159067.00000000000,+38.2167197,-092.4298711,29131,1572.0522,1567.6355,1554.9654,1567.6049,1580.5787,1450.9233,1444.4992,1417.9658,1444.4893,1470.5264,1357.0025,1348.4740,1304.0767,1348.6618,1392.5753,1598.3808,1584.8934,1508.6620,1584.4258,1661.3440,1546.1218,1530.7756,1420.1670,1529.3367,1641.2675,1585.8384,1568.0614,1426.9470,1565.5488,1708.2489,1612.4000,1592.7921,1417.4577,1589.4536,1765.7585,1447.8268,1429.8918,1274.1289,1426.8370,1581.8762,1445.3931,1427.1530,1265.6360,1423.7520,1583.3296,1347.6547,1344.5497,1133.1103,1299.3806,1580.7580,1075.7302,1086.1084,872.8065,1025.4256,1315.5574,1025.0827,1045.7035,791.7705,958.3499,1306.6710,976.6587,1007.9040,713.8935,886.9615,1299.7881,897.3168,924.7815,648.2382,809.4406,1210.7057,824.6031,848.5410,586.5748,731.0634,1134.8764,737.7827,761.7512,510.1074,637.7193,1054.4980,649.5320,674.6471,429.5835,542.5578,976.2253,11.00000000000,29,131
29,123,00758515,29123,Madison,Madison County,06,H1,G4020,,,,A,1280463424.00000000000,8313020.00000000000,+37.4732347,-090.3454526,29123,731.0533,729.0449,723.1762,729.0286,735.0249,713.0007,709.8640,696.8355,709.8577,722.6397,824.0111,818.9034,791.9578,819.0092,845.6519,900.2942,892.7741,849.8330,892.5055,935.8074,964.0428,954.7735,885.8111,953.8875,1023.5657,886.3195,876.8540,798.2432,875.5390,954.8710,763.9781,755.3176,672.7342,753.8784,836.7140,698.7024,690.6392,615.9974,689.2861,763.4274,828.1130,818.4532,726.6365,816.6680,907.2373,703.3847,702.4466,592.6357,679.0327,825.2144,698.3944,705.8343,567.8806,666.6152,854.2111,711.3588,726.3855,550.7061,665.9517,906.8544,685.1882,707.8159,502.0523,623.1468,911.9464,663.8402,684.8530,480.7693,599.7122,895.7492,631.1260,650.1200,450.1241,560.3871,868.6537,595.2464,615.2176,412.6778,515.3089,850.8181,568.0518,590.5948,376.7260,475.2070,853.7991,11.00000000000,29,123
29,005,00758457,29005,Atchison,Atchison County,06,H1,G4020,,,,A,1417505255.00000000000,7319663.00000000000,+40.4318460,-095.4375546,29005,307.8117,306.9392,304.4544,306.9335,309.4801,292.3890,291.0883,285.7382,291.0867,296.3377,237.6196,236.0860,228.3039,236.1235,243.8260,264.9052,262.6699,250.0358,262.5924,275.3403,259.4632,256.9212,238.3599,256.6810,275.4521,281.4389,278.2401,253.1725,277.7859,303.1503,206.5095,204.0714,181.6725,203.6604,226.1595,211.2392,208.6071,185.8675,208.1583,230.7962,197.0547,194.6641,172.7318,194.2203,215.8717,187.4846,187.1624,157.8349,180.9044,219.9403,164.0384,165.7427,133.3079,156.5201,200.6295,153.3891,156.5906,118.6801,143.5494,195.5387,146.7590,151.5676,107.4685,133.4229,195.3246,136.8005,141.0930,99.0091,123.5374,184.5877,127.7365,131.5412,91.0334,113.3691,175.8076,117.1536,121.0461,81.1538,101.3728,167.4513,108.3456,112.6113,71.7931,90.5955,162.8447,11.00000000000,29,005
29,221,00758563,29221,Washington,Washington County,06,H1,G4020,476,41180,,A,1968164689.00000000000,6670629.00000000000,+37.9423150,-090.8970558,29221,1560.2683,1555.8762,1543.2966,1555.8462,1568.7297,1632.6319,1625.3826,1595.5156,1625.3729,1654.6842,1448.7671,1439.6800,1392.2839,1439.8784,1486.7557,1516.8657,1504.1169,1431.7710,1503.6698,1576.6503,1512.0152,1496.9418,1388.7720,1495.5320,1605.0187,1505.4162,1488.2238,1354.0921,1485.7784,1621.5267,1391.1586,1373.8668,1222.2977,1370.9014,1523.4313,1348.5252,1331.0220,1185.2310,1328.0133,1473.3341,1362.0728,1344.5199,1191.9813,1341.2397,1492.0136,1188.9797,1185.6544,998.6416,1145.6653,1394.4948,1044.4696,1053.8182,846.1675,994.7144,1277.2090,975.1409,994.0242,751.9125,910.7367,1242.9215,896.7076,924.6725,654.2157,813.4467,1193.3211,819.9601,844.3605,591.1515,738.7735,1106.2697,749.6753,770.7725,532.1104,663.7907,1031.7020,676.0201,697.3683,466.3181,583.5639,966.1789,609.8881,632.9264,402.3942,508.7754,916.6082,11.00000000000,29,221
29,211,00758558,29211,Sullivan,Sullivan County,06,H1,G4020,,,,A,1678263572.00000000000,9124043.00000000000,+40.2095870,-093.1097826,29211,407.6967,406.5753,403.3018,406.5663,409.9114,398.9893,397.1866,389.8716,397.1864,404.3696,349.2434,347.0111,335.5777,347.0638,358.3776,318.5900,315.9780,300.7801,315.8796,331.1886,314.1802,311.1472,288.6722,310.8580,333.5706,334.5082,330.8141,301.0787,330.2947,360.3450,319.5029,315.8654,281.3161,315.2600,349.9200,272.0570,268.8108,239.6522,268.2621,297.2530,265.8355,262.6774,233.1509,262.0926,291.2285,232.6039,232.2053,195.8209,224.4416,272.8706,233.7208,236.1895,190.0069,223.0594,285.8621,224.4820,229.2060,173.7537,210.1303,286.1720,216.5679,223.7010,158.6517,196.9347,288.2379,211.0173,217.6727,152.7824,190.6021,284.7329,204.9274,211.0599,146.0948,181.9142,282.0501,195.9762,202.5082,135.7916,169.6037,280.1165,182.9365,190.1499,121.2390,152.9797,274.9562,11.00000000000,29,211
29,023,00758466,29023,Butler,Butler County,06,H1,G4020,,38740,,A,1799185123.00000000000,11194895.00000000000,+36.7151802,-090.4031300,29023,2557.1681,2550.0841,2529.5258,2550.0298,2571.0519,2666.6364,2654.8536,2606.1004,2654.8337,2702.6717,2607.5729,2591.3418,2506.0597,2591.6844,2676.0166,2882.9679,2858.7152,2721.2149,2857.8669,2996.5808,2978.4466,2948.9087,2735.8329,2946.1377,3161.7517,3046.9862,3012.8618,2741.7461,3008.0403,3282.1916,2739.6575,2707.1631,2409.8917,2701.6767,3000.3261,2963.1774,2926.4910,2607.7185,2920.2430,3237.5293,2968.9275,2931.9636,2600.6563,2925.0814,3252.3186,2880.7465,2874.1303,2422.1741,2777.5818,3379.0329,2506.7653,2531.0419,2034.0558,2389.6568,3065.6475,2449.6670,2499.0541,1892.3055,2290.3310,3122.5990,2364.4547,2440.2155,1728.5101,2147.4477,3146.7492,2265.4822,2334.9622,1636.8664,2043.7956,3056.7167,2163.0684,2226.0181,1538.9560,1917.8976,2976.9783,2024.1945,2090.1264,1399.8437,1749.8739,2893.1527,1889.3102,1962.5452,1249.8651,1578.3752,2839.5825,11.00000000000,29,023
29,061,00758485,29061,Daviess,Daviess County,06,H1,G4020,,,,A,1458784509.00000000000,15035690.00000000000,+39.9628387,-093.9700530,29061,474.5112,473.1777,469.3531,473.1684,477.0848,480.3890,478.2486,469.4568,478.2463,486.8756,457.5543,454.6136,439.6312,454.6845,469.5122,460.0707,456.2133,434.2701,456.0771,478.2096,426.9652,422.7507,392.2063,422.3543,453.2554,513.6335,507.8656,462.1548,507.0498,553.2778,490.8085,484.9298,431.6289,483.9339,537.5005,534.7605,528.0611,470.4625,526.9174,584.2678,503.9347,497.4438,441.0110,496.2308,552.0101,440.9110,439.6543,370.2852,424.8195,517.1168,343.6732,346.8997,278.6872,327.4902,420.2785,328.9177,335.4484,253.9045,307.3970,419.2604,311.2572,321.1331,227.3749,282.5684,414.2299,291.8297,300.6897,210.6986,263.1584,393.7451,275.4111,283.3426,195.8001,244.0889,379.0349,249.3381,257.3855,172.3003,215.4548,356.3702,223.2455,231.8363,147.5750,186.4275,335.5280,11.00000000000,29,061
29,043,00758476,29043,Christian,Christian County,06,H1,G4020,,44180,,A,1457243827.00000000000,3012596.00000000000,+36.9697388,-093.1876139,29043,5339.9934,5325.0527,5282.0462,5324.9459,5368.9653,5825.0207,5799.2082,5692.6738,5799.1703,5903.7153,6024.5069,5986.7104,5789.6182,5987.5365,6182.4721,6986.7052,6927.5601,6594.3527,6925.5296,7261.8032,6981.6397,6912.8866,6413.4330,6906.4093,7411.6365,7384.7185,7301.5582,6644.2285,7289.7863,7954.6329,7422.5256,7333.7594,6527.7948,7318.7298,8128.6681,7616.6078,7521.4970,6701.3952,7505.2708,8321.7597,8183.0932,8081.1099,7167.8532,8062.1201,8964.1759,7504.3747,7485.8779,6307.5190,7234.0703,8802.1100,7379.6734,7451.0813,5987.9569,7034.8419,9024.9585,7421.4033,7570.9810,5732.7694,6938.6317,9460.0835,7232.3165,7464.0067,5287.0340,6568.4868,9625.1699,7136.8299,7355.6759,5156.4780,6438.4205,9629.4114,7026.3515,7230.8141,4998.9982,6229.9331,9670.1948,6813.8368,7035.7743,4712.1455,5890.4166,9738.9206,6520.7108,6773.4788,4313.7601,5447.5670,9800.4540,11.00000000000,29,043
29,167,00758538,29167,Polk,Polk County,06,H1,G4020,,44180,,A,1645996569.00000000000,17839794.00000000000,+37.6167611,-093.4008166,29167,1611.5146,1607.0085,1594.0314,1606.9762,1620.2581,1740.8849,1733.1592,1701.3141,1733.1486,1764.4006,1634.8095,1624.5513,1571.0681,1624.7757,1677.6740,1840.1468,1824.5536,1736.7947,1824.0199,1912.5916,1629.0280,1612.9070,1496.3681,1611.3927,1729.3073,1597.1412,1579.4270,1437.4107,1576.9325,1720.4793,1408.2607,1392.1831,1239.8664,1389.5047,1542.3235,1824.1900,1802.5621,1607.1719,1798.9113,1993.1421,1870.2683,1847.7960,1639.8322,1843.6287,2048.8886,1681.4225,1678.5836,1415.6060,1622.4721,1972.5084,1581.6455,1598.1872,1285.5338,1509.2902,1934.4718,1568.0388,1600.8869,1213.4329,1467.6024,1998.9338,1533.0208,1583.3578,1122.7820,1393.8479,2040.3378,1504.2354,1551.5521,1088.8903,1358.5453,2029.7054,1497.0988,1541.8113,1067.1419,1328.8630,2060.5124,1468.8142,1517.7272,1017.6625,1271.1018,2099.4304,1426.9414,1483.2193,945.7088,1193.2866,2144.7144,11.00000000000,29,167
29,057,00758483,29057,Dade,Dade County,06,H1,G4020,,,,A,1269124871.00000000000,42068886.00000000000,+37.4323495,-093.8548780,29057,431.1649,429.9591,426.4869,429.9504,433.5042,420.1272,418.2185,410.5105,418.2190,425.7896,393.1951,390.6418,377.7617,390.7057,403.4563,421.3605,417.7373,397.6444,417.6186,437.9154,371.5136,367.7680,341.1892,367.4201,394.3376,446.3598,441.0517,401.1659,440.2866,480.7256,383.2724,378.4912,336.7195,377.6703,419.7123,353.7251,348.9708,310.5837,348.1482,386.4537,361.4306,356.5979,315.9614,355.6913,395.8896,294.2817,293.3095,246.9029,283.3766,345.1121,274.5740,277.0291,222.4392,261.4910,335.7570,258.1826,263.2053,199.1201,241.1598,329.0841,235.3127,242.6935,171.7508,213.5166,313.1533,217.2904,223.8189,156.7635,195.8552,293.1684,203.0192,208.8205,144.2547,179.8725,279.4018,185.9919,191.9733,128.4881,160.6900,265.8302,169.3342,175.8454,111.9284,141.4012,254.5014,11.00000000000,29,057
29,003,00758456,29003,Andrew,Andrew County,06,H1,G4020,,41140,,A,1120694861.00000000000,9651366.00000000000,+39.9888628,-094.8035511,29003,1086.6519,1083.6048,1074.8498,1083.5834,1092.5465,1086.9385,1082.0885,1062.1921,1082.0837,1101.6132,1126.8629,1119.7287,1082.8509,1119.8907,1156.3735,1116.5340,1107.1021,1053.8519,1106.7763,1160.5098,1180.4017,1168.8072,1084.3638,1167.7132,1253.1218,1256.7672,1242.5709,1130.6795,1240.5593,1353.7453,1117.4546,1104.0607,982.6997,1101.7911,1223.7603,1043.4798,1030.6967,918.5624,1028.5243,1140.1005,1004.1608,991.8553,879.9788,989.5682,1100.0342,961.1425,959.2861,808.7748,927.1563,1127.4778,922.7302,931.8948,749.1280,879.9094,1128.4897,891.5732,909.7754,689.1157,833.8680,1136.5189,849.6024,877.0459,621.4712,771.9039,1130.7182,819.1868,844.5235,592.2506,739.2972,1105.3122,776.6925,799.4990,552.9484,688.9169,1068.9592,724.6405,748.4358,501.4699,626.6778,1035.7320,676.7179,703.1224,447.9884,565.5588,1017.0996,11.00000000000,29,003
29,201,00758553,29201,Scott,Scott County,06,H1,G4020,164,43460,,A,1087768829.00000000000,15196632.00000000000,+37.0477927,-089.5680975,29201,2339.5703,2333.0696,2314.2508,2333.0209,2352.2699,2263.1985,2253.2792,2211.9435,2253.2567,2293.8051,2242.6221,2228.7298,2155.3966,2229.0168,2301.5243,2464.6950,2444.3011,2326.7345,2443.5526,2562.0417,2506.2067,2481.7554,2302.4697,2479.4390,2660.7140,2657.2477,2627.5321,2391.1187,2623.3357,2862.3808,2182.7921,2156.8481,1919.9578,2152.4645,2390.4707,2116.8974,2090.7285,1863.0326,2086.2730,2312.8969,2233.0149,2205.0588,1955.7321,2199.8506,2446.1427,2044.9772,2040.0275,1718.9918,1971.4302,2398.6381,1783.3852,1800.5979,1446.9837,1699.9976,2180.9806,1705.7877,1740.1143,1317.5667,1594.7568,2174.3659,1591.6015,1642.5298,1163.4056,1445.4395,2118.1866,1477.8135,1523.0648,1067.6329,1333.1124,1993.9432,1365.8673,1405.5440,971.6446,1210.9620,1879.8040,1233.9045,1274.0237,853.1876,1066.5951,1763.5973,1126.1930,1169.7815,744.9105,940.7678,1692.6340,11.00000000000,29,201
29,147,00758528,29147,Nodaway,Nodaway County,06,H1,G4020,,32340,,A,2271326393.00000000000,2361606.00000000000,+40.3604838,-094.8832814,29147,961.6215,958.9401,951.2002,958.9204,966.8400,901.3237,897.3281,880.8429,897.3224,913.4999,902.6739,897.0157,867.4857,897.1389,926.3452,985.1781,976.9963,930.0044,976.6992,1024.0700,734.6978,727.3946,674.8346,726.7104,779.9027,55.5455,55.0920,50.2420,55.0361,59.8823,20.8481,20.6695,18.4610,20.6433,22.8396,740.9110,732.2937,653.0832,730.8452,809.5422,616.4956,609.3873,541.1096,608.0755,675.4104,394.1009,393.7706,332.4007,380.6981,462.4085,570.1914,576.3476,463.7794,544.3486,697.4184,529.8577,541.1823,410.4261,496.2022,675.4892,459.3259,474.6767,336.8697,417.9638,611.3527,407.9031,421.0360,295.7957,368.7806,550.4217,393.7233,405.7879,281.1836,349.8666,541.9204,446.4035,461.5294,309.7496,386.6408,638.0793,615.7512,640.1727,408.3340,515.0925,925.4918,11.00000000000,29,147
29,143,00758526,29143,New Madrid,New Madrid County,06,H1,G4020,,,,A,1747828331.00000000000,56291671.00000000000,+36.5942608,-089.6559485,29143,1085.9310,1082.9400,1074.2185,1082.9161,1091.8293,1113.4070,1108.4573,1088.0859,1108.4511,1128.4443,1034.6198,1028.2263,994.3975,1028.3569,1061.8028,1032.3928,1023.8647,974.6186,1023.5502,1073.1778,956.9085,947.6696,879.2170,946.7888,1015.9657,995.3478,984.2447,895.7044,982.6780,1072.1943,868.4086,858.2141,764.0684,856.4989,951.0467,810.4503,800.5335,713.4512,798.8486,885.4944,822.0770,812.0660,720.5337,810.2067,900.5734,726.2408,724.7538,610.9598,700.4565,851.9035,638.9533,645.3934,518.9054,609.4194,781.4486,606.9795,619.4585,469.2996,567.8036,773.7482,559.5585,577.7098,409.4397,508.4815,744.7116,521.8083,538.0100,377.3619,470.9997,704.0710,489.9516,504.3870,348.8949,434.6429,674.3226,453.0575,467.9658,313.5824,391.8485,647.5593,417.3800,433.6847,276.3404,348.8438,627.3187,11.00000000000,29,143
29,027,00758468,29027,Callaway,Callaway County,06,H1,G4020,,27620,,A,2161538606.00000000000,33106941.00000000000,+38.8359656,-091.9240894,29027,2715.8237,2708.2319,2686.3629,2708.1772,2730.5591,2625.1050,2613.3872,2565.3326,2613.3759,2660.5453,2438.5464,2423.2208,2343.4384,2423.5582,2502.4712,2768.9062,2745.6828,2613.6193,2744.8633,2878.0687,2799.5457,2772.2825,2572.0130,2769.6968,2972.1704,2217.4590,2192.7904,1995.5753,2189.3130,2388.6791,2226.9663,2199.9494,1957.8368,2195.3529,2438.7847,2850.9596,2815.4590,2508.5772,2809.4059,3114.9097,2804.2131,2769.6130,2456.9721,2763.1773,3071.9198,2542.1019,2536.3292,2137.5555,2451.1460,2981.8285,2415.1686,2438.9435,1960.4068,2302.8221,2953.6919,2382.8966,2431.3254,1841.4059,2228.3918,3037.5335,2307.3056,2381.6143,1687.3809,2096.0192,3070.7254,2233.3827,2302.2437,1614.3049,2015.3021,3013.4389,2142.9823,2205.6953,1525.2744,1900.5295,2949.3622,2107.1391,2176.1052,1457.7932,1821.9947,3011.7274,2062.1830,2142.4262,1364.7760,1723.1744,3099.4248,11.00000000000,29,027
29,157,00758533,29157,Perry,Perry County,06,H1,G4020,,,,A,1228570257.00000000000,25398710.00000000000,+37.7111296,-089.8021249,29157,1193.8839,1190.5227,1180.8969,1190.4998,1200.3582,1207.1607,1201.8310,1179.7633,1201.8218,1223.4748,1219.8445,1212.1307,1172.2117,1212.3050,1251.7952,1220.5160,1210.2968,1152.0833,1209.9345,1268.6453,1212.0807,1200.0706,1113.3594,1198.9433,1286.6836,1333.8617,1319.2305,1200.7141,1317.1782,1436.9156,1261.0163,1246.1358,1109.3666,1243.6278,1381.0062,1280.9707,1264.9261,1126.9567,1262.1872,1399.5613,1281.5138,1265.5936,1122.6194,1262.6302,1403.8415,1062.7366,1060.7345,894.3543,1025.2204,1246.6659,1013.8325,1023.8256,822.9566,966.6883,1239.8944,982.5372,1002.5192,759.2884,918.8473,1252.4646,937.9397,968.1603,685.9580,852.0668,1248.2776,895.5003,923.1242,647.2970,808.0754,1208.2739,857.0828,882.1776,610.0539,760.1304,1179.5943,783.2655,808.9147,541.9140,677.2882,1119.5200,715.1632,743.0041,473.3256,597.6108,1074.8784,11.00000000000,29,157
29,029,00758469,29029,Camden,Camden County,06,H1,G4020,,,,A,1698831838.00000000000,136548740.00000000000,+38.0319950,-092.7651375,29029,2755.1990,2747.5721,2725.4244,2747.5132,2770.1588,2549.4515,2538.2657,2491.6957,2538.2412,2583.9258,2619.5766,2603.3471,2517.6874,2603.6828,2688.3784,2878.4640,2854.7208,2717.4141,2853.8416,2992.2007,2829.1099,2801.6873,2599.3049,2799.0791,3003.6422,2880.2173,2848.9238,2593.1748,2844.5494,3102.8297,2588.4471,2558.5786,2278.3652,2553.5835,2834.8243,2593.2488,2562.3339,2284.4189,2557.1095,2833.4195,2476.8499,2447.8231,2173.0807,2442.4559,2713.4909,2236.1369,2232.6751,1883.1903,2158.1263,2623.3306,2155.6282,2178.3899,1752.4369,2057.2870,2636.5311,2113.1792,2157.6815,1635.7020,1978.1202,2693.9065,2003.5776,2069.6366,1467.8812,1822.0260,2666.6382,1898.2235,1958.2403,1374.6218,1714.7651,2561.3515,1805.8175,1860.0975,1287.8067,1603.3302,2485.4411,1674.2836,1730.4199,1160.6955,1449.3913,2393.1422,1557.6509,1619.4634,1033.0136,1303.0589,2341.1963,11.00000000000,29,029
29,051,00758480,29051,Cole,Cole County,06,H1,G4020,,27620,,A,1019808362.00000000000,21172451.00000000000,+38.5068473,-092.2714039,29051,4748.1883,4734.8627,4696.6014,4734.7697,4773.9436,4644.7397,4624.0141,4538.9921,4623.9936,4707.4480,4544.1682,4515.4941,4366.7997,4516.1363,4663.2257,5081.9525,5038.9740,4796.6055,5037.4942,5282.0788,4903.5714,4854.7187,4503.9171,4850.1479,5205.2091,4884.0377,4827.6654,4392.1745,4819.6189,5260.5632,4816.7422,4756.9494,4232.2182,4746.6999,5274.7316,5256.5208,5188.7380,4620.8438,5177.1011,5743.0493,5395.4042,5325.6915,4721.2921,5312.6599,5910.0999,4721.9188,4708.3399,3965.3381,4549.4388,5538.0119,4462.7693,4503.1070,3616.1609,4250.6705,5457.2734,4347.0810,4431.8282,3352.9444,4060.6879,5540.8892,4120.0654,4249.2606,3007.1068,3738.3959,5482.9656,3897.5474,4014.3576,2811.3711,3512.6922,5258.5479,3700.1729,3805.2447,2627.9873,3277.4679,5092.2482,3512.5984,3624.6039,2424.8991,3033.5507,5020.3387,3305.7528,3431.7562,2183.0960,2759.0821,4968.3259,11.00000000000,29,051
29,227,00758566,29227,Worth,Worth County,06,H1,G4020,,,,A,690523510.00000000000,535495.00000000000,+40.4804817,-094.4191286,29227,103.5482,103.2516,102.4142,103.2499,104.1090,70.9455,70.6258,69.3256,70.6257,71.9025,88.4055,87.8174,84.9188,87.8334,90.7048,106.6015,105.6368,100.5556,105.6101,110.7591,105.3883,104.3245,96.7848,104.2257,111.8620,97.3100,96.2312,87.5787,96.0792,104.8249,93.6259,92.4826,82.2979,92.2877,102.5303,76.7615,75.8243,67.5781,75.6651,83.8694,67.3109,66.4601,58.9372,66.3015,73.7344,72.1833,72.0641,60.7765,69.6558,84.6803,60.1995,60.8039,48.8849,57.4139,73.6244,57.8662,59.0538,44.7369,54.1288,73.7648,57.3246,59.1825,41.9427,52.0899,76.2927,54.6885,56.3854,39.5477,49.3620,73.7906,51.1450,52.6510,36.4189,45.3704,70.3911,46.7343,48.2716,32.3461,40.4198,66.7977,42.5016,44.1620,28.1398,35.5227,63.8796,11.00000000000,29,227
29,077,00758493,29077,Greene,Greene County,06,H1,G4020,,44180,,A,1749030414.00000000000,6670734.00000000000,+37.2581957,-093.3406409,29077,15870.8755,15826.6468,15698.9181,15826.3213,15957.0072,16254.8287,16182.8358,15885.5674,16182.7268,16474.4384,17460.7859,17351.4337,16780.2410,17353.8058,17918.7237,20921.5733,20746.1174,19748.2585,20739.9228,21746.4041,20206.2555,20009.5790,18564.0967,19990.9211,21452.2741,21354.5788,21115.3476,19215.2125,21081.5428,23002.9781,19821.5157,19583.8562,17431.0840,19543.5805,21707.1676,23923.4733,23628.2421,21055.4576,23577.9926,26138.5325,26114.1557,25790.4257,22877.5824,25730.1807,28606.9832,25442.5747,25387.4172,21398.3901,24535.4805,29844.2052,26706.1268,26969.8791,21679.0244,25464.9110,32661.0784,27136.0192,27688.3657,20971.1019,25377.6126,34591.0147,27069.3345,27941.9451,19797.7750,24591.5486,36025.8588,27254.8555,28095.9677,19701.3414,24594.5183,36774.2601,27489.4850,28294.6658,19566.9852,24380.2906,37833.5242,27406.8759,28304.5584,18962.2164,23698.9265,39172.6108,27264.9395,28326.4526,18045.2906,22783.4914,40978.7606,11.00000000000,29,077
29,097,00758503,29097,Jasper,Jasper County,06,H1,G4020,,27900,,A,1653674930.00000000000,7229559.00000000000,+37.2008646,-094.3388687,29097,6714.5674,6695.8425,6641.7971,6695.7054,6751.0056,7258.6197,7226.4906,7093.7556,7226.4408,7356.6924,7431.0721,7384.3683,7141.2447,7385.3972,7625.8719,8301.6536,8231.8182,7835.8789,8229.3753,8628.8085,8482.5096,8399.7368,7792.9258,8391.8959,9005.4458,7697.5135,7612.0108,6927.4851,7599.9643,8291.9111,7171.5334,7087.0638,6309.3654,7072.8360,7853.9471,7869.4804,7772.8621,6927.0029,7756.4351,8598.1398,8128.5460,8028.8133,7123.0782,8010.2748,8904.6132,7286.0081,7271.5053,6130.1994,7027.8409,8546.8195,6656.6774,6723.3444,5405.2597,6348.4557,8141.1383,6617.6770,6753.3154,5115.8758,6190.0332,8435.8444,6434.0849,6642.4219,4707.3019,5846.3050,8563.0343,6229.5081,6422.6636,4504.6039,5622.6011,8405.3928,6005.1625,6181.9340,4276.0040,5327.0625,8264.9200,5794.3006,5984.9074,4010.4020,5011.4029,8281.8436,5549.0100,5765.7925,3673.9323,4637.8477,8340.1177,11.00000000000,29,097
29,175,00758542,29175,Randolph,Randolph County,06,H1,G4020,,33620,,A,1250145642.00000000000,13315608.00000000000,+39.4416013,-092.4927245,29175,1538.4164,1534.1005,1521.7047,1534.0703,1546.7613,1429.5163,1423.0990,1396.9119,1423.0954,1448.8051,1464.0525,1454.7276,1406.8041,1454.9445,1502.3621,1492.5383,1479.7604,1408.5851,1479.3363,1551.2149,1491.4735,1476.5690,1369.8683,1475.1770,1583.1898,1467.7763,1451.1911,1320.5102,1448.8406,1581.0353,1619.5865,1599.4731,1423.0302,1596.0248,1773.5803,1617.5629,1596.4311,1421.4324,1592.7943,1767.2639,1610.7509,1589.5878,1408.8293,1585.6249,1764.3661,1414.3970,1410.2594,1187.6454,1362.6458,1658.8314,1301.2867,1313.0647,1054.4546,1239.4615,1591.2740,1258.3124,1282.8537,970.5660,1175.4255,1603.8751,1184.3050,1221.4468,864.3955,1074.6010,1576.0685,1127.2237,1161.0305,813.1276,1015.9484,1520.8457,1069.1632,1099.5589,759.4175,947.0676,1471.4056,998.5794,1030.4500,689.4142,862.4298,1427.2095,922.7664,957.9616,609.4289,770.1968,1386.8577,11.00000000000,29,175
29,209,00758557,29209,Stone,Stone County,06,H1,G4020,,14700,,A,1201840755.00000000000,121066344.00000000000,+36.7478573,-093.4677823,29209,1774.5101,1769.6427,1755.4014,1769.6028,1784.1515,1594.1375,1587.2905,1558.2465,1587.2650,1615.7360,1376.0521,1367.5289,1322.5326,1367.7049,1412.1945,1411.5235,1400.0732,1332.7328,1399.6289,1467.4201,1341.9854,1329.1975,1233.2011,1327.9686,1424.9196,1540.5407,1523.9241,1387.1982,1521.6074,1659.6446,1336.3641,1320.9842,1176.3474,1318.4145,1463.5684,1102.3018,1089.3150,971.3201,1087.1258,1204.3991,1089.9704,1077.0876,956.0840,1074.7032,1194.0941,922.6826,921.0529,776.6861,890.2447,1082.3990,934.3055,943.9266,759.1237,891.3755,1142.7016,868.1008,886.1362,671.5205,812.3082,1106.6356,803.0316,829.2553,587.8925,729.9490,1068.7632,752.0452,775.5589,544.1468,679.0261,1014.7421,707.1997,728.1843,503.8574,627.5550,973.3341,633.9888,654.9785,439.0396,548.4957,906.1750,570.1512,592.5302,377.6774,476.6598,856.9392,11.00000000000,29,209
29,053,00758481,29053,Cooper,Cooper County,06,H1,G4020,,,,A,1462735802.00000000000,11436318.00000000000,+38.8453861,-092.8123231,29053,974.3257,971.6294,963.7978,971.6085,979.6160,918.7983,914.7691,897.9867,914.7601,931.2231,948.3022,942.4148,911.4031,942.5377,973.2020,888.7544,881.7221,839.3138,881.4302,924.0625,764.2653,757.4580,702.7953,756.7762,811.8100,843.4953,834.9425,760.3796,833.7778,908.8672,1004.0493,992.5163,883.8640,990.5907,1099.6241,1081.1505,1067.8436,951.6057,1065.5800,1181.2556,1089.4095,1075.9425,954.4617,1073.4371,1193.4079,989.1791,987.0875,832.0408,953.9776,1160.3224,890.2607,899.3190,723.1461,849.2177,1088.8149,877.1225,895.2458,678.3250,820.6248,1118.1243,842.5913,870.0204,616.7058,765.8000,1121.4060,812.4822,837.8177,587.7593,733.5087,1096.2843,789.6816,813.0648,562.5374,700.6858,1086.8518,745.4118,770.0644,516.1543,644.8607,1065.4327,693.8095,721.0367,459.5808,580.0342,1042.7977,11.00000000000,29,053
53,055,01531931,53055,San Juan,San Juan County,06,H1,G4020,,,,A,450437066.00000000000,1158109609.00000000000,+48.5088615,-123.1006162,53055,958.2915,955.6072,947.8878,955.5881,963.4902,892.5928,888.5997,872.2554,888.5964,904.6408,911.9036,906.1811,876.3478,906.3063,935.8133,945.3087,937.4560,892.3659,937.1711,982.6254,957.5467,948.0637,879.5617,947.1734,1016.4865,1034.6382,1023.2306,931.2687,1021.6276,1114.5571,1036.1892,1023.9418,911.5417,1021.8764,1134.7837,920.0859,908.7791,809.8735,906.8564,1005.2789,963.7510,951.8960,844.4809,949.6917,1055.7608,847.5312,845.5392,712.5350,817.1234,994.1187,1034.4572,1044.5350,839.4905,986.2052,1265.0987,1022.7643,1043.4440,790.1645,956.3153,1303.7284,967.1964,998.2415,707.1525,878.4968,1287.2042,953.1006,982.3855,688.7324,859.9050,1285.9821,947.7422,975.3788,674.3860,840.3915,1304.3590,912.9001,942.6877,631.4148,789.2491,1304.7989,872.6531,906.5279,577.3861,729.0947,1311.5772,11.00000000000,53,055
53,061,01529222,53061,Snohomish,Snohomish County,06,H1,G4020,500,42660,42644,A,5406013264.00000000000,282371494.00000000000,+48.0549130,-121.7664118,53061,55578.0721,55421.8168,54973.8246,55420.7393,55879.4995,56468.3907,56216.6255,55183.0787,56216.3628,57230.8264,59386.5391,59010.8097,57067.3691,59019.3173,60941.9115,72377.1091,71763.1665,68311.4382,71742.2169,75226.1265,76548.3525,75788.1428,70311.9131,75716.8857,81258.7325,80201.7585,79301.2590,72163.7877,79173.9158,86392.0913,75746.0742,74841.2090,66617.1953,74688.0535,82952.2944,75215.4673,74280.7981,66186.2024,74121.4944,82179.2427,81885.5388,80864.4011,71725.1687,80674.2480,89701.5044,79309.1008,79126.8523,66684.0891,76468.7793,93027.2734,80958.7192,81748.8738,65702.7617,77184.2356,99009.4236,81832.7622,83488.9868,63224.9624,76518.1150,104313.2793,81177.1145,83784.6609,59354.8284,73734.9324,108035.6426,81064.8035,83557.5518,58582.6663,73140.6536,109377.8042,80738.8638,83095.1367,57454.7603,71595.9827,111119.4590,79050.7036,81631.9695,54679.3694,68345.7468,112986.5054,77021.9690,80013.6099,50964.3452,64353.4370,115762.3271,11.00000000000,53,061
53,059,01529220,53059,Skamania,Skamania County,06,H1,G4020,,38900,,A,4288183445.00000000000,72852866.00000000000,+46.0247815,-121.9532269,53059,783.5044,781.3086,774.9966,781.2931,787.7547,759.9528,756.5770,742.6739,756.5726,770.2172,769.8432,764.9941,739.8049,765.1019,790.0181,779.9354,773.3644,736.1666,773.1356,810.6650,742.3342,735.0273,681.9221,734.3387,788.0565,843.2709,833.7028,758.6020,832.3448,908.3293,758.7113,749.6400,667.2581,748.1042,830.8916,691.6365,682.9301,608.3974,681.4424,755.6648,720.1841,710.9426,630.3251,709.2164,788.8939,595.5925,593.9165,500.2283,573.8824,698.5382,640.1432,646.0793,518.9679,609.9076,782.8200,611.3005,623.3561,471.7437,571.2009,779.1943,562.9024,580.6692,411.0427,510.9019,749.1183,535.8152,551.9843,386.6841,483.0479,722.9286,511.1842,525.8055,363.2448,452.9207,703.5099,475.0841,490.3190,328.1234,410.4000,679.0142,438.8112,455.6085,289.9151,366.3328,659.5084,11.00000000000,53,059
53,025,01531924,53025,Grant,Grant County,06,H1,G4020,,34180,,A,6939907170.00000000000,289575234.00000000000,+47.2136328,-119.4677880,53025,5109.8781,5095.4708,5054.2608,5095.3736,5137.5854,5486.3135,5461.9970,5361.6546,5461.9615,5560.4309,5413.3396,5379.5697,5202.5093,5380.2898,5555.3878,5839.9451,5790.8490,5512.3169,5789.1284,6070.1079,5834.0528,5776.2847,5358.9222,5770.8601,6193.1615,6284.4023,6215.5956,5657.2829,6205.9507,6769.9712,6159.2501,6088.4251,5421.8474,6076.5955,6745.5368,6318.9754,6243.6300,5566.4209,6230.8970,6904.1987,7350.5262,7262.5474,6445.5199,7246.2395,8052.5809,6634.3131,6624.1868,5587.4280,6403.0442,7783.0987,5970.7212,6033.4040,4853.3147,5697.8779,7302.6812,6288.5492,6420.2925,4866.4309,5885.7627,8016.6354,6450.3352,6661.9480,4723.8981,5864.5194,8584.9050,6604.6748,6812.0892,4780.4247,5964.5584,8911.8350,6853.0926,7057.2830,4884.0811,6082.3643,9432.1256,6899.4568,7128.6805,4779.3159,5970.0719,9861.6115,6855.9542,7125.8017,4542.8227,5732.6518,10304.5685,11.00000000000,53,025
53,029,01513272,53029,Island,Island County,06,H1,G4020,500,36020,,A,539879663.00000000000,800115268.00000000000,+48.1584361,-122.6705032,53029,3968.4299,3957.4147,3925.4994,3957.3313,3989.9728,3536.4274,3520.8421,3456.2079,3520.8130,3584.2284,3515.0430,3493.0705,3378.0912,3493.5431,3607.2541,4372.8781,4335.7070,4127.1641,4334.4466,4544.9601,4870.4681,4821.9651,4473.5322,4817.4261,5170.0825,5142.5373,5085.0327,4627.5070,5076.9121,5539.5300,4783.1280,4725.4979,4205.7935,4715.7154,5238.1221,4417.0688,4361.4918,3885.5195,4351.9960,4825.9805,4485.3596,4428.9045,3927.8180,4418.3809,4913.4236,4348.1367,4337.1774,3654.2266,4191.2196,5100.0034,4177.7239,4217.5580,3388.8213,3981.7701,5109.0439,4236.5243,4321.3364,3271.5578,3960.2095,5400.2397,4219.5220,4354.1595,3083.6752,3831.5537,5615.5275,4234.7876,4364.1555,3058.8601,3819.7497,5713.7694,4217.0625,4339.3358,2999.5180,3738.5105,5803.8041,4111.1192,4244.6390,2842.3837,3553.4912,5875.9377,4014.1421,4169.4247,2654.9731,3353.1217,6033.1285,11.00000000000,53,029
53,027,01531823,53027,Grays Harbor,Grays Harbor County,06,H1,G4020,,10140,,A,4926225833.00000000000,834957671.00000000000,+47.1427856,-123.8270425,53027,4105.7925,4094.1969,4061.0748,4094.1197,4128.0527,3963.1653,3945.3828,3872.7866,3945.3722,4016.6438,3834.9889,3810.6478,3685.1318,3811.2062,3935.3861,3918.6821,3885.5835,3698.6917,3884.4394,4073.0257,3789.0568,3751.6554,3480.5917,3748.1367,4022.3655,3529.9285,3490.3625,3176.2573,3484.7706,3802.4039,3190.4504,3151.9764,2805.2962,3145.4438,3493.9373,2926.4530,2889.5857,2574.1976,2883.2851,3197.3678,3238.9656,3197.9229,2835.8272,3190.2667,3548.0454,2918.3488,2910.2921,2451.3536,2812.1637,3422.8108,2408.4785,2430.9344,1952.7811,2294.8726,2945.3066,2332.7404,2378.9004,1800.4600,2179.9150,2973.4470,2182.2793,2251.3470,1593.8675,1980.9187,2904.2244,2033.9501,2095.5008,1468.1484,1833.8660,2744.2465,1910.5827,1965.3957,1357.9392,1693.0287,2629.4251,1781.6246,1838.9399,1230.8267,1539.2801,2546.4007,1650.6815,1714.0524,1090.9060,1378.2651,2480.8921,11.00000000000,53,027
53,053,01529159,53053,Pierce,Pierce County,06,H1,G4020,500,42660,45104,A,4324005310.00000000000,354658008.00000000000,+47.0407155,-122.1447090,53053,52992.4310,52844.7147,52418.2129,52843.6285,53280.0170,51957.1084,51727.0280,50776.8584,51726.6774,52659.0820,54622.0878,54280.4148,52493.6479,54287.7896,56054.8743,66936.7207,66373.8699,63181.3748,66354.1548,69574.7417,74018.2764,73286.0010,67990.8147,73217.2029,78574.8171,78541.9636,77654.9902,70662.4312,77529.3118,84602.6982,74704.6052,73803.7317,65686.1882,73650.7688,81810.7769,75058.3772,74118.4958,66034.4221,73958.0598,82007.1929,82314.0005,81279.9873,72086.0544,81087.2803,90169.9507,81769.5522,81573.2334,68737.7185,78830.7070,95911.2686,80894.1880,81674.1533,65633.6448,77110.7300,98928.9478,82361.2861,84018.6084,63616.4971,77000.2285,104985.8364,82400.9248,85038.3696,60233.5398,74834.7427,109663.5337,82707.4126,85241.5532,59753.9792,74611.0967,111593.3042,82596.2417,84997.9604,58761.1567,73231.9155,113675.0342,81367.0078,84015.7783,56267.1670,70338.1865,116296.6104,79837.7695,82931.5151,52814.5647,66697.1758,119993.9683,11.00000000000,53,053
53,069,01513275,53069,Wahkiakum,Wahkiakum County,06,H1,G4020,,,,A,682138841.00000000000,61658244.00000000000,+46.2946377,-123.4244583,53069,237.0099,236.3529,234.4473,236.3479,238.2967,211.4787,210.5691,206.7155,210.5658,214.3436,200.4245,199.1969,192.6457,199.2209,205.6965,186.5801,185.0875,176.1852,185.0273,193.9821,190.8927,189.0874,175.4325,188.9131,202.6989,244.2426,241.5637,219.8623,241.1879,263.1128,243.0998,240.4046,214.1737,239.9604,266.2516,227.6493,224.9840,200.6304,224.5353,248.7356,221.4564,218.9233,194.4152,218.4563,242.6222,226.9815,226.6460,191.1839,219.0826,266.2879,214.8540,217.1486,174.7129,205.0847,262.7903,214.4308,218.9699,166.0205,200.7553,273.3618,213.3841,220.4345,156.3573,194.0674,284.0024,215.2308,222.0399,155.8691,194.4345,290.4202,217.6548,224.1906,155.2076,193.2407,299.5692,213.4636,220.6051,147.9557,184.7712,305.1138,202.3603,210.3735,134.1723,169.2644,304.1525,11.00000000000,53,069
53,013,01513273,53013,Columbia,Columbia County,06,H1,G4020,,,,A,2249738808.00000000000,12566851.00000000000,+46.2928505,-117.9116345,53013,214.7564,214.1513,212.4195,214.1472,215.9210,177.9714,177.1851,173.9315,177.1838,180.3764,182.2662,181.1088,175.1432,181.1354,187.0375,227.6951,225.8223,214.9607,225.7524,236.6954,210.6654,208.6426,193.5728,208.4491,223.6743,205.7821,203.4923,185.1902,203.1695,221.6713,197.2929,195.0175,173.6603,194.6370,216.0721,162.9749,161.0672,143.6327,160.7461,178.0707,172.5458,170.5330,151.4019,170.1610,189.0322,134.3767,134.2356,113.2876,129.7716,157.6607,144.9244,146.4886,117.8771,138.3554,177.2613,151.6210,154.8391,117.4058,141.9621,193.2914,150.0566,155.0223,109.9671,136.4822,199.7177,145.9855,150.6131,105.7377,131.8915,196.9854,145.4121,149.7868,103.7064,129.1118,200.1386,146.2148,151.1094,101.3496,126.5653,208.9920,142.3094,147.9430,94.3533,119.0327,213.8945,11.00000000000,53,013
53,063,01529225,53063,Spokane,Spokane County,06,H1,G4020,,44060,,A,4568198649.00000000000,43802705.00000000000,+47.6203793,-117.4043916,53063,29341.0905,29259.3704,29023.2594,29258.7676,29500.3315,29896.1934,29763.7054,29216.9253,29763.5115,30300.0820,31465.4217,31268.5007,30239.2025,31272.7595,32290.7325,38692.8309,38367.3498,36521.9310,38355.9620,40217.6623,43137.8847,42714.5664,39628.5837,42674.6014,45795.7149,38295.0942,37867.9118,34461.4093,37807.6376,41251.6943,33794.7706,33390.2351,29720.3762,33321.7168,37009.7956,37190.1379,36728.1884,32726.0067,36649.4631,40633.3748,39764.1642,39268.7018,34831.0040,39176.4467,43559.6985,37808.3097,37720.9876,31788.9092,36453.7245,44347.9442,36291.2574,36645.7107,29452.9313,34599.5904,44382.8624,36394.0233,37130.8446,28118.8677,34030.7031,46391.9623,35635.4779,36780.3522,26056.1843,32368.7308,47425.9679,34817.7888,35888.5876,25161.8416,31414.5125,46978.3970,33495.4467,34473.0459,23835.8953,29702.5094,46099.1921,32411.4908,33469.8773,22419.1068,28022.4192,46325.4734,31558.2246,32784.0308,20881.7007,26367.5936,47431.3224,11.00000000000,53,063
53,047,01531928,53047,Okanogan,Okanogan County,06,H1,G4020,,,,A,13643999206.00000000000,121250186.00000000000,+48.5509709,-119.6910346,53047,2124.0523,2118.1225,2101.0229,2118.0795,2135.5780,2179.7115,2170.0756,2130.2226,2170.0599,2209.1655,2232.2356,2218.1581,2145.1164,2218.4727,2290.7250,2427.4154,2406.9072,2291.1379,2406.1989,2523.0197,2294.1199,2271.4316,2107.3130,2269.2997,2435.3504,2402.9345,2376.4515,2162.8772,2372.7306,2588.5484,2100.1152,2075.4080,1847.6891,2071.2480,2299.9567,2044.6476,2019.8230,1800.3001,2015.6118,2233.9840,2394.0413,2364.9361,2098.4214,2359.5315,2622.6432,2152.4266,2147.9276,1810.5921,2075.8937,2524.8424,1674.9830,1692.0128,1360.5420,1597.7462,2048.5512,1695.1552,1730.1637,1310.9226,1585.9441,2160.9210,1653.8549,1707.6784,1210.4569,1503.1088,2201.1166,1574.0178,1623.1057,1138.6728,1421.0299,2123.8266,1519.3078,1564.3150,1082.3273,1348.1086,2091.0498,1418.7158,1465.6701,982.4381,1227.3829,2027.8026,1335.9631,1388.4227,885.0023,1116.9230,2007.9585,11.00000000000,53,047
17,013,00424208,17013,Calhoun,Calhoun County,06,H1,G4020,476,41180,,A,657402816.00000000000,77057174.00000000000,+39.1642619,-090.6662949,17013,298.9728,298.1483,295.7467,298.1418,300.5965,260.0116,258.8488,254.0880,258.8479,263.5213,227.3190,225.8735,218.4329,225.9069,233.2685,240.1846,238.1184,226.6651,238.0509,249.6207,213.0654,210.8265,195.5819,210.6235,226.0953,219.1678,216.6583,197.1269,216.3010,236.0700,179.5803,177.3783,157.8363,177.0024,196.6584,164.6888,162.6266,144.8890,162.2746,179.9355,168.6143,166.4544,147.5831,166.0510,184.7015,144.0105,143.6804,121.0873,138.8540,168.9203,110.2395,111.3091,89.4547,105.0919,134.8177,99.4533,101.4631,76.8334,92.9904,126.7740,90.8961,93.8155,66.4605,82.5624,120.9702,81.1991,83.6991,58.6852,73.2658,109.5593,75.8326,78.0509,53.9726,67.2519,104.3674,66.8732,69.0641,46.2691,57.8265,95.5819,59.3770,61.6914,39.3034,49.6207,89.2428,11.00000000000,17,013
17,151,00424277,17151,Pope,Pope County,06,H1,G4020,,,,A,955110060.00000000000,14328668.00000000000,+37.4171687,-088.5423737,17151,272.6684,271.8882,269.6834,271.8836,274.1453,291.3180,290.0084,284.6708,290.0078,295.2483,257.7394,256.1095,247.6750,256.1463,264.4902,290.7621,288.3511,274.4819,288.2632,302.2429,223.7192,221.6087,205.6057,221.4046,237.5590,229.5570,227.2042,206.8981,226.8824,247.3406,197.5935,195.4449,174.1572,195.0934,216.4162,192.7969,190.5122,169.8626,190.1266,210.6534,151.5680,149.7533,132.9057,149.4170,166.0443,111.0659,110.8653,93.4839,107.1558,130.2903,126.9735,128.3321,103.2555,121.2032,155.3032,120.7478,123.3052,93.4900,113.0487,153.9326,114.7140,118.5028,84.0542,104.3276,152.6778,108.7387,112.1749,78.7413,98.2270,146.7255,104.0982,107.2193,74.2230,92.4155,143.2752,98.6724,101.9637,68.3744,85.3972,141.0366,97.9227,101.7821,64.8939,81.8852,147.1791,11.00000000000,17,151
17,101,00424252,17101,Lawrence,Lawrence County,06,H1,G4020,,,,A,963936870.00000000000,5077778.00000000000,+38.7189542,-087.7302207,17101,901.0546,898.4712,891.1825,898.4561,905.9343,870.8249,866.9197,850.9692,866.9172,882.5763,828.7176,823.5893,796.4915,823.6947,850.4868,855.2221,848.1365,807.3425,847.8774,888.9945,754.1066,746.8378,692.8929,746.1441,800.6555,817.4897,808.3122,735.5613,807.0145,880.5876,894.5892,883.1834,785.4924,881.2116,979.6147,970.8223,957.7156,852.3079,955.4461,1060.6446,996.8368,983.3223,871.0762,980.7835,1091.8531,947.1837,943.9157,794.4394,911.9127,1110.7542,795.8313,802.3682,643.7085,757.1857,973.0713,766.5471,780.8256,590.0799,715.2080,976.9780,722.0735,744.0567,525.8902,654.3561,960.8741,680.5833,700.3433,489.8167,612.5699,918.1820,645.3327,663.0487,457.2705,570.8374,888.0702,602.3201,620.9533,414.7940,519.4576,860.8185,562.9696,583.9117,370.8607,469.2379,846.0737,11.00000000000,17,101
17,103,00424253,17103,Lee,Lee County,06,H1,G4020,,19940,,A,1877472815.00000000000,10506478.00000000000,+41.7474419,-089.2993505,17103,2060.8947,2055.1105,2038.5035,2055.0701,2072.0733,1727.8745,1720.1404,1688.4994,1720.1345,1751.1956,1655.3679,1644.8633,1590.6849,1645.1041,1698.7055,1721.5417,1707.0494,1624.9426,1706.5436,1789.3784,1766.7497,1748.7675,1622.3681,1747.1063,1875.1784,2020.8512,1997.2461,1816.9011,1993.8635,2176.5633,1753.6223,1731.3987,1540.0051,1727.5641,1920.3093,1704.5291,1681.8315,1497.0414,1677.9112,1862.2537,1783.7033,1759.6062,1558.8349,1755.0810,1953.7325,1579.9301,1574.6386,1325.4355,1521.2944,1852.8093,1375.6242,1387.1234,1113.0244,1309.0744,1682.0227,1319.9160,1344.6988,1016.4017,1231.7628,1682.2803,1243.1524,1281.1934,905.7268,1126.8104,1654.2988,1165.3934,1199.4047,839.0380,1049.1541,1572.2600,1100.5139,1130.8861,780.0840,973.6774,1514.4777,1014.6093,1046.1250,698.9476,875.1877,1450.0594,938.5333,973.5451,618.4425,782.3934,1410.5057,11.00000000000,17,103
17,123,00424260,17123,Marshall,Marshall County,06,H1,G4020,426,37900,,A,1001778707.00000000000,30368289.00000000000,+41.0311192,-089.3423714,17123,706.0174,704.0432,698.3577,704.0290,709.8480,638.5084,635.6569,623.9677,635.6542,647.1282,592.0447,588.3155,568.9438,588.3984,607.5600,642.2221,636.8140,606.1841,636.6254,667.5275,575.2259,569.4386,528.2861,568.9003,610.5730,685.5199,677.7354,616.6803,676.6303,738.4059,540.2970,533.6230,474.7893,532.4808,591.6737,466.3145,460.2439,409.8139,459.1998,509.4719,471.9210,465.6600,412.6457,464.4864,516.9202,422.4836,421.2649,354.7833,407.0466,495.5009,348.4273,351.5367,282.2590,331.8178,426.0659,320.0687,326.2792,246.8207,298.9452,407.9634,293.0898,302.2629,213.8871,265.9170,390.0412,263.9327,271.8421,190.3781,237.8703,356.0964,243.2492,250.1702,172.7877,215.4779,334.7652,211.0686,217.8174,145.7426,182.3063,301.6685,185.9975,193.1050,122.8634,155.2612,279.5429,11.00000000000,17,123
17,027,00424215,17027,Clinton,Clinton County,06,H1,G4020,476,41180,,A,1227874498.00000000000,75592326.00000000000,+38.6064228,-089.4231363,17027,2352.5045,2345.8864,2326.9216,2345.8409,2365.2626,2059.5327,2050.4009,2012.7310,2050.3878,2087.3551,2095.2988,2082.1342,2013.5828,2082.4237,2150.2277,2313.4665,2294.1209,2183.7770,2293.4321,2404.7105,2147.6716,2126.8262,1973.1906,2124.8454,2280.1466,2351.3650,2325.6871,2116.8262,2322.0912,2533.0644,2159.3665,2133.4462,1898.8991,2129.0519,2364.7869,2084.8960,2058.6915,1834.0533,2054.2151,2277.9076,2102.8910,2076.0598,1840.8018,2071.0510,2303.5380,1934.1158,1929.1652,1625.3179,1864.2231,2268.5389,1680.9439,1696.9591,1363.5004,1602.0847,2055.6667,1615.6864,1647.9916,1247.6072,1510.2582,2059.4885,1523.6173,1572.1697,1113.3683,1383.4470,2027.6919,1425.6336,1469.0960,1029.6058,1285.7985,1923.5222,1338.1349,1376.8271,951.6033,1186.1478,1841.6224,1210.9699,1250.1791,837.0386,1046.5643,1730.8058,1106.6692,1149.3589,731.7415,924.2829,1663.2813,11.00000000000,17,027
17,113,01784833,17113,McLean,McLean County,06,H1,G4020,,14060,,A,3064933852.00000000000,7490543.00000000000,+40.4945594,-088.8445391,17113,9414.9041,9388.7494,9313.0207,9388.5525,9466.0104,9455.3988,9413.3282,9240.3088,9413.2778,9583.0903,9718.3312,9657.5583,9339.6610,9658.8682,9973.2615,10677.1612,10587.0036,10077.7816,10583.8847,11097.7149,9332.2973,9240.4555,8572.8411,9231.8001,9907.1097,6234.8481,6163.1121,5607.2993,6152.8833,6715.5779,4448.3331,4390.7385,3904.2845,4380.7348,4871.0197,10192.8239,10066.8172,8970.4616,10045.3635,11136.5583,10200.2168,10074.1452,8936.7302,10050.6915,11173.9638,9398.9860,9379.0278,7905.7386,9064.4050,11025.1356,8856.2616,8943.3398,7188.5006,8444.1658,10830.9740,8664.9521,8840.9517,6695.7447,8102.9957,11045.4025,8254.6862,8520.4375,6036.6573,7498.6588,10985.9117,7905.6766,8149.3358,5714.1182,7133.6016,10666.8938,7672.6143,7897.0566,5460.8465,6804.4335,10559.7249,7718.0353,7970.5560,5339.4523,6673.4964,11031.3582,7892.8170,8199.8549,5223.4027,6595.1873,11862.7602,11.00000000000,17,113
17,145,01784940,17145,Perry,Perry County,06,H1,G4020,,,,A,1144154902.00000000000,13447403.00000000000,+38.0843845,-089.3684869,17145,1103.2312,1100.1237,1091.2280,1100.1026,1109.2137,1171.9179,1166.7738,1145.3655,1166.7627,1187.7642,1008.1899,1001.8859,968.9071,1002.0218,1034.6371,959.3670,951.3690,905.6097,951.0818,997.2204,962.1014,952.6208,883.7938,951.7280,1021.3529,994.8554,983.8385,895.3864,982.2880,1071.6873,891.4577,880.5503,783.5600,878.6894,976.2383,1032.2995,1018.6034,906.7351,1016.2394,1127.8238,943.8262,931.2977,825.2648,928.9492,1033.8222,805.6295,803.0199,676.0184,775.8398,944.7961,720.1578,726.3810,583.0393,685.5728,880.5945,660.9979,673.5884,509.3160,617.0779,842.4874,599.9452,618.4710,437.3898,544.0082,798.3792,552.9939,569.3064,398.4341,498.0579,746.0728,508.7193,522.9308,360.8993,450.3063,700.0904,452.8303,467.0604,312.2381,390.8111,647.1876,407.0562,422.3937,268.4997,339.5230,611.7673,11.00000000000,17,145
06,027,01804637,06027,Inyo,Inyo County,06,H1,G4020,,13860,,A,26368354217.00000000000,119208057.00000000000,+36.5619770,-117.4039269,06027,931.9825,929.3928,921.8961,929.3733,937.0415,907.0432,903.0569,886.4848,903.0487,919.3066,923.8095,917.9966,887.7709,918.1253,948.0226,1118.8728,1109.5740,1056.2053,1109.2371,1163.0383,948.2591,938.9411,871.1047,938.0621,1006.6753,952.6682,942.4382,857.9121,941.0142,1026.3352,897.5613,887.2968,790.2033,885.5857,983.0049,772.7390,763.3880,680.4508,761.8028,844.2972,898.4394,887.6667,787.7855,885.6694,984.2477,879.9693,878.5280,740.9347,849.1726,1032.3193,624.6643,631.3315,507.9511,596.2560,764.0334,616.0969,629.1456,477.0181,576.8137,785.4168,612.3983,632.6333,448.7366,556.9617,815.0682,571.9866,590.0995,414.2597,516.7414,771.8077,549.9821,566.5270,392.2394,488.3292,756.9703,510.2058,527.3178,353.7094,441.6811,729.2645,464.7975,483.2459,308.2544,388.8328,698.6049,11.00000000000,06,027
06,075,00277302,06075,San Francisco,San Francisco County,06,H6,G4020,488,41860,41884,C,121399963.00000000000,479190317.00000000000,+37.7272391,-123.0322294,06075,59259.5101,59090.5599,58611.6866,59089.5192,59580.5704,63085.6049,62802.2028,61646.4427,62802.0569,63936.7766,66050.1020,65632.0701,63470.5356,65641.5488,67779.9164,89888.9558,89121.3375,84834.6862,89095.6671,93424.0239,106207.5905,105138.8302,97540.5719,105039.4326,112733.8110,95424.2798,94332.2605,85828.7898,94176.8312,102783.5619,86853.6139,85793.4974,76345.8621,85612.7734,95113.9757,92946.6863,91774.2525,81755.9184,91573.8299,101551.0851,99974.9896,98708.7128,87532.6609,98472.5083,109515.2190,100332.4586,100081.9370,84324.8613,96714.5417,117682.2190,117612.8027,118740.4406,95414.2103,112104.0269,143832.6755,117472.7214,119829.7415,90724.8759,109817.5872,149741.5134,115643.5415,119337.9349,84521.1811,105016.1082,153903.9509,115727.0457,119265.9816,83597.8572,104389.5941,156144.5574,114473.6452,117795.4394,81427.5993,101486.5362,157546.5138,112939.4558,116609.6655,78089.0064,97623.2135,161422.1782,111116.0544,115416.1932,73495.8021,92820.3904,167004.0191,11.00000000000,06,075
06,087,00277308,06087,Santa Cruz,Santa Cruz County,06,H1,G4020,488,42100,,A,1152986019.00000000000,419568865.00000000000,+37.0124883,-122.0072050,06087,17198.8919,17150.7755,17012.2639,17150.4321,17292.2041,16797.2291,16722.5224,16415.1750,16722.4313,17024.0778,17094.9249,16987.8874,16428.6671,16990.2070,17543.2808,18241.1710,18088.3798,17218.3544,18082.9669,18960.4465,16999.8986,16832.6656,15616.5271,16816.9003,18047.0330,18879.9079,18672.6389,16995.0233,18643.5576,20338.5158,15498.0950,15317.6303,13638.6048,15287.3536,16973.0683,20902.4028,20651.8783,18410.6018,20609.4949,22838.1759,21756.5791,21495.2779,19076.1675,21446.8243,23834.4581,20498.2832,20461.4663,17253.7311,19776.8879,24046.3871,22510.1133,22741.6998,18289.1075,21475.5398,27530.9417,22672.8269,23143.6920,17538.2801,21215.4233,28902.7955,22376.8241,23107.3996,16381.6079,20340.1467,29781.5373,22589.9872,23296.1079,16344.8022,20396.3982,30480.8789,22999.4686,23681.7576,16386.0927,20409.0572,31654.6474,22776.6773,23530.7408,15772.9086,19705.2362,32555.2374,22719.2694,23611.0148,15049.5969,18993.8291,34147.1382,11.00000000000,06,087
06,031,00277280,06031,Kings,Kings County,06,H1,G4020,,25260,,A,3598582308.00000000000,5468555.00000000000,+36.0724780,-119.8155301,06031,7114.8330,7094.7570,7037.3693,7094.6224,7153.4099,6494.4651,6466.0844,6347.5108,6466.0142,6582.3177,6048.6044,6012.2049,5814.6240,6012.8551,6208.0709,6436.6087,6385.8766,6078.7347,6383.7494,6692.4462,6332.5181,6274.4448,5821.4959,6268.7322,6725.3613,7350.6531,7271.4222,6619.0675,7260.3784,7918.9701,9496.3610,9379.0631,8344.9972,9358.9888,10399.3687,9521.8632,9398.3146,8368.9282,9377.0787,10403.1349,10553.4151,10416.5553,9233.8918,10390.9619,11560.0993,9383.5179,9357.0851,7881.0135,9041.4427,11005.4126,7310.5384,7376.2448,5923.0442,6962.6303,8939.5919,7420.4793,7565.0681,5723.3543,6931.5111,9458.3040,7299.5122,7528.5623,5327.9512,6623.5039,9714.1737,6959.4866,7168.3383,5020.4771,6272.6357,9389.7226,6661.4257,6850.9969,4731.8869,5900.9501,9167.6138,6242.7224,6442.1656,4310.2996,5391.8208,8922.3623,5752.6779,5972.2518,3799.5676,4801.7318,8645.9095,11.00000000000,06,031
06,023,01681908,06023,Humboldt,Humboldt County,06,H1,G4020,,21700,,A,9241044673.00000000000,1254256396.00000000000,+40.7066731,-123.9258181,06023,6688.3777,6669.5438,6615.6164,6669.4156,6724.6477,7674.1865,7639.7400,7499.1597,7639.7203,7777.7372,8497.2323,8443.6615,8165.6237,8444.8568,8719.8870,9061.2608,8985.0036,8552.8366,8982.3393,9418.3304,7572.9255,7498.8034,6957.0574,7491.7946,8039.6384,8348.7964,8256.9737,7515.0313,8244.0816,8993.7520,6610.3426,6532.9624,5816.4959,6519.9566,7239.4107,7907.1998,7811.5781,6962.9645,7795.3708,8639.4366,8416.9982,8314.4485,7377.2312,8295.4013,9220.6932,7829.3397,7813.7397,6587.3117,7551.9010,9184.1684,7582.1257,7658.7154,6157.8750,7231.8734,9273.0713,7577.3267,7733.2561,5858.8327,7088.4511,9659.2275,7296.5672,7533.3845,5339.2572,6630.6895,9710.9491,7093.3108,7313.7177,5130.0341,6402.8435,9570.9521,7003.7515,7210.3210,4987.7592,6213.4027,9639.3127,6723.0253,6944.5283,4653.8103,5815.0758,9609.3020,6528.6027,6783.9364,4323.0107,5456.9343,9812.4551,11.00000000000,06,023
06,095,00277312,06095,Solano,Solano County,06,H1,G4020,488,46700,,A,2128361199.00000000000,218665937.00000000000,+38.2672255,-121.9395940,06095,26888.5092,26813.6139,26597.2356,26813.0605,27034.4382,26255.3809,26139.7761,25659.9683,26139.5535,26610.2970,27433.5336,27261.9662,26364.5822,27265.6642,28153.1595,33829.8301,33545.5269,31932.0325,33535.5527,35163.1899,37445.5198,37077.8284,34399.0613,37043.1284,39752.4753,38573.6050,38144.5405,34713.9363,38084.0613,41552.0642,35305.3477,34885.2795,31053.3781,34814.2776,38664.3721,34482.5258,34055.0360,30344.9681,33982.2103,37675.1281,36420.8827,35966.1821,31900.7775,35881.4985,39897.1898,34664.1149,34586.5151,29149.7266,33425.2207,40660.5004,34134.1344,34467.7343,27702.6478,32543.2874,41744.8165,34140.2964,34831.6985,26377.9535,31923.5907,43519.1289,33567.9316,34646.5956,24544.7892,30490.9882,44674.3652,32974.2606,33988.5812,23829.9540,29751.4576,44491.0087,31991.9058,32925.8494,22766.3485,28369.5123,44029.9144,30518.9604,31515.7339,21110.3694,26386.4041,43620.5096,29132.9219,30264.6589,19277.1514,24341.3674,43786.1530,11.00000000000,06,095
06,047,00277288,06047,Merced,Merced County,06,H1,G4020,,32900,,A,5011554741.00000000000,112760487.00000000000,+37.1948063,-120.7228019,06047,14903.8313,14861.9569,14741.8364,14861.6669,14984.6657,15775.7822,15705.7942,15417.2271,15705.6968,15988.8864,16307.9589,16205.3684,15671.8002,16207.6373,16735.4054,18532.5034,18375.3439,17491.5109,18369.9767,19262.0358,20094.9290,19894.5125,18456.9180,19875.7739,21330.9029,21061.8033,20823.7511,18948.5172,20790.0113,22686.9911,18426.6057,18205.4237,16203.9567,18167.9259,20179.5285,19913.1904,19666.2188,17523.6128,19624.1419,21756.8692,21304.0782,21037.8638,18659.6211,20988.2794,23337.4848,19694.8951,19649.3017,16559.1117,18989.1413,23101.4596,17524.0673,17694.5484,14220.8416,16706.3613,21431.1759,17822.9803,18183.1988,13769.3645,16664.8293,22719.1220,17661.9002,18228.7727,12913.1896,16042.1125,23505.5349,17406.8102,17941.6702,12578.5942,15704.7705,23486.3439,17088.6300,17586.9922,12159.8656,15153.0667,23518.7494,16444.8312,16981.5056,11374.3533,14217.5109,23504.4382,15864.1618,16480.1003,10496.6487,13254.5286,23843.4719,11.00000000000,06,047
37,061,01026132,37061,Duplin,Duplin County,06,H1,G4020,,,,A,2113998631.00000000000,14128054.00000000000,+34.9344033,-077.9335434,37061,3720.6024,3710.2842,3680.3667,3710.2056,3740.8014,3891.4040,3874.2979,3803.1983,3874.2629,3944.0154,3590.1652,3567.8606,3450.4507,3568.3276,3684.4242,3331.1738,3303.6825,3144.7814,3302.6661,3462.7894,2969.7279,2941.3088,2728.8730,2938.5849,3153.1767,2884.5105,2853.3624,2597.3374,2849.0180,3107.5105,2963.8855,2929.8452,2609.1144,2924.1622,3246.0166,2861.0279,2826.5561,2519.6188,2820.7177,3125.9774,2928.1004,2893.4445,2568.3362,2887.0290,3207.8131,2351.7703,2347.8782,1980.1200,2269.4149,2758.9252,2170.7927,2193.7357,1764.8024,2071.7864,2655.0823,1996.2859,2038.4037,1545.3562,1868.7951,2544.8989,1744.9254,1802.6070,1278.6424,1587.0000,2322.4013,1615.9621,1667.1449,1170.3746,1459.8984,2180.4926,1518.0786,1563.7924,1082.7525,1347.9607,2089.4177,1394.8426,1441.6383,967.0239,1207.5211,1993.7245,1225.7067,1274.2905,812.7725,1025.3009,1842.2707,11.00000000000,37,061
37,147,01008578,37147,Pitt,Pitt County,06,H1,G4020,,24780,,A,1688606138.00000000000,7382149.00000000000,+35.5910652,-077.3724038,37147,9867.3968,9840.2185,9760.9704,9840.0016,9920.9928,10231.0487,10186.6128,9999.9583,10186.4832,10369.5254,10284.9140,10221.8912,9885.7106,10223.1279,10555.4332,11092.3820,11002.3375,10473.1496,10998.8504,11531.6021,10467.5462,10368.4536,9619.6877,10358.8936,11114.8677,11446.0357,11322.0480,10305.9013,11304.7351,12330.8094,7859.3398,7766.7153,6914.3872,7751.1104,8607.1957,12624.9932,12473.1164,11118.8918,12447.4021,13794.1620,13995.5874,13826.1911,12268.8317,13794.7516,15332.0883,12512.9679,12489.8349,10531.1786,12071.7854,14678.7122,14349.7495,14495.9869,11656.4990,13688.4817,17550.2013,14394.0574,14691.6112,11131.9273,13467.0747,18349.0448,14098.8817,14557.8846,10319.2586,12813.9995,18764.2256,14180.5037,14622.5119,10258.0343,12801.9259,19133.7734,14339.2927,14763.5147,10214.0748,12722.7989,19735.3740,14237.4966,14707.7604,9857.5666,12316.1943,20349.9100,14431.5795,14996.9637,9557.8051,12063.8244,21690.6464,11.00000000000,37,147
27,103,00659497,27103,Nicollet,Nicollet County,06,H1,G4020,,31860,,A,1161593168.00000000000,47263601.00000000000,+44.3588195,-094.2456850,27103,1748.6012,1743.6227,1729.4958,1743.5916,1758.0758,1859.4665,1851.0191,1816.9045,1851.0214,1884.5282,2151.3322,2137.4715,2067.0204,2137.8086,2207.5368,2697.8026,2674.3455,2545.7108,2673.6038,2803.6318,2581.3688,2554.7902,2370.1055,2552.3515,2739.5912,840.9161,830.0610,754.4500,828.4571,905.4106,1069.0732,1054.4926,937.0048,1051.9209,1170.5730,2088.5978,2061.9016,1836.4681,2057.3263,2281.9262,2169.5728,2141.5824,1898.5829,2136.3510,2376.5448,1948.2693,1942.8078,1636.3573,1877.2784,2285.0245,1750.9162,1767.0697,1419.3328,1668.1120,2141.1516,1740.2386,1774.5141,1342.8738,1626.0284,2218.1903,1659.5922,1711.9660,1211.8545,1506.2706,2208.6077,1539.5381,1585.9629,1110.9879,1387.8816,2077.1611,1451.9648,1493.4522,1031.6838,1286.4192,1998.2422,1552.2860,1602.1550,1072.2681,1341.0514,2218.6119,1599.9295,1661.3435,1057.3497,1335.8783,2404.6138,11.00000000000,27,103
27,119,00659505,27119,Polk,Polk County,06,H1,G4020,,24220,,A,5105199042.00000000000,69042023.00000000000,+47.7742536,-096.4000266,27119,1737.3603,1732.4720,1718.4659,1732.4386,1746.7823,1637.4170,1630.0682,1600.0735,1630.0639,1659.5115,1682.5630,1671.8071,1616.7234,1672.0610,1726.5683,2163.4573,2144.8805,2041.7135,2144.2697,2248.4748,2187.5314,2165.4526,2008.9522,2163.4028,2321.9069,1801.6886,1781.2888,1620.8559,1778.3956,1940.7014,1659.1685,1639.2072,1458.9555,1635.8205,1816.9998,1840.6700,1817.8655,1619.8360,1813.9811,2011.0914,1953.6106,1929.1102,1710.9417,1924.5449,2140.0658,1890.8921,1886.3320,1589.4989,1822.9072,2217.9094,1596.1602,1611.6068,1295.1467,1521.5782,1952.0216,1616.0992,1648.6780,1248.3903,1510.9780,2060.0470,1605.7553,1657.2105,1173.8782,1458.3863,2137.0298,1552.1444,1599.7586,1121.4824,1400.2755,2094.2421,1506.3740,1550.2312,1071.7711,1335.6593,2073.1873,1477.6182,1525.7742,1021.9037,1277.4041,2111.9408,1437.2641,1493.0093,950.8744,1200.7653,2160.1715,11.00000000000,27,119
37,191,01026128,37191,Wayne,Wayne County,06,H1,G4020,,24140,,A,1432488557.00000000000,9752596.00000000000,+35.3627413,-078.0048260,37191,7115.8906,7096.1828,7038.9775,7096.0313,7154.5262,7162.9278,7131.6128,7000.8280,7131.5364,7259.8192,6833.2557,6790.8127,6567.3452,6791.7002,7012.6667,7435.5839,7373.6379,7018.9776,7371.4087,7728.9941,7295.6697,7224.2375,6702.3251,7217.4846,7745.2800,7314.5646,7233.7293,6583.4854,7222.3609,7879.5114,7047.3036,6963.2338,6198.1756,6949.0112,7717.7734,7370.1194,7278.8619,6485.9906,7263.3194,8052.4966,7596.8412,7502.1242,6654.2583,7484.4866,8321.9613,6960.0546,6944.7863,5853.4076,6711.6890,8164.1181,5953.2899,6011.4921,4831.6170,5675.8568,7280.6623,5789.5775,5906.8456,4473.2573,5413.6878,7380.0605,5594.2699,5774.0540,4090.5492,5081.5052,7445.2163,5369.8026,5535.0261,3880.7421,4845.0294,7245.2895,5210.1787,5362.3481,3707.8302,4620.3246,7170.6857,4968.3630,5130.7240,3436.8426,4295.7130,7101.2484,4707.7152,4890.6969,3115.2556,3933.5490,7075.6005,11.00000000000,37,191
27,055,00659473,27055,Houston,Houston County,06,H1,G4020,,29100,,A,1429824576.00000000000,43456185.00000000000,+43.6669899,-091.5015556,27055,1115.6532,1112.5384,1103.5567,1112.5158,1121.7070,1006.2718,1001.8355,983.4434,1001.8273,1019.8728,1082.8775,1075.9893,1040.5446,1076.1487,1111.2180,1207.3878,1197.1755,1139.5928,1196.8240,1254.9336,1015.9243,1005.8130,933.1340,1004.8664,1078.4244,1210.7663,1197.4721,1089.8857,1195.6067,1304.3060,963.5292,952.1415,847.6237,950.2211,1055.2101,992.8598,980.7732,874.1467,978.7219,1084.7978,991.5523,979.2971,868.7302,977.0171,1086.2092,870.2426,868.4388,732.0637,839.3186,1020.8169,815.3853,823.5718,662.1333,777.6564,997.2222,790.4627,806.6860,611.1149,739.4092,1007.6402,756.5553,781.0730,553.5454,687.4663,1006.8907,721.6153,744.0053,521.8316,651.3316,973.6673,704.6162,725.3694,501.7458,625.0662,969.7660,653.7446,675.2555,452.4852,565.4208,934.4032,618.8707,643.0555,409.7601,517.2596,930.1581,11.00000000000,27,055
27,105,00659498,27105,Nobles,Nobles County,06,H1,G4020,,49380,,A,1852116504.00000000000,19298885.00000000000,+43.6776863,-095.7631323,27105,1255.0401,1251.4804,1241.3480,1251.4575,1261.8423,1232.8754,1227.3455,1204.7630,1227.3420,1249.5122,1257.2439,1249.2961,1208.1536,1249.4754,1290.1756,1501.4465,1488.6640,1417.0608,1488.2325,1560.5190,1443.9299,1429.4371,1326.1366,1428.0871,1532.6808,1584.2689,1566.5583,1425.6104,1564.0575,1706.5725,1561.5326,1542.7737,1373.1509,1539.5927,1710.0794,1664.2108,1643.3173,1464.0271,1639.7490,1818.2783,1934.2182,1909.9882,1694.0102,1905.4739,2118.8258,1950.8719,1946.3150,1640.1846,1880.9134,2288.2983,1732.9698,1749.6379,1405.9765,1651.8668,2119.3160,1834.2738,1871.1686,1416.7803,1714.8578,2338.1448,1906.0229,1967.0391,1393.2830,1731.0204,2536.6375,1934.3323,1993.6275,1397.5530,1745.0136,2609.9080,1994.7916,2052.8443,1419.2326,1768.6942,2745.3830,2015.1097,2080.7739,1393.6109,1742.0556,2880.1699,2020.0255,2098.3751,1336.4244,1687.6365,3036.0470,11.00000000000,27,105
27,141,00659515,27141,Sherburne,Sherburne County,06,H1,G4020,378,33460,,A,1121251072.00000000000,46945726.00000000000,+45.4431712,-093.7750915,27141,6736.2605,6717.3410,6663.0522,6717.2096,6772.7973,6396.9740,6368.5664,6251.5399,6368.5286,6483.3783,6110.3483,6071.8899,5871.9656,6072.7418,6270.4950,6424.8871,6370.9787,6064.5436,6369.0786,6678.1708,5977.3316,5918.6808,5491.0769,5913.1433,6345.6132,6017.7659,5950.7325,5415.4800,5941.2791,6482.3994,6392.1040,6315.5620,5621.4071,6302.5962,7000.2058,6473.7995,6393.0420,5696.0628,6379.2673,7073.1542,6227.5706,6149.6150,5454.2867,6135.0922,6821.9557,5191.1698,5178.7215,4363.8664,5004.6150,6088.9658,4688.9690,4734.5706,3805.0891,4470.1545,5734.4040,4506.3563,4597.3621,3481.3158,4213.4395,5744.2866,4205.5536,4340.4110,3074.6061,3819.7043,5596.9965,3932.5601,4053.2306,2841.4801,3547.8235,5306.0382,3706.8574,3814.7488,2637.3390,3286.7255,5101.6586,3422.3753,3533.8534,2366.7724,2958.5779,4891.5532,3079.3319,3198.6750,2037.0823,2572.5228,4628.1520,11.00000000000,27,141
37,185,01008593,37185,Warren,Warren County,06,H1,G4020,,,,A,1109696231.00000000000,39641663.00000000000,+36.3979785,-078.0999244,37185,1088.1668,1085.1653,1076.4236,1085.1415,1094.0767,985.1466,980.8839,962.9191,980.8703,998.4851,919.2122,913.5623,883.5129,913.6748,943.3801,976.3164,968.3318,921.7570,968.0290,1014.9374,950.7552,941.6001,873.5881,940.7259,1009.4488,985.9972,975.3099,887.7721,973.8172,1062.2125,847.4019,837.2958,745.3037,835.5862,928.0228,830.2218,820.0943,730.9155,818.3747,907.0984,863.0586,852.2416,755.8660,850.2261,945.4308,718.1640,716.6533,604.0926,692.6168,842.4195,669.1986,675.5996,542.8657,637.8356,818.3831,627.7810,640.3402,484.7746,586.8252,800.2228,585.9002,604.5654,428.1315,531.9916,779.7394,544.6477,561.2269,393.3062,491.1932,734.8583,511.2967,526.0405,363.5337,453.1718,703.6743,465.5386,480.5570,321.6892,402.2664,665.3776,428.1788,444.6383,283.0140,357.5416,643.5327,11.00000000000,37,185
27,069,00659480,27069,Kittson,Kittson County,06,H1,G4020,,,,A,2845889450.00000000000,12431026.00000000000,+48.7760403,-096.7803493,27069,266.0752,265.3180,263.1686,265.3133,267.5169,230.8409,229.8133,225.5890,229.8121,233.9581,200.6648,199.3827,192.8135,199.4129,205.9133,219.7519,217.8849,207.4048,217.8214,228.4002,229.2007,226.8525,210.4545,226.6365,243.2571,312.9419,309.3815,281.5060,308.8757,337.0826,331.2716,327.2989,291.3196,326.6256,362.7859,260.8606,257.6172,229.5419,257.0643,285.0122,263.3739,260.1471,230.8045,259.5474,288.5199,297.1448,296.5539,250.0085,286.6167,348.5646,229.8409,232.1211,186.5942,219.1715,281.0927,229.0675,233.7409,177.0455,214.2376,291.9998,237.8086,245.4855,173.9455,216.0545,316.4941,237.4637,244.8028,171.6706,214.2986,320.4044,239.4746,246.4995,170.4762,212.4022,329.5875,228.7390,236.2409,158.2768,197.8046,326.9370,214.0095,222.3504,141.6578,178.8442,321.6534,11.00000000000,27,069
27,015,00659453,27015,Brown,Brown County,06,H1,G4020,,35580,,A,1582716009.00000000000,19099484.00000000000,+44.2465415,-094.7336472,27015,1340.5956,1336.8331,1326.0303,1336.8067,1347.8673,1180.8389,1175.5672,1153.9507,1175.5623,1196.7806,1255.4467,1247.5611,1206.4874,1247.7343,1288.3600,1476.4204,1463.9567,1393.5422,1463.5252,1534.5759,1253.4628,1241.0446,1151.3729,1239.8789,1330.6141,1082.8449,1070.8235,974.5317,1069.1301,1166.4635,1175.8786,1161.8420,1034.1811,1159.4669,1287.7489,1296.9688,1280.9480,1141.4555,1278.2208,1417.0534,1401.4415,1383.7575,1227.1532,1380.4601,1535.1838,1216.9323,1214.1437,1023.2261,1173.3596,1427.4282,1100.6150,1111.3973,893.2844,1049.3523,1346.0166,1095.7743,1117.9914,846.6776,1024.6589,1396.8024,1050.3124,1084.0838,768.0216,954.0636,1397.8252,997.1666,1027.8528,720.6573,899.7224,1345.4428,967.2729,995.5195,688.3545,857.7614,1331.2419,937.5383,968.1672,648.5220,810.5969,1340.0168,888.9308,923.4685,588.2115,742.7327,1336.0441,11.00000000000,27,015
37,115,01025834,37115,Madison,Madison County,06,H1,G4020,120,11700,,A,1164379747.00000000000,4836699.00000000000,+35.8640801,-082.7127309,37115,1348.3915,1344.6244,1333.7678,1344.5972,1355.7078,1347.8290,1341.8625,1317.2150,1341.8532,1366.0396,1232.4170,1224.6717,1184.3506,1224.8423,1264.7240,1199.8697,1189.8279,1132.5989,1189.4713,1247.1878,1333.8689,1320.8024,1225.3810,1319.5675,1416.0669,1122.3855,1109.9488,1010.1539,1108.1981,1209.0644,1224.4121,1209.9639,1077.1650,1207.5288,1340.9191,1514.2107,1495.5487,1332.7287,1492.3733,1654.4120,1328.8289,1312.4262,1164.2694,1309.3752,1455.6859,1359.6305,1356.9432,1143.9813,1311.4780,1594.9131,1311.8478,1325.1121,1065.4488,1251.2639,1604.4147,1270.6102,1296.7874,982.4959,1188.6706,1619.7190,1239.3980,1279.6622,906.9942,1126.3398,1649.5093,1232.6771,1271.0216,891.5712,1112.7411,1663.2459,1209.3567,1245.0723,861.3317,1072.9443,1664.4499,1194.8421,1234.2513,827.1689,1033.5314,1707.8054,1158.6599,1204.0168,767.2982,968.5174,1741.4623,11.00000000000,37,115
27,011,00659451,27011,Big Stone,Big Stone County,06,H1,G4020,,,,A,1292461863.00000000000,75355978.00000000000,+45.4199252,-096.4022263,27011,253.4761,252.7795,250.7446,252.7739,254.8531,227.7115,226.7128,222.5534,226.7106,230.7908,230.2907,228.8759,221.3477,228.9040,236.3459,284.1853,281.8374,268.2815,281.7508,295.4119,215.7449,213.6660,198.2327,213.4676,229.0627,267.2587,264.3879,240.6748,263.9883,287.9247,237.6306,234.9471,209.2682,234.5019,260.2558,222.6228,220.0031,196.1755,219.5617,243.2427,239.6608,236.8967,210.3532,236.3866,262.5637,211.3805,210.9719,177.8703,203.9056,247.9619,175.4224,177.2254,142.5247,167.3577,214.5497,173.7807,177.3926,134.4309,162.6137,221.5320,165.5855,170.9924,121.2230,150.5153,220.3794,155.0124,159.8545,112.1523,139.9558,209.1594,150.8990,155.3728,107.5040,133.8999,207.6852,139.6827,144.3010,96.7197,120.8387,199.6513,127.6438,132.6459,84.5389,106.7033,191.8485,11.00000000000,27,011
27,131,00659511,27131,Rice,Rice County,06,H1,G4020,378,22060,,A,1283814887.00000000000,52450706.00000000000,+44.3509428,-093.2985032,27131,3849.0274,3838.1847,3807.1482,3838.1112,3869.8995,3545.5154,3529.7033,3464.8070,3529.6870,3593.3858,3486.0299,3464.0831,3350.0228,3464.5699,3577.3924,3738.5399,3706.7423,3528.4519,3705.6660,3885.6476,3352.3168,3318.8462,3079.0203,3315.7187,3558.4829,1171.4997,1157.5241,1052.8172,1155.5077,1261.6821,2046.0910,2019.6572,1795.9491,2015.0689,2240.5201,3766.3036,3718.7229,3312.7040,3710.5867,4114.9592,3725.8646,3679.0188,3262.8256,3670.2874,4081.4516,3280.1769,3271.8313,2756.5597,3161.7041,3847.3563,3096.6012,3125.6008,2510.9313,2950.6975,3786.8263,3032.7571,3092.9234,2341.0185,2834.2657,3865.7478,2899.0276,2990.9239,2117.6041,2631.7127,3858.1012,2789.4114,2873.9389,2013.6556,2515.1577,3763.5404,2722.2717,2800.5211,1935.1061,2412.4824,3746.5181,2897.7581,2991.4469,2002.7290,2504.1780,4141.6759,2947.3771,3061.1104,1948.9056,2461.6771,4429.7971,11.00000000000,27,131
27,013,00659452,27013,Blue Earth,Blue Earth County,06,H1,G4020,,31860,,A,1936906099.00000000000,45969834.00000000000,+44.0382246,-094.0640707,27013,3091.1870,3082.5179,3057.6121,3082.4570,3107.9550,3060.0434,3046.4621,2990.4855,3046.4436,3101.3777,3517.7900,3495.6267,3380.5240,3496.1199,3609.9756,4168.0766,4132.7833,3934.0011,4131.5725,4332.1868,3741.6646,3704.0198,3436.3354,3700.5183,3971.5865,2725.6404,2695.6934,2453.4874,2691.4903,2936.2086,1146.3601,1132.4717,1007.8557,1130.1098,1255.3986,3822.1581,3775.2658,3364.4680,3767.2943,4176.0654,4373.3559,4319.7142,3832.4219,4309.7434,4790.9010,4011.3299,4002.5296,3373.5282,3868.1870,4705.2748,4748.4283,4795.7925,3855.4151,4528.3236,5807.3123,4848.5178,4947.6796,3747.8286,4534.9285,6180.5931,4780.1043,4934.6632,3496.8375,4343.1440,6361.7551,4856.1253,5006.4421,3511.0603,4382.6952,6552.2829,5012.1280,5159.3650,3568.3788,4445.7767,6898.1797,5152.6055,5321.7667,3565.6707,4455.9885,7364.6395,5442.4649,5654.6982,3602.7004,4548.3229,8179.9571,11.00000000000,27,013
37,113,01025833,37113,Macon,Macon County,06,H1,G4020,,,,A,1335290241.00000000000,10694329.00000000000,+35.1529593,-083.4219010,37113,1922.2226,1916.8184,1901.3242,1916.7812,1932.6477,1909.1633,1900.7596,1865.8717,1900.7432,1934.9718,1811.3825,1800.0280,1740.7705,1800.2753,1858.8833,2102.5527,2085.2936,1984.9950,2084.6457,2185.6845,2104.2963,2083.8607,1933.3277,2081.9193,2234.0883,2109.6229,2086.7333,1899.4263,2083.5352,2272.6850,1967.9307,1945.4164,1732.5292,1941.6628,2155.2673,1924.5565,1901.7053,1695.5352,1897.8470,2102.8023,2016.9543,1993.2340,1769.4292,1988.8462,2209.6463,1876.4123,1873.2384,1579.7594,1810.6185,2201.2533,1698.7250,1716.7840,1381.2070,1621.3808,2077.7164,1676.4989,1712.0030,1298.0372,1569.5986,2137.2451,1632.8449,1686.8950,1196.6383,1485.1557,2173.2348,1567.8844,1617.6804,1135.7887,1416.6368,2115.6314,1514.6136,1560.4166,1080.6200,1345.1296,2084.6642,1459.0245,1508.1559,1011.8433,1263.3124,2085.4758,1388.1393,1443.3914,920.8923,1161.4576,2086.4256,11.00000000000,37,113
37,175,01008589,37175,Transylvania,Transylvania County,06,H1,G4020,120,14820,,A,980383414.00000000000,5140678.00000000000,+35.2100946,-082.8166964,37175,1913.8302,1908.5157,1893.1229,1908.4755,1924.2192,1880.9421,1872.6430,1838.2606,1872.6282,1906.3635,1848.8419,1837.2597,1776.7782,1837.5113,1897.3290,1975.9116,1959.4716,1865.2241,1958.8777,2053.8953,2053.5645,2033.9284,1887.0294,2032.0454,2180.4295,1822.7468,1803.1502,1641.4131,1800.4214,1963.6874,1579.1730,1561.3666,1390.7380,1558.4135,1729.5320,1678.1564,1658.3841,1478.7465,1655.0511,1833.5904,1714.7444,1694.7231,1504.5844,1691.0227,1878.5820,1536.4403,1533.8253,1293.5064,1482.5471,1802.4221,1464.8495,1480.4592,1191.1113,1398.2002,1791.6685,1429.9775,1460.2496,1107.1470,1338.7822,1822.9719,1354.2139,1399.0264,992.4175,1231.7085,1802.3896,1299.6787,1340.9236,941.4415,1174.2620,1753.7238,1223.0451,1259.9728,872.4951,1086.1136,1683.3543,1154.8687,1193.7310,800.8616,999.9220,1650.7248,1094.9393,1138.5061,726.3564,916.1183,1645.7339,11.00000000000,37,175
37,181,01008591,37181,Vance,Vance County,06,H1,G4020,,25780,,A,656606884.00000000000,42223392.00000000000,+36.3654806,-078.4054343,37181,2874.3043,2866.3678,2843.2732,2866.3056,2889.9137,2643.7073,2632.1030,2583.8089,2632.0780,2679.4549,2284.4381,2270.2984,2195.6001,2270.5894,2344.4451,2191.8872,2174.2380,2069.6623,2173.5390,2278.7702,2288.3890,2266.4812,2102.7839,2264.3820,2429.7436,2289.0044,2264.2050,2060.9915,2260.7419,2465.9423,1830.3005,1809.2810,1611.2199,1805.7718,2004.5263,1848.4297,1826.6114,1628.7112,1822.9320,2019.6325,1893.7216,1871.5639,1661.5365,1867.4675,2074.6543,1624.8355,1622.4504,1368.6098,1568.3120,1906.2121,1389.2422,1403.9670,1129.4941,1325.9337,1699.1797,1326.5197,1354.5305,1026.9213,1241.8328,1691.0725,1231.7807,1272.4739,902.5778,1120.2658,1639.4313,1139.2667,1175.3602,825.1397,1029.2522,1537.2662,1069.8390,1102.0401,763.0246,949.9325,1472.4790,983.3843,1016.3725,681.7597,851.3155,1405.6044,911.5872,947.7622,604.5532,762.5923,1370.1431,11.00000000000,37,181
37,059,01008549,37059,Davie,Davie County,06,H1,G4020,268,49180,,A,684029311.00000000000,7726765.00000000000,+35.9293560,-080.5425423,37059,3036.7507,3028.2997,3003.8661,3028.2368,3053.2327,2890.7624,2878.1013,2825.3083,2878.0721,2929.8583,2414.6018,2399.6189,2320.6572,2399.9308,2478.0069,2450.3750,2430.0307,2313.1502,2429.2912,2547.1121,2432.6720,2409.0944,2235.0715,2406.8518,2582.7490,3002.5347,2969.3840,2702.4843,2964.7234,3234.4472,2869.2711,2835.7325,2524.7828,2830.0983,3142.3287,2612.3652,2580.7885,2300.4382,2575.4368,2854.2810,2491.1266,2460.3327,2182.5459,2454.6038,2728.9374,2182.1450,2177.8065,1835.9917,2104.8307,2559.7566,2162.0978,2183.7365,1755.6096,2061.9684,2644.2505,2023.8505,2065.3463,1564.5871,1893.0842,2579.8931,1904.2055,1965.8914,1393.2006,1730.2828,2534.2833,1841.8528,1898.9925,1331.9097,1662.4495,2485.1903,1768.9653,1821.0777,1259.6702,1569.2655,2434.6345,1617.8285,1671.1120,1119.8591,1399.3158,2312.3807,1458.9029,1515.9767,966.0630,1219.4443,2192.7243,11.00000000000,37,059
27,067,00659479,27067,Kandiyohi,Kandiyohi County,06,H1,G4020,,48820,,A,2063662339.00000000000,169818708.00000000000,+45.1527137,-095.0049812,27067,2273.9091,2267.5359,2249.2168,2267.4909,2286.2445,2290.1247,2279.9537,2238.0575,2279.9403,2321.0573,2479.8412,2464.1247,2382.9661,2464.4831,2544.7748,2868.2628,2843.6699,2706.8918,2842.8576,2981.0000,2860.4118,2831.8587,2627.2241,2829.1904,3036.3300,2794.9124,2763.4088,2514.6115,2758.9478,3010.6006,2276.9588,2249.5970,2002.2538,2244.9567,2493.5623,2505.9700,2474.6960,2204.8877,2469.3612,2737.9759,2780.0397,2745.1246,2434.6191,2738.6176,3045.3642,2687.4286,2681.0122,2259.1902,2590.8852,3152.2173,2370.0041,2392.8745,1922.9409,2259.1822,2898.3822,2415.5379,2464.1588,1865.8048,2258.3235,3079.0851,2415.3333,2492.6494,1765.5762,2193.5628,3214.4547,2388.4316,2461.6052,1725.5674,2154.6159,3222.6001,2373.0169,2442.0011,1688.1957,2103.9539,3265.9193,2342.3339,2418.5613,1619.7365,2024.8148,3347.8601,2325.2521,2415.3356,1538.1716,1942.5104,3494.7884,11.00000000000,27,067
37,195,01008596,37195,Wilson,Wilson County,06,H1,G4020,,48980,,A,953567109.00000000000,14395628.00000000000,+35.7041251,-077.9189823,37195,5215.6477,5201.2281,5159.3120,5201.1160,5243.9695,4985.0387,4963.3219,4872.3415,4963.2634,5052.4921,4723.6501,4694.7014,4540.2997,4695.2698,4847.8921,4968.8362,4927.9281,4690.9039,4926.4050,5165.2192,4923.5163,4876.3849,4524.1870,4871.8685,5227.6464,5020.5903,4965.2977,4519.0862,4957.5308,5408.4157,4484.8101,4433.0378,3947.5165,4424.3784,4911.6870,4493.3423,4440.5918,3959.7733,4431.7065,4909.5354,4688.7962,4633.7597,4113.5791,4623.5813,5136.7585,3892.0692,3886.4873,3278.5522,3756.8372,4566.0998,3861.9791,3903.5636,3141.0407,3686.8022,4723.6857,3732.8499,3812.4300,2891.1003,3495.4925,4758.7996,3499.5457,3615.8708,2565.4872,3183.6220,4657.7629,3358.8817,3465.9663,2433.9046,3035.3810,4532.3571,3238.3452,3336.4711,2310.7811,2876.2257,4457.1672,3097.2418,3201.7182,2148.2754,2682.0058,4427.0960,2942.1000,3059.3504,1952.0510,2461.8373,4422.0958,11.00000000000,37,195
27,161,00659525,27161,Waseca,Waseca County,06,H1,G4020,,,,A,1096487773.00000000000,24907919.00000000000,+44.0184598,-093.5898443,27161,1013.6346,1010.7967,1002.6323,1010.7765,1019.1337,1022.1284,1017.5807,998.8775,1017.5753,1035.9319,1104.1571,1097.2078,1061.0810,1097.3617,1133.0962,1048.8745,1040.1371,990.1081,1039.8226,1090.2639,951.5228,942.0239,873.9516,941.1362,1010.0420,1083.6417,1071.7621,975.4820,1070.0961,1167.3657,1287.3396,1272.7680,1133.6282,1270.3480,1409.9055,1305.0607,1289.7841,1150.1733,1287.2125,1425.9437,1314.7648,1299.3155,1153.4386,1296.4579,1440.3738,1136.2754,1134.4228,956.7599,1096.5192,1333.0021,1058.9104,1070.2282,861.0899,1010.7734,1295.1669,1120.4898,1144.1625,867.4456,1048.9717,1428.4231,1132.0775,1169.4196,829.4230,1029.5170,1506.7269,1168.8738,1205.7655,846.3421,1055.8225,1577.2039,1224.5620,1261.2155,873.0170,1087.0547,1685.4164,1235.0049,1276.1843,855.7613,1068.8305,1765.2419,1190.4789,1237.4787,789.0782,995.6025,1789.3107,11.00000000000,27,161
37,001,01008531,37001,Alamance,Alamance County,06,H1,G4020,268,15500,,A,1098007863.00000000000,27957457.00000000000,+36.0419739,-079.3999353,37001,11038.7568,11008.2283,10919.5092,11007.9915,11098.6976,10999.0352,10951.0136,10750.2197,10950.8917,11147.8350,10161.1988,10098.5516,9766.3408,10099.8177,10428.2492,11207.8040,11115.4330,10580.8012,11112.0047,11650.7068,12857.6913,12733.0938,11813.3102,12721.2415,13650.9241,10870.1815,10750.5985,9784.5702,10733.8083,11709.9090,10495.7530,10373.0524,9235.5896,10352.4384,11494.5916,12362.8533,12213.4097,10886.6622,12188.0819,13507.7043,13153.7258,12994.4973,11530.7961,12964.9444,14409.8308,12161.1195,12137.8000,10233.5497,11731.3083,14265.7628,12896.8031,13028.2261,10476.2374,12302.4808,15773.2007,12888.7075,13155.1529,9967.7527,12058.6826,16430.0785,12674.1344,13086.7445,9276.4423,11519.0835,16868.0263,12776.9128,13175.1522,9242.6578,11534.7632,17239.9043,12762.7742,13140.3909,9091.1609,11324.0488,17565.5923,12795.5190,13218.1477,8859.1779,11068.7980,18288.8650,12719.8516,13218.2413,8424.2707,10633.0156,19117.9263,11.00000000000,37,001
37,139,01026330,37139,Pasquotank,Pasquotank County,06,H1,G4020,,21020,,A,587616860.00000000000,162021054.00000000000,+36.2652763,-076.2603545,37139,2193.4468,2187.4006,2169.7820,2187.3527,2205.3602,2064.7707,2055.7548,2018.0607,2055.7321,2092.7035,1971.5604,1959.5067,1895.0680,1959.7406,2023.4328,2180.8602,2163.1329,2059.0909,2162.4489,2267.1995,2266.5462,2245.1874,2083.0581,2243.1211,2406.7757,1477.1828,1461.2283,1330.1139,1459.0029,1591.3821,1346.5362,1331.1465,1185.4927,1328.5816,1474.7211,1723.3540,1702.7113,1517.9344,1699.2194,1882.9547,1862.1154,1839.5985,1632.4110,1835.4199,2039.9397,1613.3390,1610.5742,1358.2124,1556.7252,1892.6285,1435.3389,1450.2881,1166.5093,1369.5987,1755.5175,1424.4387,1454.2189,1102.2029,1333.1251,1815.8655,1362.6546,1407.3590,997.9399,1238.8997,1813.5894,1301.2991,1342.2165,941.9610,1175.2440,1755.8765,1258.3084,1295.8976,896.9455,1116.9174,1731.8569,1254.2444,1296.0115,868.9977,1085.4139,1792.7379,1231.8498,1280.4277,816.4012,1030.1333,1851.4884,11.00000000000,37,139
37,135,01008576,37135,Orange,Orange County,06,H1,G4020,450,20500,,A,1030705790.00000000000,8986425.00000000000,+36.0624990,-079.1193552,37135,9229.0566,9203.4089,9129.1705,9203.2162,9279.1528,9267.4948,9226.6180,9057.2214,9226.5443,9392.7509,9154.4171,9097.2314,8797.7922,9098.4583,9394.5891,9861.9564,9779.9771,9309.5759,9777.0079,10251.2274,9981.2003,9884.3196,9170.3052,9875.1129,10596.8692,7373.5426,7291.0673,6635.0387,7279.4193,7942.7570,6160.2025,6085.3217,5415.4782,6072.5738,6746.1146,11834.2775,11690.1544,10419.1799,11665.6910,12930.1179,12250.8462,12101.2632,10736.8595,12073.4734,13420.5759,11541.5017,11517.7635,9709.2504,11131.6033,13538.5220,13914.8116,14054.0406,11298.6801,13270.3579,17017.8398,13866.5243,14150.6081,10719.4588,12970.2863,17676.2532,13601.4893,14041.7667,9950.8715,12358.7598,18102.0214,13779.5166,14206.5296,9963.6534,12436.7454,18592.4976,13952.7301,14363.1067,9934.5034,12376.7577,19203.1497,14287.0986,14756.6185,9887.6936,12356.1160,20420.6401,14640.2196,15211.5961,9692.0928,12235.5551,22004.0985,11.00000000000,37,135
37,131,01008575,37131,Northampton,Northampton County,06,H1,G4020,,40260,,A,1389757849.00000000000,36301273.00000000000,+36.4217739,-077.3983518,37131,1103.1757,1100.1360,1091.2755,1100.1118,1109.1675,962.0161,957.8059,940.2385,957.7959,975.0278,727.0902,722.5626,698.7824,722.6584,746.1739,729.9938,723.9545,689.1336,723.7328,758.8266,740.3935,733.1775,680.2123,732.4934,786.0436,761.6821,753.1977,685.4498,752.0012,820.4918,621.1186,613.8248,546.4864,612.5975,680.2242,569.2025,562.2306,501.0640,561.0458,621.9076,558.2076,551.2380,488.9286,549.9399,611.4874,460.9453,459.9965,387.7675,444.5739,540.7022,424.0583,428.2826,344.2981,404.3949,518.6210,396.3255,404.4241,306.3412,370.6834,505.2106,379.5628,391.8273,277.6514,344.8558,505.1527,366.5699,377.9099,265.0244,330.8239,494.6056,357.1755,367.6586,254.2744,316.8042,491.5790,345.7547,357.0961,239.2494,298.9974,494.1879,335.8909,348.9788,222.3282,280.6946,504.8393,11.00000000000,37,131
27,063,00659477,27063,Jackson,Jackson County,06,H1,G4020,,,,A,1820713972.00000000000,42095902.00000000000,+43.6730254,-095.1497040,27063,574.7375,573.1145,568.4781,573.1037,577.8535,546.2948,543.8558,533.8552,543.8535,553.6699,527.0750,523.6762,506.4151,523.7591,540.8434,619.3893,614.1547,584.6146,613.9741,643.7830,577.1503,571.2327,529.9407,570.6884,612.5426,651.1991,643.7653,585.7454,642.7080,701.4260,566.8007,559.9846,498.4098,558.8283,620.7190,565.9694,558.8042,497.7775,557.5785,618.3616,578.4860,571.3181,506.7954,569.9843,633.7080,529.5771,528.3692,445.2913,510.6223,621.1807,471.3572,475.9808,382.5747,449.4104,576.4556,469.7485,479.2798,362.9752,439.2708,598.7974,461.8641,476.7241,337.7456,419.5514,614.6801,443.6589,457.3265,320.6600,400.3228,598.6151,439.7809,452.6408,312.9979,390.0123,605.2646,420.9113,434.6806,291.1888,363.9435,601.6068,402.2098,417.8560,266.1791,336.0838,604.5140,11.00000000000,27,063
27,137,00662850,27137,St. Louis,St. Louis County,06,H1,G4020,,20260,,A,16180692391.00000000000,1585336402.00000000000,+47.5838524,-092.4636448,27137,11074.1260,11043.0931,10953.8806,11042.8739,11134.2007,10583.1147,10535.6142,10341.7481,10535.5867,10725.9177,11462.5758,11389.4409,11014.2068,11391.1540,11762.4440,13525.5224,13409.5087,12764.5221,13405.6809,14057.1147,12581.2927,12453.1970,11553.0884,12441.3653,13353.4026,12194.6893,12055.9481,10969.6973,12036.2395,13135.4006,9071.4339,8961.7444,7975.7938,8943.1027,9934.3068,12317.3508,12163.7915,10837.7704,12137.6024,13457.7160,12990.1165,12828.1528,11378.3520,12797.9930,14230.0250,11565.5877,11538.2560,9723.1325,11150.4529,13565.9157,12249.2384,12367.9512,9939.5069,11677.0986,14980.2147,12227.6451,12474.2657,9445.7238,11432.4393,15586.6335,11814.7899,12193.4370,8637.2226,10730.5463,15723.7943,11537.3429,11891.2615,8336.1522,10408.4697,15566.8429,11438.7735,11771.7748,8138.5240,10142.3962,15742.9138,11141.2493,11504.2749,7705.0335,9631.5448,15924.0402,11029.6330,11457.3551,7296.9315,9214.6447,16577.2540,11.00000000000,27,137
27,129,00659510,27129,Renville,Renville County,06,H1,G4020,,,,A,2545715384.00000000000,10851943.00000000000,+44.7236969,-094.9556169,27129,822.1503,819.8490,813.2272,819.8326,826.6106,707.2192,704.0685,691.1255,704.0651,716.7688,724.3630,719.7924,696.0898,719.8947,743.3414,773.4628,766.8933,730.0065,766.6700,803.9035,640.2838,633.8885,588.0823,633.2910,679.6593,741.6356,733.2816,667.2658,732.0989,798.8706,660.6781,653.0063,581.4468,651.7205,723.5581,587.9688,580.6715,517.4031,579.4281,642.4061,576.9343,569.6611,505.1978,568.3051,631.9930,567.5706,566.1596,477.0284,547.1121,665.7180,461.4145,465.7708,374.2073,439.7179,564.2684,438.6781,447.4030,338.6592,409.9948,559.1700,409.5501,422.5493,299.1861,371.8073,545.0414,383.9847,395.6343,277.2194,346.2489,518.0825,366.7332,377.2798,260.6985,325.0062,504.7159,335.0034,345.7919,231.4555,289.4490,478.8070,299.7197,311.2389,198.1022,250.2718,450.4645,11.00000000000,27,129
27,163,00659526,27163,Washington,Washington County,06,H1,G4020,378,33460,,A,995285532.00000000000,99618899.00000000000,+45.0379290,-092.8901170,27163,17833.2198,17783.8313,17640.4690,17783.4523,17930.0447,16394.2244,16321.5445,16021.6914,16321.4393,16615.6974,16852.1566,16746.5392,16195.2421,16748.8375,17294.0896,19969.9745,19802.1190,18849.6636,19796.2332,20757.0463,17821.5396,17646.1500,16371.2311,17629.6197,18919.2355,20773.1578,20540.5659,18692.2352,20507.7057,22376.7123,20868.8468,20621.9658,18358.0549,20580.3188,22854.5164,20567.4708,20313.1341,18100.7976,20269.8281,22471.7701,20925.2148,20665.5844,18331.3228,20617.2632,22922.6844,19626.9695,19583.9879,16506.4193,18926.6832,23022.3799,20456.5543,20658.0265,16604.8794,19505.0995,25017.8807,20523.9613,20941.1715,15860.2468,19193.3224,26162.3799,20138.0826,20786.7318,14727.5475,18294.0891,26801.1920,19991.3436,20607.8011,14450.0116,18039.3652,26973.7505,20122.6871,20711.6158,14322.4752,17846.1106,27694.6301,19703.5808,20348.5237,13631.7208,17037.2958,28162.2720,19008.6722,19748.3826,12580.2414,15883.8383,28569.7034,11.00000000000,27,163
27,147,00659518,27147,Steele,Steele County,06,H1,G4020,,36940,,A,1112775578.00000000000,6976790.00000000000,+44.0152607,-093.2204527,27147,2243.8387,2237.5479,2219.4701,2237.5036,2256.0106,1996.4431,1987.5342,1950.9892,1987.5255,2023.3968,1879.1870,1867.4101,1805.9350,1867.6664,1928.4673,2227.3089,2208.3080,2102.0905,2207.6706,2314.9148,1846.2567,1827.7533,1695.6703,1826.0282,1959.7547,2186.5747,2161.6706,1966.8849,2158.1316,2355.2416,2036.0926,2011.5331,1790.2827,2007.3627,2229.7724,2035.0814,2009.5859,1790.3889,2005.2335,2223.4861,2135.0665,2108.4821,1870.2244,2103.5323,2338.8633,1924.0048,1919.8630,1618.2304,1855.4453,2256.8696,1635.4929,1651.2883,1327.0061,1559.0331,2000.1182,1625.6331,1658.3602,1255.6781,1519.8365,2072.1944,1589.5392,1640.4198,1161.9294,1443.5895,2115.4437,1523.8256,1570.4955,1100.8906,1374.6315,2056.0260,1499.9750,1543.5633,1067.0735,1329.8806,2064.3739,1425.9573,1472.3360,986.0100,1232.6258,2038.0959,1342.6498,1394.6267,888.1030,1121.5985,2017.9624,11.00000000000,27,147
27,093,00659492,27093,Meeker,Meeker County,06,H1,G4020,,,,A,1575174983.00000000000,94784627.00000000000,+45.1231555,-094.5273460,27093,1273.7406,1270.1314,1259.8497,1270.1080,1280.6447,1176.2339,1171.0083,1149.4892,1171.0015,1192.1207,1212.4926,1204.9144,1165.2532,1205.0773,1244.3009,1282.7404,1271.8574,1210.6824,1271.4862,1333.2322,1130.2315,1119.1261,1038.2718,1118.0785,1199.8584,1230.1177,1216.5204,1107.1649,1214.6080,1325.1261,1189.9003,1175.8829,1046.8455,1173.5216,1303.1260,1216.7916,1202.1299,1071.5890,1199.6466,1329.4742,1232.9839,1217.8821,1080.5191,1215.0755,1350.7054,1038.0948,1035.8653,873.1240,1001.1100,1217.6929,864.9097,873.6011,702.3629,824.8988,1057.7921,851.6742,869.1599,658.4487,796.6749,1085.6702,804.5181,830.5965,588.6488,731.0571,1070.7245,767.3809,791.1976,554.9384,692.6483,1035.4190,738.5924,760.3526,525.9506,655.2144,1016.5281,687.5669,710.2005,475.9127,594.6859,982.7464,634.0128,658.7942,419.7943,529.9215,952.9170,11.00000000000,27,093
27,135,00659513,27135,Roseau,Roseau County,06,H1,G4020,,,,A,4329428887.00000000000,16925618.00000000000,+48.7610655,-095.8215298,27135,1042.0348,1039.0936,1030.6882,1039.0739,1047.6846,897.6175,893.6239,877.1991,893.6192,909.7395,836.1770,830.8541,803.4837,830.9777,858.0588,893.5445,885.9518,843.3385,885.6941,928.7091,896.3321,887.1570,823.0295,886.3122,951.3073,1211.7398,1197.6938,1089.6148,1195.6860,1305.1391,1074.3721,1061.3086,944.4812,1059.0844,1176.5579,1008.7012,995.8729,887.0561,993.6764,1102.0741,1042.3759,1029.3338,912.9548,1026.9043,1141.8654,991.3497,988.5819,832.6578,955.2408,1162.7056,824.7350,832.4658,668.7627,785.8845,1008.5677,822.8877,839.2270,635.2207,769.0482,1048.9075,801.2984,826.7382,585.3785,727.4614,1066.3922,778.0597,801.7133,561.8070,701.6580,1049.7835,765.8439,787.9419,544.5422,678.7995,1053.9970,719.9542,743.2523,497.6193,622.1946,1029.0098,672.4295,698.3785,444.6355,561.6211,1010.6363,11.00000000000,27,135
37,167,01025844,37167,Stanly,Stanly County,06,H1,G4020,172,10620,,A,1023267267.00000000000,25262146.00000000000,+35.3105227,-080.2543552,37167,4109.7583,4098.2721,4065.1798,4098.1895,4132.0573,3806.4072,3789.4444,3719.7794,3789.4261,3857.8036,3177.6319,3157.7665,3053.8238,3158.1941,3260.9904,3388.8954,3360.7234,3199.0782,3359.7033,3522.6612,3818.1479,3780.5545,3507.4113,3777.0125,4053.3106,3675.3650,3634.2719,3307.2818,3628.4692,3959.0968,3234.0942,3195.2452,2843.9407,3188.6574,3541.7501,3466.9473,3424.2562,3051.4962,3416.9935,3787.9552,3452.7899,3410.2535,3025.3634,3402.3430,3782.4217,3093.4681,3086.8492,2601.9084,2983.2862,3628.6672,2622.6701,2648.6536,2129.1277,2500.8793,3207.4883,2521.0206,2572.4251,1948.4378,2357.7722,3213.6236,2418.2472,2496.2954,1768.7999,2197.0105,3218.3892,2293.0151,2363.8776,1657.6888,2069.3189,3093.9139,2143.0505,2205.9232,1525.5991,1900.7901,2949.4687,1988.9250,2054.1713,1376.2727,1719.9648,2842.7749,1862.0890,1934.6816,1232.5930,1556.1406,2798.6954,11.00000000000,37,167
27,149,00659519,27149,Stevens,Stevens County,06,H1,G4020,,,,A,1459726518.00000000000,30342360.00000000000,+45.5934609,-095.9923145,27149,425.0018,423.8262,420.4103,423.8171,427.3095,392.8482,391.1046,383.9183,391.1022,398.1547,485.9058,482.7863,466.8761,482.8611,498.6066,577.5470,572.6521,545.1081,572.4846,600.2839,555.1780,549.6519,509.9346,549.1346,589.3324,273.0079,269.6490,245.1921,269.1598,293.9945,202.9335,200.1225,177.7869,199.6245,222.1954,670.6377,662.0703,589.6888,660.6021,732.7147,729.4755,720.2106,638.6405,718.4819,799.0835,674.4637,672.4898,566.3344,649.7848,791.0235,633.8514,639.8025,513.9954,604.0048,775.1379,657.1308,670.1942,507.2933,614.1558,837.6245,653.9259,674.6985,477.7373,593.6834,870.2655,646.1296,665.7717,466.5440,582.6819,871.7791,646.8629,665.5231,459.9344,573.3358,890.2484,691.0976,713.4648,477.6792,597.2599,987.7660,731.8379,760.0876,483.9331,611.2497,1099.9254,11.00000000000,27,149
37,007,01008534,37007,Anson,Anson County,06,H1,G4020,172,16740,,A,1376453053.00000000000,14612923.00000000000,+34.9749961,-080.1099594,37007,1547.8973,1543.6031,1531.1557,1543.5705,1556.3005,1365.1649,1359.0940,1334.1154,1359.0866,1383.6019,1192.3445,1184.8672,1145.8602,1185.0303,1223.6101,1195.5931,1185.6334,1128.6063,1185.2749,1242.7721,1249.6196,1237.1963,1147.7989,1236.0326,1326.5059,1411.6435,1395.5119,1269.7297,1393.2169,1520.5186,1320.6534,1304.1360,1160.1689,1301.2979,1446.2106,1222.5187,1206.5387,1074.2704,1203.7882,1335.6589,1176.0552,1160.5016,1028.4317,1157.5871,1288.2017,956.3047,953.2287,802.4918,920.9704,1121.5046,941.0541,949.3284,762.1259,896.0390,1150.7252,884.6496,901.6527,681.9126,826.0612,1127.5653,814.1503,839.4315,593.7971,738.4182,1083.4459,770.0159,792.8638,555.0297,693.6901,1038.8804,726.6209,747.0426,515.6998,643.3435,999.9725,666.2420,687.2859,459.5812,575.1288,952.2042,616.2197,639.5272,406.6252,514.0941,926.1259,11.00000000000,37,007
37,053,01026125,37053,Currituck,Currituck County,06,H1,G4020,,47260,,A,678194049.00000000000,685673954.00000000000,+36.3721739,-075.9412242,37053,1928.0373,1922.6783,1907.1687,1922.6381,1938.5028,1820.0124,1811.9121,1778.6074,1811.9026,1844.5903,1727.9289,1717.0862,1660.5566,1717.3235,1773.2348,1965.1101,1948.5848,1854.8605,1948.0062,2042.5556,2207.6486,2185.9353,2028.0046,2183.8882,2343.6347,2344.1173,2317.9143,2109.3659,2314.2145,2525.0809,2227.4165,2201.2304,1959.7224,2196.8225,2439.3739,2286.7917,2259.0856,2013.6172,2254.3877,2498.5542,2383.4254,2354.2535,2088.7419,2348.8324,2610.9899,2267.8443,2263.1315,1907.7295,2187.2416,2660.2365,2288.8989,2311.8374,1858.6251,2182.9357,2799.3334,2310.0751,2357.4329,1785.8485,2160.8067,2944.7557,2293.0304,2367.2809,1677.6287,2083.5548,3051.7625,2310.7697,2382.4052,1670.9115,2085.6269,3117.8897,2304.7983,2372.6187,1641.0987,2044.5099,3172.0976,2263.7778,2338.2173,1566.7748,1957.8710,3235.6349,2203.0394,2289.0747,1458.5513,1841.2570,3311.1487,11.00000000000,37,053
27,073,00659482,27073,Lac qui Parle,Lac qui Parle County,06,H1,G4020,,,,A,1981394636.00000000000,33643153.00000000000,+44.9998550,-096.1768363,27073,333.8612,332.9091,330.2110,332.9032,335.6699,318.3412,316.8849,311.0393,316.8860,322.6289,303.6702,301.7383,291.7985,301.7830,311.6175,366.9704,363.7663,346.2692,363.6663,381.3573,279.4861,276.6894,256.6948,276.4284,296.6703,402.9729,398.4733,362.6248,397.8382,434.0834,374.1546,369.6319,328.9671,368.8633,409.7443,339.4830,335.1719,298.5546,334.4339,370.9085,346.9815,342.5973,303.8185,341.7797,380.0939,306.3832,305.6538,257.5653,295.3793,359.3724,262.0476,264.6225,212.6974,249.8521,320.4771,266.0574,271.4597,205.5898,248.8003,339.1490,260.4704,268.8546,190.4797,236.6127,346.6521,254.4448,262.2860,183.9076,229.5943,343.3147,253.5518,260.9679,180.4595,224.8605,348.9601,238.1644,245.9569,164.7660,205.9321,340.4075,224.7791,233.5240,148.7583,187.8249,337.8389,11.00000000000,27,073
27,155,00659522,27155,Traverse,Traverse County,06,H1,G4020,,,,A,1486399478.00000000000,30952260.00000000000,+45.7698400,-096.4750489,27155,172.6327,172.1435,170.7500,172.1403,173.5685,174.2213,173.4392,170.2476,173.4387,176.5721,176.8524,175.7057,169.9128,175.7343,181.4687,195.9334,194.2222,184.8802,194.1689,203.6146,169.8556,168.1027,155.9502,167.9420,180.2640,208.9926,206.6555,188.0616,206.3255,225.1264,203.4957,201.0920,179.0191,200.6867,222.8587,172.2698,170.1333,151.5976,169.7693,188.2196,177.5048,175.2896,155.4768,174.8770,194.4474,169.3715,168.8908,142.2451,163.1927,198.6456,158.4252,159.9196,128.4805,150.9741,193.7396,158.4998,161.6559,122.3680,148.1407,202.0355,154.1840,159.0860,112.6490,139.9851,205.1934,153.2261,157.8892,110.6472,138.1863,206.7381,154.5583,159.0226,109.9045,136.9974,212.7121,148.1365,152.9315,102.3914,128.0232,211.7273,140.0544,145.4573,92.6060,116.9729,210.4965,11.00000000000,27,155
27,027,00659459,27027,Clay,Clay County,06,H1,G4020,244,22020,,A,2707485607.00000000000,18860171.00000000000,+46.8983772,-096.4949007,27027,3082.4017,3073.8013,3048.9889,3073.7386,3099.1283,3401.6294,3386.4059,3324.1160,3386.3940,3447.5419,4062.1528,4036.5217,3903.6002,4037.0956,4168.5822,4969.8592,4927.6160,4690.6031,4926.1833,5165.4354,5105.9784,5054.5504,4689.2600,5049.7701,5419.6987,3484.4479,3444.5404,3134.0158,3438.8587,3753.1651,2536.5058,2504.6772,2228.0857,2499.2024,2777.6446,4578.7990,4522.8993,4031.0246,4513.4061,5002.7826,5448.7463,5381.7084,4774.4047,5369.2433,5968.9392,5416.4839,5405.8739,4557.5540,5224.7722,6353.8242,5126.6644,5178.0739,4162.9959,4889.3688,6269.9379,5299.0296,5407.6706,4096.5319,4956.6364,6754.9102,5355.8884,5529.3064,3918.4606,4866.5977,7128.0772,5354.4073,5520.3952,3871.7536,4832.7136,7224.6280,5379.1138,5537.3890,3830.1047,4771.6211,7403.2824,5535.3367,5717.3021,3830.9488,4787.2754,7911.6955,5739.2671,5963.3002,3799.5742,4796.6404,8626.0617,11.00000000000,27,027
37,035,01008543,37035,Catawba,Catawba County,06,H1,G4020,,25860,,A,1032683744.00000000000,38057078.00000000000,+35.6631822,-081.2141513,37035,11157.1225,11125.9444,11036.1085,11125.7196,11217.6606,10898.3177,10850.2907,10651.1070,10850.2015,11045.6278,9169.2166,9111.8901,8811.9574,9113.1244,9409.7495,8985.2139,8909.9258,8481.3713,8907.2615,9339.4971,9120.7369,9031.7509,8379.2833,9023.3206,9683.0285,9874.5133,9764.9513,8886.8960,9749.5212,10637.0533,9374.2861,9264.0322,8247.5875,9245.4703,10266.3227,9650.3974,9532.4496,8495.6437,9512.4141,10543.9886,9560.8690,9443.9048,8378.8834,9422.1703,10473.7278,8591.2090,8573.8661,7227.9154,8286.4952,10077.8210,8087.3910,8168.2523,6566.7717,7712.7552,9890.8844,7734.9090,7893.3069,5979.3208,7234.8921,9860.0123,7439.0570,7679.7770,5442.2877,6759.2701,9900.5239,7291.3651,7517.2483,5272.1010,6580.7569,9838.1247,7121.6678,7331.0662,5070.5979,6317.1889,9801.5497,6794.4533,7017.7138,4702.1997,5876.1104,9711.3529,6413.1075,6663.4111,4245.6189,5359.7677,9638.8349,11.00000000000,37,035
37,043,01008546,37043,Clay,Clay County,06,H1,G4020,,,,A,556201310.00000000000,15223554.00000000000,+35.0529971,-083.7522638,37043,605.8748,604.1842,599.3070,604.1718,609.1626,627.8337,625.0604,613.5824,625.0557,636.3181,579.6359,576.0600,557.1089,576.1325,594.8683,596.5835,591.6094,563.1539,591.4308,620.1224,549.1612,543.9382,504.6551,543.4357,583.1057,592.7602,586.3279,533.6982,585.4292,638.5771,543.7808,537.5183,478.6607,536.4717,595.5411,535.7477,529.3819,471.9854,528.3070,585.3665,516.8437,510.9395,453.7486,509.8511,566.2421,460.0962,459.5779,387.8248,444.2849,539.8103,409.3774,413.9125,333.1791,390.9675,500.7407,394.1641,402.6877,305.4919,369.2524,502.5121,375.3833,387.9983,275.4253,341.6675,499.6331,361.5281,373.1857,262.1970,326.8762,487.8452,344.5202,355.0939,246.0739,306.1656,474.1987,321.2784,332.2519,223.0826,278.3764,459.2343,300.2972,312.3937,199.4737,251.4355,451.3669,11.00000000000,37,043
27,065,00659478,27065,Kanabec,Kanabec County,06,H1,G4020,,,,A,1350902712.00000000000,31329476.00000000000,+45.9477598,-093.2977883,27065,925.1344,922.5102,915.0411,922.4933,930.1485,923.5679,919.4812,902.5930,919.4748,936.0468,841.4652,836.1228,808.5820,836.2455,863.4933,929.4102,921.4957,877.1727,921.2287,965.9754,745.2741,737.8720,684.5555,737.1782,791.1339,822.9379,813.6877,740.4456,812.3791,886.4529,702.0848,693.7218,617.5128,692.3077,768.8815,713.9330,705.2074,628.5050,703.7252,780.0406,675.8910,667.6912,592.4639,666.1689,740.4325,537.3052,536.1599,451.9339,518.1730,630.2651,535.2983,540.5960,434.5543,510.4332,654.6613,504.6573,514.9392,390.0235,471.9680,643.3014,460.5381,475.3929,336.8402,418.3939,612.9187,428.8217,442.0625,309.9885,386.9734,578.5985,407.9061,419.8595,290.3571,361.7771,561.3978,374.9778,387.2638,259.4461,324.2511,535.9555,343.5539,356.9324,227.3861,287.0886,516.3562,11.00000000000,27,065
37,189,01008594,37189,Watauga,Watauga County,06,H1,G4020,,14380,,A,809515805.00000000000,2322130.00000000000,+36.2353712,-081.7099186,37189,2830.1479,2822.2316,2799.4397,2822.1750,2845.5029,3054.4691,3040.9615,2985.1122,3040.9397,3095.7423,3133.3357,3113.6800,3011.1733,3114.1095,3215.4945,3734.4672,3702.7549,3524.6564,3701.6762,3881.4469,3912.6564,3874.2887,3594.3871,3870.6649,4153.7430,1911.3688,1889.6441,1719.3991,1886.5590,2058.8201,207.1603,204.3058,181.5168,203.8009,226.8252,3413.1119,3371.2461,3004.4188,3364.1294,3729.1446,3703.6449,3658.2213,3245.5536,3649.7783,4057.2501,3361.8590,3355.0698,2828.3784,3242.6168,3943.5902,4526.8345,4572.2880,3676.0203,4317.3769,5536.3524,4456.8080,4548.3447,3445.7194,4169.0396,5681.3121,4305.3363,4444.9844,3150.2793,3912.3277,5729.9336,4322.2009,4456.4784,3125.8665,3901.4445,5831.9120,4289.9129,4416.4923,3055.1760,3805.8775,5904.2420,4424.7149,4570.4157,3062.7333,3827.0538,6324.2932,4709.4753,4893.4295,3118.0327,3936.1299,7078.3018,11.00000000000,37,189
27,173,00659531,27173,Yellow Medicine,Yellow Medicine County,06,H1,G4020,,,,A,1966062753.00000000000,10685860.00000000000,+44.7157358,-095.8627560,27173,553.1478,551.5893,547.1288,551.5787,556.1474,455.9512,453.9237,445.5812,453.9212,462.1089,455.1639,452.2469,437.3443,452.3164,467.0640,541.6914,537.0937,511.2601,536.9371,563.0125,430.5195,426.1989,395.3990,425.7964,456.9817,448.1022,443.1488,403.3131,442.4521,482.7113,401.1994,396.4888,352.9934,395.6962,439.3776,375.8377,371.1981,330.7784,370.4084,410.6362,408.1403,403.2063,357.7959,402.2907,447.1161,354.4004,353.8321,298.4272,342.0124,415.7611,287.3610,290.3027,233.4505,274.1354,351.4538,283.1670,289.0365,219.0206,264.9509,360.9733,275.4048,284.3859,201.6000,250.3249,366.5380,257.5259,265.5718,186.3240,232.5140,347.4818,251.0586,258.5114,178.8770,222.7886,345.5375,237.1075,244.9694,164.2189,205.1486,338.9041,222.7003,231.4594,147.5522,186.2046,334.7205,11.00000000000,27,173
27,089,00659489,27089,Marshall,Marshall County,06,H1,G4020,,,,A,4597404993.00000000000,98000478.00000000000,+48.3627284,-096.3577610,27089,513.4966,512.0487,507.9074,512.0389,516.2809,472.6121,470.5403,461.9082,470.5356,479.0034,463.2791,460.3282,445.1634,460.3968,475.4015,568.7188,563.8259,536.7064,563.6660,591.0617,495.8191,490.9785,455.5091,490.5201,526.3841,643.3814,636.0746,578.7720,635.0372,693.0163,593.4384,586.5030,522.1916,585.3379,649.9138,561.0412,554.3961,494.3085,553.2746,613.0039,554.5124,548.0464,486.5672,546.8515,607.4951,562.1606,561.1896,473.2492,542.4244,659.4759,460.2662,465.0532,374.0495,439.1770,562.9359,465.9019,475.6287,360.4819,436.0181,593.9271,474.8821,490.4297,347.7254,431.7139,632.0291,469.6757,484.4033,339.9102,424.1272,633.7420,466.1252,480.0028,332.1805,413.6891,641.5419,450.2941,465.2527,311.9198,389.6355,643.6195,425.8601,442.6293,282.1925,356.0950,640.0725,11.00000000000,27,089
27,157,00659523,27157,Wabasha,Wabasha County,06,H1,G4020,,40340,,A,1354518312.00000000000,68982638.00000000000,+44.2896930,-092.2333405,27157,1393.7524,1389.8252,1378.5861,1389.7986,1401.3101,1243.6347,1238.0953,1215.3356,1238.0891,1260.4278,1174.2166,1166.8235,1128.4039,1166.9875,1204.9903,1248.3910,1237.9118,1178.3700,1237.5429,1297.6025,1121.4641,1110.3881,1030.1601,1109.3465,1190.5135,1308.8996,1294.2984,1177.8665,1292.2383,1409.9540,1106.7050,1093.8096,973.9052,1091.6456,1212.0305,1101.9420,1088.7138,970.5386,1086.4752,1203.9918,1084.9716,1071.9601,951.3399,1069.5477,1188.5949,950.3588,948.6273,799.8880,916.8826,1114.8531,866.3659,875.4765,704.2542,826.7947,1059.6388,852.5601,870.4626,659.8315,798.0054,1086.8478,818.6461,845.5665,599.6437,744.3769,1089.5612,796.0485,821.1178,576.2962,718.9857,1074.1323,788.8938,812.4748,562.3634,700.2673,1085.7853,755.6218,780.7985,523.5540,653.9272,1080.0391,721.3290,749.7864,478.0778,603.2254,1084.1689,11.00000000000,27,157
27,107,00659499,27107,Norman,Norman County,06,H1,G4020,,,,A,2260512228.00000000000,10208292.00000000000,+47.3294703,-096.4638068,27107,337.3610,336.4110,333.6909,336.4045,339.1905,370.8235,369.1420,362.3404,369.1423,375.8223,380.2671,377.8539,365.4081,377.9092,390.2224,412.0991,408.5400,388.8894,408.4250,428.2802,336.3023,332.8896,308.8296,332.5738,356.9486,519.2767,513.3446,467.0763,512.5007,559.3273,495.3100,489.4592,435.7335,488.4728,542.4397,495.9794,489.7782,436.3679,488.7201,541.8971,447.7178,442.0713,392.0437,441.0185,490.4447,415.0202,414.0787,348.9762,400.1721,486.8096,381.5116,385.1918,309.5431,363.6703,466.5671,379.5591,387.1995,293.1791,354.8562,483.8239,375.3129,387.3307,274.3553,340.8574,499.4868,371.7476,383.1453,268.5910,335.3663,501.5826,375.4109,386.3353,267.0917,332.8593,516.6689,354.8571,366.4198,245.4112,306.7719,507.1926,328.4112,341.1524,217.2787,274.3762,493.5940,11.00000000000,27,107
37,161,01008584,37161,Rutherford,Rutherford County,06,H1,G4020,,22580,,A,1461144059.00000000000,4399859.00000000000,+35.4027469,-081.9195825,37161,4506.3959,4493.8564,4457.5988,4493.7632,4530.8549,4265.0751,4246.3522,4168.4385,4246.3121,4322.7459,3737.4000,3714.1955,3591.9735,3714.6799,3835.5330,3561.5251,3531.9126,3362.0333,3530.8408,3702.1013,3771.6023,3734.9865,3465.1814,3731.5074,4004.2405,4083.3095,4038.4138,3675.5454,4032.1113,4398.7544,3640.3321,3597.6676,3203.0678,3590.4936,3986.7554,3405.3716,3364.2538,2998.8405,3357.2869,3720.7258,3376.7831,3335.6214,2959.6042,3327.9757,3699.2119,2954.1073,2948.3006,2485.6177,2849.5246,3465.3202,2765.7704,2793.6208,2246.0860,2637.8974,3382.5709,2647.7323,2702.1457,2047.1146,2476.8139,3375.1985,2512.0202,2593.4892,1838.0642,2282.6990,3343.2244,2433.6426,2509.2122,1759.9765,2196.6870,3283.6916,2338.0469,2406.9589,1664.9710,2074.1472,3217.8668,2190.0661,2262.1781,1515.9290,1894.2410,3130.2850,2056.6054,2137.0011,1361.7436,1718.9673,3091.0646,11.00000000000,37,161
37,019,01026340,37019,Brunswick,Brunswick County,06,H1,G4020,,48900,,A,2193650178.00000000000,525380745.00000000000,+34.0387081,-078.2276879,37019,7674.8287,7653.7500,7592.1421,7653.5786,7716.5240,8451.4942,8414.7302,8260.5124,8414.6270,8565.8684,8492.6492,8440.5695,8162.9644,8441.5950,8716.0051,9219.7142,9144.2709,8704.4499,9141.4134,9584.3996,9230.0977,9142.1813,8481.9239,9133.7305,9800.5396,9854.6488,9747.6484,8872.6427,9732.6947,10616.3361,9720.7652,9608.6626,8556.3907,9589.9191,10646.0281,9903.6360,9784.9611,8723.0573,9764.8842,10820.8140,10712.2652,10583.0095,9391.3678,10559.0282,11735.2759,9867.4261,9849.2422,8304.7403,9519.5927,11575.2938,9909.9297,10011.6286,8051.2112,9454.1449,12120.2751,9825.9597,10029.9326,7600.5889,9194.2353,12525.8950,9539.5444,9850.9612,6983.6374,8671.2338,12696.2706,9398.0254,9691.8791,6800.0189,8485.5482,12680.8510,9232.4474,9506.6642,6578.2881,8193.0265,12706.8362,8896.7861,9191.8128,6161.9013,7697.6568,12716.4182,8485.5754,8819.2240,5622.0189,7094.8526,12753.8849,11.00000000000,37,019
37,125,01008573,37125,Moore,Moore County,06,H1,G4020,,43860,,A,1807404472.00000000000,20746101.00000000000,+35.3101631,-079.4806639,37125,5965.2145,5948.7284,5900.7909,5948.5997,5997.6072,6351.5919,6323.7676,6207.7677,6323.7040,6437.4926,6531.9657,6491.3230,6277.6947,6492.1798,6703.4263,8076.6757,8009.0554,7623.8314,8006.6565,8395.1707,8444.2003,8361.5597,7757.4854,8353.7454,8964.6154,9246.2328,9143.6847,8321.5201,9129.2441,9960.2677,9129.2041,9022.3595,8032.9014,9004.4027,9997.9799,9229.4268,9117.3585,8126.4344,9098.3472,10084.0800,10022.6308,9901.0434,8785.5208,9878.4709,10979.7030,9651.5399,9632.6124,8120.9885,9309.9054,11321.7651,9583.4667,9680.6421,7783.9250,9141.2266,11720.8055,9751.3237,9952.3590,7540.4254,9122.6501,12430.5834,9731.7532,10047.9774,7121.8366,8844.1072,12951.9532,9763.8014,10067.5633,7062.0397,8813.8657,13174.2593,9786.2913,10075.2887,6969.9892,8682.3983,13468.9713,9615.2278,9932.3610,6656.4533,8317.1116,13743.1861,9335.7533,9701.2049,6182.3959,7803.6973,14031.6080,11.00000000000,37,125
37,047,01026339,37047,Columbus,Columbus County,06,H1,G4020,,,,A,2427578082.00000000000,42338295.00000000000,+34.2604711,-078.6363776,37047,3346.1796,3336.8928,3309.9826,3336.8225,3364.3448,3283.2333,3268.7718,3208.7694,3268.7443,3327.6140,2941.1139,2922.7813,2826.5858,2923.1708,3018.2983,2892.9118,2868.8187,2730.8331,2867.9509,3007.0720,2899.7655,2871.7169,2664.2811,2869.0459,3078.6955,3146.6417,3111.9388,2832.2504,3107.0617,3389.6962,3074.6637,3037.7796,2703.8323,3031.5279,3367.1589,2979.6020,2942.1763,2621.1593,2935.7839,3255.4434,2821.4109,2785.9362,2470.7733,2779.3242,3090.6789,2482.8059,2476.9284,2087.2646,2393.6756,2912.2175,2219.8795,2241.0534,1800.7007,2115.7669,2714.7479,2108.8803,2151.0968,1628.5310,1971.3327,2688.1608,1985.0816,2048.4108,1450.7011,1802.5471,2641.8339,1871.6856,1928.8519,1351.9307,1688.2330,2525.3629,1763.9060,1815.0498,1254.6326,1563.7374,2427.6056,1627.8007,1680.6832,1125.4710,1407.0267,2326.5829,1486.6997,1544.2288,983.3422,1241.9024,2234.4636,11.00000000000,37,047
27,053,00659472,27053,Hennepin,Hennepin County,06,H1,G4020,378,33460,,A,1433793826.00000000000,137155436.00000000000,+45.0060644,-093.4751846,27053,77014.9180,76799.6836,76179.5547,76798.1304,77432.7888,77391.0762,77046.8662,75630.8018,77046.4502,78436.2498,87102.5229,86554.1709,83704.2461,86566.3325,89385.3311,111172.5100,110235.1123,104932.9426,110202.5481,115552.2480,116766.4733,115607.2656,107253.8594,115498.5815,123951.9326,109026.0719,107798.5645,98094.0568,107624.8122,117440.2173,101078.7509,99869.5837,88893.8021,99664.8281,110694.8423,109722.9055,108360.9885,96554.1360,108128.9189,119881.6233,117625.1685,116157.9546,103029.4668,115884.7256,128852.4346,116728.6299,116460.8057,98147.6450,112548.7014,136919.3955,130129.1582,131397.2769,105604.0653,124059.7998,159142.6787,131894.5154,134562.0151,101899.8792,123326.1597,168127.4089,130701.8188,134898.2678,95562.8743,118716.8960,173946.0896,130990.4126,135016.5481,94658.9806,118183.6675,176740.4629,131288.7874,135118.5969,93423.7137,116419.4565,180690.2869,130976.4814,135251.8440,90593.8567,113237.9722,187203.4824,130196.5308,135252.3826,86147.1165,108780.4431,195682.4575,11.00000000000,27,053
37,005,01008533,37005,Alleghany,Alleghany County,06,H1,G4020,,,,A,608801116.00000000000,3854920.00000000000,+36.4893563,-081.1322988,37005,732.9645,730.9175,725.0162,730.9026,736.9417,720.9948,717.8029,704.6181,717.7980,730.7361,595.1304,591.3492,571.8704,591.4363,610.7083,574.5643,569.6979,542.2960,569.5310,597.1858,495.6752,490.8963,455.4382,490.4403,526.2711,528.0848,522.1675,475.1778,521.3313,568.8482,449.8906,444.6964,395.9912,443.8276,492.7124,387.7327,383.0841,341.5079,382.2977,423.6406,401.8006,396.9886,352.3250,396.0966,440.1765,304.8403,304.3514,256.6944,294.1845,357.6201,289.1605,292.1456,234.9561,275.8833,353.6587,265.5399,271.0848,205.4579,248.5091,338.5078,246.6171,254.7117,180.6165,224.2244,328.2289,230.7254,237.9836,167.0192,208.3797,311.3240,216.5314,223.0034,154.3540,192.2053,298.0205,200.6427,207.3330,139.0299,173.6457,286.7866,187.0909,194.4788,124.0112,156.4669,281.2010,11.00000000000,37,005
37,041,01025822,37041,Chowan,Chowan County,06,H1,G4020,,,,A,446702391.00000000000,157536111.00000000000,+36.1272880,-076.6020704,37041,735.4832,733.4714,727.5716,733.4546,739.4800,705.8440,702.7805,689.9043,702.7714,715.3982,724.3854,719.9555,696.2794,720.0416,743.4436,779.6057,773.0896,735.9052,772.8573,810.3556,799.5764,791.8892,734.6919,791.1545,848.9452,786.0992,777.1960,707.1957,775.9332,846.7515,730.5024,721.8077,642.5195,720.3379,800.0035,685.0435,676.6356,603.0055,675.2062,748.4739,681.6217,673.2285,597.2502,671.6677,746.6954,549.0809,547.8474,461.7249,529.4514,644.0628,550.0608,555.3669,446.2973,524.3374,672.6932,536.9810,547.7805,414.7579,502.0204,684.4884,496.6554,512.5281,363.0048,451.0216,660.9733,471.3420,485.7471,340.4690,425.1551,635.9568,441.9789,454.7818,314.3500,391.8077,608.2800,419.6742,433.2817,290.1183,362.7217,599.8300,389.9946,405.0492,257.8875,325.7340,586.1475,11.00000000000,37,041
27,099,00659495,27099,Mower,Mower County,06,H1,G4020,,12380,,A,1842332613.00000000000,617163.00000000000,+43.6662486,-092.7595136,27099,2299.8791,2293.3890,2274.8383,2293.3455,2312.3490,2408.0272,2397.1939,2353.0696,2397.1894,2440.5126,2514.5881,2498.6010,2416.2953,2498.9702,2580.4032,2845.7005,2821.3133,2685.6106,2820.5066,2957.5586,2577.9648,2552.0745,2367.6437,2549.6637,2736.4091,2680.9415,2650.5471,2411.7990,2646.2347,2887.7834,2472.0268,2442.0588,2173.3206,2436.9615,2707.1566,2669.9121,2636.1127,2348.2265,2630.3309,2917.0680,2950.5840,2913.6523,2584.2127,2906.7720,3232.2004,2541.6016,2535.2779,2136.1408,2449.9810,2981.1077,2434.8430,2458.0440,1975.0321,2320.6194,2977.6285,2483.8032,2533.5077,1918.0257,2321.7801,3166.0676,2410.5434,2487.4150,1761.5764,2188.8475,3208.0543,2366.7249,2438.9576,1709.4087,2134.6833,3193.2876,2356.7631,2425.0200,1676.1864,2089.2198,3243.5292,2313.5006,2388.5589,1599.3898,1999.6008,3306.6330,2258.3860,2345.6707,1493.5678,1886.3948,3394.2776,11.00000000000,27,099
27,145,00659517,27145,Stearns,Stearns County,06,H1,G4020,378,41060,,A,3478697697.00000000000,121259844.00000000000,+45.5552345,-094.6104822,27145,8852.1099,8827.3490,8756.0601,8827.1717,8900.1373,8255.5344,8218.8759,8067.8505,8218.8274,8367.0430,8898.2401,8842.2295,8551.0875,8843.4712,9131.4521,10348.1550,10260.8379,9767.3044,10257.8109,10755.7897,8938.5295,8849.4401,8209.9772,8841.1070,9488.3483,7407.5882,7324.7332,6665.6762,7313.0317,7979.4314,6195.7563,6119.9321,5445.8228,6106.9947,6784.9911,9769.6536,9647.9695,8596.3210,9627.2206,10674.1546,10518.8381,10387.5589,9213.4560,10363.1104,11522.8476,10071.9835,10048.9118,8468.7819,9711.3626,11814.1621,9522.6941,9615.5383,7728.0563,9078.6023,11645.8756,9613.6020,9808.0743,7427.4103,8989.1203,12254.5708,9521.5096,9827.2586,6961.7398,8648.4704,12671.8192,9372.7120,9660.8198,6773.1486,8456.3898,12646.2518,9440.1830,9715.5907,6717.5861,8371.0568,12992.3486,9568.5140,9880.8892,6618.4199,8272.6710,13676.1919,9773.7860,10153.3763,6467.1089,8166.1531,14689.7838,11.00000000000,27,145
27,115,00659503,27115,Pine,Pine County,06,H1,G4020,,,,A,3655220961.00000000000,60267678.00000000000,+46.1009402,-092.7630936,27115,1746.1278,1741.2131,1727.1353,1741.1795,1755.5971,1538.4324,1531.6025,1503.4595,1531.5934,1559.2127,1555.3153,1545.4801,1494.5830,1545.7024,1596.0529,1643.2250,1629.5851,1551.2047,1629.0891,1708.0990,1295.6662,1282.9063,1190.2167,1281.7043,1375.4655,1319.5370,1304.8111,1187.4294,1302.7330,1421.4109,1331.5500,1315.3363,1170.5253,1312.5744,1458.1938,1299.7004,1283.2026,1143.0212,1280.3789,1420.0122,1227.3499,1211.5883,1074.1874,1208.6439,1344.4449,1021.6116,1018.8791,858.2911,984.5485,1198.2274,920.6911,929.2131,746.3823,877.1849,1125.8947,864.9817,882.0235,667.4815,808.2203,1102.5472,793.3473,818.3773,579.3005,720.0455,1055.7968,717.0503,738.6629,517.4328,646.4025,967.4509,671.8166,691.0055,477.3423,595.2105,924.5757,616.8994,636.6578,426.0272,532.8764,881.7021,560.2103,581.6263,370.0710,467.6457,841.9626,11.00000000000,27,115
37,065,01008551,37065,Edgecombe,Edgecombe County,06,H1,G4020,,40580,,A,1308814792.00000000000,3402234.00000000000,+35.9170554,-077.6026551,37065,2954.8998,2946.7670,2923.0385,2946.7018,2970.9505,2549.0977,2538.0153,2491.5041,2537.9839,2583.5964,2367.5717,2352.9326,2275.5189,2353.2324,2429.7710,2260.7741,2242.1570,2134.3134,2241.4644,2350.1238,2142.3562,2121.4397,1968.1823,2119.4590,2274.4223,2193.5659,2169.3349,1974.3391,2165.9277,2362.9910,1813.6054,1792.2150,1595.5206,1788.6103,1986.1772,1769.7217,1748.3385,1558.4253,1744.7148,1933.6058,1771.6291,1750.0169,1552.7243,1746.0021,1940.7893,1578.4612,1575.7704,1328.8756,1523.0889,1851.7164,1212.8138,1225.1981,985.2285,1156.9555,1483.3139,1101.8333,1124.6544,852.2014,1030.9302,1404.5842,1015.5397,1048.6431,743.3652,923.0419,1351.5871,926.5861,955.5068,670.3501,836.5561,1250.2475,859.4964,884.9544,612.2839,762.6421,1182.9396,787.5462,813.5749,545.2991,681.2897,1125.6551,715.7709,743.8306,474.0758,598.3582,1075.8039,11.00000000000,37,065
27,153,00659521,27153,Todd,Todd County,06,H1,G4020,,,,A,2447491054.00000000000,89402110.00000000000,+46.0665694,-094.9005758,27153,1388.2240,1384.3418,1373.1625,1384.3140,1395.7560,1277.4442,1271.7261,1248.3333,1271.7217,1294.6858,1277.9546,1269.8148,1227.9828,1270.0041,1311.3945,1311.2954,1300.3046,1237.7618,1299.9160,1362.9971,1052.6390,1042.2533,966.9491,1041.2760,1117.4578,1132.9814,1120.4425,1019.7138,1118.6782,1220.4830,1038.0541,1026.1799,913.8864,1024.2003,1136.8715,944.9255,933.5259,832.1394,931.5947,1032.4308,1000.8770,988.7469,877.3596,986.4952,1096.4533,912.9147,911.2313,768.3362,880.7325,1070.9230,639.0863,645.6502,519.2280,609.6998,781.6312,615.1274,627.9137,475.8441,575.6016,784.1515,583.4140,602.4776,427.1324,530.3332,776.4728,529.8934,546.4787,383.4378,478.4662,714.9920,502.3026,517.2287,357.9120,445.7605,691.3316,462.5613,477.8995,320.3679,400.2152,661.1514,411.4164,427.5920,272.5772,343.9870,618.3620,11.00000000000,27,153
27,031,00659461,27031,Cook,Cook County,06,H1,G4020,,,,A,3761380730.00000000000,4888013531.00000000000,+47.5385711,-090.2901903,27031,324.2739,323.3910,320.7920,323.3835,326.0367,280.0873,278.8480,273.7265,278.8461,283.8718,287.7584,285.9483,276.5334,285.9883,295.3009,337.5536,334.7894,318.6867,334.6849,350.9042,319.4974,316.4230,293.5679,316.1293,339.2225,373.4817,369.3925,336.2120,368.8193,402.3390,327.2336,323.4190,287.9641,322.7788,358.3763,286.2978,282.9176,252.2646,282.3475,312.8149,291.6423,288.1650,255.7605,287.5207,319.4989,297.9986,297.5443,250.9758,287.6112,349.5996,314.8915,318.2106,255.9836,300.5186,385.1402,310.7394,317.2759,240.5142,290.8698,396.1334,308.2140,318.3580,225.7761,280.2631,410.2123,303.7586,313.3357,219.9240,274.3669,409.8717,301.7480,310.7817,215.1259,267.8667,415.3086,295.1694,305.0204,204.5451,255.4646,421.8980,288.1712,299.5551,191.0192,241.0073,433.1267,11.00000000000,27,031
37,159,01008583,37159,Rowan,Rowan County,06,H1,G4020,172,41580,,A,1324451332.00000000000,31989769.00000000000,+35.6392183,-080.5253439,37159,9246.5224,9220.7666,9146.3574,9220.5766,9296.7050,9053.1005,9013.1051,8847.5942,9013.0373,9175.4406,8065.0935,8015.2986,7751.6043,8016.3117,8277.0153,8383.5272,8314.0835,7914.1905,8311.5429,8714.5991,8352.0219,8271.4417,7673.9799,8263.7563,8867.5193,8083.0763,7994.7764,7276.7777,7982.4093,8707.6793,7880.1258,7788.8024,6935.4290,7773.5068,8630.1375,8282.5861,8181.8504,7292.4383,8164.7561,9049.5515,8538.9702,8435.1565,7484.5605,8415.8790,9354.3387,7012.9281,6999.3059,5901.0460,6764.8537,8226.5663,6594.5721,6661.9118,5357.0979,6290.8487,8065.3940,6374.7301,6506.7330,4930.4159,5964.4778,8126.3119,5941.5157,6135.2807,4349.2865,5400.4615,7907.6028,5656.4254,5833.1747,4092.5574,5107.0849,7632.2619,5400.9733,5561.2886,3848.1150,4792.7843,7433.4797,5093.0816,5261.8852,3527.3050,4406.5138,7279.6739,4712.8552,4898.1372,3122.4028,3940.4228,7083.4559,11.00000000000,37,159
37,025,01008540,37025,Cabarrus,Cabarrus County,06,H1,G4020,172,16740,,A,936925455.00000000000,7033038.00000000000,+35.3878448,-080.5528682,37025,15470.4007,15427.2196,15302.6788,15426.9053,15554.3488,17096.0062,17020.5372,16708.0142,17020.4056,17327.0518,16752.5178,16648.4605,16100.6035,16650.6367,17192.3632,18609.6055,18455.3576,17567.6862,18449.7246,19344.4503,19365.6088,19177.1975,17791.8532,19159.3176,20559.8426,21954.0010,21711.4398,19759.8237,21677.3298,23649.6553,22341.7700,22081.2133,19660.4459,22037.4756,24468.0189,23944.6437,23653.4358,21082.1924,23604.0200,26161.9132,25741.0325,25427.0391,22560.4807,25368.7108,28198.8627,24394.5737,24346.6359,20525.8798,23530.9600,28616.0964,25333.1545,25588.8003,20574.0508,24162.5857,30982.8461,25720.2853,26249.3163,19886.6343,24060.5432,32787.0056,25683.2733,26516.6187,18793.3185,23339.1523,34181.6646,26078.1028,26888.1520,18859.7888,23539.3103,35186.9685,26479.9097,27260.5667,18857.2064,23491.3066,36444.4613,26282.6122,27148.1758,18192.6906,22732.6658,37566.0310,25735.1438,26741.3359,17040.3536,21510.3472,38679.7654,11.00000000000,37,025
27,071,00659481,27071,Koochiching,Koochiching County,06,H1,G4020,,,,A,8039503592.00000000000,129375868.00000000000,+48.2454895,-093.7828417,27071,754.8153,752.6852,746.5969,752.6710,758.9079,687.2062,684.2066,671.6616,684.1990,696.5032,615.8315,611.9757,591.8303,612.0592,631.9833,691.4281,685.5223,652.5494,685.3250,718.6192,643.8599,637.3298,591.2663,636.7253,683.3901,710.9505,702.9900,639.7317,701.8653,765.8313,582.2812,575.4520,512.3308,574.3034,637.6921,550.4142,543.6226,484.4307,542.4667,601.3767,503.1392,496.9121,440.7999,495.7535,551.1695,428.9518,427.8874,360.5264,413.4923,503.1289,432.3262,436.4506,350.6916,412.0510,528.7030,396.6279,404.5545,306.2630,370.7420,505.5745,359.0881,370.5264,262.3921,326.0468,477.8887,333.0472,343.1963,240.5223,300.3743,449.3603,309.4133,318.3569,220.0313,274.2659,425.8330,271.0232,279.7926,187.3244,234.2207,387.3656,237.7733,246.9317,157.1938,198.5698,357.3633,11.00000000000,27,071
37,145,01008577,37145,Person,Person County,06,H1,G4020,450,20500,,A,1016108548.00000000000,30450439.00000000000,+36.3863868,-078.9654705,37145,2564.2240,2557.1068,2536.4847,2557.0529,2578.1442,2633.3570,2621.7644,2573.6420,2621.7419,2668.9549,2188.4671,2174.8517,2103.2781,2175.1385,2245.9141,2124.0971,2106.2167,2004.9104,2105.5924,2207.7967,2288.7833,2266.2500,2102.5148,2264.1269,2429.7526,2584.9744,2556.4169,2326.6254,2552.4012,2784.6300,2292.2267,2265.0928,2016.4126,2260.5145,2510.3299,2202.7946,2175.1742,1937.8919,2170.4582,2406.7246,2155.6033,2128.9561,1888.5830,2123.9987,2361.3838,1770.9622,1767.2056,1489.6106,1707.9249,2077.3631,1632.1218,1648.0556,1324.5705,1556.0340,1996.0233,1513.7592,1544.3912,1169.5391,1415.4411,1929.6079,1389.2555,1433.8674,1015.7687,1261.8742,1848.9080,1309.3574,1349.6021,946.1949,1181.3435,1766.6670,1211.1658,1246.4878,861.8375,1073.9821,1666.9040,1059.5595,1094.1251,732.8397,916.0344,1514.4172,923.9576,959.8093,611.3052,771.9412,1388.6857,11.00000000000,37,145
27,051,00659471,27051,Grant,Grant County,06,H1,G4020,,,,A,1419728446.00000000000,70764706.00000000000,+45.9307426,-096.0106987,27051,295.1416,294.3229,291.9495,294.3166,296.7439,287.8910,286.5788,281.2948,286.5795,291.7699,323.8865,321.8208,311.2183,321.8691,332.3600,385.5747,382.3761,363.9844,382.2595,400.7983,301.6824,298.6716,277.0892,298.3903,320.2366,331.2081,327.4711,297.9856,326.9418,356.7670,270.6791,267.4047,237.9841,266.8481,296.4259,285.1614,281.5272,250.7577,280.9047,311.5576,329.3908,325.2424,288.4418,324.4690,360.8262,295.3218,294.5755,248.1885,284.6617,346.3875,227.9909,230.1355,184.8869,217.2604,278.8111,228.5681,233.1134,176.4532,213.6221,291.3489,215.9685,222.8299,157.7813,196.0737,287.4178,191.5721,197.4017,138.3365,172.7678,258.4758,181.2374,186.4723,128.8757,160.6451,249.4295,165.9126,171.2867,114.6848,143.3904,237.1345,152.7442,158.6439,101.0097,127.5803,229.5692,11.00000000000,27,051
37,117,01026328,37117,Martin,Martin County,06,H1,G4020,,,,A,1194547357.00000000000,754236.00000000000,+35.8410585,-077.1128666,37117,1403.9930,1400.1258,1388.8499,1400.0950,1411.6189,1275.0379,1269.4366,1246.1422,1269.4248,1292.2773,1024.5038,1018.1241,984.6167,1018.2591,1051.3936,1091.5566,1082.3851,1030.3239,1082.0631,1134.5801,1105.1622,1094.2603,1015.1987,1093.2342,1173.2165,1182.1046,1168.6904,1063.4127,1166.7866,1273.3035,967.5686,956.0906,851.1014,954.1525,1059.6290,831.2806,821.1154,731.8007,819.3885,908.2538,793.1034,783.2976,694.8567,781.4734,868.8153,699.9340,698.5767,588.9653,675.1775,821.0632,611.2390,617.3133,496.2467,582.8778,747.5396,561.3422,572.8103,433.8871,525.0205,715.5631,524.8996,541.8652,383.9740,476.9092,698.5789,482.8140,497.7608,349.0857,435.7461,651.4525,444.8387,457.9158,316.7191,394.5857,612.2312,404.3216,417.6111,279.8234,349.6780,577.8996,364.1233,378.3432,241.0722,304.3268,547.2741,11.00000000000,37,117
37,091,01026127,37091,Hertford,Hertford County,06,H1,G4020,,,,A,914421664.00000000000,18891664.00000000000,+36.3635174,-076.9816160,37091,1362.8418,1359.0246,1348.0467,1358.9975,1370.2352,1187.3464,1182.0672,1160.3426,1182.0607,1203.3821,1110.0519,1103.0489,1066.7260,1103.2056,1139.1362,1257.6746,1247.0639,1187.0818,1246.6960,1307.2179,1210.7216,1198.6791,1112.0644,1197.5513,1285.2107,1270.2465,1255.3771,1142.0002,1253.2448,1368.1132,1151.8752,1137.3032,1011.6054,1134.7902,1261.3673,1435.2219,1416.4010,1261.0656,1413.1595,1568.0437,1404.8730,1386.2542,1228.4527,1382.7646,1538.8344,1174.1371,1170.3614,985.2897,1130.7553,1376.9673,1173.6455,1183.9419,950.4531,1117.4756,1435.1354,1134.1358,1155.9284,874.2136,1059.0173,1445.5571,1062.4971,1095.5017,774.9478,963.6785,1413.9391,1009.8168,1039.7941,727.9033,909.7393,1362.4132,966.5635,993.7504,686.0306,855.8141,1330.1822,920.4104,949.5238,634.9824,794.5897,1315.4689,876.9201,910.1438,578.7528,731.6570,1317.9398,11.00000000000,37,091
37,055,01026133,37055,Dare,Dare County,06,H1,G4020,,28620,,A,993052150.00000000000,3053969840.00000000000,+35.6062688,-075.7675364,37055,2382.3722,2375.7346,2356.5621,2375.6856,2395.3015,2286.0400,2275.8874,2234.0662,2275.8740,2316.9174,2228.5845,2214.6968,2141.8067,2214.9915,2287.0718,2443.2505,2423.2870,2306.7319,2422.5279,2539.9119,2193.2284,2172.2339,2015.3439,2170.2219,2328.7065,2243.0671,2218.8157,2019.7080,2215.4317,2416.4687,2185.8152,2161.1199,1924.9060,2157.0213,2393.9292,2332.4699,2305.2785,2055.8587,2300.7054,2548.5246,2521.4021,2492.2758,2212.9772,2486.8993,2762.3510,2297.9689,2294.5719,1935.5517,2217.9995,2695.9079,2323.0832,2348.0377,1889.3149,2217.6348,2841.4130,2349.6102,2399.4652,1819.3651,2199.9106,2995.3568,2303.9751,2380.2465,1688.4889,2095.5899,3066.4759,2270.0101,2342.0113,1644.2515,2050.9111,3063.0392,2288.2120,2357.1079,1632.0259,2031.7804,3149.3952,2273.9991,2350.2262,1576.4180,1968.5310,3250.3460,2221.4393,2309.4944,1473.0534,1858.2327,3338.8841,11.00000000000,37,055
37,093,01008563,37093,Hoke,Hoke County,06,H1,G4020,,22180,,A,1012022108.00000000000,4019951.00000000000,+35.0172328,-079.2419636,37093,3160.2353,3151.4530,3126.0321,3151.3871,3177.3894,3780.3856,3763.6302,3694.4885,3763.6058,3831.4568,4051.2908,4025.7097,3893.1399,4026.2842,4157.4253,5253.7617,5208.7756,4958.2380,5207.2836,5460.2995,5692.5981,5635.4544,5228.1992,5630.1320,6042.4883,6011.4814,5942.7637,5407.1088,5932.9865,6475.1193,6144.0736,6069.2662,5401.0802,6056.5236,6728.4377,6187.1302,6108.3348,5440.7811,6094.8399,6759.8506,6850.8718,6763.4014,5996.9162,6747.0713,7504.5395,6693.5362,6675.9387,5624.0204,6451.0788,7850.7860,5765.0182,5818.4646,4673.7111,5492.7052,7049.9390,5879.8230,5995.9848,4537.8472,5494.3805,7494.7430,5869.6571,6055.4055,4286.9727,5328.0311,7811.4644,5745.5462,5919.4989,4147.4008,5180.4500,7752.0140,5620.2449,5781.6385,3994.8359,4980.4744,7734.8323,5428.3829,5603.1867,3750.4747,4690.2047,7758.5703,5159.7992,5358.0069,3410.2321,4308.4099,7754.9285,11.00000000000,37,093
37,015,01026334,37015,Bertie,Bertie County,06,H1,G4020,,,,A,1811100404.00000000000,108725316.00000000000,+36.0613302,-076.9623670,37015,1082.2630,1079.2821,1070.5901,1079.2583,1088.1415,1101.4939,1096.5493,1076.3714,1096.5466,1116.3567,908.2711,902.3977,872.6497,902.5425,931.9881,908.0577,900.1207,856.8252,899.8739,943.6524,976.9393,966.7913,896.8945,965.8649,1036.7610,1057.9110,1045.2195,950.6261,1043.3851,1139.3287,941.9463,929.6478,826.5595,927.5062,1031.4395,834.7652,823.2882,732.4685,821.2944,911.9871,860.0382,848.0817,750.9686,845.8300,941.9792,694.0606,691.5556,581.9368,668.0790,813.8922,640.6902,645.9916,518.2905,609.6269,783.3849,582.4161,593.3381,448.4661,543.5013,742.3086,535.3735,551.7963,390.1271,485.3202,712.4405,502.0516,516.8058,361.6340,452.1056,677.3388,471.0387,484.1881,334.1512,416.9404,648.2342,438.8625,452.6845,302.6616,378.7949,627.2268,413.3687,429.0021,272.7670,344.8595,621.2580,11.00000000000,37,015
27,029,00659460,27029,Clearwater,Clearwater County,06,H1,G4020,,,,A,2587242195.00000000000,79761638.00000000000,+47.5758728,-095.3711169,27029,493.2107,491.8101,487.8273,491.8012,495.8837,534.9172,532.5513,522.7705,532.5475,542.1451,518.6822,515.4142,498.4428,515.4870,532.2745,541.7612,537.1821,511.3443,537.0242,563.0973,559.7621,554.2552,514.2109,553.7361,594.2412,574.4599,568.1629,517.1233,567.2799,618.8438,545.4109,539.0718,479.9925,538.0089,597.3197,544.0574,537.5842,479.2896,536.4907,594.4454,622.6428,615.2281,546.0545,613.8546,682.1164,547.3453,546.4973,460.9523,528.2495,642.1196,425.0079,429.5299,345.5740,405.6618,519.8293,431.9279,441.0471,334.3732,404.3512,550.6298,431.7707,446.0116,316.3371,392.6529,574.6606,420.4976,433.7885,304.5014,379.8523,567.3945,406.9999,419.2240,290.2324,361.3505,560.1745,387.4293,400.4105,268.5694,335.3782,553.7727,366.1283,380.6570,242.8107,306.2855,550.3018,11.00000000000,27,029
27,125,00659508,27125,Red Lake,Red Lake County,06,H1,G4020,,,,A,1119929367.00000000000,227816.00000000000,+47.8654866,-096.0871800,27125,213.1873,212.5978,210.8845,212.5932,214.3449,221.1266,220.1617,216.1252,220.1592,224.1183,255.5171,253.9518,245.5998,253.9824,262.2381,265.2078,263.0735,250.4203,262.9889,275.7210,199.4361,197.5518,183.2858,197.3698,211.7718,220.4702,218.1262,198.5777,217.8011,237.5253,205.4663,203.1994,181.0379,202.8265,225.0352,235.5130,232.8008,207.6462,232.3459,257.3303,220.9082,218.3718,193.9157,217.9040,242.0204,212.2079,211.9447,178.8311,204.8855,248.9681,170.3368,172.2053,138.5993,162.6536,208.3489,173.7690,177.4916,134.6160,162.7424,221.5304,170.1128,175.7745,124.7205,154.7647,226.4144,162.9316,168.1210,118.0543,147.2329,219.8538,162.6240,167.5387,116.0206,144.4225,223.8300,158.9619,164.3043,110.2226,137.6258,227.2136,153.6945,159.7944,101.9296,128.5747,231.0076,11.00000000000,27,125
37,129,01026329,37129,New Hanover,New Hanover County,06,H1,G4020,,48900,,A,496071702.00000000000,353971012.00000000000,+34.1774660,-077.8713775,37129,14281.9226,14242.3615,14127.5439,14242.0575,14359.4644,15648.0929,15579.0739,15293.0495,15578.9492,15859.5874,16009.7726,15910.3822,15386.8256,15912.4562,16430.1468,18788.5748,18633.6627,17737.4172,18627.9189,19531.0100,17440.1519,17273.7621,16026.2108,17257.7849,18517.8154,19081.5465,18875.4482,17181.7715,18846.7002,20556.7170,17930.0961,17723.7656,15783.1820,17689.2943,19636.8084,20986.7774,20737.9238,18489.9902,20695.9176,22930.5209,22827.6463,22556.1902,20020.4625,22505.9120,25008.1475,21426.7674,21391.3285,18040.7332,20676.4617,25136.3233,23981.7060,24230.9931,19489.2374,22882.7065,29331.1865,24314.9470,24822.4229,18812.9112,22755.1440,30996.4359,24128.5286,24918.7035,17668.1171,21935.4362,32113.1091,24326.0487,25088.7910,17604.9816,21966.8762,32823.5735,24649.6553,25383.2134,17565.8305,21876.3231,33926.0204,24492.3894,25305.3785,16964.8036,21192.2475,35007.6935,24224.3273,25177.1268,16050.1015,20254.5232,36409.3679,11.00000000000,37,129
37,177,01026332,37177,Tyrrell,Tyrrell County,06,H1,G4020,,,,A,1007595142.00000000000,531422526.00000000000,+35.8704196,-076.1653454,37177,219.7326,219.1264,217.3611,219.1216,220.9259,206.7118,205.8065,202.0314,205.8044,209.5075,206.3415,205.0293,198.2754,205.0597,211.7420,229.0301,227.1733,216.2468,227.1012,238.1005,198.7416,196.8490,182.6324,196.6671,211.0246,215.8309,213.6279,194.5411,213.3271,232.5538,186.4718,184.2761,164.0551,183.9063,204.2158,193.1600,190.7139,169.8855,190.2954,211.0409,223.8359,221.1152,196.1973,220.6100,245.2096,199.9256,199.5289,168.2127,192.8431,234.5221,188.4436,190.2631,152.8985,179.6332,230.4561,193.3217,197.2175,149.3331,180.7451,246.4277,188.4916,194.5345,137.8005,171.1962,250.8555,184.2014,189.8472,133.0841,166.1722,248.5347,183.4663,188.8010,130.5226,162.6657,252.4998,175.3913,181.0919,121.2713,151.6068,250.6834,173.2498,179.9530,114.5904,144.7217,260.3891,11.00000000000,37,177
27,095,00659493,27095,Mille Lacs,Mille Lacs County,06,H1,G4020,,,,A,1482276069.00000000000,283011102.00000000000,+45.9290434,-093.6329964,27095,1543.4335,1539.1053,1526.6700,1539.0749,1551.8059,1423.6342,1417.3389,1391.3087,1417.3287,1442.8709,1403.8302,1394.9446,1349.0031,1395.1461,1440.5953,1520.7558,1507.9380,1435.4081,1507.4922,1580.6705,1381.6338,1367.9356,1269.0945,1366.6502,1466.6673,1333.9192,1318.9950,1200.3133,1316.8871,1436.8925,1158.7147,1145.1564,1019.5726,1142.8778,1268.9835,1094.5418,1081.0166,963.2912,1078.7140,1195.8837,1131.2683,1117.2045,990.9834,1114.5864,1239.2530,993.6986,991.6061,835.8580,958.3470,1165.6260,826.3742,834.5831,670.9026,788.0265,1010.6474,788.9408,805.0535,609.7993,737.8857,1005.6906,751.9632,776.2607,550.0633,683.2041,1000.7729,706.7313,728.6008,510.9670,637.8225,953.5793,672.0212,691.7640,478.4471,596.0871,924.9013,633.4990,654.3060,438.4057,547.8632,905.4634,591.3285,614.4042,391.4657,494.1993,888.7604,11.00000000000,27,095
37,049,01026123,37049,Craven,Craven County,06,H1,G4020,,35100,,A,1836191667.00000000000,168876517.00000000000,+35.1181789,-077.0825413,37049,4870.5373,4857.0220,4817.8538,4856.9195,4896.9779,4653.5896,4633.0927,4548.0466,4633.0536,4716.4942,4647.4809,4618.3286,4466.2870,4618.9652,4769.3427,5064.8932,5022.2399,4780.6768,5020.7526,5264.4631,4911.8220,4863.7913,4512.4140,4859.2473,5214.5632,4439.3022,4390.2889,3995.6733,4383.3982,4782.1893,4809.7352,4750.9059,4227.6233,4740.8699,5267.1592,5093.7386,5027.9815,4477.6084,5016.6901,5565.1960,5384.5118,5314.5792,4711.0709,5301.4994,5898.1247,4745.4481,4731.8748,3985.2293,4572.1992,5565.6255,3899.2873,3935.1006,3160.5704,3714.6814,4768.3148,3858.9723,3934.9025,2977.6847,3605.6161,4918.8192,3729.9416,3847.7050,2723.7400,3385.4173,4963.8615,3594.6384,3703.3015,2594.4852,3240.8778,4849.9481,3477.4621,3577.2680,2471.6633,3081.5422,4785.8344,3353.6326,3461.6638,2317.0954,2897.6370,4793.2155,3225.7807,3349.8202,2132.2165,2693.6661,4848.2000,11.00000000000,37,049
37,169,01008586,37169,Stokes,Stokes County,06,H1,G4020,268,49180,,A,1162535003.00000000000,17539406.00000000000,+36.4041946,-080.2392707,37169,3334.9073,3325.5851,3298.7313,3325.5180,3353.0016,2994.0064,2980.7099,2925.9370,2980.6924,3034.4463,2349.9990,2335.3072,2258.4368,2335.6234,2411.6459,2333.7203,2314.0171,2202.7157,2313.3351,2425.6428,2422.4039,2398.3797,2225.0826,2396.1260,2571.4875,2772.6951,2741.3195,2494.4326,2736.8707,2986.6334,2432.4280,2403.3925,2139.3132,2398.4795,2663.8433,2052.5616,2027.2507,1806.5305,2022.9434,2242.6082,1916.8927,1892.6605,1678.4171,1888.1414,2099.8201,1567.2549,1563.2344,1317.0134,1510.6083,1838.2429,1559.7003,1574.7396,1265.4674,1486.7537,1907.4242,1406.4392,1434.7193,1086.3077,1314.8649,1792.7839,1265.2559,1305.7067,924.7983,1149.0193,1683.8657,1189.6046,1225.9965,859.3596,1073.0799,1605.0735,1098.8120,1130.7004,781.6144,974.1551,1512.2610,970.6460,1002.1767,671.1055,838.9966,1387.3246,849.7900,882.6476,562.0275,709.8335,1277.2066,11.00000000000,37,169
37,039,01008545,37039,Cherokee,Cherokee County,06,H1,G4020,,,,A,1179547136.00000000000,29262798.00000000000,+35.1362326,-084.0613080,37039,1641.2457,1636.6346,1623.4067,1636.6026,1650.1475,1584.4710,1577.4766,1548.5118,1577.4644,1605.8846,1371.3909,1362.7622,1317.8923,1362.9531,1407.3355,1364.7238,1353.4303,1288.3326,1353.0160,1418.6247,1290.6917,1278.0925,1185.7606,1276.8993,1370.2583,1443.4498,1427.5065,1299.1927,1425.2647,1554.9385,1289.1921,1273.8089,1133.8506,1271.2062,1411.8434,1179.0661,1164.7355,1038.1319,1162.3040,1288.2479,1216.5524,1201.3899,1065.6182,1198.5665,1332.6732,975.7203,973.5962,820.6103,940.9224,1144.5203,916.9848,925.9772,744.2618,874.2863,1121.4444,855.6199,872.9914,661.1575,800.1200,1090.6764,793.9147,819.4777,580.5966,721.2066,1056.5973,741.6597,764.5281,536.0787,669.2411,1000.7003,697.5650,717.9844,496.5038,618.6510,960.0513,632.2324,652.9366,437.4209,546.6911,903.6486,577.2186,599.6936,382.0355,482.3455,867.5502,11.00000000000,37,039
37,173,01008588,37173,Swain,Swain County,06,H1,G4020,,,,A,1367504099.00000000000,32758423.00000000000,+35.5688491,-083.4656136,37173,887.5062,885.0533,877.9213,885.0342,892.3255,1001.3439,996.9062,978.5923,996.8997,1014.8717,928.2350,922.4191,892.0534,922.5455,952.5780,1056.6273,1047.8388,997.4394,1047.5210,1098.3312,1205.2501,1193.4328,1107.2121,1192.3165,1279.5150,1305.6715,1291.1406,1175.0145,1289.0920,1406.4866,1170.4164,1156.5941,1029.6428,1154.2638,1281.7842,1115.7457,1102.0167,982.0625,1099.6814,1219.0542,1114.7290,1101.1497,977.0287,1098.6276,1221.1688,1178.6010,1175.9402,991.0683,1136.4503,1382.4763,988.4135,998.2356,802.4627,942.5510,1208.8205,974.8000,994.7043,753.4487,911.7119,1242.6113,968.2545,999.5290,708.2607,879.7029,1288.6296,941.8624,970.9909,680.9375,850.0059,1270.8358,901.2957,927.7567,641.6490,799.4328,1240.4498,844.6282,872.3528,584.4854,730.4310,1207.2302,789.9414,820.7519,522.9214,660.1695,1187.2726,11.00000000000,37,173
27,007,00659449,27007,Beltrami,Beltrami County,06,H1,G4020,,13420,,A,6487764440.00000000000,1426606363.00000000000,+47.8788247,-094.9866978,27007,2108.9424,2103.0903,2086.1304,2103.0459,2120.3912,2165.4178,2155.8242,2116.2216,2155.8099,2194.6727,2439.3020,2424.0809,2344.2949,2424.4058,2503.3080,2947.5832,2922.8740,2782.2878,2922.0007,3063.7981,2836.1588,2808.0580,2605.1616,2805.4202,3010.7241,2251.4084,2226.4211,2026.2191,2222.9018,2425.2670,1803.4458,1782.3284,1586.8556,1778.7785,1975.0685,2714.9329,2681.5428,2389.6742,2675.8637,2966.3135,3107.0174,3068.3859,2721.7161,3061.1944,3403.5958,3016.2437,3009.8486,2537.0607,2908.8848,3538.0965,2204.8229,2226.6184,1789.8278,2102.3754,2696.4592,2263.2607,2309.3482,1749.1142,2116.6265,2885.0416,2267.4338,2340.5458,1658.3714,2059.9081,3017.6690,2140.1794,2206.2526,1547.0854,1931.3092,2887.6900,2048.4197,2108.4482,1458.1142,1816.7706,2819.2234,1998.0724,2063.5464,1382.4742,1727.7845,2855.8443,1961.7696,2038.1749,1298.4451,1639.3534,2948.5095,11.00000000000,27,007
27,143,00659516,27143,Sibley,Sibley County,06,H1,G4020,,,,A,1524931233.00000000000,30410849.00000000000,+44.5757343,-094.2301232,27143,909.8314,907.2751,899.9422,907.2574,914.7661,881.7780,877.8734,861.7478,877.8674,893.6914,912.8534,907.0392,877.1584,907.1745,936.7399,921.0986,913.3263,869.3964,913.0569,957.3824,777.5112,769.7830,714.1602,769.0590,825.3507,881.8221,871.7339,793.1544,870.2981,949.8307,848.1723,837.9313,745.7574,836.1918,928.8520,793.4731,783.6262,698.2453,781.9483,866.9371,802.1970,792.1483,702.5742,790.2762,878.7611,644.2295,642.7577,541.6918,621.1682,755.6646,615.1178,621.1664,499.2833,586.4961,752.2729,597.1802,609.3173,461.4772,558.4599,761.2395,562.5162,580.6390,411.3910,511.0132,748.6370,539.3014,555.9440,389.8360,486.6593,727.6651,529.6754,545.1960,377.0332,469.7744,728.9878,509.6637,526.3682,352.6447,440.7238,728.4625,486.8139,505.7813,322.2227,406.8152,731.6743,11.00000000000,27,143
37,095,01008564,37095,Hyde,Hyde County,06,H1,G4020,,,,A,1586884785.00000000000,2101324125.00000000000,+35.4081567,-076.1536867,37095,309.7114,308.8636,306.3789,308.8566,311.3944,302.6571,301.3249,295.7942,301.3223,306.7485,246.2091,244.6588,236.6030,244.6932,252.6616,227.7652,225.8547,214.9914,225.7873,236.7446,187.0589,185.2581,171.8769,185.0861,198.6070,242.6436,239.9876,218.4312,239.6153,261.3918,247.1203,244.0404,217.1097,243.5117,270.6158,243.1326,239.9977,213.7308,239.4595,265.6363,259.5349,256.0833,226.9204,255.4362,284.2814,232.6057,231.9273,195.3188,224.0975,272.8049,221.4190,223.4145,179.4045,210.8884,270.7601,204.6960,208.6841,157.8795,191.2071,260.9100,189.6650,195.6377,138.4739,172.1268,252.4076,180.5358,185.9813,130.2838,162.7534,243.5809,173.8006,178.7706,123.4998,153.9898,239.1904,161.5439,166.7147,111.5557,139.5373,230.8860,149.4306,155.1464,98.7186,124.7439,224.5855,11.00000000000,37,095
37,141,01026129,37141,Pender,Pender County,06,H1,G4020,,48900,,A,2252758539.00000000000,163145775.00000000000,+34.5125805,-077.8880289,37141,4321.8353,4309.6572,4274.8066,4309.5748,4345.2708,4793.1556,4771.7797,4684.0471,4771.7578,4857.8712,4866.1247,4835.5525,4676.3488,4836.2248,4993.6925,5563.6770,5516.8256,5251.4734,5515.1918,5782.9019,5770.3536,5713.5889,5300.7893,5708.2379,6125.7872,6161.6648,6092.9024,5544.7817,6083.1987,6637.3722,6090.6480,6019.0268,5358.6337,6006.9697,6670.2222,6305.5506,6228.0819,5550.2767,6214.9088,6889.3979,6998.2918,6912.3920,6132.5653,6896.4241,7666.4446,6914.4569,6899.6897,5815.7817,6668.2140,8110.7297,6915.1601,6984.0862,5614.5719,6594.5572,8457.2100,6994.0304,7137.0306,5406.2043,6541.6233,8915.5562,6953.6840,7178.4740,5086.8140,6317.9702,9254.5291,6979.6149,7195.6264,5046.3174,6299.1173,9417.4660,6998.2360,7203.8102,4982.3736,6207.4530,9631.6550,6901.1525,7127.7473,4775.7383,5968.1728,9863.8469,6721.5250,6983.7197,4449.5369,5617.3483,10102.3739,11.00000000000,37,141
37,073,01026126,37073,Gates,Gates County,06,H1,G4020,,,,A,881747682.00000000000,13578050.00000000000,+36.4421353,-076.7023552,37073,823.8388,821.5151,814.8706,821.4994,828.3058,668.3356,665.4376,653.2471,665.4289,677.3828,533.5515,530.2480,512.8014,530.3161,547.5661,555.1748,550.6488,524.1638,550.4756,577.1455,559.5728,554.2090,514.1805,553.6954,594.1334,564.2236,558.0932,507.9929,557.2363,607.8325,448.4782,443.2538,394.6651,442.3772,491.1601,393.9915,389.2160,346.9225,388.4062,430.4760,381.7932,377.1752,334.6939,376.3182,418.2527,313.8262,313.2608,264.1494,302.7796,368.1468,314.6549,317.8303,255.5438,300.1158,384.8279,296.1003,302.1940,228.9472,276.9970,377.4550,278.0724,287.1010,203.4852,252.7001,370.0849,264.3739,272.5931,191.2086,238.6452,356.7181,254.3939,261.9015,181.1757,225.6920,350.1245,241.3361,249.2915,167.0649,208.7487,344.9450,232.2980,241.3866,153.8256,194.1705,349.1429,11.00000000000,37,073
37,187,01026331,37187,Washington,Washington County,06,H1,G4020,,,,A,901664508.00000000000,196093080.00000000000,+35.8445891,-076.5723342,37187,714.9990,713.0865,707.3734,713.0683,718.8907,585.3821,582.8767,572.2160,582.8667,593.3158,520.7648,517.5494,500.5226,517.6148,534.4486,485.2021,481.1605,458.0175,481.0150,504.3488,459.4943,454.9142,422.0419,454.4858,487.7580,533.3928,527.2557,479.7057,526.3806,574.5193,453.2943,447.8270,398.5704,446.8986,496.4132,383.9972,379.2300,337.9087,378.4176,419.5497,396.1824,391.1500,346.8482,390.2109,433.9868,392.7416,392.1017,330.6948,379.0009,460.7382,276.2515,278.8830,224.0810,263.2909,337.8345,253.8011,258.8589,195.9515,237.2186,323.5140,261.5977,269.9163,191.1298,237.5090,348.1433,242.7375,250.1117,175.2624,218.8953,327.5089,228.5188,235.0972,162.4581,202.5263,314.4991,217.2383,224.2407,150.1024,187.7058,310.4905,203.7622,211.5873,134.6673,170.1379,306.2446,11.00000000000,37,187
37,151,01008580,37151,Randolph,Randolph County,06,H1,G4020,268,24660,,A,2026710821.00000000000,17696116.00000000000,+35.7099148,-079.8062153,37151,10387.9662,10358.8937,10275.2281,10358.6860,10444.3241,9960.4690,9916.2761,9734.0795,9916.2149,10095.0170,8204.5065,8153.6425,7885.3497,8154.6972,8419.9747,8303.0268,8233.1619,7837.1579,8230.7199,8630.2246,8568.7476,8484.6932,7871.7060,8476.7560,9096.7099,8967.9322,8867.8892,8070.1522,8853.7730,9660.3062,8607.8219,8506.2118,7572.5838,8489.0833,9426.8812,8381.3977,8278.7428,7378.0812,8261.2980,9157.4714,8249.4297,8147.6434,7227.9178,8128.7112,9036.9691,7202.7079,7187.8721,6059.2156,6946.8758,8448.9835,6858.2845,6926.7194,5568.5259,6540.4131,8387.6637,6467.5140,6599.8692,4999.4310,6049.3155,8244.4002,6078.1651,6274.8039,4446.6068,5522.6822,8089.3306,5902.0441,6084.8656,4267.5006,5326.8106,7963.5338,5694.6599,5862.1034,4054.5803,5051.3834,7837.5594,5378.4950,5555.2542,3722.3109,4651.5665,7687.5173,4995.1686,5190.1752,3306.9925,4174.7779,7507.6901,11.00000000000,37,151
37,011,01008536,37011,Avery,Avery County,06,H1,G4020,,,,A,639951854.00000000000,367329.00000000000,+36.0728941,-081.9203630,37011,1043.3876,1040.4028,1031.9660,1040.3849,1049.0391,1049.2963,1044.5246,1025.2712,1044.5262,1063.4371,886.9460,881.3253,852.2980,881.4534,910.1705,869.4236,861.8828,820.4267,861.6425,903.5412,963.2815,953.4192,884.5019,952.5113,1022.3617,857.8769,847.8341,771.2632,846.3939,923.9722,925.1608,913.4156,812.4256,911.3879,1013.0977,974.7748,961.9660,856.4420,959.7591,1064.9833,1001.5764,988.1104,875.4335,985.5828,1097.0582,898.2482,895.2129,753.5103,864.8784,1053.3835,917.5258,925.3763,742.6912,873.3643,1121.9195,877.6889,894.3651,676.2089,819.3183,1118.6698,827.8419,853.3886,603.5100,750.6361,1101.6520,808.1559,832.0066,582.2988,727.8857,1090.3260,784.7357,806.6951,556.7778,694.6765,1079.9422,764.8238,788.9360,527.5035,660.1718,1093.0958,736.3862,764.2281,485.9004,614.3323,1106.7253,11.00000000000,37,011
37,137,01023355,37137,Pamlico,Pamlico County,06,H1,G4020,,35100,,A,871627408.00000000000,596248407.00000000000,+35.1474623,-076.6650693,37137,671.3503,669.4499,664.0317,669.4374,674.9895,646.8356,643.9676,632.1366,643.9635,655.5737,526.7755,523.4880,506.2579,523.5582,540.5976,631.6418,626.4090,596.2799,626.2177,656.5854,597.2978,591.4655,548.7367,590.9132,634.1179,612.3906,605.6614,551.2427,604.7169,659.7003,567.1596,560.2648,498.5929,559.0909,621.1035,518.8975,512.3439,456.4068,511.2233,566.9331,522.3538,515.6476,457.1722,514.3949,572.1891,399.9732,398.8127,335.8679,385.3504,469.0984,425.8227,429.6517,345.0074,405.5600,520.7118,402.2991,410.1156,310.2509,375.7618,512.7765,366.3090,377.7556,267.2891,332.3252,487.4790,337.8860,347.9703,243.6504,304.4685,455.8701,314.4892,323.3774,223.2870,278.5087,432.8026,282.4294,291.3849,194.8843,243.8487,403.6553,255.7728,265.4704,168.8188,213.4126,384.4062,11.00000000000,37,137
27,023,00659457,27023,Chippewa,Chippewa County,06,H1,G4020,,,,A,1505097828.00000000000,17235577.00000000000,+45.0286254,-095.5641082,27023,656.5148,654.7003,649.4244,654.6861,660.0798,546.1127,543.6931,533.7054,543.6896,553.4907,591.6164,587.9115,568.5581,587.9919,607.1327,722.0372,716.0018,681.5631,715.7867,750.5162,639.1563,632.9666,587.2442,632.3776,678.5906,775.8552,767.2858,698.3171,766.0808,835.7805,697.2073,688.9451,613.2991,687.5505,763.5448,628.5255,620.7865,553.2089,619.4699,686.7213,713.4111,704.5451,624.9493,702.8948,781.5098,710.1795,708.7130,597.4258,684.9502,833.0601,561.5919,567.0670,455.7542,535.4016,686.8045,568.6254,580.1273,439.3152,531.6876,724.8333,565.9633,584.1363,413.8079,514.0684,753.2193,540.4105,557.0085,390.5016,487.5599,729.1546,524.5092,539.7891,373.1993,465.0790,721.8706,493.1641,509.2315,341.0579,426.3352,704.8727,464.7846,482.7974,307.4699,388.2878,698.5585,11.00000000000,27,023
37,009,01008535,37009,Ashe,Ashe County,06,H1,G4020,,,,A,1103683753.00000000000,8117340.00000000000,+36.4363053,-081.4987699,37009,1724.2522,1719.4192,1705.5282,1719.3852,1733.6057,1687.0151,1679.4929,1648.6150,1679.4851,1709.7930,1547.9574,1538.3125,1487.6839,1538.5171,1588.5830,1547.3275,1534.3997,1460.5974,1533.9383,1608.3619,1282.0832,1269.4746,1177.7570,1268.2858,1361.0574,1361.6417,1346.5706,1225.5119,1344.4500,1466.8026,1363.3136,1347.4766,1199.8083,1344.8220,1493.0663,1227.2799,1212.3637,1080.5834,1209.8328,1340.9263,1258.0737,1242.8014,1102.7678,1239.9659,1378.2072,1042.7611,1040.6495,877.2789,1005.7682,1223.1975,945.6756,955.1115,767.8325,901.8444,1156.5586,890.4552,908.6682,688.3104,832.8647,1135.0979,813.1653,839.4524,594.8533,738.8250,1082.2266,757.5914,781.0297,547.7301,683.7172,1022.2035,721.8103,743.0007,513.8683,640.2313,993.4247,661.7403,683.4511,457.9076,572.2570,945.8271,586.6959,609.5606,388.3450,490.2905,881.7958,11.00000000000,37,009
37,197,01008597,37197,Yadkin,Yadkin County,06,H1,G4020,268,49180,,A,867203563.00000000000,6932224.00000000000,+36.1587653,-080.6651641,37197,2850.0889,2842.1247,2819.1762,2842.0673,2865.5531,2523.5400,2512.3066,2466.1271,2512.2937,2557.6178,1998.9818,1986.3272,1920.9085,1986.6145,2051.3324,1930.2202,1913.9420,1821.8838,1913.3767,2006.2611,1935.9783,1916.6836,1778.1836,1914.8788,2055.0631,2144.1250,2119.5729,1928.4969,2116.0777,2309.4792,1965.7434,1941.9565,1728.2913,1937.9130,2152.7225,1742.6734,1720.7465,1532.9603,1717.0002,1904.0020,1702.5697,1680.9701,1490.6105,1676.9403,1865.0351,1369.6411,1366.0147,1150.7491,1319.9974,1606.4330,1294.0946,1306.3547,1049.5853,1233.2969,1582.5682,1179.9813,1203.5186,911.0644,1102.9135,1504.0957,1064.6591,1098.5379,777.9065,966.6517,1416.8874,977.6045,1007.3720,705.9726,881.6689,1319.0201,903.3171,929.4166,642.3514,800.6919,1243.1981,817.5434,844.0162,565.1007,706.5534,1168.4923,717.2738,744.9503,474.2829,599.0719,1078.0354,11.00000000000,37,197
27,127,00659509,27127,Redwood,Redwood County,06,H1,G4020,,,,A,2275491832.00000000000,8230403.00000000000,+44.4035357,-095.2542415,27127,875.7233,873.2325,866.1589,873.2169,880.4687,762.8021,759.4247,745.4751,759.4195,773.1082,743.3713,738.5919,714.2501,738.7071,762.7979,867.7226,860.1633,818.7898,859.9257,901.7522,737.2115,729.8332,677.0926,729.1449,782.5380,830.1584,820.7388,746.8056,819.4019,894.2051,820.8727,810.8161,721.4953,809.0996,898.9389,858.3724,847.4336,754.8140,845.5599,937.8285,874.2082,863.0338,765.2145,860.9474,957.6182,764.9373,763.1420,643.1015,737.4960,897.2401,655.4978,661.6327,531.5148,624.6077,801.6061,644.9874,657.7820,497.8707,602.7720,822.1423,637.3078,657.5309,465.5596,578.5690,848.1477,614.7896,633.4615,443.8845,554.3971,829.4925,601.7786,619.1237,427.8529,533.3576,828.1998,574.5113,593.0775,397.0471,496.4691,821.1306,545.0633,566.0726,360.3722,455.2130,819.2082,11.00000000000,27,127
27,111,00659501,27111,Otter Tail,Otter Tail County,06,H1,G4020,,22260,,A,5107632889.00000000000,653895064.00000000000,+46.4057250,-095.7145779,27111,3216.4896,3207.5304,3181.6465,3207.4643,3233.9461,2713.9138,2701.8976,2652.2675,2701.8791,2750.5810,3107.2932,3087.5813,2985.8842,3088.0324,3188.6456,3757.5096,3725.9786,3546.7642,3724.8675,3905.6369,3350.3107,3317.0417,3077.3621,3313.9231,3556.4732,3796.1796,3753.5868,3415.7663,3747.5649,4089.1947,3558.4480,3516.0899,3129.8551,3508.9290,3897.0040,3406.5477,3364.6201,2998.3717,3357.4879,3721.9643,3886.1842,3837.9635,3404.4472,3828.9889,4257.1495,3745.6431,3737.5090,3150.2357,3612.0842,4393.6455,3158.5126,3190.0185,2564.5079,3012.1062,3862.8507,3229.6581,3295.7108,2496.4751,3020.7721,4116.9701,3229.3784,3333.7897,2362.4078,2934.1650,4297.9212,3138.2931,3235.4494,2269.0620,2832.3539,4234.4437,3125.2753,3217.1120,2225.0853,2772.1667,4301.3114,3034.6879,3134.3649,2100.1277,2624.4665,4337.4949,2928.1756,3042.4330,1938.4647,2447.1928,4401.0160,11.00000000000,27,111
27,121,00659506,27121,Pope,Pope County,06,H1,G4020,,,,A,1734549440.00000000000,122740995.00000000000,+45.5896228,-095.4467052,27121,592.9384,591.2684,586.4874,591.2570,596.1538,579.2207,576.5757,565.9420,576.5773,587.0234,552.9809,549.4507,531.3481,549.5335,567.4461,683.8581,677.8428,645.2387,677.6595,710.6402,603.6199,597.5082,554.3237,596.9418,640.6862,641.3130,634.0512,576.9446,633.0213,690.7946,579.5059,572.4584,509.4419,571.2584,634.6238,558.3568,551.2478,491.0061,550.0303,610.0420,635.1608,627.0948,556.0719,625.5898,695.7692,594.2905,592.8171,499.4930,572.8738,697.0594,446.0993,450.3937,361.9315,425.2265,545.5528,441.8173,450.6987,341.2471,413.0470,563.1829,431.7870,445.5966,315.6097,392.1261,574.6442,410.0314,422.5802,296.2120,369.8745,553.2352,392.0102,403.3921,278.8569,347.5447,539.5120,362.8775,374.6710,250.9038,313.6673,518.6539,338.6275,351.7295,223.9745,282.8679,508.9466,11.00000000000,27,121
27,081,00659486,27081,Lincoln,Lincoln County,06,H1,G4020,,,,A,1390192941.00000000000,30240167.00000000000,+44.4082382,-096.2720323,27081,300.8837,300.0424,297.6194,300.0364,302.5162,302.9347,301.5822,296.0365,301.5809,307.0244,291.4268,289.5830,280.0460,289.6248,299.0595,284.0362,281.6152,268.0697,281.5337,295.2094,291.5169,288.6076,267.7524,288.3357,309.4459,299.2574,295.9178,269.2969,295.4465,322.3613,289.3404,286.0362,254.7406,285.4857,316.8848,288.3163,284.8183,253.8656,284.2250,315.0148,324.6915,320.7594,284.6273,320.0296,355.6974,288.8244,288.1577,242.8419,278.4770,338.7819,212.4890,214.6388,172.5802,202.6774,259.8782,212.1740,216.5453,164.0631,198.4914,270.4702,204.7453,211.3968,149.8329,186.0683,272.4946,197.1952,203.3297,142.6281,178.0092,266.0747,188.3225,193.8848,134.1288,167.0810,259.1902,175.4536,181.2417,121.4657,151.7678,250.7784,159.7100,165.9628,105.7660,133.5017,240.0437,11.00000000000,27,081
27,017,00659454,27017,Carlton,Carlton County,06,H1,G4020,,20260,,A,2230967465.00000000000,36005475.00000000000,+46.6038184,-092.6710435,27017,2226.6972,2220.3917,2202.4198,2220.3506,2238.7673,2180.1778,2170.4384,2130.5247,2170.4296,2209.6091,2136.1167,2122.5383,2052.6210,2122.8517,2192.0274,2350.5130,2330.6095,2218.5099,2329.9267,2443.0596,2189.2513,2167.4012,2010.7816,2165.3591,2323.8947,2479.3907,2451.0331,2230.0978,2446.9976,2670.6102,2401.0113,2371.2980,2109.8059,2366.2097,2629.3167,2505.8408,2473.3135,2202.4010,2467.7222,2737.7618,2589.3241,2555.4500,2265.0093,2549.1096,2836.2825,2204.2188,2197.4010,1850.1803,2123.1120,2585.0596,2077.5061,2095.9251,1682.7647,1978.3201,2540.4088,2012.5534,2051.4085,1551.6360,1879.4846,2565.2008,1895.2255,1954.2475,1382.5679,1719.1467,2522.1220,1779.9517,1832.8712,1283.1757,1603.6521,2401.4622,1688.6612,1736.1875,1198.5987,1495.2097,2323.9336,1555.9284,1605.0918,1073.3282,1343.1667,2223.7602,1426.8230,1480.7641,941.4716,1190.3245,2144.3922,11.00000000000,27,017
27,001,00663198,27001,Aitkin,Aitkin County,06,H1,G4020,,,,A,4718084060.00000000000,449700337.00000000000,+46.6024464,-093.4197600,27001,835.6895,833.3896,826.6790,833.3712,840.2289,708.1929,705.0840,692.1468,705.0773,717.7688,662.2086,658.0706,636.4096,658.1595,679.5813,799.8387,793.2687,755.1140,793.0225,831.4603,650.4075,644.0702,597.5424,643.4694,690.5106,762.6981,754.4305,686.7171,753.2758,821.6526,701.8481,693.8205,617.8975,692.4823,768.6605,710.0833,701.5348,625.3619,700.0872,775.8419,710.3512,701.6871,622.5823,700.0777,778.1777,562.4559,561.3744,473.2998,542.5733,659.7956,553.0227,558.7441,449.3780,527.6455,676.3783,541.2488,552.5231,418.7353,506.5000,689.9755,522.7978,539.8965,382.7808,475.2518,695.7994,503.8893,519.6690,364.6352,454.9963,679.9050,496.3746,511.1303,353.6981,440.5071,683.1732,470.3532,485.9535,325.7710,406.9615,672.2889,443.0355,460.4520,293.5218,370.4210,665.8856,11.00000000000,27,001
27,059,00659475,27059,Isanti,Isanti County,06,H1,G4020,378,33460,,A,1128701342.00000000000,41083223.00000000000,+45.5624313,-093.2963388,27059,2599.5329,2592.2083,2571.2462,2592.1586,2613.6291,2485.4296,2474.3177,2428.8108,2474.3083,2518.9791,2412.8072,2397.4984,2318.5302,2397.8491,2475.9758,2742.8447,2719.7865,2588.9684,2718.9784,2850.9455,2388.0859,2364.1776,2193.3321,2361.9472,2534.9095,2309.0979,2283.1094,2077.5795,2279.4312,2487.3065,2305.4617,2277.4044,2026.6890,2272.6261,2524.7361,2119.7162,2092.5474,1863.6882,2087.8884,2315.9207,2289.9825,2260.7820,2004.6095,2255.3311,2508.4829,1775.6766,1770.6700,1491.3442,1710.9388,2082.5924,1513.3255,1527.2505,1226.6722,1441.7116,1850.6021,1417.8443,1445.6806,1093.9383,1324.6800,1807.2404,1263.3139,1303.0380,922.2411,1146.4222,1681.2224,1076.5047,1108.7643,776.4963,970.2031,1452.4135,944.6532,971.4029,670.7930,836.6414,1300.0437,797.7043,822.9819,550.4092,688.7146,1140.0981,647.6430,672.1006,427.2918,540.2624,973.3501,11.00000000000,27,059
27,171,00659530,27171,Wright,Wright County,06,H1,G4020,378,33460,,A,1713164762.00000000000,136781631.00000000000,+45.1750914,-093.9663965,27171,9281.6054,9255.5365,9180.7339,9255.3549,9331.9473,9093.0081,9052.3724,8885.8930,9052.3366,9215.7549,9136.5242,9079.2084,8780.3072,9080.4603,9376.0909,9654.2268,9572.5184,9112.0918,9569.7113,10034.3685,8137.6716,8056.6445,7474.4761,8049.0610,8638.2818,9308.7737,9204.1112,8375.6071,9189.3032,10027.2249,9711.4873,9595.9933,8541.9904,9576.4754,10635.4642,10454.4295,10324.4849,9199.3630,10302.3365,11422.3442,11034.0656,10895.8430,9663.7623,10870.0908,12087.1902,9381.2336,9358.9974,7886.6378,9044.4216,11003.7504,7841.0771,7916.7667,6362.0252,7474.4560,9589.2015,7810.8843,7968.1164,6033.2870,7302.5302,9956.5318,7458.2887,7697.0021,5451.8571,6773.4473,9925.8867,7111.3999,7329.2200,5137.6791,6415.1659,9595.0781,6964.3846,7166.8013,4954.4865,6174.6823,9584.8919,6579.6933,6793.7543,4549.7795,5687.6910,9404.2451,6052.9228,6287.3010,4003.8393,5056.4504,9097.3653,11.00000000000,27,171
37,105,01008567,37105,Lee,Lee County,06,H1,G4020,,41820,,A,660341698.00000000000,10576667.00000000000,+35.4760747,-079.1722200,37105,3817.9025,3807.2986,3776.5905,3807.2188,3838.6274,3851.4540,3834.6073,3764.2808,3834.5668,3903.5491,3754.9800,3731.6253,3608.8203,3732.1167,3853.5514,3806.8543,3774.9862,3593.4147,3773.8553,3956.9759,3720.2047,3684.0033,3417.8734,3680.5682,3949.6168,3971.5082,3928.0055,3575.1622,3921.9067,4278.3640,3945.7855,3900.5805,3473.6833,3893.0402,4321.3962,3970.7511,3923.1965,3497.4625,3915.1526,4338.4848,4393.1357,4340.0253,3851.2357,4330.1694,4812.6633,3771.0163,3764.0504,3173.7774,3638.0648,4423.7050,3743.7559,3781.9904,3041.2484,3571.3384,4578.7461,3722.1724,3799.2123,2878.7817,3482.5829,4744.9077,3598.6275,3715.8953,2634.0989,3270.8108,4789.4292,3603.6140,3716.0527,2607.0144,3253.4280,4862.3716,3620.2534,3727.4745,2578.9617,3212.2849,4982.6161,3531.6886,3648.4695,2445.4522,3055.2613,5047.9152,3381.0830,3513.7156,2239.5446,2826.5683,5081.7743,11.00000000000,37,105
37,183,01008592,37183,Wake,Wake County,06,H1,G4020,450,39580,,A,2163206258.00000000000,57246693.00000000000,+35.7898464,-078.6506240,37183,78815.4395,78595.7776,77961.4636,78594.1619,79243.1665,89592.4404,89196.5737,87558.5918,89195.9077,90803.1421,93377.5029,92795.0586,89740.8657,92807.4702,95827.8062,107048.7651,106153.1768,101047.3677,106121.3413,111270.5391,114973.5232,113846.7856,105621.8787,113740.3306,122058.3213,113916.2373,112656.6809,102529.5024,112479.5105,122714.4741,116883.7275,115514.0095,102844.3218,115283.7002,128006.7056,132244.8403,130635.5103,116433.7898,130362.3843,144490.6299,142259.8374,140522.6509,124678.6748,140199.9087,155842.9966,135732.2759,135459.2627,114195.4097,130919.3291,159219.4604,145680.3794,147142.1665,118298.1807,138938.4917,178168.0391,148206.2979,151246.2227,114576.5947,138631.8066,188925.3701,147576.0557,152356.2202,107972.2847,134096.4126,196407.0732,149755.8145,154399.6113,108290.2212,135166.4204,202063.5723,151542.6104,156002.6914,107905.1919,134429.4609,208568.4023,151361.3936,156338.9248,104758.7583,130908.1855,216342.0303,149260.4297,155089.4912,98819.8115,124748.9131,224337.0996,11.00000000000,37,183
37,085,01008560,37085,Harnett,Harnett County,06,H1,G4020,450,20380,,A,1541008895.00000000000,16360689.00000000000,+35.3686348,-078.8716104,37085,8287.3992,8264.2307,8197.4962,8264.0643,8332.3645,9151.0366,9110.5637,8943.2390,9110.4985,9274.6871,9565.5014,9505.5412,9192.6159,9506.8469,9816.3423,12597.0372,12489.8876,11889.1372,12486.2614,13092.7124,14025.5008,13884.8076,12881.4084,13871.6980,14887.6299,13551.9188,13396.6313,12188.8786,13374.5192,14597.0066,13532.1945,13367.6758,11896.2007,13339.6657,14819.2720,15005.0573,14816.3866,13199.5928,14784.1548,16394.1624,16622.3025,16412.8089,14555.5804,16373.7525,18208.6316,16103.2502,16063.7744,13535.3671,15523.4841,18888.0460,15252.6790,15398.6499,12373.3741,14537.9353,18652.9738,15721.9562,16037.2550,12141.8923,14697.2395,20040.6302,15861.2094,16367.8593,11592.4900,14403.5198,21108.8514,15983.7628,16472.5152,11546.1525,14417.8391,21566.0674,16089.1158,16556.0228,11444.5970,14263.8375,22142.9519,16121.6952,16645.6877,11147.0689,13935.4623,23042.4327,15955.9064,16573.4855,10553.9264,13328.8225,23981.2429,11.00000000000,37,085
37,029,01026335,37029,Camden,Camden County,06,H1,G4020,,21020,,A,623038021.00000000000,180412363.00000000000,+36.3423438,-076.1624876,37029,785.2195,783.0396,776.7245,783.0231,789.4821,771.1967,767.8016,753.7086,767.7950,781.6218,639.6001,635.5583,614.6281,635.6494,656.3544,761.5458,755.1523,718.8305,754.9273,791.5653,790.3163,782.5690,726.0318,781.8371,839.0150,882.7178,872.9351,794.4488,871.5579,950.8873,829.0108,819.4386,729.6890,817.8374,907.9181,830.7167,820.6537,731.4846,818.9475,907.6432,772.5298,762.9124,676.7053,761.1218,846.2697,668.4935,667.3739,562.8275,645.0674,784.2245,697.4557,704.4416,566.3395,665.1627,852.9907,672.9941,686.7939,520.2765,629.5116,857.8960,661.8321,683.2674,484.2179,601.3774,880.8237,648.1668,668.2697,468.7037,585.0264,874.5634,629.4580,647.9926,448.2181,558.3869,866.3251,596.1523,615.7725,412.6308,515.6149,852.0862,556.2556,577.9993,368.3125,464.9324,836.0485,11.00000000000,37,029
37,075,01008555,37075,Graham,Graham County,06,H1,G4020,,,,A,756481641.00000000000,24828214.00000000000,+35.3481113,-083.8309088,37075,509.8831,508.4566,504.3502,508.4464,512.6494,459.1731,457.1050,448.6901,457.1043,465.3669,438.9041,436.1741,421.8199,436.2315,450.4256,459.8308,455.9186,433.9894,455.7863,477.9239,484.5592,479.6994,445.0335,479.2465,514.3450,476.2886,470.9322,428.5407,470.1743,513.0482,455.8771,450.2418,400.5976,449.2771,499.2259,448.5797,442.9694,394.6616,442.0119,490.1091,445.1081,439.3880,389.5548,438.3193,487.5731,388.3633,387.4586,326.5186,374.4395,455.5359,339.2023,342.4966,275.2541,323.3675,414.8288,333.1728,339.8993,257.3841,311.5139,424.6977,320.3570,330.6306,234.2090,290.9662,426.3499,311.6805,321.2482,225.2121,281.1925,420.5377,303.8767,312.7291,216.2145,269.4454,418.2188,291.2212,300.7156,201.4113,251.7657,416.2389,280.6609,291.5488,185.6855,234.4815,421.8263,11.00000000000,37,075
27,109,00659500,27109,Olmsted,Olmsted County,06,H1,G4020,,40340,,A,1692165422.00000000000,3755969.00000000000,+44.0034295,-092.4067216,27109,8699.9877,8675.7513,8605.7387,8675.5726,8747.2037,8870.0344,8830.7895,8668.5956,8830.7273,8989.8837,10044.4567,9981.4298,9652.8235,9982.8086,10307.8211,12111.9037,12010.4044,11432.7216,12006.8140,12589.4633,10977.9544,10869.2466,10083.8942,10859.0389,11653.6873,11618.5793,11487.2206,10452.7407,11468.6006,12515.0898,11359.3407,11223.5625,9990.1776,11200.5764,12440.0206,12100.8571,11951.1422,10649.4483,11925.6478,13221.2457,12948.2610,12786.7627,11341.5814,12756.6881,14184.1678,12329.0935,12301.4698,10367.7312,11888.4229,14461.8408,11651.7926,11765.8997,9456.7904,11109.0426,14249.7606,11875.2312,12115.9709,9175.6364,11104.4891,15137.5587,11770.8998,12149.3894,8607.2747,10692.2507,15665.4934,11563.5861,11919.5326,8357.2260,10433.7011,15602.3607,11588.7877,11927.3497,8247.3466,10276.9235,15949.4708,11463.0047,11837.6481,7929.5590,9911.1219,16384.0000,11195.6910,11630.8525,7408.5743,9354.6046,16826.8970,11.00000000000,27,109
27,079,00659485,27079,Le Sueur,Le Sueur County,06,H1,G4020,,,,A,1162284309.00000000000,64870726.00000000000,+44.3733973,-093.7301797,27079,1893.3794,1888.0143,1872.7310,1887.9795,1903.6421,1679.4347,1671.9296,1641.1818,1671.9230,1702.1055,1707.7914,1697.0004,1641.1152,1697.2435,1752.5274,1903.4239,1887.3797,1796.5991,1886.8218,1978.4143,1496.1619,1481.6346,1374.6052,1480.2543,1588.4460,1681.6282,1663.3866,1514.0824,1660.8381,1811.6099,1689.5161,1670.0211,1487.1225,1666.7609,1850.3301,1690.3557,1669.8912,1488.4589,1666.4218,1846.8877,1690.1888,1669.7888,1481.7653,1666.0038,1851.5994,1418.0476,1415.3220,1193.2718,1367.9216,1663.4580,1361.8215,1375.8655,1106.5169,1299.2736,1665.5780,1360.2534,1388.5388,1052.2697,1272.8619,1734.0240,1306.7927,1349.5029,956.7528,1187.9085,1739.2273,1268.7271,1308.4429,918.0769,1145.6015,1711.9104,1261.4433,1298.9289,898.8346,1119.4496,1736.1559,1212.3538,1252.5576,839.6760,1048.9510,1732.8503,1145.0012,1190.0183,758.6005,957.3394,1720.9454,11.00000000000,27,079
27,043,00659467,27043,Faribault,Faribault County,06,H1,G4020,,,,A,1845304181.00000000000,24420266.00000000000,+43.6765219,-093.9472338,27043,727.2002,725.1434,719.2754,725.1299,731.1424,647.6864,644.7816,632.9181,644.7797,656.4266,778.1517,773.2027,747.7325,773.3171,798.5175,811.3564,804.5120,765.8160,804.2746,843.3185,746.2116,738.9155,685.5337,738.2251,792.2050,807.4333,798.5661,726.8182,797.3218,869.8124,713.2292,704.9978,627.7860,703.6212,781.1166,689.6641,681.4377,607.5230,680.0473,753.5363,777.5806,768.2125,681.7268,766.4747,851.8406,695.0965,693.8936,585.1559,670.6904,815.4237,658.7135,665.6011,535.3880,628.5774,805.6561,670.2827,684.3182,518.6904,627.3421,854.4749,652.8135,674.2369,478.0993,593.5340,868.8456,640.2658,660.3846,463.4409,578.2270,863.9260,632.8408,651.7201,451.0561,561.6988,871.0005,607.9072,628.1305,421.1498,526.0529,868.9028,585.6046,608.6793,388.0728,489.6885,880.1712,11.00000000000,27,043
37,017,01026336,37017,Bladen,Bladen County,06,H1,G4020,,,,A,2264498846.00000000000,33230362.00000000000,+34.5919485,-078.5395125,37017,1966.7479,1961.3083,1945.5012,1961.2662,1977.4274,2071.2101,2062.1147,2024.2766,2062.0954,2099.2153,1852.7895,1841.2327,1780.6317,1841.4790,1901.4082,1747.1808,1732.6639,1649.3256,1732.1374,1816.1499,1570.1780,1554.8866,1442.5616,1553.4363,1666.9975,1542.7598,1525.6260,1388.4328,1523.2122,1661.8917,1400.0893,1383.6284,1231.8229,1380.8575,1533.3194,1336.9343,1320.5646,1176.9027,1317.7830,1460.7277,1307.7915,1291.6308,1145.8034,1288.6244,1432.6380,1095.4191,1093.0625,921.3312,1056.3870,1284.9338,1020.5499,1030.5821,828.3619,973.0594,1248.1052,937.3776,956.3917,724.3032,876.5527,1194.8925,822.5185,848.9570,601.4370,747.1337,1094.6613,749.8790,772.9339,541.9042,676.5727,1011.7843,706.1201,726.7043,502.4433,626.1297,971.8187,655.1232,676.4763,453.0800,566.3585,936.3593,585.7795,608.4832,387.5151,489.3709,880.4107,11.00000000000,37,017
37,087,01008561,37087,Haywood,Haywood County,06,H1,G4020,120,11700,,A,1434055217.00000000000,2416649.00000000000,+35.5570974,-082.9728070,37087,3901.1680,3890.3722,3859.0147,3890.2888,3922.3505,3848.7743,3831.8000,3761.4504,3831.7691,3900.7934,3342.8969,3322.1453,3212.8251,3322.5781,3430.6734,3709.3380,3678.4629,3501.5348,3677.3490,3855.7271,4059.1222,4019.6675,3729.2936,4015.9213,4309.4638,4353.4029,4305.5526,3918.6902,4298.8360,4689.7179,3882.6761,3837.6204,3417.1023,3830.0706,4252.2132,3648.3506,3604.3490,3212.9073,3596.8952,3986.2085,3634.0296,3590.4229,3186.3912,3582.3374,3981.1052,3488.9475,3482.6273,2936.6061,3366.0947,4092.8459,3317.5949,3351.6485,2695.3557,3165.0190,4057.5641,3234.1394,3301.2764,2501.6769,3026.2132,4122.8027,3145.6899,3248.3856,2302.8818,2859.3688,4186.6294,3074.8018,3170.9521,2224.8133,2776.2730,4148.8618,2966.7998,3054.9167,2113.8968,2632.7854,4083.2769,2791.6874,2884.2675,1933.5273,2415.4234,3990.2350,2626.0910,2729.3635,1739.9142,2195.7137,3947.0360,11.00000000000,37,087
27,165,00659527,27165,Watonwan,Watonwan County,06,H1,G4020,,,,A,1126508610.00000000000,12386100.00000000000,+43.9783661,-094.6141282,27165,606.2863,604.6068,599.7326,604.5940,609.5781,551.5455,549.1102,539.0274,549.1060,558.9993,565.9967,562.4800,543.9701,562.5537,580.8566,585.1814,580.2958,552.3845,580.1211,608.2662,525.6518,520.4969,482.8930,520.0100,558.0407,684.5815,677.0777,616.2542,676.0255,737.4737,606.8002,599.9303,534.3442,598.7892,664.5727,519.6930,513.3646,457.5514,512.2905,567.8160,547.2327,540.8991,480.2704,539.7297,599.5256,534.5716,533.6758,450.0733,515.8380,627.1177,476.9400,481.8271,387.4716,454.9950,583.3172,485.6895,495.7514,375.6555,454.4383,619.1427,475.4878,490.9817,348.0431,432.1723,632.8287,471.1213,485.8084,340.8081,425.3233,635.6849,478.1598,492.2991,340.5877,424.2472,658.0977,454.5178,469.5171,314.6692,393.1653,649.6495,424.5381,441.1579,281.1428,354.8700,638.0795,11.00000000000,27,165
27,049,00659470,27049,Goodhue,Goodhue County,06,H1,G4020,378,39860,,A,1960200576.00000000000,61025171.00000000000,+44.4061779,-092.7160003,27049,2768.4568,2760.6912,2738.3848,2760.6368,2783.4741,2647.9364,2636.1325,2587.6680,2636.1200,2683.6894,2693.0143,2675.9362,2587.7988,2676.3266,2763.5237,3041.4828,3015.7729,2870.7179,3014.8864,3161.2635,2693.7230,2666.9259,2474.2175,2664.4166,2859.4503,2858.4748,2826.3164,2571.8946,2821.7656,3079.0863,2565.9520,2535.9192,2257.8100,2530.8716,2810.1392,2496.1819,2465.1293,2196.4631,2459.8356,2727.2874,2618.2744,2585.7771,2293.6918,2579.7286,2868.2070,2258.4318,2253.5826,1899.5309,2177.9709,2649.1577,1930.1453,1949.0188,1566.4882,1840.2017,2360.4998,1867.6863,1905.5169,1443.0495,1746.4270,2380.7675,1757.3758,1813.8494,1284.9930,1596.2922,2338.8292,1604.5748,1653.9292,1159.5930,1447.7437,2164.9960,1496.5726,1540.2554,1064.9916,1327.1094,2059.7069,1347.7115,1391.7184,932.2115,1165.2056,1926.2727,1185.3900,1231.4253,784.3434,990.4092,1781.6148,11.00000000000,27,049
37,021,01008538,37021,Buncombe,Buncombe County,06,H1,G4020,120,11700,,A,1700772614.00000000000,8984885.00000000000,+35.6093714,-082.5304259,37021,16610.5351,16564.3046,16430.6540,16563.9612,16700.6889,17938.5968,17859.1283,17531.0584,17859.0094,18180.9496,19053.8208,18935.2680,18312.1126,18937.7668,19553.9749,21661.6197,21481.5442,20448.3171,21475.0237,22516.6417,23022.9894,22800.3640,21153.4063,22779.1602,24443.6685,22160.3768,21916.8118,19947.5506,21882.6244,23872.3418,20804.7207,20564.2115,18311.6454,20523.9640,22784.9344,22337.3590,22068.4075,19672.1737,22022.8640,24405.9521,23367.8241,23086.5287,20487.6763,23034.3521,25599.5085,21821.5679,21781.7144,18366.3730,21052.7865,25598.5626,23581.8991,23823.6931,19158.4790,22497.0383,28841.6539,23760.0569,24252.6707,18377.8381,22231.7199,30288.6704,23242.4822,24000.5977,17014.1013,21126.1090,30933.5849,23160.1523,23883.5287,16756.3622,20910.4769,31250.1576,22982.3665,23663.8544,16373.3946,20393.5092,31631.0865,22626.1009,23374.9586,15668.2439,19574.6883,32339.9990,22075.7462,22942.2110,14623.2782,18455.8028,33179.9203,11.00000000000,37,021
27,097,00659494,27097,Morrison,Morrison County,06,H1,G4020,,,,A,2913897170.00000000000,73362648.00000000000,+46.0204839,-094.2666194,27097,1972.9843,1967.4108,1951.4937,1967.3738,1983.6810,1695.4357,1687.8403,1656.7898,1687.8349,1718.3171,1907.2773,1895.2136,1832.7982,1895.4865,1957.2321,2054.1119,2036.7094,1938.7461,2036.1134,2134.9828,1786.3809,1768.5539,1640.7558,1766.8877,1896.2484,1792.3190,1772.3373,1612.9097,1769.5185,1930.6997,1600.7059,1581.6804,1407.9618,1578.4659,1753.0027,1502.7050,1484.0730,1322.3906,1480.8988,1641.8344,1684.7462,1663.9249,1476.0623,1660.0514,1845.5779,1380.9840,1377.9137,1161.3344,1331.6539,1619.8792,1205.0435,1216.9422,978.2045,1149.0339,1473.7446,1192.8460,1217.1244,921.8455,1115.5479,1520.5527,1118.0098,1154.0498,817.6814,1015.6726,1487.9295,1046.4064,1078.7007,756.4032,944.2684,1411.8888,1003.2661,1032.6540,714.1267,889.7940,1380.7860,939.2460,970.0124,649.8480,812.1759,1342.4632,878.5002,912.7061,581.4403,734.1077,1320.3718,11.00000000000,27,097
37,165,01008585,37165,Scotland,Scotland County,06,H1,G4020,354,29900,,A,825803818.00000000000,3831577.00000000000,+34.8400226,-079.4773366,37165,1981.7685,1976.2637,1960.3238,1976.2223,1992.5261,2018.8144,2009.8173,1972.8686,2009.8076,2046.0735,1793.4605,1782.0144,1723.3037,1782.2828,1840.3767,1858.6416,1842.5711,1753.9446,1842.0539,1931.6098,2002.8395,1981.9804,1838.6830,1980.0792,2125.4452,2291.4291,2263.7903,2058.8198,2259.7888,2467.7360,2100.8064,2073.4605,1843.6097,2068.7030,2300.4112,1867.0916,1841.6532,1638.7262,1837.2412,2039.8249,2033.7702,2005.9235,1776.6659,2000.6871,2227.5916,1753.8304,1747.1982,1469.9589,1687.8033,2056.5609,1333.7484,1344.4719,1078.3967,1268.6909,1630.7505,1231.3595,1254.0673,947.4870,1148.6018,1569.3621,1125.8654,1159.9367,819.6229,1020.0223,1498.1879,1024.7259,1054.3860,737.3383,922.2043,1382.4601,934.1818,959.8270,661.9427,826.3422,1285.5680,837.8713,863.9074,577.2139,722.7489,1197.4696,750.8558,778.9633,494.9461,626.0581,1128.4544,11.00000000000,37,165
37,045,01008547,37045,Cleveland,Cleveland County,06,H1,G4020,172,43140,,A,1202408392.00000000000,10356247.00000000000,+35.3346302,-081.5571145,37045,6585.5414,6567.2120,6514.2233,6567.0760,6621.2847,6010.6933,5984.3555,5874.5778,5984.2956,6091.9814,5127.2296,5095.3751,4927.6982,5096.0420,5261.8436,5138.3157,5095.8828,4850.7800,5094.3167,5341.3145,5635.8886,5581.5351,5178.3722,5576.3501,5983.7571,5558.5443,5497.8099,5004.0517,5489.3027,5988.0656,5020.9338,4962.7112,4418.9454,4952.9574,5498.8104,5099.2268,5038.1840,4491.4810,5027.8595,5571.4709,5150.8898,5089.4551,4517.1199,5078.0720,5642.8815,4635.2012,4627.2597,3902.2135,4472.5494,5437.6140,4232.5427,4276.2996,3439.2449,4038.2792,5176.6362,4068.5531,4153.2946,3147.6096,3807.3379,5186.5272,3912.6500,4040.6439,2864.7990,3556.8457,5207.4066,3785.5522,3904.1457,2739.4618,3418.2942,5107.9042,3614.4129,3721.9102,2575.5874,3207.6724,4974.6139,3420.3810,3533.8588,2369.0474,2959.4424,4888.8473,3231.2883,3358.3434,2140.8568,2701.7072,4856.6512,11.00000000000,37,045
37,103,01026338,37103,Jones,Jones County,06,H1,G4020,,35100,,A,1219128858.00000000000,6493576.00000000000,+35.0321598,-077.3564428,37103,612.4895,610.7782,605.8466,610.7658,615.8129,579.0457,576.4227,565.8032,576.4229,586.8521,538.1671,534.7779,517.1693,534.8532,552.2709,602.6293,597.5123,568.7726,597.3382,626.3476,623.7424,617.6626,573.0422,617.0863,662.1998,586.6740,579.8988,527.5854,578.9316,631.9014,498.6367,492.5437,438.2984,491.5046,546.0596,444.3085,438.6778,390.7644,437.7144,485.4382,470.9122,464.8589,412.1352,463.7279,515.8388,353.5111,352.3530,296.6143,340.4233,414.5744,320.8574,323.6803,259.8539,305.5114,392.3462,307.5473,313.4618,237.0719,287.1833,391.9970,271.7423,280.1637,198.1654,246.4438,361.6246,241.2224,248.3405,173.8058,217.2617,325.4459,207.5311,213.3026,147.1827,183.6686,285.5985,193.3037,199.3957,133.3189,166.8510,276.2719,178.9707,185.7665,118.1449,149.3426,268.9794,11.00000000000,37,103
37,109,01008569,37109,Lincoln,Lincoln County,06,H1,G4020,172,30740,,A,771655597.00000000000,23577093.00000000000,+35.4878252,-081.2251762,37109,6360.3065,6342.5684,6291.3743,6342.4388,6394.8219,6341.8984,6313.9489,6198.0396,6313.8968,6427.6198,5469.4003,5435.6480,5256.8251,5436.3331,5613.1259,5609.5354,5562.6397,5295.0852,5560.9693,5830.7856,6121.9601,6061.8872,5623.9369,6056.2159,6499.1508,6631.6963,6557.7824,5967.9008,6547.3564,7143.7194,6269.9130,6195.8447,5515.7492,6183.3559,6866.5070,6190.7975,6114.3721,5448.5759,6101.3637,6763.9982,6196.4058,6120.0662,5429.3368,6105.8697,6787.9652,5573.0882,5561.1949,4687.5667,5374.6264,6537.2921,5748.7088,5805.8389,4667.2074,5481.9728,7030.6178,5527.4544,5640.3392,4272.3514,5169.7484,7046.0403,5254.4192,5424.1833,3843.5931,4773.9360,6993.0006,5195.1562,5355.8598,3756.0001,4688.5370,7009.7213,5073.2671,5222.2352,3611.7928,4499.9247,6982.3204,4821.3613,4979.6341,3336.4212,4169.5105,6891.1897,4547.9637,4725.3585,3010.6523,3800.8323,6835.5357,11.00000000000,37,109
27,087,00659488,27087,Mahnomen,Mahnomen County,06,H1,G4020,,,,A,1444896195.00000000000,64838188.00000000000,+47.3258424,-095.8107032,27087,285.8490,285.0609,282.7648,285.0547,287.4015,282.7534,281.4671,276.2786,281.4675,286.5638,298.5110,296.6630,286.9020,296.7011,306.3520,311.3472,308.7779,293.9263,308.6829,323.6487,292.0449,289.2598,268.3689,288.9923,310.0918,305.9744,302.6976,275.5547,302.2420,329.6371,305.6526,302.1579,269.0946,301.5753,334.7493,329.7685,325.7306,290.2948,325.0445,360.3034,378.9503,374.3772,332.2218,373.5287,415.1396,393.3323,392.3856,330.6415,379.1928,461.3570,198.4692,200.5184,161.2660,189.3567,242.7385,223.0115,227.6407,172.5037,208.6735,284.2897,234.0210,241.6517,171.3052,212.7088,311.4600,221.8391,228.7661,160.4974,200.2883,299.3290,215.3572,221.7404,153.4228,191.0948,296.4001,208.5066,215.4020,144.3780,180.3799,298.0229,196.7973,204.5162,130.3518,164.5203,295.7867,11.00000000000,27,087
27,003,00659447,27003,Anoka,Anoka County,06,H1,G4020,378,33460,,A,1095590050.00000000000,59831077.00000000000,+45.2741098,-093.2427232,27003,23853.0952,23786.4795,23594.4380,23785.9964,23982.5257,21998.1782,21900.4415,21497.9824,21900.3156,22295.2952,21980.6492,21842.1016,21122.8785,21845.1900,22556.6290,25703.7786,25487.1021,24261.2067,25479.5692,26716.4369,25163.3053,24913.6560,23113.4894,24890.2405,26711.8864,27384.1743,27076.4323,24639.2556,27032.8998,29497.7284,25076.9523,24778.1564,22056.0704,24727.6273,27462.7778,24530.2412,24227.4550,21589.3584,24175.9191,26801.4772,25334.4785,25020.0728,22193.8854,24961.5564,27752.8368,23434.1685,23381.1854,19705.3062,22595.9855,27487.8103,24386.2842,24625.1760,19792.4501,23250.4448,29823.6385,24349.9287,24843.6208,18814.5681,22769.6134,31039.2738,23814.9807,24580.7933,17414.3934,21632.7103,31694.5579,23549.6638,24274.6150,17019.8867,21248.6801,31774.7813,23454.3623,24139.6196,16691.7549,20799.3607,32279.8833,22808.3524,23553.8254,15777.7859,19720.5559,32599.8354,22140.4462,23001.0422,14651.1415,18499.5703,33276.6445,11.00000000000,27,003
27,075,00659484,27075,Lake,Lake County,06,H1,G4020,,,,A,5463040779.00000000000,2282654608.00000000000,+47.5171114,-091.4117038,27075,555.3690,553.8306,549.3659,553.8188,558.3843,523.5643,521.2161,511.6262,521.2147,530.6295,535.4780,532.0997,514.5779,532.1753,549.5079,561.2125,556.4032,529.6407,556.2441,583.2726,516.6670,511.4147,474.4507,510.9291,548.3800,502.3821,496.6454,451.8839,495.8295,541.1303,447.5719,442.0775,393.3677,441.1391,490.1353,422.4187,416.9013,371.2022,415.9518,461.5125,486.5038,480.3469,425.9662,479.1986,532.9296,432.6392,431.3772,363.2864,416.8139,507.4082,368.6452,372.0807,298.8926,351.2545,450.8126,358.4946,365.5875,276.6923,335.0073,456.9581,331.8378,342.3418,242.3664,301.2208,441.6170,312.9096,322.3861,225.8774,282.1373,422.1846,300.2442,308.8701,213.4188,266.0715,413.2098,282.2084,291.3000,194.9850,243.8373,403.3494,266.2358,276.4688,175.9718,222.3129,400.1399,11.00000000000,27,075
27,117,00659504,27117,Pipestone,Pipestone County,06,H1,G4020,,,,A,1204486122.00000000000,2349264.00000000000,+44.0153614,-096.2570147,27117,499.8553,498.4666,494.4460,498.4562,502.5687,452.3622,450.3956,442.1418,450.3900,458.4843,415.6898,413.0668,399.4646,413.1255,426.5809,513.8255,509.4412,484.9376,509.2942,534.0350,402.3993,398.5033,369.7175,398.1325,427.2269,460.7797,455.7759,414.8624,455.0766,496.3941,388.8070,384.2641,342.1295,383.5010,425.8085,417.6843,412.6153,367.7728,411.7555,456.3624,446.3895,440.9693,391.2816,439.9630,489.0151,443.2583,442.5058,373.1760,427.7126,519.9937,343.3909,346.8915,278.9431,327.5681,419.9782,352.6860,359.9802,272.7628,329.9773,449.5923,366.1207,378.0379,267.9674,332.7520,487.2705,363.7261,375.0682,263.1239,328.3719,490.7765,368.5999,379.5173,262.5807,327.0628,507.3103,368.1509,380.3310,254.9309,318.4954,526.2061,371.3376,385.9090,245.9729,310.4420,558.1214,11.00000000000,27,117
27,159,00659524,27159,Wadena,Wadena County,06,H1,G4020,,,,A,1388928925.00000000000,18038953.00000000000,+46.5867841,-094.9883305,27159,696.1899,694.2112,688.5884,694.1986,699.9626,755.9056,752.5236,738.6820,752.5208,766.1084,760.0597,755.2580,730.3863,755.3661,779.9702,870.1454,862.7286,821.2323,862.4792,904.3746,863.3619,854.4944,792.7253,853.6796,916.2953,996.1271,984.8304,896.1196,983.2274,1072.9800,833.1648,823.3370,732.9754,821.6808,912.4436,849.0179,838.4609,747.0847,836.6614,927.6234,966.7360,954.9100,847.2223,952.7125,1059.0388,926.5423,924.3462,778.9280,893.2770,1086.7910,713.0898,720.0463,578.7087,679.8399,872.0811,724.4033,739.0660,559.6850,677.3585,923.4064,711.5612,734.4197,520.2804,646.3289,946.9908,686.6427,707.7530,496.2054,619.5177,926.4618,677.8878,697.6669,482.3856,601.1182,932.9646,638.3398,659.1741,441.5226,551.8845,912.3731,598.9279,622.1783,396.2793,500.4009,900.1747,11.00000000000,27,159
37,071,01008554,37071,Gaston,Gaston County,06,H1,G4020,172,16740,,A,922106205.00000000000,20913349.00000000000,+35.2933443,-081.1772556,37071,15673.5765,15630.0122,15503.9303,15629.6858,15758.6530,16085.6503,16015.0783,15721.2495,16014.9241,16303.1659,14047.3885,13960.2379,13500.8663,13962.0507,14416.2676,15111.5584,14986.4910,14265.6671,14981.9033,15708.3937,16656.6301,16495.2583,15303.7155,16479.9061,17684.2575,17568.8549,17375.0996,15813.4998,17347.8712,18925.9184,16776.8512,16581.2015,14763.4094,16548.3602,18373.4920,16597.9156,16396.3877,14614.3511,16362.2014,18134.8986,17574.8110,17361.7169,15405.7354,17322.1590,19253.0619,16512.3087,16480.7989,13895.3403,15928.9030,19370.0201,16007.7447,16170.2253,13002.1664,15269.2536,19577.8757,15766.2688,16091.6373,12192.1876,14750.2202,20098.2254,15485.3701,15988.9518,11333.1002,14073.4305,20609.4559,15387.0374,15866.1769,11130.0059,13890.5582,20761.7084,15135.3983,15582.8585,10780.6017,13428.7597,20831.0407,14639.7341,15123.1152,10135.7641,12663.9394,20924.8238,14058.9285,14609.7829,9311.1279,11752.3989,21130.5575,11.00000000000,37,071
37,199,01008598,37199,Yancey,Yancey County,06,H1,G4020,,,,A,809623022.00000000000,1458712.00000000000,+35.8895036,-082.3039804,37199,1155.9076,1152.7000,1143.4043,1152.6757,1162.1827,1122.5872,1117.6254,1097.1008,1117.6172,1137.7567,938.4899,932.7204,902.0405,932.8354,963.1640,888.5230,881.0994,838.7198,880.8344,923.5707,948.2384,938.8799,871.0443,937.9994,1006.6266,1053.7109,1041.8528,948.0641,1040.1746,1135.0331,978.3067,966.5555,860.2871,964.5629,1071.3720,911.0870,899.4866,801.1882,897.5000,995.4232,834.1975,823.8593,730.8136,821.9355,913.8294,755.7654,753.9942,635.3949,728.6563,886.4825,697.0218,703.9048,565.8144,664.6253,852.4441,641.0611,654.1246,495.4472,599.5392,817.1796,584.1817,603.0443,427.3073,530.7474,777.4746,552.9159,570.0168,399.7433,498.9935,746.0383,515.6335,530.7919,367.1241,457.3829,709.6660,463.0352,478.2685,320.4827,400.4740,661.8203,413.5594,429.7287,273.8355,345.6676,621.5773,11.00000000000,37,199
37,099,01008566,37099,Jackson,Jackson County,06,H1,G4020,,,,A,1271048658.00000000000,9815952.00000000000,+35.2864625,-083.1306405,37099,2324.2937,2317.8045,2299.0926,2317.7574,2336.9060,2389.5482,2378.9423,2335.2308,2378.9279,2421.8256,2274.3308,2260.3622,2186.0154,2260.6394,2334.1334,2636.7825,2614.6969,2488.9338,2613.9144,2740.7550,2628.3085,2602.5984,2414.5768,2600.1666,2790.2990,995.2090,985.0954,897.1090,983.7168,1072.3322,676.3849,668.7557,595.6709,667.4903,740.7857,2590.5136,2560.1483,2282.9871,2555.0353,2830.4611,2708.0336,2676.8109,2376.8932,2671.0488,2966.8245,2451.9555,2449.2515,2066.9101,2367.7655,2876.7835,2644.8631,2673.5543,2151.5027,2525.1597,3235.0344,2666.2413,2723.1508,2065.1290,2496.7912,3399.0488,2644.7772,2732.6330,1938.7665,2405.9471,3520.0933,2683.4098,2768.7467,1944.0779,2424.6941,3620.8801,2723.0215,2805.2085,1942.4952,2418.1157,3747.8641,2876.3226,2972.7882,1994.0549,2490.0039,4111.2820,3029.6492,3149.6200,2008.7683,2534.1515,4553.6382,11.00000000000,37,099
37,149,01008579,37149,Polk,Polk County,06,H1,G4020,,,,A,615871126.00000000000,1932284.00000000000,+35.2789284,-082.1676673,37149,1292.8562,1289.2467,1278.8383,1289.2204,1299.8716,1176.0483,1170.7970,1149.2676,1170.7920,1191.9250,954.2210,948.1461,916.9116,948.2871,979.1915,1022.4690,1013.8126,965.0494,1013.5155,1062.7277,999.4070,989.5881,918.0928,988.6619,1060.9753,1194.7301,1181.2144,1074.8351,1179.2981,1286.9152,1083.4834,1070.6486,953.0959,1068.4824,1186.5747,972.3405,960.1591,855.4292,958.0796,1062.3583,928.3233,917.0049,813.6305,914.9025,1016.9630,712.5974,711.1540,599.5103,687.3169,835.9032,745.8362,753.2857,605.5881,711.2769,912.1569,698.0989,712.3959,539.6537,652.9723,889.8960,654.1228,675.2973,478.5585,594.3583,870.5624,620.0455,639.2683,448.3549,559.6345,836.6190,584.3756,601.5783,416.1087,518.3891,804.2776,531.7104,549.2150,368.0363,459.8855,759.9792,475.2100,493.8006,314.6764,397.2107,714.2385,11.00000000000,37,149
27,101,00659496,27101,Murray,Murray County,06,H1,G4020,,,,A,1825169529.00000000000,38332592.00000000000,+44.0155937,-095.7615809,27101,473.5395,472.2046,468.3858,472.1956,476.1072,386.6680,384.9444,377.8674,384.9426,391.8889,435.7630,433.0088,418.7489,433.0709,447.1775,439.6739,435.9692,414.9996,435.8402,456.9969,407.8428,403.7363,374.5585,403.3545,432.9022,492.0939,486.5679,442.7741,485.7865,530.0757,455.9911,450.6378,401.2028,449.7371,499.3833,442.8429,437.4337,389.8590,436.5150,483.8487,480.6997,474.7749,421.1876,473.6730,526.5909,390.5715,389.6165,328.2939,376.5128,458.1151,381.1400,384.7957,309.2050,363.2898,466.1092,382.4645,390.1413,295.3847,357.5448,487.5247,363.7818,375.3979,265.8703,330.3441,484.1378,355.1317,365.9794,256.5157,320.3249,479.1598,350.3526,360.5055,249.1896,310.5876,482.1782,331.2572,342.0016,229.0028,286.3082,473.4580,312.0449,324.0946,206.3499,260.6333,468.9922,11.00000000000,27,101
37,133,01026341,37133,Onslow,Onslow County,06,H1,G4020,,27340,,A,1975496912.00000000000,370806698.00000000000,+34.7634600,-077.5032971,37133,6615.4371,6597.2388,6544.1200,6597.0924,6651.3728,6896.3217,6865.8393,6739.7512,6865.7889,6989.5117,7523.1602,7475.6285,7229.4438,7476.6986,7720.2339,10401.7068,10312.9265,9816.8843,10309.9529,10810.8049,11574.2373,11460.0935,10632.0912,11449.3495,12286.9825,7150.5635,7078.7829,6447.0871,7069.0464,7704.9507,7803.4511,7713.3123,6868.4739,7698.2324,8546.1993,10969.4279,10827.9371,9642.8068,10803.6451,11984.7240,12466.9189,12305.4017,10908.4454,12275.2004,13656.1505,12282.9785,12249.2348,10317.7500,11836.2628,14406.2388,8931.0323,9012.9978,7238.9464,8508.1281,10921.4660,9326.1961,9509.7855,7196.4871,8714.0028,11887.5981,9586.5324,9889.4289,7000.8236,8701.3344,12757.9189,9490.7736,9777.8313,6850.3851,8556.9564,12805.1300,9224.8937,9489.6820,6556.7914,8174.6446,12695.7017,9065.7925,9357.8109,6263.7123,7833.0861,12957.3802,8936.4241,9280.0062,5906.8256,7462.2427,13431.0322,11.00000000000,37,133
37,033,01008542,37033,Caswell,Caswell County,06,H1,G4020,,,,A,1100542142.00000000000,8625089.00000000000,+36.3930972,-079.3325457,37033,1453.4790,1449.4168,1437.7133,1449.3875,1461.3654,1366.1514,1360.0879,1335.0972,1360.0797,1384.6051,1083.6355,1076.7918,1041.3319,1076.9456,1112.0235,1098.0379,1088.7850,1036.4159,1088.4630,1141.2996,1090.6448,1079.8507,1001.8271,1078.8368,1157.7818,1213.5681,1199.7834,1091.6960,1197.8262,1307.1906,1086.0543,1072.5712,954.2564,1070.2598,1189.3193,1060.8785,1047.0402,932.2860,1044.6592,1159.0612,1006.1076,993.1243,880.4340,990.6976,1102.0874,910.9661,908.6167,765.4909,878.0249,1068.4747,815.3194,822.8076,660.8574,776.7191,997.0283,752.2822,767.0377,580.3991,702.8333,958.8870,714.8295,737.3353,521.8865,648.7234,951.3002,673.1809,693.4386,485.7198,606.8139,908.2590,632.0095,650.0292,449.0019,559.9016,869.7894,576.9828,595.4269,398.3976,498.3516,824.6489,533.6954,554.0691,352.5043,445.4767,802.1105,11.00000000000,37,033
27,083,00659487,27083,Lyon,Lyon County,06,H1,G4020,,32140,,A,1850698900.00000000000,18410959.00000000000,+44.4091953,-095.8472678,27083,1327.9471,1324.2100,1313.5040,1324.1844,1335.1486,1397.6759,1391.3817,1365.7676,1391.3795,1416.5293,1549.1945,1539.2136,1488.4811,1539.4563,1589.6682,1763.3530,1748.3195,1664.2270,1747.8142,1832.7164,1640.9675,1624.8380,1507.4467,1623.3168,1742.0541,985.6668,974.5786,886.8486,973.0095,1061.7388,894.5247,883.8542,786.7447,882.0490,979.6285,1161.7948,1147.5781,1022.7434,1145.1625,1269.3717,1372.2967,1355.1982,1202.0496,1352.0145,1503.2840,1327.0905,1324.0798,1115.9044,1279.6111,1556.6481,1069.6537,1080.2990,868.4470,1020.0416,1308.1790,1058.4176,1080.1060,818.2133,990.0144,1349.2108,1032.6541,1066.0924,755.5111,938.3179,1374.3451,974.0264,1004.2444,704.3547,879.1537,1314.2425,923.9468,951.1729,657.9501,819.6510,1271.6325,940.8034,971.7723,651.1936,813.7125,1344.6998,934.5302,971.0547,618.7684,781.0966,1404.5924,11.00000000000,27,083
27,047,00659469,27047,Freeborn,Freeborn County,06,H1,G4020,,10660,,A,1831346129.00000000000,39715485.00000000000,+43.6742019,-093.3502887,27047,1675.4387,1670.7216,1657.2131,1670.6894,1684.5245,1514.5262,1507.7478,1480.0140,1507.7426,1534.9680,1533.2019,1523.4970,1473.3218,1523.7172,1573.3549,1873.5499,1857.6992,1768.3461,1857.1540,1947.3261,1721.6374,1704.7409,1581.5790,1703.1458,1827.7104,1738.7688,1719.3758,1564.7070,1716.6397,1873.0126,1538.3031,1520.2850,1353.5464,1517.2558,1684.6932,1633.0128,1612.9149,1437.3455,1609.4961,1784.2157,1732.1659,1710.8067,1517.7004,1706.8343,1897.5303,1508.4754,1505.0423,1268.4050,1454.4930,1769.4059,1462.8558,1477.3455,1187.5653,1394.9201,1789.0513,1479.3140,1509.4693,1143.3125,1383.5106,1885.7267,1439.7767,1486.2375,1053.0956,1308.0472,1916.1647,1393.2303,1436.2790,1007.1953,1257.3039,1879.8537,1357.5086,1397.3253,966.3687,1204.0370,1868.3310,1309.8302,1352.7870,906.3397,1132.6883,1872.1424,1256.3695,1305.3367,831.6214,1049.9287,1888.3062,11.00000000000,27,047
37,003,01008532,37003,Alexander,Alexander County,06,H1,G4020,,25860,,A,673381461.00000000000,9469976.00000000000,+35.9209506,-081.1774668,37003,2494.6445,2487.6316,2467.5236,2487.5831,2508.1742,2478.0407,2466.9902,2421.6333,2466.9789,2511.4986,2084.1145,2070.8210,2002.5970,2071.1321,2138.6384,2083.9421,2066.2894,1966.9033,2065.6845,2165.9889,1879.3584,1860.4872,1726.0355,1858.7298,1994.8676,2312.1841,2285.2295,2078.9146,2281.3694,2490.3599,2108.8745,2082.4800,1852.5725,2077.9437,2309.3673,2033.1672,2007.2593,1787.8798,2002.8217,2221.3693,2012.2126,1985.9934,1760.3823,1981.0878,2204.1413,1604.9800,1600.0462,1347.2452,1545.9605,1882.2928,1498.0153,1511.4089,1213.5779,1426.6364,1831.8161,1385.6443,1412.4992,1068.4830,1294.1562,1766.1548,1267.0674,1306.6391,924.5182,1149.4892,1686.1938,1166.7740,1201.6017,841.3720,1051.3842,1574.1920,1093.5575,1124.5010,776.4894,968.4912,1504.9658,991.5962,1023.1207,684.3749,856.2442,1417.2202,893.0378,926.9958,589.6108,745.2567,1342.1711,11.00000000000,37,003
37,157,01008582,37157,Rockingham,Rockingham County,06,H1,G4020,268,24660,,A,1464770304.00000000000,18529683.00000000000,+36.3809268,-079.7828887,37157,6371.8298,6354.1238,6302.8695,6353.9906,6406.4171,5969.5800,5943.2861,5834.1892,5943.2361,6050.2731,4779.2234,4749.4586,4593.1486,4750.0887,4904.6599,4668.2836,4629.6571,4406.9784,4628.2393,4852.6647,4917.6138,4870.0275,4518.2437,4865.4972,5221.0422,5164.7592,5107.5781,4648.3889,5099.5313,5563.6338,4526.5606,4473.7802,3983.3278,4464.9210,4957.3509,4222.2430,4170.9049,3717.5188,4162.1936,4613.2225,4085.6796,4035.9449,3581.0520,4026.7084,4475.8050,3591.3870,3584.4016,3021.9648,3464.3343,4212.9002,3389.9885,3424.3333,2753.3800,3233.5169,4146.0312,3130.4182,3195.0112,2420.7621,2928.6683,3990.5340,2907.4412,3002.0287,2127.9005,2642.3913,3869.5126,2752.8261,2838.6196,1991.3453,2485.1904,3714.3909,2580.4127,2656.7991,1838.1440,2289.5766,3551.4626,2373.7067,2452.2024,1643.6385,2053.4987,3392.7882,2166.8468,2251.8794,1435.3219,1811.5121,3256.7769,11.00000000000,37,157
27,037,00659464,27037,Dakota,Dakota County,06,H1,G4020,378,33460,,A,1456007312.00000000000,63970735.00000000000,+44.6708928,-093.0624813,27037,27854.9651,27777.4349,27553.3088,27776.8597,28006.1465,25889.8447,25775.2972,25301.8869,25775.1161,26239.6616,26609.2150,26442.0970,25571.5419,26445.7664,27306.8209,31002.0128,30740.8417,29262.2473,30731.7446,32223.5135,28941.4092,28653.7491,26583.2924,28626.7985,30722.1516,31801.3816,31443.7045,28613.2365,31393.0929,34255.7773,30273.9906,29913.2336,26626.9832,29852.2241,33154.2568,29456.8340,29093.2108,25925.2622,29031.3196,32184.2186,30468.2845,30090.0455,26691.0455,30019.6461,33376.6869,28398.0754,28333.7910,23879.2111,27382.2491,33310.3544,28978.1384,29261.6954,23518.7435,27628.0260,35439.2764,28944.2549,29530.7765,22363.9253,27065.3630,36895.7024,28246.2094,29154.1990,20654.1285,25657.4883,37591.9026,27822.7777,28678.9602,20107.6270,25103.8809,37540.3232,27817.5941,28630.0331,19796.4138,24668.3041,38284.9082,27134.8701,28021.4783,18770.1898,23461.0059,38783.6812,26269.4092,27290.2494,17382.9855,21949.2433,39482.3765,11.00000000000,27,037
27,019,00659455,27019,Carver,Carver County,06,H1,G4020,378,33460,,A,917697893.00000000000,56429209.00000000000,+44.8213808,-093.8005751,27019,7553.8368,7532.7139,7471.8840,7532.5622,7594.8209,6915.0885,6884.2869,6757.7344,6884.2528,7008.4645,7315.0867,7268.9870,7029.6339,7270.0141,7506.7757,8491.2772,8419.1336,8014.1824,8416.6836,8825.4496,7932.2555,7853.1577,7285.6829,7845.7614,8420.1521,9357.9159,9252.6629,8419.7646,9237.7697,10080.1486,9875.1270,9757.5331,8685.6489,9737.6507,10814.6558,10164.9969,10039.3522,8946.0055,10017.9607,11106.1558,10266.0154,10139.1615,8994.4374,10115.5631,11246.0475,9489.2580,9468.1402,7979.9256,9150.2665,11130.7912,9663.3261,9758.9195,7844.5993,9214.4032,11818.0868,9827.5297,10027.7253,7595.1327,9190.9084,12527.4360,9712.4079,10025.6592,7103.6662,8823.5864,12925.9999,9744.3051,10045.1823,7044.0046,8793.3678,13147.7490,9865.6201,10154.7396,7022.6010,8749.9614,13577.9741,9696.5940,10014.3416,6709.1196,8384.8987,13859.3388,9357.5655,9722.0288,6193.5555,7819.6683,14064.2778,11.00000000000,27,019
37,193,01008595,37193,Wilkes,Wilkes County,06,H1,G4020,,35900,,A,1953571382.00000000000,6843251.00000000000,+36.2093027,-081.1653541,37193,4497.5967,4484.9750,4448.7335,4484.8867,4521.9924,4443.2743,4423.4998,4342.1925,4423.4767,4503.2776,3803.6018,3779.6323,3655.1769,3780.1663,3903.2743,3610.9491,3580.3913,3408.1787,3579.3410,3753.1347,3629.5058,3593.9125,3334.2667,3590.5509,3853.1440,3905.2971,3861.6676,3514.2397,3855.5084,4206.7891,3701.3931,3657.8407,3256.4872,3650.5072,4053.6075,3535.5895,3491.9623,3111.7409,3484.5372,3862.9479,3478.4121,3435.7024,3048.0863,3427.7627,3810.5072,2863.0366,2856.9924,2408.2401,2761.1630,3358.3886,2707.1516,2734.2060,2198.1209,2581.7308,3310.8461,2569.8621,2622.4935,1986.5907,2403.7418,3275.9114,2412.7768,2490.8733,1765.1836,2192.3225,3211.1287,2328.8632,2401.0433,1683.9667,2101.9367,3142.3016,2237.0543,2302.8745,1592.8506,1984.4078,3078.8610,2101.5983,2170.7077,1454.5343,1817.6105,3003.8307,1936.8100,2012.4619,1282.3148,1618.7644,2911.0092,11.00000000000,37,193
37,077,01008556,37077,Granville,Granville County,06,H1,G4020,,,,A,1376758990.00000000000,12765614.00000000000,+36.2998840,-078.6576338,37077,4519.4130,4506.7377,4470.3242,4506.6488,4543.9284,4056.2842,4038.6065,3964.5732,4038.5594,4111.1685,3283.0901,3263.1199,3155.8348,3263.4975,3369.5266,3255.2633,3228.7772,3073.4800,3227.7581,3384.1216,3768.2141,3731.4364,3461.8706,3727.9531,4000.5149,3955.1538,3912.8958,3562.0893,3907.0246,4261.0561,3820.3793,3776.0855,3362.3453,3768.6658,4183.9917,4096.4894,4045.5400,3604.6414,4036.8549,4475.7578,3970.9948,3921.5971,3478.5062,3912.4009,4350.0407,3402.0180,3394.5146,2861.0253,3280.5690,3990.5447,3543.8742,3578.8118,2876.6744,3379.0884,4334.0797,3388.8844,3457.8125,2618.8875,3169.2205,4319.8959,3227.5283,3331.5280,2360.4523,2932.0428,4295.4278,3190.2825,3288.6987,2306.0480,2878.8303,4304.5607,3127.3298,3218.8974,2225.9714,2773.5712,4304.1124,2943.6092,3040.0005,2036.5769,2545.3308,4207.2951,2777.0790,2885.1846,1837.9815,2320.6010,4173.9037,11.00000000000,37,077
37,111,01025836,37111,McDowell,McDowell County,06,H1,G4020,,,,A,1141169175.00000000000,13956758.00000000000,+35.6822317,-082.0480292,37111,3199.1996,3190.2516,3164.4877,3190.1875,3216.5571,3205.0628,3190.8752,3132.2651,3190.8532,3248.3669,2609.8458,2593.6833,2508.3428,2594.0166,2678.3958,2513.3673,2492.4602,2372.5770,2491.7046,2612.5658,2593.5209,2568.4950,2382.9675,2566.1083,2753.5939,2914.4383,2882.2355,2623.1532,2877.7069,3139.5391,2839.8447,2806.7262,2499.0251,2801.1669,3110.1105,2568.2127,2536.8840,2261.0174,2531.5642,2806.0231,2663.8444,2631.0266,2334.0817,2624.9236,2918.1568,2269.3399,2264.3913,1908.5689,2188.3965,2661.9345,2148.5605,2170.3813,1745.1738,2049.4561,2627.7459,2031.0635,2073.0115,1570.6961,1900.2143,2589.1246,1901.9714,1963.8800,1392.0711,1728.6228,2531.3359,1854.5285,1912.3397,1341.5564,1674.2445,2502.3183,1785.5981,1838.4534,1271.9571,1584.3415,2457.5465,1664.7226,1719.7632,1152.6954,1440.1427,2379.4218,1523.2593,1583.0255,1008.9901,1273.4517,2289.4626,11.00000000000,37,111
27,021,00659456,27021,Cass,Cass County,06,H1,G4020,,14660,,A,5235770376.00000000000,1016739919.00000000000,+46.9514271,-094.3337731,27021,1627.7537,1623.1937,1610.0815,1623.1615,1636.5842,1341.4167,1335.4471,1310.9005,1335.4400,1359.5316,1393.2731,1384.4235,1338.8217,1384.6271,1429.7445,1532.2707,1519.2711,1446.1958,1518.8276,1592.5849,1430.9390,1416.7821,1314.4143,1415.4520,1519.0268,1604.5148,1586.6768,1443.9817,1584.1628,1728.4101,1324.5789,1309.0359,1165.4411,1306.4212,1450.6270,1329.1837,1312.9651,1170.1859,1310.2110,1452.2627,1484.5559,1466.3723,1300.9818,1462.9929,1626.2966,1431.8301,1428.5131,1203.8526,1380.5184,1679.4887,1024.0602,1034.2573,831.4395,976.5697,1252.4194,1030.0317,1051.0721,796.1534,963.3795,1313.0181,1017.7428,1050.6034,744.4394,924.6498,1354.4915,967.7354,997.6294,699.5831,873.3116,1305.7426,921.3587,948.3609,655.8486,817.1677,1268.0586,854.5983,882.5792,591.2591,738.9641,1221.4754,797.8521,828.8896,528.0126,666.6805,1199.1572,11.00000000000,27,021
27,057,00659474,27057,Hubbard,Hubbard County,06,H1,G4020,,,,A,2397485927.00000000000,191360735.00000000000,+47.0955506,-094.9132898,27057,1180.5182,1177.2176,1167.7113,1177.1939,1186.9234,1106.9780,1102.0739,1081.8288,1102.0666,1121.9334,1105.0710,1098.1172,1061.9608,1098.2712,1134.0348,1327.3342,1316.0809,1252.7788,1315.6963,1379.5865,1090.4521,1079.7019,1001.6928,1078.6898,1157.6050,1175.0204,1161.9096,1057.3850,1160.0596,1265.7377,970.0809,958.5264,853.2280,956.5726,1062.3750,942.1767,930.6992,829.5087,928.7509,1029.4209,1148.3744,1134.3751,1006.4986,1131.7748,1258.0256,993.2674,991.2263,835.5863,957.9936,1165.1324,706.6655,714.0676,574.3853,674.3521,864.3070,695.8163,710.4233,538.5137,651.2862,887.0295,661.4868,683.2593,484.5616,601.5005,880.3949,599.5553,618.4975,434.1508,541.5918,809.0035,564.2157,581.1665,402.3516,500.9390,776.5590,511.0776,528.2151,354.3072,442.4311,730.5104,470.8393,489.5289,312.2638,393.8889,707.6860,11.00000000000,27,057
27,169,00659529,27169,Winona,Winona County,06,H1,G4020,,49100,,A,1621864753.00000000000,39825401.00000000000,+43.9822682,-091.7767076,27169,2513.6394,2506.6051,2486.3603,2506.5550,2527.2769,2368.5406,2357.9499,2314.5827,2357.9412,2400.5120,2502.6327,2486.7039,2404.7862,2487.0735,2568.1250,2792.6574,2768.9481,2635.7647,2768.1411,2902.5732,2531.4478,2506.4883,2325.3927,2504.1385,2687.3386,988.2899,975.0324,885.8963,973.0524,1063.9418,536.7559,529.4486,470.4712,528.1605,587.7181,1919.5183,1894.7122,1687.2868,1890.4518,2097.1802,1973.2700,1947.6816,1726.5495,1942.8965,2161.4993,1543.5200,1538.8707,1295.8266,1486.8786,1810.2368,1904.8608,1922.2469,1543.7951,1814.5412,2329.3761,1785.4509,1820.3621,1377.3163,1667.9526,2275.7892,1596.8101,1646.8852,1165.4670,1448.8907,2125.0285,1459.2473,1502.9280,1052.4896,1315.0893,1968.8031,1331.6049,1369.3125,945.5665,1179.3499,1832.5715,1456.2110,1502.6953,1005.3749,1257.6764,2081.2754,1686.9894,1751.5723,1114.5769,1408.3577,2535.4498,11.00000000000,27,169
